2 6 0.5 1 0.3 0.2046135000000001 5.272569999999996 0.65625 0.35 0.647862 2.69143
2 6 0.5 1 0.3 0.2046135000000001 5.216319999999996 0.6375 0.55 0.647862 2.69143
2 6 0.5 1 0.3 0.2046135000000001 5.306319999999996 0.6375 0.35 0.647862 2.69143
2 6 0.5 1 0.3 0.2046135000000001 5.216319999999996 0.8374999999999999 0.35 0.647862 2.69143
2 6 0.5 1 0.3 0.2046135000000001 5.216319999999996 0.6375 0.55 0.647862 2.69143
2 3 0.5 1 0.3 0.3979310000000001 1.8896100000000002 0.4750000000000001 0.9374999999999999 0.795574 1.26068
2 3 0.5 1 0.3 0.3979310000000001 1.9796100000000003 0.675 0.9374999999999999 0.795574 1.26068
2 3 0.5 1 0.3 0.667931 1.9796100000000003 0.4750000000000001 1.0562499999999997 0.795574 1.26068
2 3 0.5 1 0.3 0.5779310000000001 1.8896100000000002 0.4750000000000001 1.0562499999999997 0.795574 1.26068
2 3 0.5 1 0.3 0.5779310000000001 1.9796100000000003 0.675 1.0562499999999997 0.795574 1.26068
2 3 0.5 1 0.3 0.5779310000000001 1.9796100000000003 0.4750000000000001 0.9562499999999997 0.795574 1.26068
2 3 0.5 1 0.3 0.667931 1.9796100000000003 0.4750000000000001 1.0562499999999997 0.795574 1.26068
2 3 0.5 1 0.3 0.5779310000000001 1.8896100000000002 0.4750000000000001 1.0562499999999997 0.795574 1.26068
2 3 0.5 1 0.3 0.5779310000000001 1.9796100000000003 0.675 1.0562499999999997 0.795574 1.26068
2 3 0.5 1 0.3 0.5779310000000001 1.9796100000000003 0.4750000000000001 0.9562499999999997 0.795574 1.26068
2 1 0.5 1 0.3 0.47446825000000015 0.44455900000000004 0.75 0.15 0.853428 0.285901
2 1 0.5 1 0.3 0.47446825000000015 0.354559 0.5828125000000001 0.35 0.853428 0.285901
2 1 0.5 1 0.3 0.5166557500000002 0.354559 0.5843750000000001 0.35 0.853428 0.285901
2 1 0.5 1 0.3 0.5166557500000002 0.354559 0.5843750000000001 0.35 0.853428 0.285901
2 6 0.5 1 0.3 0.2046135000000001 5.272569999999996 0.65625 0.35 0.647862 2.69143
2 6 0.5 1 0.3 0.2046135000000001 5.216319999999996 0.6375 0.55 0.647862 2.69143
2 6 0.5 1 0.3 0.2046135000000001 5.306319999999996 0.6375 0.35 0.647862 2.69143
2 6 0.5 1 0.3 0.2046135000000001 5.216319999999996 0.8374999999999999 0.35 0.647862 2.69143
2 6 0.5 1 0.3 0.2046135000000001 5.216319999999996 0.6375 0.55 0.647862 2.69143
2 6 1 1 0.3 1.5104037500000005 0.35159000000000007 1.0 0.15 1.11419 2.66142
2 6 1 1 0.3 1.5104037500000005 0.44159000000000004 1.2 0.15 1.11419 2.66142
2 6 1 1 0.3 1.5104037500000005 0.44159000000000004 1.0 0.35 1.11419 2.66142
2 6 1 1 0.3 1.1504037500000002 0.44159000000000004 1.0 0.15 1.11419 2.66142
2 6 1 1 0.3 1.2404037500000002 0.35159000000000007 1.0 0.15 1.11419 2.66142
2 6 1 1 0.3 1.1152475000000002 0.66659 0.5546875000000001 0.7890625000000001 1.11419 2.66142
2 6 1 1 0.3 1.1152475000000002 0.62159 0.7546875000000002 0.7890625000000001 1.11419 2.66142
2 6 1 1 0.3 1.0744662500000002 0.65534 0.7546875000000002 0.9687500000000001 1.11419 2.66142
2 6 1 1 0.3 1.0744662500000002 0.65534 0.5546875000000001 0.76875 1.11419 2.66142
2 6 1 1 0.3 1.0744662500000002 0.65534 0.7546875000000002 0.9687500000000001 1.11419 2.66142
2 6 1 1 0.3 1.0744662500000002 0.65534 0.5546875000000001 0.76875 1.11419 2.66142
2 6 1 1 0.3 1.5104037500000005 0.35159000000000007 1.0 0.15 1.11419 2.66142
2 6 1 1 0.3 1.5104037500000005 0.35159000000000007 1.0 0.15 1.11419 2.66142
2 6 1 1 0.3 1.5104037500000005 0.37409000000000003 1.0 0.15 1.11419 2.66142
2 6 1 1 0.3 1.5104037500000005 0.38534000000000007 1.0 0.15 1.11419 2.66142
2 6 1 1 0.3 1.5104037500000005 0.39096500000000006 1.0 0.15 1.11419 2.66142
2 6 1 1 0.3 1.5104037500000005 0.39096500000000006 1.0 0.15 1.11419 2.66142
2 6 1 1 0.3 1.5104037500000005 0.39096500000000006 1.0 0.15 1.11419 2.66142
2 6 1 1 0.3 1.5104037500000005 0.39237125000000006 1.2 0.15 1.11419 2.66142
2 6 1 1 0.3 1.5104037500000005 0.8508087499999999 0.7000000000000002 0.7468750000000001 1.11419 2.66142
2 6 1 1 0.3 1.5104037500000005 0.35159000000000007 1.0 0.15 1.11419 2.66142
2 6 1 1 0.3 1.5104037500000005 0.35159000000000007 1.0 0.15 1.11419 2.66142
2 6 1 1 0.3 1.5104037500000005 0.37409000000000003 1.0 0.15 1.11419 2.66142
2 6 1 1 0.3 1.5104037500000005 0.38534000000000007 1.0 0.15 1.11419 2.66142
2 6 1 1 0.3 1.5104037500000005 0.39096500000000006 1.0 0.15 1.11419 2.66142
2 6 1 1 0.3 1.5104037500000005 0.39096500000000006 1.0 0.15 1.11419 2.66142
2 6 1 1 0.3 1.5104037500000005 0.39096500000000006 1.0 0.15 1.11419 2.66142
2 6 1 1 0.3 1.5104037500000005 0.39237125000000006 1.2 0.15 1.11419 2.66142
2 6 1 1 0.3 1.5104037500000005 0.8508087499999999 0.7000000000000002 0.7468750000000001 1.11419 2.66142
2 6 1 1 0.3 1.5104037500000005 0.35159000000000007 1.0 0.15 1.11419 2.66142
2 6 1 1 0.3 1.5104037500000005 0.35159000000000007 1.0 0.15 1.11419 2.66142
2 6 1 1 0.3 1.5104037500000005 0.37409000000000003 1.0 0.15 1.11419 2.66142
2 6 1 1 0.3 1.5104037500000005 0.38534000000000007 1.0 0.15 1.11419 2.66142
2 6 1 1 0.3 1.5104037500000005 0.39096500000000006 1.0 0.15 1.11419 2.66142
2 6 1 1 0.3 1.5104037500000005 0.39096500000000006 1.0 0.15 1.11419 2.66142
2 6 1 1 0.3 1.5104037500000005 0.39096500000000006 1.0 0.15 1.11419 2.66142
2 6 1 1 0.3 1.5104037500000005 0.39237125000000006 1.2 0.15 1.11419 2.66142
2 6 1 1 0.3 1.5104037500000005 0.8508087499999999 0.7000000000000002 0.7468750000000001 1.11419 2.66142
2 6 1 1 0.3 1.5104037500000005 0.35159000000000007 1.0 0.15 1.11419 2.66142
2 6 1 1 0.3 1.5104037500000005 0.35159000000000007 1.0 0.15 1.11419 2.66142
2 6 1 1 0.3 1.5104037500000005 0.37409000000000003 1.0 0.15 1.11419 2.66142
2 6 1 1 0.3 1.5104037500000005 0.38534000000000007 1.0 0.15 1.11419 2.66142
2 6 1 1 0.3 1.5104037500000005 0.39096500000000006 1.0 0.15 1.11419 2.66142
2 6 1 1 0.3 1.5104037500000005 0.39096500000000006 1.0 0.15 1.11419 2.66142
2 6 1 1 0.3 1.5104037500000005 0.39096500000000006 1.0 0.15 1.11419 2.66142
2 6 1 1 0.3 1.5104037500000005 0.39237125000000006 1.2 0.15 1.11419 2.66142
2 6 1 1 0.3 1.5104037500000005 0.8508087499999999 0.7000000000000002 0.7468750000000001 1.11419 2.66142
2 6 1 1 0.3 1.5104037500000005 0.35159000000000007 1.0 0.15 1.11419 2.66142
2 6 1 1 0.3 1.5104037500000005 0.35159000000000007 1.0 0.15 1.11419 2.66142
2 6 1 1 0.3 1.5104037500000005 0.37409000000000003 1.0 0.15 1.11419 2.66142
2 6 1 1 0.3 1.5104037500000005 0.38534000000000007 1.0 0.15 1.11419 2.66142
2 6 1 1 0.3 1.5104037500000005 0.39096500000000006 1.0 0.15 1.11419 2.66142
2 6 1 1 0.3 1.5104037500000005 0.39096500000000006 1.0 0.15 1.11419 2.66142
2 6 1 1 0.3 1.5104037500000005 0.39096500000000006 1.0 0.15 1.11419 2.66142
2 6 1 1 0.3 1.5104037500000005 0.39237125000000006 1.2 0.15 1.11419 2.66142
2 6 1 1 0.3 1.5104037500000005 0.8508087499999999 0.7000000000000002 0.7468750000000001 1.11419 2.66142
2 6 1 1 0.3 1.5104037500000005 0.35159000000000007 1.0 0.15 1.11419 2.66142
2 6 1 1 0.3 1.5104037500000005 0.35159000000000007 1.0 0.15 1.11419 2.66142
2 6 1 1 0.3 1.5104037500000005 0.37409000000000003 1.0 0.15 1.11419 2.66142
2 6 1 1 0.3 1.5104037500000005 0.38534000000000007 1.0 0.15 1.11419 2.66142
2 6 1 1 0.3 1.5104037500000005 0.39096500000000006 1.0 0.15 1.11419 2.66142
2 6 1 1 0.3 1.5104037500000005 0.39096500000000006 1.0 0.15 1.11419 2.66142
2 6 1 1 0.3 1.5104037500000005 0.39096500000000006 1.0 0.15 1.11419 2.66142
2 6 1 1 0.3 1.5104037500000005 0.39237125000000006 1.2 0.15 1.11419 2.66142
2 6 1 1 0.3 1.5104037500000005 0.8536212499999999 0.7000000000000002 0.75 1.11419 2.66142
2 6 1 1 0.3 1.5104037500000005 0.35159000000000007 1.0 0.15 1.11419 2.66142
2 6 1 1 0.3 1.5104037500000005 0.35159000000000007 1.0 0.15 1.11419 2.66142
2 6 1 1 0.3 1.5104037500000005 0.37409000000000003 1.0 0.15 1.11419 2.66142
2 6 1 1 0.3 1.5104037500000005 0.38534000000000007 1.0 0.15 1.11419 2.66142
2 6 1 1 0.3 1.5104037500000005 0.39096500000000006 1.0 0.15 1.11419 2.66142
2 6 1 1 0.3 1.5104037500000005 0.39096500000000006 1.0 0.15 1.11419 2.66142
2 6 1 1 0.3 1.5104037500000005 0.39096500000000006 1.0 0.15 1.11419 2.66142
2 6 1 1 0.3 1.5104037500000005 0.39237125000000006 1.2 0.15 1.11419 2.66142
2 6 1 1 0.3 1.5104037500000005 0.8536212499999999 0.7000000000000002 0.75 1.11419 2.66142
2 6 1 1 0.3 1.5104037500000005 0.35159000000000007 1.0 0.15 1.11419 2.66142
2 6 1 1 0.3 1.5104037500000005 0.35159000000000007 1.0 0.15 1.11419 2.66142
2 6 1 1 0.3 1.5104037500000005 0.37409000000000003 1.0 0.15 1.11419 2.66142
2 6 1 1 0.3 1.5104037500000005 0.38534000000000007 1.0 0.15 1.11419 2.66142
2 6 1 1 0.3 1.5104037500000005 0.39096500000000006 1.0 0.15 1.11419 2.66142
2 6 1 1 0.3 1.5104037500000005 0.39096500000000006 1.0 0.15 1.11419 2.66142
2 6 1 1 0.3 1.5104037500000005 0.39096500000000006 1.0 0.15 1.11419 2.66142
2 6 1 1 0.3 1.5104037500000005 0.39237125000000006 1.2 0.15 1.11419 2.66142
2 6 1 1 0.3 1.5104037500000005 0.8479962499999999 0.7000000000000002 0.74375 1.11419 2.66142
2 6 1 1 0.3 1.5104037500000005 0.35159000000000007 1.0 0.15 1.11419 2.66142
2 6 1 1 0.3 1.5104037500000005 0.35159000000000007 1.0 0.15 1.11419 2.66142
2 6 1 1 0.3 1.5104037500000005 0.37409000000000003 1.0 0.15 1.11419 2.66142
2 6 1 1 0.3 1.5104037500000005 0.38534000000000007 1.0 0.15 1.11419 2.66142
2 6 1 1 0.3 1.5104037500000005 0.39096500000000006 1.0 0.15 1.11419 2.66142
2 6 1 1 0.3 1.5104037500000005 0.39096500000000006 1.0 0.15 1.11419 2.66142
2 6 1 1 0.3 1.5104037500000005 0.39096500000000006 1.0 0.15 1.11419 2.66142
2 6 1 1 0.3 1.5104037500000005 0.39237125000000006 1.2 0.15 1.11419 2.66142
2 6 1 1 0.3 1.5104037500000005 0.8479962499999999 0.7000000000000002 0.74375 1.11419 2.66142
2 6 1 1 0.3 1.5104037500000005 0.35159000000000007 1.0 0.15 1.11419 2.66142
2 6 1 1 0.3 1.5104037500000005 0.35159000000000007 1.0 0.15 1.11419 2.66142
2 6 1 1 0.3 1.5104037500000005 0.37409000000000003 1.0 0.15 1.11419 2.66142
2 6 1 1 0.3 1.5104037500000005 0.38534000000000007 1.0 0.15 1.11419 2.66142
2 6 1 1 0.3 1.5104037500000005 0.39096500000000006 1.0 0.15 1.11419 2.66142
2 6 1 1 0.3 1.5104037500000005 0.39096500000000006 1.0 0.15 1.11419 2.66142
2 6 1 1 0.3 1.5104037500000005 0.39096500000000006 1.0 0.15 1.11419 2.66142
2 6 1 1 0.3 1.5104037500000005 0.39237125000000006 1.2 0.15 1.11419 2.66142
2 6 1 1 0.3 1.5104037500000005 0.8479962499999999 0.7000000000000002 0.74375 1.11419 2.66142
2 6 1 1 0.3 1.5104037500000005 0.35159000000000007 1.0 0.15 1.11419 2.66142
2 6 1 1 0.3 1.5104037500000005 0.35159000000000007 1.0 0.15 1.11419 2.66142
2 6 1 1 0.3 1.5104037500000005 0.37409000000000003 1.0 0.15 1.11419 2.66142
2 6 1 1 0.3 1.5104037500000005 0.38534000000000007 1.0 0.15 1.11419 2.66142
2 6 1 1 0.3 1.5104037500000005 0.39096500000000006 1.0 0.15 1.11419 2.66142
2 6 1 1 0.3 1.5104037500000005 0.39096500000000006 1.0 0.15 1.11419 2.66142
2 6 1 1 0.3 1.5104037500000005 0.39096500000000006 1.0 0.15 1.11419 2.66142
2 6 1 1 0.3 1.5104037500000005 0.39237125000000006 1.2 0.15 1.11419 2.66142
2 6 1 1 0.3 1.2052475000000002 0.65674625 0.7000000000000002 0.74375 1.11419 2.66142
2 6 1 1 0.3 1.2052475000000002 0.65674625 0.6000000000000001 0.74375 1.11419 2.66142
2 6 1 1 0.3 1.1686850000000002 0.7551837499999999 0.675 0.95625 1.11419 2.66142
2 6 1 1 0.3 1.1546225 0.8058087499999999 0.6687500000000002 1.0562500000000001 1.11419 2.66142
2 6 1 1 0.3 1.146185 0.8339337499999999 0.6687500000000002 1.1125 1.11419 2.66142
2 6 1 1 0.3 1.1419662499999998 0.8550274999999999 0.6687500000000002 1.1500000000000001 1.11419 2.66142
2 6 1 1 0.3 1.1391537499999997 0.8704962499999999 0.6687500000000002 1.175 1.11419 2.66142
2 6 1 1 0.3 1.1377474999999997 0.8831524999999999 0.6687500000000002 1.1937499999999999 1.11419 2.66142
2 6 1 1 0.3 1.1363412499999996 0.8958087499999999 0.6687500000000002 1.2125 1.11419 2.66142
2 6 1 1 0.3 1.1349349999999996 0.9042462499999999 0.6687500000000002 1.2249999999999999 1.11419 2.66142
2 6 1 1 0.3 1.1349349999999996 0.91409 0.6687500000000002 1.2374999999999998 1.11419 2.66142
2 6 1 1 0.3 1.1335287499999995 0.91830875 0.6687500000000002 1.2437499999999997 1.11419 2.66142
2 6 1 1 0.3 1.1335287499999995 0.9225275 0.6687500000000002 1.2499999999999996 1.11419 2.66142
2 6 1 1 0.3 1.1335287499999995 0.9281524999999999 0.6687500000000002 1.2562499999999996 1.11419 2.66142
2 6 1 1 0.3 1.1335287499999995 0.9323712499999999 0.6687500000000002 1.2624999999999997 1.11419 2.66142
2 6 1 1 0.3 1.1321224999999995 0.9379962499999999 0.6687500000000002 1.2687499999999998 1.11419 2.66142
2 6 1 1 0.3 1.1321224999999995 0.9422149999999998 0.6687500000000002 1.275 1.11419 2.66142
2 6 1 1 0.3 1.1321224999999995 0.9478399999999998 0.6687500000000002 1.28125 1.11419 2.66142
2 6 1 1 0.3 1.1321224999999995 0.9534649999999998 0.6687500000000002 1.2875 1.11419 2.66142
2 6 1 1 0.3 1.1307162499999994 0.9576837499999997 0.6687500000000002 1.2937500000000002 1.11419 2.66142
2 6 1 1 0.3 1.1307162499999994 0.9576837499999997 0.6687500000000002 1.2937500000000002 1.11419 2.66142
2 4 1 1 0.3 1.5531187500000003 0.3391499999999996 1.0 0.15 1.11102 1.72185
2 4 1 1 0.3 1.5531187500000003 0.3391499999999996 1.0 0.15 1.11102 1.72185
2 4 1 1 0.3 1.5531187500000003 0.3616499999999996 1.0 0.15 1.11102 1.72185
2 4 1 1 0.3 1.5531187500000003 0.3728999999999996 1.0 0.15 1.11102 1.72185
2 4 1 1 0.3 1.5531187500000003 0.3785249999999996 1.0 0.15 1.11102 1.72185
2 4 1 1 0.3 1.5531187500000003 0.3785249999999996 1.0 0.15 1.11102 1.72185
2 4 1 1 0.3 1.5531187500000003 0.3785249999999996 1.0 0.15 1.11102 1.72185
2 4 1 1 0.3 1.5531187500000003 0.3799312499999996 1.2 0.15 1.11102 1.72185
2 4 0.6 1 0.3 0.37206300000000014 3.425539999999998 0.8 0.15 0.808896 1.73973
2 4 0.6 1 0.3 0.37206300000000014 3.3017899999999982 0.5312500000000001 0.35 0.808896 1.73973
2 4 0.6 1 0.3 0.37206300000000014 3.3017899999999982 0.5312500000000001 0.35 0.808896 1.73973
2 4 0.6 1 0.3 0.37206300000000014 3.3017899999999982 0.5312500000000001 0.35 0.808896 1.73973
2 4 0.6 1 0.3 0.37206300000000014 3.3017899999999982 0.5312500000000001 0.35000000000000003 0.808896 1.73973
2 4 0.6 1 0.3 0.37206300000000014 3.3017899999999982 0.5312500000000001 0.35000000000000003 0.808896 1.73973
2 4 0.6 1 0.3 0.37206300000000014 3.3017899999999982 0.5312500000000001 0.35 0.808896 1.73973
2 4 0.6 1 0.3 0.2820630000000002 3.3017899999999982 0.5312500000000001 0.34375 0.808896 1.73973
2 4 0.6 1 0.3 1.097688 3.481789999999998 0.5312500000000001 0.34375 0.808896 1.73973
2 4 0.6 1 0.3 1.097688 3.481789999999998 0.5312500000000001 0.34375 0.808896 1.73973
2 4 0.6 1 0.3 1.097688 3.459289999999998 0.5312500000000001 0.34375 0.808896 1.73973
2 4 0.6 1 0.3 1.097688 3.459289999999998 0.5312500000000001 0.34375 0.808896 1.73973
2 4 0.6 1 0.3 1.097688 3.453664999999998 0.5312500000000001 0.34375 0.808896 1.73973
2 4 0.6 1 0.3 1.097688 3.450852499999998 0.5312500000000001 0.34375 0.808896 1.73973
2 4 0.6 1 0.3 1.097688 3.450852499999998 0.5312500000000001 0.34375 0.808896 1.73973
2 4 0.6 1 0.3 1.097688 3.449446249999998 0.7312500000000002 0.34375 0.808896 1.73973
2 4 0.6 1 0.3 1.097688 3.449446249999998 0.6312500000000001 0.34375 0.808896 1.73973
2 4 0.6 1 0.3 1.097688 3.449446249999998 0.5812500000000002 0.34375 0.808896 1.73973
2 4 0.6 1 0.3 1.097688 3.449446249999998 0.5562500000000001 0.34375 0.808896 1.73973
2 4 0.6 1 0.3 1.097688 3.449446249999998 0.5437500000000001 0.34375 0.808896 1.73973
2 4 0.6 1 0.3 1.097688 3.449446249999998 0.5375000000000001 0.34375 0.808896 1.73973
2 4 0.6 1 0.3 1.097688 3.449446249999998 0.5312500000000001 0.54375 0.808896 1.73973
2 4 0.6 1 0.3 1.097688 3.449446249999998 0.5312500000000001 0.44375 0.808896 1.73973
2 4 0.6 1 0.3 1.097688 3.449446249999998 0.5312500000000001 0.39375 0.808896 1.73973
2 4 0.6 1 0.3 1.097688 3.449446249999998 0.5312500000000001 0.36875 0.808896 1.73973
2 4 0.6 1 0.3 1.097688 3.449446249999998 0.5312500000000001 0.35625 0.808896 1.73973
2 4 0.6 1 0.3 1.097688 3.449446249999998 0.5312500000000001 0.35 0.808896 1.73973
2 4 0.6 1 0.3 1.007688 3.449446249999998 0.5312500000000001 0.34375 0.808896 1.73973
2 4 0.6 1 0.3 1.052688 3.449446249999998 0.5312500000000001 0.34375 0.808896 1.73973
2 4 0.6 1 0.3 1.075188 3.449446249999998 0.5312500000000001 0.34375 0.808896 1.73973
2 4 0.6 1 0.3 1.1061255 3.539446249999998 0.5312500000000001 0.34375 0.808896 1.73973
2 4 0.6 1 0.3 1.1061255 3.494446249999998 0.5312500000000001 0.34375 0.808896 1.73973
2 4 0.6 1 0.3 1.1061255 3.471946249999998 0.5312500000000001 0.34375 0.808896 1.73973
2 4 0.6 1 0.3 1.1061255 3.460696249999998 0.5312500000000001 0.34375 0.808896 1.73973
2 4 0.6 1 0.3 1.1061255 3.4550712499999983 0.5312500000000001 0.34375 0.808896 1.73973
2 4 0.6 1 0.3 1.1061255 3.452258749999998 0.5312500000000001 0.34375 0.808896 1.73973
2 4 0.6 1 0.3 1.1061255 3.452258749999998 0.5312500000000001 0.34375 0.808896 1.73973
2 4 0.6 1 0.3 1.1061255 3.450852499999998 0.7312500000000002 0.34375 0.808896 1.73973
2 4 0.6 1 0.3 1.1061255 3.450852499999998 0.6312500000000001 0.34375 0.808896 1.73973
2 4 0.6 1 0.3 1.1061255 3.450852499999998 0.5812500000000002 0.34375 0.808896 1.73973
2 4 0.6 1 0.3 1.1061255 3.450852499999998 0.5562500000000001 0.34375 0.808896 1.73973
2 4 0.6 1 0.3 1.1061255 3.450852499999998 0.5437500000000001 0.34375 0.808896 1.73973
2 4 0.6 1 0.3 1.1061255 3.450852499999998 0.5375000000000001 0.34375 0.808896 1.73973
2 4 0.6 1 0.3 1.1061255 3.450852499999998 0.5312500000000001 0.54375 0.808896 1.73973
2 4 0.6 1 0.3 1.1061255 3.450852499999998 0.5312500000000001 0.44375 0.808896 1.73973
2 4 0.6 1 0.3 1.1061255 3.450852499999998 0.5312500000000001 0.39375 0.808896 1.73973
2 4 0.6 1 0.3 1.1061255 3.450852499999998 0.5312500000000001 0.36875 0.808896 1.73973
2 4 0.6 1 0.3 1.1061255 3.450852499999998 0.5312500000000001 0.35625 0.808896 1.73973
2 4 0.6 1 0.3 1.1061255 3.450852499999998 0.5312500000000001 0.35 0.808896 1.73973
2 4 0.6 1 0.3 1.0161255 3.450852499999998 0.5312500000000001 0.34375 0.808896 1.73973
2 4 0.6 1 0.3 1.0611255000000002 3.450852499999998 0.5312500000000001 0.34375 0.808896 1.73973
2 4 0.6 1 0.3 1.0836255000000001 3.450852499999998 0.5312500000000001 0.34375 0.808896 1.73973
2 4 0.6 1 0.3 1.0948755000000001 3.450852499999998 0.5312500000000001 0.34375 0.808896 1.73973
2 4 0.6 1 0.3 1.10471925 3.450852499999998 0.5312500000000001 0.34375 0.808896 1.73973
2 4 0.6 1 0.3 1.1061255 3.540852499999998 0.5312500000000001 0.34375 0.808896 1.73973
2 4 0.6 1 0.3 1.1061255 3.495852499999998 0.5312500000000001 0.34375 0.808896 1.73973
2 4 0.6 1 0.3 1.1061255 3.473352499999998 0.5312500000000001 0.34375 0.808896 1.73973
2 4 0.6 1 0.3 1.1061255 3.462102499999998 0.5312500000000001 0.34375 0.808896 1.73973
2 4 0.6 1 0.3 1.1061255 3.4564774999999983 0.5312500000000001 0.34375 0.808896 1.73973
2 4 0.6 1 0.3 1.1061255 3.453664999999998 0.5312500000000001 0.34375 0.808896 1.73973
2 4 0.6 1 0.3 1.1061255 3.452258749999998 0.5312500000000001 0.34375 0.808896 1.73973
2 4 0.6 1 0.3 1.1061255 3.450852499999998 0.7312500000000002 0.34375 0.808896 1.73973
2 4 0.6 1 0.3 1.1061255 3.450852499999998 0.6312500000000001 0.34375 0.808896 1.73973
2 4 0.6 1 0.3 1.1061255 3.450852499999998 0.5812500000000002 0.34375 0.808896 1.73973
2 4 0.6 1 0.3 1.1061255 3.450852499999998 0.5562500000000001 0.34375 0.808896 1.73973
2 4 0.6 1 0.3 1.1061255 3.450852499999998 0.5437500000000001 0.34375 0.808896 1.73973
2 4 0.6 1 0.3 1.1061255 3.450852499999998 0.5375000000000001 0.34375 0.808896 1.73973
2 4 0.6 1 0.3 1.1061255 3.450852499999998 0.5312500000000001 0.54375 0.808896 1.73973
2 4 0.6 1 0.3 1.1061255 3.450852499999998 0.5312500000000001 0.44375 0.808896 1.73973
2 4 0.6 1 0.3 1.1061255 3.450852499999998 0.5312500000000001 0.39375 0.808896 1.73973
2 4 0.6 1 0.3 1.1061255 3.450852499999998 0.5312500000000001 0.36875 0.808896 1.73973
2 4 0.6 1 0.3 1.1061255 3.450852499999998 0.5312500000000001 0.35625 0.808896 1.73973
2 4 0.6 1 0.3 1.1061255 3.450852499999998 0.5312500000000001 0.35 0.808896 1.73973
2 4 0.6 1 0.3 0.37206300000000014 3.425539999999998 0.8 0.15 0.808896 1.73973
2 4 0.6 1 0.3 0.37206300000000014 3.3017899999999982 0.5312500000000001 0.35 0.808896 1.73973
2 4 0.6 1 0.3 0.37206300000000014 3.3017899999999982 0.5312500000000001 0.35 0.808896 1.73973
2 4 0.6 1 0.3 0.37206300000000014 3.3017899999999982 0.5312500000000001 0.35 0.808896 1.73973
2 4 0.6 1 0.3 0.37206300000000014 3.3017899999999982 0.5312500000000001 0.35000000000000003 0.808896 1.73973
2 4 0.6 1 0.3 0.37206300000000014 3.3017899999999982 0.5312500000000001 0.35000000000000003 0.808896 1.73973
2 4 0.6 1 0.3 0.37206300000000014 3.3017899999999982 0.5312500000000001 0.35 0.808896 1.73973
2 4 0.6 1 0.3 0.2820630000000002 3.3017899999999982 0.5312500000000001 0.34375 0.808896 1.73973
2 4 0.6 1 0.3 1.097688 3.481789999999998 0.5312500000000001 0.34375 0.808896 1.73973
2 4 0.6 1 0.3 1.097688 3.481789999999998 0.5312500000000001 0.34375 0.808896 1.73973
2 4 0.6 1 0.3 1.097688 3.459289999999998 0.5312500000000001 0.34375 0.808896 1.73973
2 4 0.6 1 0.3 1.097688 3.459289999999998 0.5312500000000001 0.34375 0.808896 1.73973
2 4 0.6 1 0.3 1.097688 3.453664999999998 0.5312500000000001 0.34375 0.808896 1.73973
2 4 0.6 1 0.3 1.097688 3.450852499999998 0.5312500000000001 0.34375 0.808896 1.73973
2 4 0.6 1 0.3 1.097688 3.450852499999998 0.5312500000000001 0.34375 0.808896 1.73973
2 4 0.6 1 0.3 1.097688 3.449446249999998 0.7312500000000002 0.34375 0.808896 1.73973
2 4 0.6 1 0.3 1.097688 3.449446249999998 0.6312500000000001 0.34375 0.808896 1.73973
2 4 0.6 1 0.3 1.097688 3.449446249999998 0.5812500000000002 0.34375 0.808896 1.73973
2 4 0.6 1 0.3 1.097688 3.449446249999998 0.5562500000000001 0.34375 0.808896 1.73973
2 4 0.6 1 0.3 1.097688 3.449446249999998 0.5437500000000001 0.34375 0.808896 1.73973
2 4 0.6 1 0.3 1.097688 3.449446249999998 0.5375000000000001 0.34375 0.808896 1.73973
2 4 0.6 1 0.3 1.097688 3.449446249999998 0.5312500000000001 0.54375 0.808896 1.73973
2 4 0.6 1 0.3 1.097688 3.449446249999998 0.5312500000000001 0.44375 0.808896 1.73973
2 4 0.6 1 0.3 1.097688 3.449446249999998 0.5312500000000001 0.39375 0.808896 1.73973
2 4 0.6 1 0.3 1.097688 3.449446249999998 0.5312500000000001 0.36875 0.808896 1.73973
2 4 0.6 1 0.3 1.097688 3.449446249999998 0.5312500000000001 0.35625 0.808896 1.73973
2 4 0.6 1 0.3 1.097688 3.449446249999998 0.5312500000000001 0.35 0.808896 1.73973
2 4 0.6 1 0.3 1.007688 3.449446249999998 0.5312500000000001 0.34375 0.808896 1.73973
2 4 0.6 1 0.3 1.052688 3.449446249999998 0.5312500000000001 0.34375 0.808896 1.73973
2 4 0.6 1 0.3 1.075188 3.449446249999998 0.5312500000000001 0.34375 0.808896 1.73973
2 4 0.6 1 0.3 1.1061255 3.539446249999998 0.5312500000000001 0.34375 0.808896 1.73973
2 4 0.6 1 0.3 1.1061255 3.494446249999998 0.5312500000000001 0.34375 0.808896 1.73973
2 4 0.6 1 0.3 1.1061255 3.471946249999998 0.5312500000000001 0.34375 0.808896 1.73973
2 4 0.6 1 0.3 1.1061255 3.460696249999998 0.5312500000000001 0.34375 0.808896 1.73973
2 4 0.6 1 0.3 1.1061255 3.4550712499999983 0.5312500000000001 0.34375 0.808896 1.73973
2 4 0.6 1 0.3 1.1061255 3.452258749999998 0.5312500000000001 0.34375 0.808896 1.73973
2 4 0.6 1 0.3 1.1061255 3.452258749999998 0.5312500000000001 0.34375 0.808896 1.73973
2 4 0.6 1 0.3 1.1061255 3.450852499999998 0.7312500000000002 0.34375 0.808896 1.73973
2 4 0.6 1 0.3 1.1061255 3.450852499999998 0.6312500000000001 0.34375 0.808896 1.73973
2 4 0.6 1 0.3 1.1061255 3.450852499999998 0.5812500000000002 0.34375 0.808896 1.73973
2 4 0.6 1 0.3 1.1061255 3.450852499999998 0.5562500000000001 0.34375 0.808896 1.73973
2 4 0.6 1 0.3 1.1061255 3.450852499999998 0.5437500000000001 0.34375 0.808896 1.73973
2 4 0.6 1 0.3 1.1061255 3.450852499999998 0.5375000000000001 0.34375 0.808896 1.73973
2 4 0.6 1 0.3 1.1061255 3.450852499999998 0.5312500000000001 0.54375 0.808896 1.73973
2 4 0.6 1 0.3 1.1061255 3.450852499999998 0.5312500000000001 0.44375 0.808896 1.73973
2 4 0.6 1 0.3 1.1061255 3.450852499999998 0.5312500000000001 0.39375 0.808896 1.73973
2 4 0.6 1 0.3 1.1061255 3.450852499999998 0.5312500000000001 0.36875 0.808896 1.73973
2 4 0.6 1 0.3 1.1061255 3.450852499999998 0.5312500000000001 0.35625 0.808896 1.73973
2 4 0.6 1 0.3 1.1061255 3.450852499999998 0.5312500000000001 0.35 0.808896 1.73973
2 4 0.6 1 0.3 1.0161255 3.450852499999998 0.5312500000000001 0.34375 0.808896 1.73973
2 4 0.6 1 0.3 1.0611255000000002 3.450852499999998 0.5312500000000001 0.34375 0.808896 1.73973
2 4 0.6 1 0.3 1.0836255000000001 3.450852499999998 0.5312500000000001 0.34375 0.808896 1.73973
2 4 0.6 1 0.3 1.0948755000000001 3.450852499999998 0.5312500000000001 0.34375 0.808896 1.73973
2 4 0.6 1 0.3 1.10471925 3.450852499999998 0.5312500000000001 0.34375 0.808896 1.73973
2 4 0.6 1 0.3 1.1061255 3.540852499999998 0.5312500000000001 0.34375 0.808896 1.73973
2 4 0.6 1 0.3 1.1061255 3.495852499999998 0.5312500000000001 0.34375 0.808896 1.73973
2 4 0.6 1 0.3 1.1061255 3.473352499999998 0.5312500000000001 0.34375 0.808896 1.73973
2 4 0.6 1 0.3 1.1061255 3.462102499999998 0.5312500000000001 0.34375 0.808896 1.73973
2 4 0.6 1 0.3 1.1061255 3.4564774999999983 0.5312500000000001 0.34375 0.808896 1.73973
2 4 0.6 1 0.3 1.1061255 3.453664999999998 0.5312500000000001 0.34375 0.808896 1.73973
2 4 0.6 1 0.3 1.1061255 3.452258749999998 0.5312500000000001 0.34375 0.808896 1.73973
2 4 0.6 1 0.3 1.1061255 3.450852499999998 0.7312500000000002 0.34375 0.808896 1.73973
2 4 0.6 1 0.3 1.1061255 3.450852499999998 0.6312500000000001 0.34375 0.808896 1.73973
2 4 0.6 1 0.3 1.1061255 3.450852499999998 0.5812500000000002 0.34375 0.808896 1.73973
2 4 0.6 1 0.3 1.1061255 3.450852499999998 0.5562500000000001 0.34375 0.808896 1.73973
2 4 0.6 1 0.3 1.1061255 3.450852499999998 0.5437500000000001 0.34375 0.808896 1.73973
2 4 0.6 1 0.3 1.1061255 3.450852499999998 0.5375000000000001 0.34375 0.808896 1.73973
2 4 0.6 1 0.3 1.1061255 3.450852499999998 0.5312500000000001 0.54375 0.808896 1.73973
2 4 0.6 1 0.3 1.1061255 3.450852499999998 0.5312500000000001 0.44375 0.808896 1.73973
2 4 0.6 1 0.3 1.1061255 3.450852499999998 0.5312500000000001 0.39375 0.808896 1.73973
2 4 0.6 1 0.3 1.1061255 3.450852499999998 0.5312500000000001 0.36875 0.808896 1.73973
2 4 0.6 1 0.3 1.1061255 3.450852499999998 0.5312500000000001 0.35625 0.808896 1.73973
2 4 0.6 1 0.3 1.1061255 3.450852499999998 0.5312500000000001 0.35 0.808896 1.73973
2 4 0.8 1 0.3 1.3602010000000004 0.1748299999999998 0.9 0.15 0.951918 1.73357
2 4 0.8 1 0.3 1.3602010000000004 0.2198299999999998 0.9 0.15 0.951918 1.73357
2 4 0.8 1 0.3 1.3602010000000004 0.3098299999999998 1.1 0.15 0.951918 1.73357
2 4 0.8 1 0.3 0.9594197500000001 0.5629549999999998 0.6499999999999999 0.675 0.951918 1.73357
2 4 0.8 1 0.3 0.9594197500000001 0.5629549999999998 0.4312499999999999 0.5750000000000001 0.951918 1.73357
2 4 0.8 1 0.3 0.9594197500000001 0.6304549999999998 0.6312499999999999 0.8 0.951918 1.73357
2 4 1 1 0.3 1.5531187500000003 0.3391499999999996 1.0 0.15 1.11102 1.72185
2 4 1 1 0.3 1.5531187500000003 0.3391499999999996 1.0 0.15 1.11102 1.72185
2 4 1 1 0.3 1.5531187500000003 0.3616499999999996 1.0 0.15 1.11102 1.72185
2 4 1 1 0.3 1.5531187500000003 0.3728999999999996 1.0 0.15 1.11102 1.72185
2 4 1 1 0.3 1.5531187500000003 0.3785249999999996 1.0 0.15 1.11102 1.72185
2 4 1 1 0.3 1.5531187500000003 0.3785249999999996 1.0 0.15 1.11102 1.72185
2 4 1 1 0.3 1.5531187500000003 0.3785249999999996 1.0 0.15 1.11102 1.72185
2 4 1 1 0.3 1.5531187500000003 0.3799312499999996 1.2 0.15 1.11102 1.72185
2 4 0.5 1 0.3 0.3256977500000001 3.2270462499999986 0.5437500000000001 0.55 0.742021 1.73996
2 4 0.5 1 0.3 0.3256977500000001 3.2270462499999986 0.5437500000000001 0.5499999999999999 0.742021 1.73996
2 4 0.5 1 0.3 0.3256977500000001 3.2270462499999986 0.5437500000000001 0.49999999999999994 0.742021 1.73996
2 4 0.5 1 0.3 0.3256977500000001 3.2270462499999986 0.5437500000000001 0.5 0.742021 1.73996
2 4 0.5 1 0.3 0.3256977500000001 3.2270462499999986 0.5437500000000001 0.5 0.742021 1.73996
2 4 0.5 1 0.3 0.3256977500000001 3.2270462499999986 0.5437500000000001 0.48125 0.742021 1.73996
2 4 0.5 1 0.3 0.3256977500000001 3.2270462499999986 0.5437500000000001 0.49999999999999994 0.742021 1.73996
2 4 0.5 1 0.3 0.23569775000000012 3.2270462499999986 0.5437500000000001 0.49374999999999997 0.742021 1.73996
2 4 0.5 1 0.3 1.058354 3.4070462499999983 0.5437500000000001 0.49374999999999997 0.742021 1.73996
2 4 0.5 1 0.3 1.058354 3.4070462499999983 0.5437500000000001 0.49374999999999997 0.742021 1.73996
2 4 0.5 1 0.3 1.058354 3.3845462499999983 0.5437500000000001 0.49374999999999997 0.742021 1.73996
2 4 0.5 1 0.3 1.058354 3.3732962499999983 0.5437500000000001 0.49374999999999997 0.742021 1.73996
2 4 0.5 1 0.3 1.058354 3.3732962499999988 0.5437500000000001 0.49374999999999997 0.742021 1.73996
2 4 0.5 1 0.3 1.058354 3.3704837499999987 0.5437500000000001 0.49374999999999997 0.742021 1.73996
2 4 0.5 1 0.3 1.058354 3.3690774999999986 0.5437500000000001 0.49374999999999997 0.742021 1.73996
2 4 0.5 1 0.3 1.058354 3.3676712499999986 0.7437500000000001 0.49374999999999997 0.742021 1.73996
2 4 0.5 1 0.3 1.058354 3.3676712499999986 0.64375 0.49374999999999997 0.742021 1.73996
2 4 0.5 1 0.3 1.058354 3.3676712499999986 0.5937500000000001 0.49374999999999997 0.742021 1.73996
2 4 0.5 1 0.3 1.058354 3.3676712499999986 0.5687500000000001 0.49374999999999997 0.742021 1.73996
2 4 0.5 1 0.3 1.058354 3.3676712499999986 0.55625 0.49374999999999997 0.742021 1.73996
2 4 0.5 1 0.3 1.058354 3.3676712499999986 0.55 0.49374999999999997 0.742021 1.73996
2 4 0.5 1 0.3 1.058354 3.3676712499999986 0.5437500000000001 0.69375 0.742021 1.73996
2 4 0.5 1 0.3 1.058354 3.3676712499999986 0.5437500000000001 0.59375 0.742021 1.73996
2 4 0.5 1 0.3 1.058354 3.3676712499999986 0.5437500000000001 0.54375 0.742021 1.73996
2 4 0.5 1 0.3 1.058354 3.3676712499999986 0.5437500000000001 0.5187499999999999 0.742021 1.73996
2 4 0.5 1 0.3 1.058354 3.3676712499999986 0.5437500000000001 0.50625 0.742021 1.73996
2 4 0.5 1 0.3 1.058354 3.3676712499999986 0.5437500000000001 0.49999999999999994 0.742021 1.73996
2 4 0.5 1 0.3 0.968354 3.3676712499999986 0.5437500000000001 0.49374999999999997 0.742021 1.73996
2 4 0.5 1 0.3 1.013354 3.3676712499999986 0.5437500000000001 0.49374999999999997 0.742021 1.73996
2 4 0.5 1 0.3 1.035854 3.3676712499999986 0.5437500000000001 0.49374999999999997 0.742021 1.73996
2 4 0.5 1 0.3 1.07663525 3.4576712499999984 0.5437500000000001 0.49374999999999997 0.742021 1.73996
2 4 0.5 1 0.3 1.07663525 3.4126712499999985 0.5437500000000001 0.49374999999999997 0.742021 1.73996
2 4 0.5 1 0.3 1.07663525 3.3901712499999985 0.5437500000000001 0.49374999999999997 0.742021 1.73996
2 4 0.5 1 0.3 1.07663525 3.3789212499999985 0.5437500000000001 0.49374999999999997 0.742021 1.73996
2 4 0.5 1 0.3 1.07663525 3.3732962499999988 0.5437500000000001 0.49374999999999997 0.742021 1.73996
2 4 0.5 1 0.3 1.07663525 3.3732962499999988 0.5437500000000001 0.49374999999999997 0.742021 1.73996
2 4 0.5 1 0.3 1.07663525 3.3732962499999988 0.5437500000000001 0.49374999999999997 0.742021 1.73996
2 4 0.5 1 0.3 1.07663525 3.3718899999999987 0.7437500000000001 0.49374999999999997 0.742021 1.73996
2 4 0.5 1 0.3 1.07663525 3.3718899999999987 0.64375 0.49374999999999997 0.742021 1.73996
2 4 0.5 1 0.3 1.07663525 3.3718899999999987 0.5937500000000001 0.49374999999999997 0.742021 1.73996
2 4 0.5 1 0.3 1.07663525 3.3718899999999987 0.5687500000000001 0.49374999999999997 0.742021 1.73996
2 4 0.5 1 0.3 1.07663525 3.3718899999999987 0.55625 0.49374999999999997 0.742021 1.73996
2 4 0.5 1 0.3 1.07663525 3.3718899999999987 0.55 0.49374999999999997 0.742021 1.73996
2 4 0.5 1 0.3 1.07663525 3.3718899999999987 0.5437500000000001 0.69375 0.742021 1.73996
2 4 0.5 1 0.3 1.07663525 3.3718899999999987 0.5437500000000001 0.59375 0.742021 1.73996
2 4 0.5 1 0.3 1.07663525 3.3718899999999987 0.5437500000000001 0.54375 0.742021 1.73996
2 4 0.5 1 0.3 1.07663525 3.3718899999999987 0.5437500000000001 0.5187499999999999 0.742021 1.73996
2 4 0.5 1 0.3 1.07663525 3.3718899999999987 0.5437500000000001 0.50625 0.742021 1.73996
2 4 0.5 1 0.3 1.07663525 3.3718899999999987 0.5437500000000001 0.49999999999999994 0.742021 1.73996
2 4 0.5 1 0.3 0.9866352500000001 3.3718899999999987 0.5437500000000001 0.49374999999999997 0.742021 1.73996
2 4 0.5 1 0.3 1.0316352500000001 3.3718899999999987 0.5437500000000001 0.49374999999999997 0.742021 1.73996
2 4 0.5 1 0.3 1.05413525 3.3718899999999987 0.5437500000000001 0.49374999999999997 0.742021 1.73996
2 4 0.5 1 0.3 1.06538525 3.3718899999999987 0.5437500000000001 0.49374999999999997 0.742021 1.73996
2 4 0.5 1 0.3 1.07101025 3.3718899999999987 0.5437500000000001 0.49374999999999997 0.742021 1.73996
2 4 0.5 1 0.3 1.07382275 3.3718899999999987 0.5437500000000001 0.49374999999999997 0.742021 1.73996
2 4 0.5 1 0.3 1.075229 3.3718899999999987 0.5437500000000001 0.49374999999999997 0.742021 1.73996
2 4 0.5 1 0.3 1.07663525 3.4618899999999986 0.5437500000000001 0.49374999999999997 0.742021 1.73996
2 4 0.5 1 0.3 1.07663525 3.4168899999999987 0.5437500000000001 0.49374999999999997 0.742021 1.73996
2 4 0.5 1 0.3 1.07663525 3.3943899999999987 0.5437500000000001 0.49374999999999997 0.742021 1.73996
2 4 0.5 1 0.3 1.07663525 3.3831399999999987 0.5437500000000001 0.49374999999999997 0.742021 1.73996
2 4 0.5 1 0.3 1.07663525 3.377514999999999 0.5437500000000001 0.49374999999999997 0.742021 1.73996
2 4 0.5 1 0.3 1.07663525 3.374702499999999 0.5437500000000001 0.49374999999999997 0.742021 1.73996
2 4 0.5 1 0.3 1.07663525 3.3732962499999988 0.5437500000000001 0.49374999999999997 0.742021 1.73996
2 4 0.5 1 0.3 1.07663525 3.3718899999999987 0.7437500000000001 0.49374999999999997 0.742021 1.73996
2 4 0.5 1 0.3 1.07663525 3.3718899999999987 0.64375 0.49374999999999997 0.742021 1.73996
2 4 0.5 1 0.3 1.07663525 3.3718899999999987 0.5937500000000001 0.49374999999999997 0.742021 1.73996
2 4 0.5 1 0.3 1.07663525 3.3718899999999987 0.5687500000000001 0.49374999999999997 0.742021 1.73996
2 4 0.5 1 0.3 1.07663525 3.3718899999999987 0.55625 0.49374999999999997 0.742021 1.73996
2 4 0.5 1 0.3 1.07663525 3.3718899999999987 0.55 0.49374999999999997 0.742021 1.73996
2 4 0.5 1 0.3 1.07663525 3.3718899999999987 0.5437500000000001 0.69375 0.742021 1.73996
2 4 0.5 1 0.3 1.07663525 3.3718899999999987 0.5437500000000001 0.59375 0.742021 1.73996
2 4 0.5 1 0.3 1.07663525 3.3718899999999987 0.5437500000000001 0.54375 0.742021 1.73996
2 4 0.5 1 0.3 1.07663525 3.3718899999999987 0.5437500000000001 0.5187499999999999 0.742021 1.73996
2 4 0.5 1 0.3 1.07663525 3.3718899999999987 0.5437500000000001 0.50625 0.742021 1.73996
2 4 0.5 1 0.3 1.07663525 3.3718899999999987 0.5437500000000001 0.49999999999999994 0.742021 1.73996
