3.77232, 0.136013, -0.59067, -0.227801, 1.17678, 0.166697
0.742021, 1.73996
1.80097, 0.630099, 1.59824, 0.259937, 1.78048
1.88616, 0.653038, 1.75345, 0.282337, 1.8624
1.96767, 0.677975, 1.9079, 0.337008, 1.91995
0, 0, 0, 0.5, 0
0.0381043, 0.0189247, 0.000715413, 0.492766, 0.0374111
0.0762086, 0.0375559, 0.00285162, 0.485567, 0.0748294
0.114313, 0.0559181, 0.00641539, 0.478394, 0.112252
0.152417, 0.0740178, 0.0114075, 0.471243, 0.14968
0.190521, 0.0918321, 0.0178224, 0.46413, 0.187114
0.228626, 0.10937, 0.0256626, 0.457051, 0.224555
0.26673, 0.126667, 0.0349363, 0.449988, 0.261999
0.304834, 0.143665, 0.0456293, 0.442977, 0.299453
0.342938, 0.160424, 0.0577567, 0.435985, 0.33691
0.381043, 0.176891, 0.0713052, 0.429046, 0.374377
0.419147, 0.193114, 0.0862858, 0.422133, 0.411849
0.457251, 0.209077, 0.102695, 0.41526, 0.449328
0.495356, 0.224762, 0.120529, 0.408441, 0.486818
0.53346, 0.2402, 0.139794, 0.401658, 0.524313
0.571564, 0.255374, 0.160487, 0.394928, 0.561818
0.609668, 0.270297, 0.182609, 0.388244, 0.599332
0.647773, 0.284957, 0.20616, 0.381621, 0.636856
0.685877, 0.299384, 0.231144, 0.37504, 0.674388
0.723981, 0.313546, 0.257556, 0.36853, 0.711932
0.762085, 0.327461, 0.285398, 0.362084, 0.749487
0.80019, 0.341145, 0.314674, 0.355694, 0.787051
0.838294, 0.35457, 0.345378, 0.349389, 0.824631
0.876398, 0.367769, 0.377517, 0.34315, 0.862221
0.914503, 0.380727, 0.411088, 0.336997, 0.899825
0.952607, 0.393457, 0.446093, 0.330928, 0.937442
0.990711, 0.405943, 0.482528, 0.324967, 0.975078
1.02882, 0.418217, 0.520401, 0.319096, 1.01273
1.06692, 0.430266, 0.559708, 0.313338, 1.05039
1.10502, 0.442095, 0.600449, 0.307704, 1.08808
1.14313, 0.453714, 0.642628, 0.302197, 1.12578
1.18123, 0.465131, 0.686245, 0.296826, 1.16351
1.21934, 0.476344, 0.7313, 0.291616, 1.20125
1.25744, 0.487357, 0.777791, 0.286585, 1.23902
1.29555, 0.498184, 0.825723, 0.281742, 1.27682
1.33365, 0.508829, 0.875096, 0.277117, 1.31464
1.37175, 0.519307, 0.925911, 0.272722, 1.35249
1.40986, 0.529619, 0.978168, 0.268606, 1.39037
1.44796, 0.539777, 1.03187, 0.264803, 1.42829
1.48607, 0.549801, 1.08702, 0.261345, 1.46623
1.52417, 0.5597, 1.14361, 0.258303, 1.50422
1.56228, 0.569493, 1.20165, 0.255736, 1.54223
1.60038, 0.579198, 1.26114, 0.253748, 1.58028
1.63848, 0.588838, 1.32208, 0.252456, 1.61837
1.67659, 0.598446, 1.38447, 0.252014, 1.65647
1.71469, 0.608059, 1.44832, 0.252631, 1.69456
1.7528, 0.617718, 1.51361, 0.25465, 1.73261
1.7909, 0.627488, 1.58036, 0.258524, 1.77051
1.82901, 0.637452, 1.64854, 0.264981, 1.80806
1.86711, 0.647729, 1.71814, 0.275225, 1.84473
1.90521, 0.658499, 1.7891, 0.291222, 1.87924
1.94332, 0.670034, 1.86128, 0.315903, 1.90801
1.98142, 0.682701, 1.93433, 0.350305, 1.92336
2.01953, 0.69677, 2.00761, 0.387832, 1.91952
2.05763, 0.7122, 2.08044, 0.421174, 1.90139
2.09574, 0.728801, 2.15242, 0.449386, 1.87585
2.13384, 0.746398, 2.22334, 0.473715, 1.84655
2.17194, 0.764867, 2.29311, 0.495289, 1.81515
2.21005, 0.784118, 2.36166, 0.514868, 1.78247
2.24815, 0.804086, 2.42894, 0.53296, 1.74894
2.28626, 0.82472, 2.49493, 0.549905, 1.71481
2.32436, 0.845981, 2.55962, 0.565944, 1.68025
2.36247, 0.86784, 2.62298, 0.58125, 1.64535
2.40057, 0.89027, 2.68501, 0.595951, 1.6102
2.43867, 0.91325, 2.74569, 0.610146, 1.57484
2.47678, 0.936763, 2.80502, 0.623911, 1.53931
2.51488, 0.960793, 2.86299, 0.637306, 1.50363
2.55299, 0.985327, 2.91961, 0.650379, 1.46784
2.59109, 1.01035, 2.97486, 0.663171, 1.43195
2.62919, 1.03586, 3.02873, 0.675714, 1.39597
2.6673, 1.06185, 3.08124, 0.688036, 1.35991
2.7054, 1.08829, 3.13237, 0.70016, 1.32379
2.74351, 1.1152, 3.18212, 0.712105, 1.28761
2.78161, 1.14256, 3.2305, 0.723889, 1.25137
2.81972, 1.17037, 3.27749, 0.735525, 1.21509
2.85782, 1.19861, 3.3231, 0.747027, 1.17876
2.89592, 1.22729, 3.36732, 0.758407, 1.14239
2.93403, 1.25641, 3.41016, 0.769673, 1.10599
2.97213, 1.28595, 3.4516, 0.780834, 1.06956
3.01024, 1.31591, 3.49166, 0.791899, 1.0331
3.04834, 1.3463, 3.53033, 0.802874, 0.996607
3.08645, 1.3771, 3.56761, 0.813765, 0.960092
3.12455, 1.40831, 3.6035, 0.824578, 0.923555
3.16265, 1.43994, 3.638, 0.835318, 0.886995
3.20076, 1.47197, 3.6711, 0.845989, 0.850416
3.23886, 1.50441, 3.70281, 0.856596, 0.813818
3.27697, 1.53725, 3.73312, 0.867142, 0.777202
3.31507, 1.57049, 3.76203, 0.877632, 0.74057
3.35318, 1.60413, 3.78956, 0.888067, 0.703923
3.39128, 1.63817, 3.81568, 0.898451, 0.66726
3.42938, 1.6726, 3.84041, 0.908787, 0.630585
3.46749, 1.70743, 3.86374, 0.919077, 0.593896
3.50559, 1.74264, 3.88567, 0.929324, 0.557196
3.5437, 1.77825, 3.9062, 0.939529, 0.520483
3.5818, 1.81424, 3.92533, 0.949694, 0.48376
3.61991, 1.85062, 3.94306, 0.959822, 0.447026
3.65801, 1.88739, 3.9594, 0.969914, 0.410283
3.69611, 1.92454, 3.97433, 0.979972, 0.37353
3.73422, 1.96207, 3.98786, 0.989997, 0.336768
3.77232, 1.99998, 4, 0.99999, 0.299998
