19.0406, 0.253922
0, 0, 0, 1, 0
0.0995519, 0.0991752, -0.00493555, 0.990206, -0.0990697
0.199104, 0.197199, -0.0197281, 0.980362, -0.198133
0.298656, 0.294263, -0.04438, 0.970425, -0.297188
0.398208, 0.390376, -0.0788983, 0.960387, -0.396232
0.49776, 0.485472, -0.123272, 0.950255, -0.495267
0.597312, 0.57962, -0.177508, 0.940008, -0.594291
0.696864, 0.672617, -0.241596, 0.929685, -0.693306
0.796416, 0.764651, -0.315544, 0.919236, -0.792308
0.895967, 0.855696, -0.399349, 0.908657, -0.891297
0.995519, 0.945612, -0.493008, 0.897974, -0.990273
1.09507, 1.03443, -0.596514, 0.887172, -1.08924
1.19462, 1.12227, -0.709878, 0.876208, -1.18818
1.29418, 1.20889, -0.833086, 0.865138, -1.28712
1.39373, 1.29452, -0.966148, 0.853886, -1.38603
1.49328, 1.37891, -1.10905, 0.842507, -1.48493
1.59283, 1.46223, -1.2618, 0.830946, -1.58381
1.69238, 1.54437, -1.42439, 0.81921, -1.68267
1.79193, 1.62535, -1.59683, 0.807287, -1.7815
1.89149, 1.70512, -1.7791, 0.795168, -1.88032
1.99104, 1.78369, -1.9712, 0.782834, -1.9791
2.09059, 1.86096, -2.17314, 0.770294, -2.07786
2.19014, 1.93702, -2.38491, 0.757497, -2.17658
2.28969, 2.01175, -2.60651, 0.744458, -2.27528
2.38925, 2.08522, -2.83793, 0.731123, -2.37393
2.4888, 2.15732, -3.07917, 0.717499, -2.47255
2.58835, 2.22807, -3.33022, 0.703547, -2.57112
2.6879, 2.29738, -3.59109, 0.689254, -2.66964
2.78745, 2.36525, -3.86175, 0.674584, -2.7681
2.88701, 2.43167, -4.14222, 0.659486, -2.8665
2.98656, 2.49655, -4.43248, 0.643938, -2.96483
3.08611, 2.55988, -4.73253, 0.627878, -3.06308
3.18566, 2.62158, -5.04235, 0.611269, -3.16124
3.28521, 2.68155, -5.36194, 0.594068, -3.25929
3.38477, 2.73982, -5.69129, 0.576155, -3.35722
3.48432, 2.79624, -6.03037, 0.557486, -3.45501
3.58387, 2.8508, -6.37919, 0.537917, -3.55262
3.68342, 2.90333, -6.7377, 0.517362, -3.65002
3.78297, 2.95375, -7.10591, 0.495658, -3.74718
3.88253, 3.00196, -7.48377, 0.472599, -3.84402
3.98208, 3.04782, -7.87126, 0.447934, -3.94047
4.08163, 3.09109, -8.26832, 0.421402, -4.03642
4.18118, 3.13164, -8.6749, 0.392536, -4.13169
4.28073, 3.16916, -9.09093, 0.36083, -4.22605
4.38029, 3.20335, -9.51628, 0.325492, -4.31911
4.47984, 3.2338, -9.95081, 0.285431, -4.41023
4.57939, 3.25997, -10.3943, 0.239048, -4.49828
4.67894, 3.28111, -10.8463, 0.183937, -4.58111
4.77849, 3.29619, -11.3061, 0.116653, -4.65427
4.87805, 3.3038, -11.7723, 0.0335484, -4.70835
4.9776, 3.30239, -12.2424, -0.0633378, -4.72723
5.07715, 3.29126, -12.712, -0.158319, -4.70045
5.1767, 3.27146, -13.1771, -0.23611, -4.63901
5.27625, 3.24485, -13.635, -0.29577, -4.55952
5.37581, 3.21302, -14.0846, -0.341919, -4.47139
5.47536, 3.17709, -14.5252, -0.378582, -4.37887
5.57491, 3.13787, -14.9564, -0.408466, -4.28393
5.67446, 3.09593, -15.3781, -0.433345, -4.18754
5.77401, 3.05171, -15.7901, -0.454408, -4.09025
5.87356, 3.00555, -16.1924, -0.472478, -3.99235
5.97312, 2.95772, -16.585, -0.488143, -3.89405
6.07267, 2.90843, -16.9677, -0.501839, -3.79544
6.17222, 2.85786, -17.3407, -0.513893, -3.69662
6.27177, 2.80615, -17.7037, -0.52456, -3.59764
6.37132, 2.75345, -18.057, -0.534038, -3.49854
6.47088, 2.69986, -18.4003, -0.542487, -3.39935
6.57043, 2.64547, -18.7338, -0.550038, -3.30009
6.66998, 2.59037, -19.0574, -0.556797, -3.20076
6.76953, 2.53463, -19.3711, -0.562853, -3.1014
6.86908, 2.47833, -19.6749, -0.568282, -3.00199
6.96864, 2.42151, -19.9688, -0.573146, -2.90256
7.06819, 2.36423, -20.2528, -0.5775, -2.8031
7.16774, 2.30654, -20.5269, -0.581392, -2.70363
7.26729, 2.24848, -20.7911, -0.584862, -2.60413
7.36684, 2.1901, -21.0454, -0.587946, -2.50463
7.4664, 2.13143, -21.2898, -0.590674, -2.40512
7.56595, 2.07251, -21.5243, -0.593076, -2.30559
7.6655, 2.01336, -21.7488, -0.595174, -2.20606
7.76505, 1.95402, -21.9635, -0.596992, -2.10653
7.8646, 1.8945, -22.1682, -0.598548, -2.00699
7.96416, 1.83485, -22.3631, -0.599861, -1.90744
8.06371, 1.77508, -22.548, -0.600946, -1.8079
8.16326, 1.71521, -22.723, -0.601818, -1.70835
8.26281, 1.65526, -22.8882, -0.602489, -1.6088
8.36236, 1.59526, -23.0434, -0.602972, -1.50925
8.46192, 1.53521, -23.1887, -0.603278, -1.4097
8.56147, 1.47515, -23.324, -0.603417, -1.31015
8.66102, 1.41507, -23.4495, -0.603397, -1.2106
8.76057, 1.35501, -23.5651, -0.603227, -1.11104
8.86012, 1.29497, -23.6707, -0.602915, -1.01149
8.95967, 1.23497, -23.7665, -0.602469, -0.911941
9.05923, 1.17502, -23.8523, -0.601894, -0.81239
9.15878, 1.11514, -23.9282, -0.601197, -0.712842
9.25833, 1.05533, -23.9942, -0.600384, -0.613293
9.35788, 0.995604, -24.0503, -0.599459, -0.513746
9.45743, 0.935976, -24.0965, -0.598429, -0.414199
9.55699, 0.876457, -24.1328, -0.597297, -0.314654
9.65654, 0.817055, -24.1592, -0.596069, -0.21511
9.75609, 0.757781, -24.1756, -0.594747, -0.115566
9.85564, 0.698642, -24.1822, -0.593336, -0.0160242
9.94749, 0.644221, -24.1794, -0.593768, 0.0758247
10.0393, 0.589604, -24.1682, -0.594102, 0.167675
10.1312, 0.535148, -24.1486, -0.594397, 0.259523
10.223, 0.480441, -24.1206, -0.594563, 0.351374
10.3149, 0.425897, -24.0841, -0.594682, 0.443223
10.4067, 0.371224, -24.0391, -0.594687, 0.535074
10.4986, 0.316647, -23.9858, -0.594622, 0.626923
10.5904, 0.261913, -23.924, -0.594423, 0.718774
10.6823, 0.207386, -23.8537, -0.594168, 0.810623
10.7741, 0.152832, -23.7751, -0.593797, 0.902472
10.866, 0.0982572, -23.688, -0.593304, 0.994321
10.9578, 0.043798, -23.5924, -0.592713, 1.08617
11.0497, -0.0105443, -23.4884, -0.592019, 1.17802
11.1415, -0.0649311, -23.376, -0.591172, 1.26986
11.2334, -0.119163, -23.2552, -0.590214, 1.36171
11.3252, -0.173323, -23.1259, -0.589114, 1.45355
11.4171, -0.227374, -22.9881, -0.58787, 1.54539
11.5089, -0.281319, -22.842, -0.586471, 1.63723
11.6008, -0.335065, -22.6874, -0.584932, 1.72907
11.6926, -0.388813, -22.5243, -0.583179, 1.8209
11.7845, -0.44224, -22.3529, -0.581295, 1.91273
11.8763, -0.495558, -22.173, -0.579199, 2.00456
11.9682, -0.548638, -21.9846, -0.576916, 2.09638
12.06, -0.601497, -21.7879, -0.574421, 2.1882
12.1519, -0.654127, -21.5827, -0.571697, 2.28001
12.2437, -0.706502, -21.369, -0.568729, 2.37181
12.3356, -0.758636, -21.147, -0.565486, 2.4636
12.4274, -0.810387, -20.9165, -0.561995, 2.55538
12.5193, -0.861856, -20.6775, -0.558186, 2.64716
12.6111, -0.912918, -20.4302, -0.554075, 2.73891
12.703, -0.963623, -20.1744, -0.549601, 2.83065
12.7948, -1.01388, -19.9102, -0.544761, 2.92238
12.8867, -1.06369, -19.6376, -0.539507, 3.01408
12.9785, -1.11297, -19.3565, -0.533822, 3.10575
13.0704, -1.16172, -19.067, -0.527641, 3.19739
13.1622, -1.20987, -18.7692, -0.520935, 3.289
13.2541, -1.2574, -18.4629, -0.513615, 3.38055
13.3459, -1.30421, -18.1482, -0.505653, 3.47206
13.4378, -1.35028, -17.825, -0.496939, 3.56349
13.5296, -1.39549, -17.4935, -0.48741, 3.65485
13.6215, -1.43977, -17.1537, -0.476953, 3.7461
13.7133, -1.48306, -16.8054, -0.465411, 3.83722
13.8052, -1.52523, -16.4488, -0.452647, 3.92818
13.897, -1.56617, -16.0838, -0.438438, 4.01892
13.9889, -1.60572, -15.7105, -0.422554, 4.10939
14.0807, -1.64372, -15.3289, -0.404661, 4.19947
14.1726, -1.67998, -14.9391, -0.384321, 4.28904
14.2644, -1.71424, -14.541, -0.360959, 4.37787
14.3563, -1.74618, -14.1349, -0.333832, 4.46561
14.4481, -1.77541, -13.7207, -0.301814, 4.55168
14.54, -1.80142, -13.2988, -0.263364, 4.63506
14.6318, -1.82352, -12.8694, -0.216197, 4.7138
14.7237, -1.84078, -12.4332, -0.157269, 4.78408
14.8155, -1.85196, -11.9911, -0.0835998, 4.83841
14.9074, -1.85571, -11.5452, 0.00374067, 4.86491
14.9992, -1.85117, -11.0985, 0.0944061, 4.85485
15.0911, -1.83866, -10.6543, 0.175869, 4.81322
15.1829, -1.81927, -10.2149, 0.244076, 4.75195
15.2748, -1.79417, -9.78173, 0.300791, 4.6798
15.3666, -1.76428, -9.35545, 0.348752, 4.60151
15.4585, -1.73031, -8.93654, 0.390158, 4.51954
15.5503, -1.69276, -8.52528, 0.426589, 4.43524
15.6422, -1.65206, -8.12184, 0.459157, 4.34936
15.734, -1.60851, -7.72633, 0.488659, 4.26238
15.8259, -1.56237, -7.33886, 0.515677, 4.1746
15.9177, -1.51384, -6.95948, 0.540648, 4.08621
16.0096, -1.4631, -6.58824, 0.563903, 3.99735
16.1014, -1.4103, -6.22518, 0.585703, 3.90813
16.1933, -1.35555, -5.87032, 0.606254, 3.81861
16.2851, -1.29896, -5.52371, 0.625721, 3.72885
16.377, -1.24063, -5.18534, 0.644238, 3.63888
16.4688, -1.18064, -4.85525, 0.661918, 3.54875
16.5607, -1.11906, -4.53344, 0.678855, 3.45848
16.6525, -1.05596, -4.21993, 0.695125, 3.36808
16.7444, -0.991385, -3.91473, 0.710798, 3.27757
16.8362, -0.9254, -3.61785, 0.725928, 3.18698
16.9281, -0.858047, -3.32928, 0.740566, 3.0963
17.0199, -0.789371, -3.04906, 0.754756, 3.00556
17.1118, -0.719412, -2.77716, 0.768535, 2.91475
17.2036, -0.648204, -2.51362, 0.781935, 2.82388
17.2955, -0.575781, -2.25842, 0.794987, 2.73296
17.3873, -0.502174, -2.01157, 0.807716, 2.642
17.4792, -0.427412, -1.77309, 0.820146, 2.55099
17.571, -0.351521, -1.54296, 0.832298, 2.45995
17.6629, -0.274527, -1.3212, 0.844189, 2.36887
17.7547, -0.196453, -1.1078, 0.855838, 2.27776
17.8466, -0.117317, -0.902771, 0.867258, 2.18663
17.9384, -0.0371425, -0.706114, 0.878466, 2.09546
18.0303, 0.0440524, -0.517834, 0.889472, 2.00427
18.1221, 0.126247, -0.337931, 0.900288, 1.91306
18.214, 0.209429, -0.166407, 0.910926, 1.82183
18.3058, 0.293579, -0.00326157, 0.921395, 1.73058
18.3977, 0.378684, 0.151501, 0.931703, 1.63931
18.4895, 0.464728, 0.29788, 0.94186, 1.54803
18.5814, 0.551699, 0.435871, 0.951872, 1.45672
18.6732, 0.639582, 0.565474, 0.961748, 1.3654
18.7651, 0.728368, 0.686693, 0.971493, 1.27407
18.8569, 0.818043, 0.799522, 0.981114, 1.18273
18.9488, 0.908595, 0.903961, 0.990615, 1.09137
19.0406, 1.00002, 1.00001, 1, 1
