2.40221, 0
0, 0, 0, 0.2, 0
0.0126738, 0.00258322, -6.40982e-05, 0.207623, -0.0101251
0.0253476, 0.00526299, -0.000256468, 0.215292, -0.0202149
0.0380214, 0.00804044, -0.000576415, 0.22301, -0.0302678
0.0506952, 0.0109161, -0.00102348, 0.230779, -0.0402809
0.063369, 0.0138904, -0.00159724, 0.238604, -0.0502506
0.0760428, 0.0169643, -0.00229703, 0.246488, -0.060174
0.0887166, 0.0201385, -0.00312231, 0.254435, -0.0700467
0.10139, 0.023414, -0.0040723, 0.262449, -0.0798649
0.114064, 0.0267914, -0.00514639, 0.270536, -0.0896231
0.126738, 0.0302717, -0.00634378, 0.278702, -0.0993156
0.139412, 0.0338561, -0.00766355, 0.286952, -0.108936
0.152086, 0.0375456, -0.00910473, 0.295294, -0.118477
0.164759, 0.0413415, -0.0106663, 0.303736, -0.127931
0.177433, 0.045245, -0.0123471, 0.312286, -0.137285
0.190107, 0.0492577, -0.0141457, 0.320956, -0.14653
0.202781, 0.0533811, -0.0160607, 0.329756, -0.155651
0.215455, 0.0576169, -0.0180905, 0.338699, -0.164631
0.228128, 0.061967, -0.020233, 0.347801, -0.173449
0.240802, 0.0664335, -0.0224862, 0.35708, -0.182081
0.253476, 0.0710189, -0.0248474, 0.366556, -0.190498
0.26615, 0.0757258, -0.0273138, 0.376251, -0.19866
0.278824, 0.080557, -0.0298817, 0.386192, -0.20652
0.291497, 0.085516, -0.032547, 0.39641, -0.214017
0.304171, 0.0906064, -0.0353047, 0.406937, -0.221072
0.316845, 0.0958323, -0.0381484, 0.417811, -0.22758
0.329519, 0.101198, -0.0410704, 0.429065, -0.233403
0.342193, 0.10671, -0.0440609, 0.440727, -0.238355
0.354866, 0.112372, -0.0471074, 0.452801, -0.242189
0.36754, 0.118189, -0.0501938, 0.465236, -0.244587
0.380214, 0.124165, -0.0532994, 0.477883, -0.24516
0.392888, 0.130302, -0.0563986, 0.49043, -0.243512
0.405562, 0.136594, -0.0594612, 0.502381, -0.239365
0.418235, 0.143031, -0.0624553, 0.513148, -0.232729
0.430909, 0.149594, -0.0653513, 0.522265, -0.223957
0.443583, 0.156261, -0.0681254, 0.529541, -0.2136
0.456257, 0.163009, -0.0707612, 0.53505, -0.202199
0.468931, 0.169817, -0.0732481, 0.539009, -0.190167
0.481604, 0.176666, -0.07558, 0.54167, -0.177781
0.494278, 0.183542, -0.0777536, 0.543264, -0.165211
0.506952, 0.190433, -0.0797673, 0.543985, -0.15256
0.519626, 0.197328, -0.0816206, 0.543987, -0.139887
0.5323, 0.204219, -0.0833132, 0.543392, -0.127229
0.544973, 0.2111, -0.0848456, 0.542298, -0.114603
0.557647, 0.217963, -0.0862183, 0.540781, -0.10202
0.570321, 0.224806, -0.0874318, 0.538903, -0.0894869
0.582995, 0.231622, -0.0884868, 0.536713, -0.0770041
0.595669, 0.238409, -0.0893839, 0.534253, -0.0645717
0.608342, 0.245163, -0.0901238, 0.531555, -0.0521885
0.621016, 0.251882, -0.090707, 0.528648, -0.0398528
0.63369, 0.258562, -0.0911341, 0.525554, -0.0275623
0.646364, 0.265202, -0.0914058, 0.522295, -0.0153151
0.659038, 0.2718, -0.0915225, 0.518885, -0.00310849
0.671711, 0.278354, -0.0914847, 0.515341, 0.00905956
0.684385, 0.284863, -0.091293, 0.511675, 0.0211914
0.697059, 0.291324, -0.0909477, 0.507896, 0.0332889
0.709733, 0.297736, -0.0904493, 0.504016, 0.0453541
0.722407, 0.304099, -0.0897982, 0.500042, 0.0573887
0.735081, 0.310411, -0.0889948, 0.495982, 0.0693946
0.747754, 0.31667, -0.0880394, 0.491842, 0.0813732
0.760428, 0.322877, -0.0869323, 0.487629, 0.0933259
0.773102, 0.32903, -0.0856739, 0.483347, 0.105254
0.785776, 0.335129, -0.0842645, 0.479001, 0.11716
0.79845, 0.341172, -0.0827043, 0.474595, 0.129043
0.811123, 0.347158, -0.0809936, 0.470133, 0.140906
0.823797, 0.353088, -0.0791327, 0.465619, 0.152748
0.836471, 0.35896, -0.0771219, 0.461056, 0.164572
0.849145, 0.364775, -0.0749613, 0.456447, 0.176378
0.861819, 0.37053, -0.0726512, 0.451794, 0.188167
0.874492, 0.376226, -0.0701918, 0.4471, 0.199939
0.887166, 0.381863, -0.0675833, 0.442367, 0.211696
0.89984, 0.387439, -0.0648259, 0.437598, 0.223438
0.912514, 0.392955, -0.0619197, 0.432793, 0.235166
0.925188, 0.398409, -0.058865, 0.427955, 0.24688
0.937861, 0.403802, -0.055662, 0.423085, 0.258581
0.950535, 0.409133, -0.0523107, 0.418186, 0.270269
0.963209, 0.414402, -0.0488113, 0.413257, 0.281946
0.975883, 0.419608, -0.0451641, 0.408301, 0.29361
0.988557, 0.424752, -0.0413691, 0.40332, 0.305264
1.00123, 0.429831, -0.0374264, 0.398313, 0.316907
1.0139, 0.434848, -0.0333363, 0.393282, 0.328539
1.02658, 0.4398, -0.0290988, 0.388228, 0.340162
1.03925, 0.444688, -0.024714, 0.383152, 0.351775
1.05193, 0.449512, -0.0201821, 0.378056, 0.363379
1.0646, 0.454271, -0.0155033, 0.372939, 0.374974
1.07727, 0.458965, -0.0106775, 0.367802, 0.38656
1.08995, 0.463594, -0.00570491, 0.362647, 0.398138
1.10262, 0.468157, -0.000585698, 0.357474, 0.409708
1.11529, 0.472655, 0.0046801, 0.352283, 0.42127
1.12797, 0.477087, 0.0100925, 0.347075, 0.432825
1.14064, 0.481452, 0.0156512, 0.341852, 0.444372
1.15332, 0.485752, 0.0213562, 0.336613, 0.455912
1.16599, 0.489985, 0.0272074, 0.331358, 0.467445
1.17866, 0.494151, 0.0332047, 0.32609, 0.478972
1.19134, 0.49825, 0.0393481, 0.320807, 0.490492
1.20401, 0.502282, 0.0456375, 0.31551, 0.502006
1.21668, 0.506247, 0.0520728, 0.3102, 0.513514
1.22936, 0.510145, 0.0586539, 0.304878, 0.525016
1.24203, 0.513975, 0.0653807, 0.299543, 0.536512
1.25471, 0.517738, 0.0722532, 0.294196, 0.548003
1.26618, 0.521081, 0.0785988, 0.288436, 0.557928
1.27766, 0.524358, 0.0850579, 0.282632, 0.567827
1.28913, 0.527568, 0.0916305, 0.276781, 0.577698
1.30061, 0.53071, 0.0983161, 0.270882, 0.587541
1.31208, 0.533784, 0.105114, 0.264932, 0.597352
1.32356, 0.53679, 0.112025, 0.258926, 0.60713
1.33503, 0.539726, 0.119048, 0.252862, 0.616872
1.34651, 0.542593, 0.126182, 0.246735, 0.626575
1.35798, 0.545389, 0.133428, 0.240542, 0.636235
1.36946, 0.548113, 0.140784, 0.234277, 0.645849
1.38093, 0.550765, 0.14825, 0.227936, 0.655412
1.39241, 0.553344, 0.155825, 0.221512, 0.664921
1.40388, 0.555848, 0.16351, 0.214999, 0.674369
1.41536, 0.558278, 0.171302, 0.20839, 0.68375
1.42683, 0.560631, 0.179202, 0.201677, 0.693056
1.43831, 0.562906, 0.187207, 0.194851, 0.70228
1.44978, 0.565102, 0.195319, 0.187901, 0.71141
1.46126, 0.567218, 0.203534, 0.180816, 0.720437
1.47273, 0.569251, 0.211852, 0.173581, 0.729344
1.48421, 0.571201, 0.220272, 0.166184, 0.738116
1.49568, 0.573064, 0.228792, 0.158605, 0.746732
1.50716, 0.57484, 0.237409, 0.150826, 0.755167
1.51863, 0.576525, 0.246122, 0.142823, 0.763391
1.53011, 0.578117, 0.254928, 0.13457, 0.771363
1.54158, 0.579612, 0.263824, 0.126039, 0.779037
1.55306, 0.581008, 0.272806, 0.117196, 0.786348
1.56453, 0.582301, 0.281869, 0.108006, 0.793217
1.57601, 0.583485, 0.291008, 0.0984307, 0.799537
1.58748, 0.584558, 0.300216, 0.0884379, 0.805173
1.59896, 0.585513, 0.309483, 0.078006, 0.809943
1.61043, 0.586347, 0.3188, 0.0671419, 0.813619
1.62191, 0.587053, 0.328151, 0.0559092, 0.815921
1.63338, 0.587629, 0.337519, 0.0444634, 0.816544
1.64486, 0.588074, 0.346883, 0.0330814, 0.815214
1.65633, 0.58839, 0.35622, 0.0221491, 0.811786
1.66781, 0.588585, 0.365506, 0.0120753, 0.806327
1.67928, 0.588672, 0.374719, 0.00317088, 0.799112
1.69076, 0.588663, 0.38384, -0.00442526, 0.790527
1.70223, 0.588575, 0.392858, -0.0107317, 0.78095
1.71371, 0.588421, 0.401761, -0.0158616, 0.770691
1.72518, 0.588215, 0.410543, -0.0199644, 0.759979
1.73666, 0.587966, 0.419201, -0.0231898, 0.748969
1.74813, 0.587685, 0.427732, -0.0256717, 0.737767
1.75961, 0.58738, 0.436133, -0.0275239, 0.726444
1.77108, 0.587056, 0.444403, -0.0288409, 0.715046
1.78256, 0.58672, 0.452543, -0.0297002, 0.703604
1.79403, 0.586376, 0.460551, -0.0301655, 0.692138
1.80551, 0.586029, 0.468427, -0.0302892, 0.680664
1.81698, 0.585682, 0.476172, -0.0301147, 0.669191
1.82846, 0.585338, 0.483786, -0.029678, 0.657724
1.83993, 0.585001, 0.491267, -0.0290095, 0.646269
1.85141, 0.584673, 0.498617, -0.0281346, 0.634827
1.86288, 0.584356, 0.505837, -0.027075, 0.623401
1.87436, 0.584053, 0.512925, -0.0258495, 0.611992
1.88583, 0.583764, 0.519882, -0.024474, 0.6006
1.89731, 0.583491, 0.526709, -0.0229622, 0.589225
1.90879, 0.583237, 0.533405, -0.0213264, 0.577867
1.92026, 0.583002, 0.539971, -0.0195771, 0.566526
1.93174, 0.582788, 0.546407, -0.0177236, 0.555202
1.94321, 0.582596, 0.552713, -0.0157742, 0.543894
1.95469, 0.582427, 0.558889, -0.0137361, 0.532601
1.96616, 0.582281, 0.564936, -0.0116158, 0.521324
1.97764, 0.58216, 0.570854, -0.00941938, 0.510061
1.98911, 0.582065, 0.576642, -0.00715184, 0.498812
2.00059, 0.581997, 0.582302, -0.00481805, 0.487577
2.01206, 0.581955, 0.587832, -0.00242221, 0.476355
2.02354, 0.581941, 0.593234, 3.17395e-05, 0.465145
2.03501, 0.581956, 0.598507, 0.00254029, 0.453947
2.04649, 0.582, 0.603652, 0.00510022, 0.442761
2.05796, 0.582073, 0.608669, 0.00770849, 0.431587
2.06944, 0.582177, 0.613557, 0.0103625, 0.420423
2.08091, 0.582311, 0.618318, 0.0130598, 0.409269
2.09239, 0.582477, 0.62295, 0.015798, 0.398126
2.10386, 0.582674, 0.627455, 0.018575, 0.386992
2.11534, 0.582903, 0.631832, 0.0213889, 0.375867
2.12681, 0.583165, 0.636081, 0.0242377, 0.364751
2.13829, 0.583459, 0.640203, 0.02712, 0.353644
2.14976, 0.583787, 0.644197, 0.030034, 0.342545
2.16124, 0.584149, 0.648064, 0.0329784, 0.331454
2.17271, 0.584544, 0.651804, 0.0359517, 0.320371
2.18419, 0.584974, 0.655417, 0.0389528, 0.309296
2.19566, 0.585438, 0.658903, 0.0419803, 0.298227
2.20714, 0.585938, 0.662261, 0.0450332, 0.287166
2.21861, 0.586472, 0.665493, 0.0481105, 0.276111
2.23009, 0.587042, 0.668598, 0.0512112, 0.265063
2.24156, 0.587647, 0.671576, 0.0543342, 0.254021
2.25304, 0.588289, 0.674428, 0.0574788, 0.242985
2.26451, 0.588967, 0.677153, 0.0606442, 0.231955
2.27599, 0.589681, 0.679751, 0.0638295, 0.220931
2.28746, 0.590432, 0.682223, 0.067034, 0.209912
2.29894, 0.591219, 0.684569, 0.0702571, 0.198899
2.31041, 0.592044, 0.686788, 0.073498, 0.187891
2.32189, 0.592906, 0.688881, 0.0767562, 0.176889
2.33336, 0.593806, 0.690848, 0.0800311, 0.165891
2.34484, 0.594743, 0.692688, 0.083322, 0.154898
2.35631, 0.595718, 0.694403, 0.0866285, 0.143909
2.36779, 0.596731, 0.695991, 0.0899501, 0.132926
2.37926, 0.597782, 0.697453, 0.0932862, 0.121946
2.39074, 0.598872, 0.69879, 0.0966364, 0.110971
2.40221, 0.6, 0.7, 0.1, 0.1
