4.68565, 0
0, 0, 0, 1, 0
0.0328529, 0.032879, -0.000539003, 1.00153, -0.032817
0.0657058, 0.0658018, -0.00215674, 1.00268, -0.0656495
0.0985587, 0.0987562, -0.00485283, 1.00341, -0.0984941
0.131412, 0.131727, -0.00862824, 1.00371, -0.131345
0.164265, 0.1647, -0.013483, 1.00352, -0.164198
0.197117, 0.197659, -0.0194171, 1.00283, -0.197043
0.22997, 0.230586, -0.0264297, 1.00158, -0.229871
0.262823, 0.263462, -0.0345205, 0.999732, -0.262672
0.295676, 0.296267, -0.0436883, 0.997232, -0.295429
0.328529, 0.328978, -0.0539312, 0.994024, -0.328124
0.361382, 0.361572, -0.065247, 0.990045, -0.360734
0.394235, 0.394021, -0.0776324, 0.985222, -0.39323
0.427088, 0.426296, -0.0910828, 0.979476, -0.425575
0.459941, 0.458367, -0.105593, 0.972718, -0.457724
0.492794, 0.490197, -0.121155, 0.964849, -0.489619
0.525647, 0.52175, -0.13776, 0.955759, -0.521187
0.558499, 0.552982, -0.155396, 0.945329, -0.552338
0.591352, 0.583847, -0.174046, 0.93343, -0.582956
0.624205, 0.614296, -0.193692, 0.919923, -0.612899
0.657058, 0.644273, -0.214308, 0.90467, -0.641991
0.689911, 0.673717, -0.235863, 0.887534, -0.670013
0.722764, 0.702567, -0.258317, 0.868396, -0.696706
0.755617, 0.730753, -0.281622, 0.847167, -0.721765
0.78847, 0.758207, -0.30572, 0.823806, -0.744848
0.821323, 0.784859, -0.330538, 0.798348, -0.765592
0.854176, 0.810642, -0.355994, 0.770912, -0.783636
0.887028, 0.835493, -0.381994, 0.741715, -0.798662
0.919881, 0.85936, -0.408435, 0.711059, -0.810428
0.952734, 0.882202, -0.435207, 0.679307, -0.818802
0.985587, 0.903987, -0.462198, 0.646847, -0.82377
1.01844, 0.9247, -0.489297, 0.61405, -0.825436
1.05129, 0.944334, -0.516399, 0.581239, -0.823991
1.08415, 0.962893, -0.543407, 0.54868, -0.819688
1.117, 0.98039, -0.57023, 0.516564, -0.812804
1.14985, 0.996841, -0.596788, 0.485027, -0.803623
1.1827, 1.01227, -0.62301, 0.45415, -0.792415
1.21556, 1.02669, -0.648834, 0.423977, -0.779429
1.24841, 1.04013, -0.674206, 0.394524, -0.764884
1.28126, 1.05262, -0.699077, 0.365783, -0.748975
1.31412, 1.06417, -0.723405, 0.337736, -0.73187
1.34697, 1.07482, -0.747153, 0.310358, -0.713715
1.37982, 1.08457, -0.77029, 0.283615, -0.694634
1.41267, 1.09346, -0.792786, 0.257476, -0.674735
1.44553, 1.1015, -0.814616, 0.231906, -0.654109
1.47838, 1.1087, -0.835758, 0.206871, -0.632837
1.51123, 1.11509, -0.856191, 0.182339, -0.610986
1.54409, 1.12069, -0.875897, 0.15828, -0.588616
1.57694, 1.1255, -0.894861, 0.134664, -0.565779
1.60979, 1.12954, -0.913068, 0.111464, -0.542518
1.64265, 1.13283, -0.930503, 0.0886556, -0.518873
1.6755, 1.13537, -0.947157, 0.066215, -0.494879
1.70835, 1.13718, -0.963016, 0.0441201, -0.470566
1.7412, 1.13827, -0.978073, 0.022351, -0.445961
1.77406, 1.13865, -0.992316, 0.000889182, -0.421088
1.80691, 1.13833, -1.00574, -0.020283, -0.395967
1.83976, 1.13732, -1.01833, -0.0411814, -0.370619
1.87262, 1.13563, -1.03009, -0.0618207, -0.345058
1.90547, 1.13327, -1.041, -0.0822151, -0.319302
1.93832, 1.13023, -1.05107, -0.102377, -0.293364
1.97117, 1.12654, -1.06027, -0.122318, -0.267255
2.00403, 1.1222, -1.06862, -0.14205, -0.240988
2.03688, 1.11721, -1.07611, -0.161583, -0.214573
2.06973, 1.11158, -1.08272, -0.180926, -0.188018
2.10259, 1.10532, -1.08846, -0.200089, -0.161333
2.13544, 1.09844, -1.09332, -0.219079, -0.134524
2.16829, 1.09093, -1.0973, -0.237905, -0.1076
2.20114, 1.08281, -1.10039, -0.256573, -0.0805672
2.234, 1.07407, -1.10259, -0.275091, -0.0534309
2.26685, 1.06473, -1.1039, -0.293466, -0.0261969
2.2997, 1.05479, -1.10431, -0.311702, 0.00112975
2.33256, 1.04426, -1.10382, -0.329807, 0.0285439
2.36541, 1.03312, -1.10243, -0.347784, 0.0560415
2.39826, 1.0214, -1.10014, -0.36564, 0.0836183
2.43112, 1.0091, -1.09694, -0.383379, 0.11127
2.46397, 0.996216, -1.09283, -0.401006, 0.138995
2.49682, 0.982754, -1.08781, -0.418524, 0.166787
2.52967, 0.968717, -1.08187, -0.435938, 0.194645
2.56253, 0.954111, -1.07502, -0.453251, 0.222566
2.59538, 0.938937, -1.06724, -0.470467, 0.250546
2.62823, 0.9232, -1.05855, -0.487591, 0.278584
2.66109, 0.906901, -1.04894, -0.504623, 0.306676
2.69394, 0.890044, -1.0384, -0.521569, 0.334822
2.72679, 0.872632, -1.02694, -0.53843, 0.363018
2.75964, 0.854667, -1.01455, -0.555211, 0.391262
2.7925, 0.836152, -1.00123, -0.571912, 0.419553
2.82535, 0.81709, -0.986981, -0.588537, 0.447889
2.8582, 0.797482, -0.971801, -0.605088, 0.476268
2.89106, 0.777333, -0.955687, -0.621567, 0.504688
2.92391, 0.756642, -0.938639, -0.637978, 0.533149
2.95676, 0.735414, -0.920655, -0.654321, 0.561649
2.98961, 0.71365, -0.901735, -0.670598, 0.590186
3.02247, 0.691353, -0.881877, -0.686813, 0.618758
3.05532, 0.668524, -0.861079, -0.702965, 0.647366
3.08817, 0.645165, -0.839341, -0.719058, 0.676008
3.12103, 0.621278, -0.816661, -0.735093, 0.704682
3.15388, 0.596865, -0.793039, -0.751072, 0.733387
3.18673, 0.571929, -0.768473, -0.766995, 0.762123
3.21958, 0.54647, -0.742962, -0.782865, 0.790888
3.25244, 0.52049, -0.716507, -0.798683, 0.819683
3.26677, 0.51142, -0.704711, -0.793805, 0.832457
3.2811, 0.502399, -0.692726, -0.788881, 0.845196
3.29543, 0.49343, -0.680551, -0.783911, 0.857899
3.30977, 0.484511, -0.668188, -0.778892, 0.870563
3.3241, 0.475644, -0.655636, -0.773822, 0.883188
3.33843, 0.466829, -0.642896, -0.768701, 0.895772
3.35276, 0.458066, -0.629968, -0.763526, 0.908313
3.36709, 0.449355, -0.616854, -0.758296, 0.920809
3.38143, 0.440697, -0.603552, -0.753009, 0.933258
3.39576, 0.432092, -0.590065, -0.747663, 0.945657
3.41009, 0.423541, -0.576393, -0.742255, 0.958006
3.42442, 0.415043, -0.562536, -0.736783, 0.970301
3.43875, 0.406601, -0.548495, -0.731247, 0.98254
3.45309, 0.398213, -0.534271, -0.725642, 0.994719
3.46742, 0.389881, -0.519864, -0.719967, 1.00684
3.48175, 0.381604, -0.505275, -0.714219, 1.01889
3.49608, 0.373384, -0.490506, -0.708395, 1.03088
3.51042, 0.365221, -0.475557, -0.702493, 1.04279
3.52475, 0.357115, -0.460428, -0.69651, 1.05463
3.53908, 0.349068, -0.445121, -0.690443, 1.06639
3.55341, 0.341079, -0.429638, -0.684289, 1.07807
3.56774, 0.333149, -0.413978, -0.678044, 1.08966
3.58208, 0.32528, -0.398143, -0.671706, 1.10116
3.59641, 0.317472, -0.382135, -0.66527, 1.11257
3.61074, 0.309725, -0.365955, -0.658734, 1.12387
3.62507, 0.30204, -0.349604, -0.652092, 1.13506
3.6394, 0.294418, -0.333084, -0.645342, 1.14614
3.65374, 0.28686, -0.316396, -0.63848, 1.1571
3.66807, 0.279368, -0.299542, -0.6315, 1.16793
3.6824, 0.27194, -0.282523, -0.6244, 1.17863
3.69673, 0.26458, -0.265343, -0.617174, 1.18918
3.71106, 0.257287, -0.248002, -0.609818, 1.19959
3.7254, 0.250063, -0.230503, -0.602327, 1.20983
3.73973, 0.242909, -0.212848, -0.594697, 1.21991
3.75406, 0.235826, -0.195041, -0.586922, 1.2298
3.76839, 0.228815, -0.177082, -0.578999, 1.2395
3.78272, 0.221878, -0.158977, -0.570922, 1.249
3.79706, 0.215015, -0.140726, -0.562686, 1.25829
3.81139, 0.208229, -0.122334, -0.554286, 1.26734
3.82572, 0.201521, -0.103805, -0.545718, 1.27615
3.84005, 0.194893, -0.0851414, -0.536978, 1.2847
3.85439, 0.188345, -0.066348, -0.528062, 1.29298
3.86872, 0.18188, -0.0474289, -0.518965, 1.30096
3.88305, 0.175499, -0.0283889, -0.509684, 1.30863
3.89738, 0.169205, -0.00923276, -0.500217, 1.31597
3.91171, 0.162999, 0.010034, -0.490562, 1.32296
3.92605, 0.156884, 0.0294061, -0.480718, 1.32958
3.94038, 0.150861, 0.0488773, -0.470684, 1.3358
3.95471, 0.144934, 0.0684411, -0.460461, 1.34161
3.96904, 0.139103, 0.0880911, -0.450053, 1.34698
3.98337, 0.133372, 0.10782, -0.439463, 1.35189
3.99771, 0.127742, 0.12762, -0.428697, 1.3563
4.01204, 0.122218, 0.147483, -0.417763, 1.36021
4.02637, 0.116801, 0.1674, -0.406669, 1.36359
4.0407, 0.111494, 0.187364, -0.395429, 1.36641
4.05503, 0.1063, 0.207365, -0.384057, 1.36866
4.06937, 0.101221, 0.227394, -0.372567, 1.37032
4.0837, 0.09626, 0.24744, -0.360979, 1.37136
4.09803, 0.0914203, 0.267495, -0.349313, 1.37178
4.11236, 0.086704, 0.287547, -0.337591, 1.37157
4.12669, 0.0821139, 0.307587, -0.325837, 1.37072
4.14103, 0.0776521, 0.327604, -0.314076, 1.36921
4.15536, 0.0733209, 0.347589, -0.302332, 1.36707
4.16969, 0.0691221, 0.367531, -0.290632, 1.36428
4.18402, 0.0650576, 0.387421, -0.279001, 1.36086
4.19836, 0.0611284, 0.407248, -0.267464, 1.35682
4.21269, 0.0573359, 0.427004, -0.256046, 1.35217
4.22702, 0.0536805, 0.446678, -0.244768, 1.34693
4.24135, 0.0501626, 0.466264, -0.233651, 1.34112
4.25568, 0.0467823, 0.485752, -0.222714, 1.33476
4.27002, 0.043539, 0.505134, -0.211974, 1.32789
4.28435, 0.0404323, 0.524404, -0.201444, 1.32051
4.29868, 0.0374609, 0.543554, -0.191137, 1.31266
4.31301, 0.0346235, 0.562579, -0.181062, 1.30437
4.32734, 0.0319185, 0.581471, -0.171226, 1.29566
4.34168, 0.0293439, 0.600226, -0.161637, 1.28656
4.35601, 0.0268978, 0.618837, -0.152296, 1.27709
4.37034, 0.0245777, 0.637302, -0.143207, 1.26727
4.38467, 0.0223815, 0.655614, -0.134368, 1.25714
4.399, 0.0203062, 0.67377, -0.125781, 1.24671
4.41334, 0.0183497, 0.691766, -0.117443, 1.236
4.42767, 0.0165087, 0.709599, -0.109351, 1.22504
4.442, 0.0147806, 0.727265, -0.101502, 1.21384
4.45633, 0.0131626, 0.744762, -0.0938903, 1.20242
4.47066, 0.0116519, 0.762087, -0.0865123, 1.19079
4.485, 0.0102455, 0.779237, -0.0793625, 1.17898
4.49933, 0.00894082, 0.79621, -0.0724354, 1.16699
4.51366, 0.00773466, 0.813005, -0.0657253, 1.15484
4.52799, 0.00662458, 0.829618, -0.0592262, 1.14254
4.54233, 0.00560778, 0.846049, -0.0529323, 1.1301
4.55666, 0.00468141, 0.862295, -0.0468377, 1.11754
4.57099, 0.00384301, 0.878355, -0.0409365, 1.10485
4.58532, 0.00308967, 0.894229, -0.0352224, 1.09206
4.59965, 0.00241935, 0.909913, -0.0296901, 1.07916
4.61399, 0.00182903, 0.925408, -0.0243337, 1.06616
4.62832, 0.00131673, 0.940712, -0.0191475, 1.05308
4.64265, 0.000879884, 0.955824, -0.0141264, 1.03992
4.65698, 0.000516415, 0.970743, -0.00926489, 1.02668
4.67131, 0.000223875, 0.985469, -0.00455761, 1.01337
4.68565, 5.96046e-08, 1, 0, 1
