5.85742, 0
0, 0, 0, 1, 0
0.0375965, 0.0225382, -0.00907579, 0.996303, -0.0315974
0.075193, 0.045269, -0.0193345, 0.992241, -0.0629297
0.11279, 0.0681892, -0.030764, 0.987797, -0.0939794
0.150386, 0.0912949, -0.0433501, 0.982953, -0.124728
0.187983, 0.114582, -0.0570788, 0.97769, -0.155156
0.225579, 0.138046, -0.071934, 0.971988, -0.185241
0.263176, 0.161682, -0.0878996, 0.965827, -0.21496
0.300772, 0.185484, -0.104957, 0.959185, -0.244288
0.338369, 0.209445, -0.123087, 0.95204, -0.273199
0.375965, 0.23356, -0.142269, 0.944369, -0.301664
0.413562, 0.25782, -0.162481, 0.936149, -0.329652
0.451158, 0.282218, -0.183698, 0.927356, -0.35713
0.488755, 0.306742, -0.205895, 0.917964, -0.384064
0.526351, 0.331383, -0.229045, 0.90795, -0.410416
0.563948, 0.356128, -0.253118, 0.897288, -0.436146
0.601544, 0.380966, -0.278082, 0.885953, -0.461213
0.639141, 0.40588, -0.303904, 0.873921, -0.485571
0.676737, 0.430856, -0.330547, 0.861169, -0.509174
0.714334, 0.455874, -0.357974, 0.847674, -0.531974
0.75193, 0.480914, -0.386145, 0.833415, -0.553919
0.789527, 0.505956, -0.415015, 0.818372, -0.574957
0.827124, 0.530973, -0.444541, 0.802531, -0.595034
0.86472, 0.555941, -0.474673, 0.785876, -0.614094
0.902317, 0.580829, -0.505363, 0.768399, -0.632083
0.939913, 0.605606, -0.536558, 0.750093, -0.648946
0.97751, 0.630237, -0.568205, 0.730957, -0.664627
1.01511, 0.654685, -0.600246, 0.710995, -0.679075
1.0527, 0.678912, -0.632626, 0.690217, -0.692238
1.0903, 0.702875, -0.665285, 0.668639, -0.704071
1.1279, 0.726531, -0.698162, 0.64628, -0.71453
1.16549, 0.749833, -0.7312, 0.62317, -0.723579
1.20309, 0.772735, -0.764336, 0.599341, -0.731186
1.24069, 0.795187, -0.79751, 0.574833, -0.737326
1.27828, 0.817141, -0.830663, 0.549688, -0.741981
1.31588, 0.838547, -0.863735, 0.523956, -0.745142
1.35347, 0.859358, -0.896669, 0.497688, -0.746805
1.39107, 0.879526, -0.929409, 0.47094, -0.746977
1.42867, 0.899004, -0.961899, 0.443769, -0.74567
1.46626, 0.917747, -0.994088, 0.416231, -0.742903
1.50386, 0.935716, -1.02593, 0.388385, -0.738704
1.54146, 0.95287, -1.05736, 0.360289, -0.733104
1.57905, 0.969174, -1.08835, 0.331996, -0.72614
1.61665, 0.984595, -1.11885, 0.303561, -0.717855
1.65425, 0.999103, -1.14882, 0.275033, -0.708293
1.69184, 1.01267, -1.17822, 0.24646, -0.697501
1.72944, 1.02528, -1.20701, 0.217885, -0.68553
1.76704, 1.03691, -1.23515, 0.189348, -0.672428
1.80463, 1.04755, -1.26263, 0.160885, -0.658248
1.84223, 1.05717, -1.28939, 0.132529, -0.64304
1.87983, 1.06577, -1.31542, 0.104307, -0.626855
1.91742, 1.07335, -1.34069, 0.0762463, -0.60974
1.95502, 1.0799, -1.36516, 0.0483677, -0.591745
1.99262, 1.0854, -1.38882, 0.0206902, -0.572916
2.03021, 1.08988, -1.41165, -0.00677025, -0.553297
2.06781, 1.09331, -1.43361, -0.0340003, -0.532931
2.10541, 1.09571, -1.4547, -0.0609891, -0.511858
2.143, 1.09708, -1.47489, -0.0877275, -0.490119
2.1806, 1.09742, -1.49416, -0.114209, -0.467748
2.21819, 1.09674, -1.51249, -0.140429, -0.444781
2.25579, 1.09504, -1.52988, -0.166382, -0.421252
2.29339, 1.09233, -1.54629, -0.192067, -0.39719
2.33098, 1.08863, -1.56173, -0.217482, -0.372625
2.36858, 1.08392, -1.57617, -0.242628, -0.347585
2.40618, 1.07824, -1.5896, -0.267505, -0.322095
2.44377, 1.07158, -1.60201, -0.292114, -0.296179
2.48137, 1.06395, -1.61338, -0.316457, -0.269862
2.51897, 1.05537, -1.62371, -0.340538, -0.243162
2.55656, 1.04583, -1.63299, -0.364358, -0.216101
2.59416, 1.03536, -1.6412, -0.387922, -0.188698
2.63176, 1.02396, -1.64833, -0.411232, -0.16097
2.66935, 1.01164, -1.65437, -0.434293, -0.132933
2.70695, 0.998411, -1.65932, -0.457109, -0.104604
2.74455, 0.984279, -1.66317, -0.479684, -0.0759964
2.78214, 0.969257, -1.66591, -0.502023, -0.0471238
2.81974, 0.953352, -1.66753, -0.52413, -0.0179995
2.85734, 0.936575, -1.66802, -0.54601, 0.0113643
2.89493, 0.918933, -1.66737, -0.567666, 0.0409564
2.93253, 0.900436, -1.66559, -0.589104, 0.0707666
2.97013, 0.881094, -1.66266, -0.610328, 0.100784
3.00772, 0.860914, -1.65857, -0.631342, 0.131
3.04532, 0.839905, -1.65333, -0.652151, 0.161405
3.08292, 0.818075, -1.64692, -0.67276, 0.191991
3.12051, 0.795433, -1.63934, -0.693172, 0.22275
3.15811, 0.771987, -1.63058, -0.713392, 0.253675
3.1957, 0.747744, -1.62064, -0.733424, 0.284757
3.2333, 0.722713, -1.60952, -0.753272, 0.315992
3.2709, 0.6969, -1.5972, -0.772941, 0.347372
3.30849, 0.670315, -1.58369, -0.792433, 0.378892
3.34609, 0.642962, -1.56897, -0.811754, 0.410546
3.38369, 0.61485, -1.55306, -0.830907, 0.442328
3.42128, 0.585986, -1.53593, -0.849894, 0.474233
3.45888, 0.556376, -1.51759, -0.868721, 0.506258
3.49648, 0.526027, -1.49804, -0.88739, 0.538396
3.53407, 0.494947, -1.47726, -0.905906, 0.570644
3.57167, 0.463141, -1.45526, -0.92427, 0.602999
3.60927, 0.430614, -1.43204, -0.942487, 0.635454
3.64686, 0.397375, -1.40758, -0.960561, 0.668008
3.68446, 0.363428, -1.38189, -0.978492, 0.700656
3.72206, 0.32878, -1.35497, -0.996286, 0.733396
3.74341, 0.310387, -1.34242, -0.979041, 0.745657
3.76476, 0.292362, -1.3296, -0.961798, 0.757912
3.78612, 0.274706, -1.31652, -0.944557, 0.77016
3.80747, 0.257418, -1.30316, -0.927318, 0.7824
3.82882, 0.240499, -1.28954, -0.910081, 0.794632
3.85018, 0.223948, -1.27566, -0.892847, 0.806857
3.87153, 0.207766, -1.2615, -0.875614, 0.819073
3.89288, 0.191952, -1.24708, -0.858384, 0.831281
3.91424, 0.176506, -1.23239, -0.841156, 0.843479
3.93559, 0.161429, -1.21743, -0.82393, 0.855668
3.95695, 0.146719, -1.20221, -0.806708, 0.867847
3.9783, 0.132378, -1.18671, -0.789488, 0.880016
3.99965, 0.118405, -1.17095, -0.772271, 0.892173
4.02101, 0.1048, -1.15492, -0.755057, 0.90432
4.04236, 0.0915629, -1.13863, -0.737847, 0.916454
4.06371, 0.0786934, -1.12206, -0.720639, 0.928575
4.08507, 0.0661918, -1.10523, -0.703436, 0.940684
4.10642, 0.0540578, -1.08813, -0.686236, 0.952778
4.12778, 0.0422914, -1.07077, -0.669041, 0.964858
4.14913, 0.0308924, -1.05313, -0.65185, 0.976922
4.17048, 0.0198607, -1.03523, -0.634663, 0.98897
4.19184, 0.00919622, -1.01706, -0.617481, 1.001
4.21319, -0.00110126, -0.998616, -0.600304, 1.01301
4.23454, -0.0110318, -0.979909, -0.583132, 1.02501
4.2559, -0.0205956, -0.960933, -0.565967, 1.03698
4.27725, -0.0297928, -0.941689, -0.548807, 1.04893
4.2986, -0.0386235, -0.922177, -0.531654, 1.06086
4.31996, -0.0470881, -0.902396, -0.514508, 1.07276
4.34131, -0.0551867, -0.882347, -0.497369, 1.08464
4.36267, -0.0629195, -0.86203, -0.480238, 1.09649
4.38402, -0.0702867, -0.841444, -0.463116, 1.10831
4.40537, -0.0772887, -0.820589, -0.446004, 1.1201
4.42673, -0.083926, -0.799465, -0.4289, 1.13186
4.44808, -0.0901983, -0.778073, -0.411808, 1.14358
4.46943, -0.0961066, -0.756412, -0.394727, 1.15526
4.49079, -0.101651, -0.734482, -0.377658, 1.16691
4.51214, -0.106832, -0.712282, -0.360603, 1.1785
4.53349, -0.11165, -0.689813, -0.343562, 1.19005
4.55485, -0.116105, -0.667075, -0.326538, 1.20155
4.5762, -0.120199, -0.644066, -0.30953, 1.21299
4.59756, -0.123932, -0.620788, -0.292541, 1.22437
4.61891, -0.127304, -0.59724, -0.275573, 1.23569
4.64026, -0.130316, -0.573422, -0.258627, 1.24694
4.66162, -0.13297, -0.549333, -0.241707, 1.2581
4.68297, -0.135266, -0.524974, -0.224813, 1.26919
4.70432, -0.137205, -0.500343, -0.207951, 1.28018
4.72568, -0.138789, -0.475441, -0.191121, 1.29107
4.74703, -0.140019, -0.450267, -0.17433, 1.30184
4.76838, -0.140897, -0.424821, -0.15758, 1.3125
4.78974, -0.141425, -0.399103, -0.140877, 1.32302
4.81109, -0.141604, -0.373112, -0.124227, 1.33338
4.83245, -0.141438, -0.346848, -0.107636, 1.34358
4.8538, -0.140929, -0.32031, -0.0911132, 1.35359
4.87515, -0.140081, -0.293498, -0.074667, 1.36339
4.89651, -0.138897, -0.26641, -0.058309, 1.37295
4.91786, -0.137382, -0.239048, -0.0420517, 1.38225
4.93921, -0.135541, -0.21141, -0.025911, 1.39124
4.96057, -0.13338, -0.183496, -0.0099054, 1.3999
4.98192, -0.130907, -0.155305, 0.00594336, 1.40817
5.00327, -0.12813, -0.126837, 0.0216081, 1.41599
5.02463, -0.125059, -0.0980933, 0.0370564, 1.4233
5.04598, -0.121706, -0.0690733, 0.05225, 1.43004
5.06734, -0.118086, -0.0397795, 0.0671415, 1.43611
5.08869, -0.114216, -0.0102143, 0.0816739, 1.44141
5.11004, -0.110114, 0.0196187, 0.0957791, 1.44583
5.1314, -0.105804, 0.0497118, 0.109376, 1.44925
5.15275, -0.101314, 0.0800551, 0.122369, 1.45154
5.1741, -0.0966718, 0.110634, 0.134647, 1.45253
5.19546, -0.0919124, 0.141428, 0.146088, 1.45211
5.21681, -0.0870715, 0.172409, 0.156558, 1.45012
5.23816, -0.0821861, 0.203541, 0.165922, 1.44646
5.25952, -0.077293, 0.234779, 0.174051, 1.44107
5.28087, -0.0724263, 0.266068, 0.180835, 1.43393
5.30223, -0.0676164, 0.297351, 0.186192, 1.42508
5.32358, -0.0628884, 0.328563, 0.190081, 1.41463
5.34493, -0.0582621, 0.359644, 0.192498, 1.40272
5.36629, -0.053753, 0.390534, 0.193479, 1.38954
5.38764, -0.0493723, 0.421182, 0.193091, 1.37529
5.40899, -0.0451294, 0.451544, 0.191423, 1.36015
5.43035, -0.041032, 0.481584, 0.188572, 1.34431
5.4517, -0.0370876, 0.511276, 0.184645, 1.32792
5.47305, -0.0333025, 0.540597, 0.179743, 1.31112
5.49441, -0.029684, 0.569533, 0.173963, 1.29401
5.51576, -0.0262389, 0.598073, 0.167393, 1.27669
5.53712, -0.0229747, 0.626211, 0.160116, 1.25923
5.55847, -0.0198978, 0.653943, 0.152202, 1.24168
5.57982, -0.0170157, 0.681266, 0.143717, 1.22409
5.60118, -0.0143346, 0.70818, 0.134716, 1.2065
5.62253, -0.0118619, 0.734686, 0.125251, 1.18892
5.64388, -0.00960335, 0.760786, 0.115364, 1.17138
5.66524, -0.00756499, 0.786481, 0.105094, 1.1539
5.68659, -0.00575289, 0.811775, 0.0944763, 1.13648
5.70794, -0.0041723, 0.836669, 0.0835407, 1.11913
5.7293, -0.00282881, 0.861167, 0.0723131, 1.10186
5.75065, -0.00172696, 0.885271, 0.0608185, 1.08468
5.77201, -0.000871748, 0.908985, 0.0490773, 1.06757
5.79336, -0.000267357, 0.932313, 0.037109, 1.05055
5.81471, 8.18074e-05, 0.955255, 0.0249299, 1.03362
5.83607, 0.000172287, 0.977817, 0.0125554, 1.01677
5.85742, -3.27826e-07, 1, -2.38419e-07, 1
