2.58743, 0.439523
0, 0, 0, 0.2, 0
0.0141113, 0.00282325, -9.95664e-05, 0.200142, -0.0141106
0.0282227, 0.0056488, -0.000398232, 0.200274, -0.0282213
0.042334, 0.00847482, -0.000896074, 0.200399, -0.0423321
0.0564453, 0.0113047, -0.00159295, 0.200506, -0.0564431
0.0705567, 0.0141345, -0.00248901, 0.200606, -0.070554
0.084668, 0.0169664, -0.00358417, 0.200689, -0.0846652
0.0987794, 0.0197987, -0.00487848, 0.200761, -0.0987763
0.112891, 0.0226314, -0.00637194, 0.200817, -0.112887
0.127002, 0.0254661, -0.00806447, 0.200851, -0.126999
0.141113, 0.0283006, -0.00995615, 0.200865, -0.14111
0.155225, 0.0311344, -0.012047, 0.200861, -0.155221
0.169336, 0.0339686, -0.0143369, 0.200826, -0.169333
0.183447, 0.0368025, -0.016826, 0.200761, -0.183444
0.197559, 0.0396347, -0.0195142, 0.200662, -0.197555
0.21167, 0.0424656, -0.0224015, 0.200521, -0.211666
0.225781, 0.0452937, -0.025488, 0.200336, -0.225776
0.239893, 0.0481191, -0.0287735, 0.200089, -0.239885
0.254004, 0.0509406, -0.0322581, 0.199769, -0.253992
0.268115, 0.0537568, -0.0359419, 0.199361, -0.268098
0.282227, 0.0565665, -0.0398246, 0.198836, -0.282199
0.296338, 0.0593676, -0.0439062, 0.198152, -0.296294
0.310449, 0.0621577, -0.0481867, 0.197242, -0.310376
0.324561, 0.0649327, -0.0526658, 0.195979, -0.32443
0.338672, 0.067686, -0.0573427, 0.194108, -0.338414
0.352783, 0.070405, -0.0622156, 0.190915, -0.352146
0.366895, 0.0730547, -0.0672729, 0.183244, -0.363568
0.381006, 0.0755523, -0.0723823, 0.172081, -0.357485
0.395117, 0.0779423, -0.0773353, 0.167185, -0.344289
0.409229, 0.0802792, -0.0820966, 0.164212, -0.330498
0.42334, 0.0825804, -0.0866621, 0.162019, -0.316559
0.437451, 0.0848538, -0.0910305, 0.160245, -0.30256
0.451563, 0.0871041, -0.0952011, 0.158734, -0.28853
0.465674, 0.0893345, -0.0991735, 0.157403, -0.274482
0.479785, 0.0915471, -0.102948, 0.156201, -0.260422
0.493897, 0.0937434, -0.106523, 0.155099, -0.246354
0.508008, 0.0959247, -0.1099, 0.154075, -0.232279
0.522119, 0.0980921, -0.113079, 0.153113, -0.218201
0.536231, 0.100246, -0.116059, 0.152203, -0.204119
0.550342, 0.102388, -0.11884, 0.151336, -0.190034
0.564453, 0.104518, -0.121422, 0.150506, -0.175947
0.578565, 0.106636, -0.123805, 0.149708, -0.161859
0.592676, 0.108743, -0.12599, 0.148937, -0.147768
0.606787, 0.110839, -0.127976, 0.14819, -0.133677
0.620899, 0.112925, -0.129763, 0.147465, -0.119584
0.63501, 0.115001, -0.131351, 0.146759, -0.105491
0.649121, 0.117067, -0.13274, 0.146069, -0.0913961
0.663233, 0.119124, -0.13393, 0.145395, -0.0773008
0.677344, 0.121171, -0.134921, 0.144735, -0.0632048
0.691455, 0.123209, -0.135714, 0.144088, -0.0491085
0.705567, 0.125237, -0.136307, 0.143452, -0.0350114
0.719678, 0.127257, -0.136702, 0.142827, -0.0209139
0.733789, 0.129268, -0.136898, 0.142212, -0.00681601
0.747901, 0.131271, -0.136894, 0.141606, 0.00728225
0.762012, 0.133265, -0.136692, 0.141008, 0.0213809
0.776124, 0.135251, -0.136291, 0.140418, 0.0354799
0.790235, 0.137228, -0.135691, 0.139835, 0.0495792
0.804346, 0.139197, -0.134892, 0.139259, 0.0636787
0.818457, 0.141158, -0.133894, 0.138689, 0.0777786
0.832569, 0.143111, -0.132697, 0.138126, 0.0918787
0.84668, 0.145056, -0.131301, 0.137568, 0.105979
0.860791, 0.146994, -0.129706, 0.137015, 0.120079
0.874903, 0.148923, -0.127912, 0.136467, 0.13418
0.889014, 0.150845, -0.125919, 0.135924, 0.148281
0.903125, 0.15276, -0.123727, 0.135385, 0.162382
0.917237, 0.154666, -0.121336, 0.134851, 0.176483
0.931348, 0.156565, -0.118746, 0.13432, 0.190585
0.94546, 0.158457, -0.115957, 0.133794, 0.204686
0.959571, 0.160341, -0.112969, 0.133271, 0.218788
0.973682, 0.162218, -0.109782, 0.132751, 0.232889
0.987794, 0.164088, -0.106396, 0.132235, 0.246991
1.0019, 0.16595, -0.102811, 0.131722, 0.261093
1.01602, 0.167806, -0.0990276, 0.131212, 0.275196
1.03013, 0.169654, -0.0950447, 0.130704, 0.289298
1.04424, 0.171494, -0.0908628, 0.1302, 0.3034
1.05835, 0.173328, -0.0864819, 0.129698, 0.317503
1.07246, 0.175155, -0.0819021, 0.129199, 0.331605
1.08657, 0.176975, -0.0771232, 0.128702, 0.345708
1.10068, 0.178787, -0.0721453, 0.128207, 0.35981
1.1148, 0.180593, -0.0669683, 0.127715, 0.373913
1.12891, 0.182392, -0.0615924, 0.127225, 0.388016
1.14302, 0.184184, -0.0560175, 0.126737, 0.402119
1.15713, 0.185969, -0.0502435, 0.126251, 0.416222
1.17124, 0.187747, -0.0442706, 0.125766, 0.430325
1.18535, 0.189518, -0.0380987, 0.125284, 0.444428
1.19946, 0.191283, -0.0317277, 0.124804, 0.458531
1.21357, 0.19304, -0.0251577, 0.124325, 0.472634
1.22769, 0.194791, -0.0183887, 0.123848, 0.486738
1.2418, 0.196536, -0.0114207, 0.123373, 0.500841
1.25591, 0.198273, -0.00425364, 0.122899, 0.514944
1.27002, 0.200004, 0.00311246, 0.122427, 0.529048
1.28413, 0.201729, 0.0106776, 0.121956, 0.543151
1.29824, 0.203446, 0.0184416, 0.121486, 0.557255
1.31235, 0.205157, 0.0264047, 0.121019, 0.571358
1.32647, 0.206862, 0.0345669, 0.120552, 0.585462
1.34058, 0.208559, 0.0429281, 0.120087, 0.599566
1.35469, 0.210251, 0.0514883, 0.119623, 0.613669
1.3688, 0.211936, 0.0602474, 0.11916, 0.627773
1.38291, 0.213614, 0.0692056, 0.118698, 0.641877
1.39702, 0.215286, 0.0783629, 0.118238, 0.655981
0.0119041, 0.216913, 0.0860659, 0.127991, 0.662632
0.0238081, 0.218656, 0.0938517, 0.137782, 0.669225
0.0357122, 0.220513, 0.10172, 0.14761, 0.675756
0.0476163, 0.222483, 0.109669, 0.157476, 0.682221
0.0595203, 0.224567, 0.117699, 0.167383, 0.688614
0.0714244, 0.226765, 0.125809, 0.177333, 0.69493
0.0833285, 0.229079, 0.133998, 0.187329, 0.701164
0.0952325, 0.231508, 0.142265, 0.197373, 0.707307
0.107137, 0.234053, 0.150608, 0.207469, 0.713354
0.119041, 0.236714, 0.159028, 0.217619, 0.719296
0.130945, 0.239493, 0.167522, 0.227828, 0.725123
0.142849, 0.242389, 0.17609, 0.238098, 0.730824
0.154753, 0.245404, 0.184729, 0.248434, 0.736387
0.166657, 0.248538, 0.193438, 0.258839, 0.741799
0.178561, 0.251793, 0.202216, 0.269319, 0.747044
0.190465, 0.255167, 0.21106, 0.279877, 0.752103
0.202369, 0.258664, 0.219967, 0.290519, 0.756954
0.214273, 0.262283, 0.228937, 0.30125, 0.761574
0.226177, 0.266026, 0.237965, 0.312074, 0.765933
0.238081, 0.269893, 0.247048, 0.322995, 0.769997
0.249985, 0.273886, 0.256184, 0.334017, 0.773725
0.261889, 0.278006, 0.265366, 0.345142, 0.777069
0.273794, 0.282254, 0.274592, 0.356369, 0.779971
0.285698, 0.28663, 0.283855, 0.367693, 0.782362
0.297602, 0.291137, 0.293148, 0.379103, 0.78416
0.309506, 0.295774, 0.302465, 0.390575, 0.785266
0.32141, 0.300542, 0.311795, 0.402072, 0.785563
0.333314, 0.305441, 0.321129, 0.413531, 0.784919
0.345218, 0.310469, 0.330455, 0.424855, 0.783185
0.357122, 0.315625, 0.339757, 0.435906, 0.780212
0.369026, 0.320903, 0.349021, 0.446493, 0.775867
0.38093, 0.326298, 0.358229, 0.456376, 0.77007
0.392834, 0.331799, 0.367362, 0.465292, 0.762823
0.404738, 0.337395, 0.376402, 0.472998, 0.754235
0.416642, 0.343071, 0.385335, 0.479319, 0.744512
0.428546, 0.34881, 0.394146, 0.484183, 0.733921
0.44045, 0.354596, 0.402828, 0.487619, 0.722728
0.452355, 0.360414, 0.411373, 0.489729, 0.711165
0.464259, 0.366248, 0.419779, 0.490656, 0.699413
0.476163, 0.372087, 0.428044, 0.490551, 0.687598
0.488067, 0.377919, 0.436168, 0.489558, 0.675803
0.499971, 0.383734, 0.44415, 0.487805, 0.664083
0.511875, 0.389524, 0.451994, 0.485403, 0.652466
0.523779, 0.395282, 0.459699, 0.482445, 0.640969
0.535683, 0.401002, 0.467268, 0.479007, 0.6296
0.547587, 0.406678, 0.474701, 0.475156, 0.618359
0.559491, 0.412307, 0.482001, 0.470944, 0.607244
0.571395, 0.417883, 0.48917, 0.466416, 0.596251
0.583299, 0.423404, 0.496207, 0.461611, 0.585373
0.595203, 0.428867, 0.503116, 0.45656, 0.574605
0.607107, 0.434268, 0.509897, 0.45129, 0.563941
0.619011, 0.439605, 0.516551, 0.445825, 0.553374
0.630916, 0.444876, 0.52308, 0.440183, 0.542899
0.64282, 0.450079, 0.529485, 0.434383, 0.532511
0.654724, 0.455213, 0.535766, 0.428438, 0.522203
0.666628, 0.460275, 0.541924, 0.422362, 0.511971
0.678532, 0.465263, 0.547961, 0.416167, 0.501811
0.690436, 0.470178, 0.553878, 0.409861, 0.491718
0.70234, 0.475017, 0.559675, 0.403455, 0.481689
0.714244, 0.479779, 0.565352, 0.396955, 0.471719
0.726148, 0.484463, 0.570911, 0.390369, 0.461806
0.738052, 0.489069, 0.576352, 0.383703, 0.451946
0.749956, 0.493594, 0.581676, 0.376962, 0.442136
0.76186, 0.49804, 0.586884, 0.370153, 0.432375
0.773764, 0.502403, 0.591975, 0.363278, 0.422658
0.785668, 0.506685, 0.596952, 0.356343, 0.412985
0.797572, 0.510883, 0.601813, 0.349351, 0.403352
0.809477, 0.514999, 0.606559, 0.342306, 0.393759
0.821381, 0.51903, 0.611192, 0.33521, 0.384202
0.833285, 0.522976, 0.61571, 0.328067, 0.37468
0.845189, 0.526837, 0.620116, 0.320879, 0.365193
0.857093, 0.530612, 0.624409, 0.313649, 0.355737
0.868997, 0.534301, 0.62859, 0.306378, 0.346312
0.880901, 0.537904, 0.632658, 0.29907, 0.336917
0.892805, 0.541419, 0.636615, 0.291725, 0.327549
0.904709, 0.544846, 0.64046, 0.284346, 0.318209
0.916613, 0.548186, 0.644194, 0.276935, 0.308895
0.928517, 0.551437, 0.647817, 0.269492, 0.299605
0.940421, 0.554599, 0.65133, 0.262019, 0.29034
0.952325, 0.557672, 0.654733, 0.254518, 0.281097
0.964229, 0.560656, 0.658026, 0.246989, 0.271876
0.976134, 0.56355, 0.661209, 0.239435, 0.262677
0.988038, 0.566354, 0.664283, 0.231856, 0.253498
0.999942, 0.569067, 0.667248, 0.224253, 0.244339
1.01185, 0.57169, 0.670103, 0.216627, 0.235199
1.02375, 0.574223, 0.67285, 0.208979, 0.226077
1.03565, 0.576664, 0.675488, 0.20131, 0.216973
1.04756, 0.579013, 0.678019, 0.19362, 0.207886
1.05946, 0.581271, 0.68044, 0.185911, 0.198816
1.07137, 0.583437, 0.682755, 0.178183, 0.189762
1.08327, 0.585511, 0.684961, 0.170437, 0.180723
1.09517, 0.587493, 0.68706, 0.162673, 0.1717
1.10708, 0.589382, 0.689051, 0.154893, 0.162691
1.11898, 0.591178, 0.690936, 0.147096, 0.153696
1.13089, 0.592882, 0.692713, 0.139283, 0.144714
1.14279, 0.594492, 0.694383, 0.131455, 0.135747
1.15469, 0.59601, 0.695947, 0.123612, 0.126791
1.1666, 0.597433, 0.697405, 0.115755, 0.117849
1.1785, 0.598764, 0.698755, 0.107884, 0.108918
1.19041, 0.6, 0.7, 0.1, 0.0999998
