2.91831, 0
0, 0, 0, 1, 0
0.0179713, 0.0168815, 0.00193318, 0.982492, -0.00270723
0.0359427, 0.0334528, 0.00380255, 0.964982, -0.00537436
0.053914, 0.0497143, 0.00560787, 0.94747, -0.00800001
0.0718854, 0.0656658, 0.00734987, 0.929955, -0.0105833
0.0898567, 0.0813065, 0.00903111, 0.912437, -0.0131246
0.107828, 0.0966383, 0.0106476, 0.894917, -0.0156199
0.125799, 0.11166, 0.0122036, 0.877395, -0.0180703
0.143771, 0.126371, 0.0137003, 0.859871, -0.0204754
0.161742, 0.140772, 0.0151371, 0.842344, -0.0228331
0.179713, 0.154863, 0.0165147, 0.824815, -0.0251422
0.197685, 0.168644, 0.0178348, 0.807285, -0.0274024
0.215656, 0.182115, 0.0190963, 0.789752, -0.0296111
0.233627, 0.195276, 0.0203014, 0.772218, -0.031768
0.251599, 0.208127, 0.0214513, 0.754682, -0.0338722
0.26957, 0.220668, 0.0225456, 0.737144, -0.0359215
0.287541, 0.232898, 0.0235869, 0.719605, -0.0379158
0.305513, 0.244819, 0.0245738, 0.702064, -0.0398521
0.323484, 0.25643, 0.0255097, 0.684523, -0.0417306
0.341455, 0.267731, 0.0263935, 0.66698, -0.0435485
0.359427, 0.278722, 0.0272269, 0.649437, -0.0453048
0.377398, 0.289402, 0.0280115, 0.631893, -0.0469984
0.395369, 0.299774, 0.0287466, 0.614348, -0.048626
0.413341, 0.309835, 0.0294359, 0.596804, -0.0501884
0.431312, 0.319587, 0.0300783, 0.579259, -0.0516818
0.449283, 0.329029, 0.0306757, 0.561715, -0.0531051
0.467255, 0.33816, 0.0312299, 0.544171, -0.054457
0.485226, 0.346983, 0.0317399, 0.526628, -0.0557337
0.503198, 0.355496, 0.0322093, 0.509087, -0.056935
0.521169, 0.363699, 0.0326382, 0.491547, -0.0580579
0.53914, 0.371594, 0.0330276, 0.474009, -0.0591
0.557112, 0.379178, 0.0333802, 0.456474, -0.06006
0.575083, 0.386454, 0.0336967, 0.438942, -0.0609351
0.593054, 0.393421, 0.0339773, 0.421413, -0.0617218
0.611026, 0.400078, 0.0342246, 0.403887, -0.0624183
0.628997, 0.406427, 0.034441, 0.386367, -0.0630229
0.646968, 0.412467, 0.0346255, 0.368851, -0.0635305
0.66494, 0.418198, 0.034782, 0.351342, -0.0639402
0.682911, 0.423622, 0.0349113, 0.333839, -0.0642482
0.700882, 0.428737, 0.035015, 0.316343, -0.0644513
0.718854, 0.433544, 0.0350953, 0.298855, -0.0645465
0.736825, 0.438043, 0.0351531, 0.281376, -0.0645297
0.754796, 0.442235, 0.0351911, 0.263908, -0.0643978
0.772768, 0.44612, 0.0352113, 0.24645, -0.0641473
0.790739, 0.449697, 0.0352151, 0.229005, -0.0637738
0.80871, 0.452968, 0.0352053, 0.211574, -0.0632738
0.826682, 0.455933, 0.0351839, 0.194158, -0.062643
0.844653, 0.458592, 0.0351522, 0.176758, -0.0618757
0.862624, 0.460945, 0.0351134, 0.159376, -0.0609686
0.880596, 0.462993, 0.0350697, 0.142013, -0.0599163
0.898567, 0.464737, 0.0350235, 0.124673, -0.0587138
0.916538, 0.466176, 0.0349775, 0.107356, -0.057356
0.93451, 0.467312, 0.0349345, 0.0900655, -0.0558375
0.952481, 0.468144, 0.0348971, 0.0728031, -0.0541522
0.970452, 0.468675, 0.0348678, 0.0555721, -0.0522938
0.988424, 0.468903, 0.0348501, 0.0383749, -0.0502563
1.0064, 0.468831, 0.0348468, 0.0212146, -0.0480329
1.02437, 0.468458, 0.0348621, 0.00409526, -0.0456181
1.04234, 0.467786, 0.0348976, -0.0129803, -0.0430021
1.06031, 0.466816, 0.0349581, -0.0300075, -0.0401792
1.07828, 0.465548, 0.0350471, -0.0469817, -0.0371417
1.09625, 0.463984, 0.0351683, -0.0638987, -0.0338808
1.11422, 0.462126, 0.0353246, -0.0807528, -0.0303867
1.13219, 0.459973, 0.0355218, -0.0975385, -0.0266532
1.15017, 0.457529, 0.035763, -0.11425, -0.0226689
1.16814, 0.454794, 0.0360521, -0.130879, -0.0184238
1.18611, 0.451769, 0.0363958, -0.14742, -0.0139109
1.20408, 0.448458, 0.0367968, -0.163863, -0.00911662
1.22205, 0.444861, 0.0372614, -0.180201, -0.00403243
1.24002, 0.440981, 0.037794, -0.196423, 0.00135413
1.25799, 0.436821, 0.0384006, -0.212519, 0.0070532
1.27597, 0.432383, 0.0390866, -0.228478, 0.0130772
1.29394, 0.427669, 0.0398577, -0.244287, 0.0194378
1.31191, 0.422683, 0.0407201, -0.259932, 0.0261468
1.32988, 0.417428, 0.0416803, -0.275399, 0.0332161
1.34785, 0.411907, 0.0427451, -0.290672, 0.0406574
1.36582, 0.406125, 0.0439207, -0.305734, 0.0484838
1.38379, 0.400085, 0.0452146, -0.320567, 0.0567067
1.40176, 0.393793, 0.0466341, -0.335149, 0.0653371
1.41974, 0.387252, 0.0481866, -0.349461, 0.0743861
1.43771, 0.380468, 0.0498802, -0.363479, 0.0838636
1.45568, 0.373448, 0.0517229, -0.377178, 0.0937786
1.47365, 0.366196, 0.0537222, -0.390533, 0.104141
1.49162, 0.358721, 0.0558878, -0.403518, 0.114954
1.50959, 0.351028, 0.058227, -0.416103, 0.126226
1.52756, 0.343125, 0.06075, -0.42826, 0.137957
1.54554, 0.335022, 0.0634648, -0.439959, 0.150148
1.56351, 0.326725, 0.0663801, -0.451169, 0.162799
1.58148, 0.318245, 0.0695052, -0.461859, 0.175902
1.59945, 0.30959, 0.072849, -0.471998, 0.189451
1.61742, 0.300772, 0.0764206, -0.481558, 0.203434
1.63539, 0.2918, 0.0802282, -0.49051, 0.217837
1.65336, 0.282687, 0.0842803, -0.498826, 0.232641
1.67133, 0.273443, 0.0885855, -0.506483, 0.247826
1.68931, 0.264079, 0.0931511, -0.513458, 0.263367
1.70728, 0.25461, 0.0979844, -0.519733, 0.279239
1.72525, 0.245046, 0.103093, -0.525292, 0.295411
1.74322, 0.2354, 0.108482, -0.530125, 0.311852
1.76119, 0.225686, 0.114159, -0.534224, 0.32853
1.77916, 0.215915, 0.120127, -0.537586, 0.345411
1.79055, 0.209901, 0.124058, -0.530511, 0.354339
1.80195, 0.203967, 0.128091, -0.523437, 0.363267
1.81334, 0.198113, 0.132226, -0.516362, 0.372196
1.82473, 0.19234, 0.136463, -0.509288, 0.381124
1.83612, 0.186648, 0.140801, -0.502214, 0.390052
1.84751, 0.181036, 0.145241, -0.495139, 0.39898
1.8589, 0.175504, 0.149783, -0.488065, 0.407908
1.87029, 0.170054, 0.154426, -0.480991, 0.416836
1.88169, 0.164684, 0.159172, -0.473916, 0.425764
1.89308, 0.159394, 0.164019, -0.466842, 0.434692
1.90447, 0.154185, 0.168967, -0.459768, 0.44362
1.91586, 0.149057, 0.174017, -0.452693, 0.452548
1.92725, 0.144009, 0.179169, -0.445619, 0.461477
1.93864, 0.139042, 0.184423, -0.438545, 0.470405
1.95004, 0.134156, 0.189778, -0.43147, 0.479333
1.96143, 0.12935, 0.195236, -0.424396, 0.488261
1.97282, 0.124625, 0.200794, -0.417322, 0.497189
1.98421, 0.11998, 0.206455, -0.410247, 0.506117
1.9956, 0.115416, 0.212217, -0.403173, 0.515045
2.00699, 0.110932, 0.218081, -0.396099, 0.523973
2.01838, 0.106529, 0.224047, -0.389025, 0.5329
2.02978, 0.102207, 0.230114, -0.38195, 0.541828
2.04117, 0.097965, 0.236283, -0.374876, 0.550756
2.05256, 0.0938037, 0.242554, -0.367802, 0.559684
2.06395, 0.0897231, 0.248927, -0.360728, 0.568612
2.07534, 0.0857231, 0.255401, -0.353653, 0.57754
2.08673, 0.0818036, 0.261977, -0.346579, 0.586468
2.09813, 0.0779648, 0.268654, -0.339505, 0.595396
2.10952, 0.0742065, 0.275434, -0.332431, 0.604323
2.12091, 0.0705288, 0.282315, -0.325357, 0.613251
2.1323, 0.0669318, 0.289298, -0.318282, 0.622179
2.14369, 0.0634153, 0.296382, -0.311208, 0.631107
2.15508, 0.0599794, 0.303568, -0.304134, 0.640034
2.16647, 0.0566241, 0.310856, -0.29706, 0.648962
2.17787, 0.0533493, 0.318246, -0.289986, 0.65789
2.18926, 0.0501552, 0.325737, -0.282912, 0.666817
2.20065, 0.0470417, 0.33333, -0.275838, 0.675745
2.21204, 0.0440087, 0.341025, -0.268764, 0.684672
2.22343, 0.0410564, 0.348821, -0.26169, 0.6936
2.23482, 0.0381846, 0.356719, -0.254616, 0.702527
2.24621, 0.0353934, 0.364719, -0.247542, 0.711455
2.25761, 0.0326828, 0.372821, -0.240468, 0.720382
2.269, 0.0300528, 0.381024, -0.233394, 0.729309
2.28039, 0.0275034, 0.389329, -0.22632, 0.738237
2.29178, 0.0250346, 0.397736, -0.219246, 0.747164
2.30317, 0.0226463, 0.406244, -0.212173, 0.756091
2.31456, 0.0203387, 0.414854, -0.205099, 0.765018
2.32596, 0.0181116, 0.423566, -0.198025, 0.773945
2.33735, 0.0159652, 0.432379, -0.190951, 0.782872
2.34874, 0.0138993, 0.441295, -0.183878, 0.791799
2.36013, 0.011914, 0.450312, -0.176804, 0.800726
2.37152, 0.0100093, 0.45943, -0.169731, 0.809652
2.38291, 0.00818516, 0.468651, -0.162657, 0.818579
2.3943, 0.00644168, 0.477973, -0.155584, 0.827505
2.4057, 0.00477873, 0.487396, -0.14851, 0.836432
2.41709, 0.00319642, 0.496922, -0.141437, 0.845358
2.42848, 0.00169465, 0.506549, -0.134364, 0.854284
2.43987, 0.000273481, 0.516278, -0.127291, 0.86321
2.45126, -0.00106712, 0.526109, -0.120218, 0.872135
2.46265, -0.0023271, 0.536041, -0.113145, 0.881061
2.47405, -0.00350647, 0.546075, -0.106072, 0.889986
2.48544, -0.00460528, 0.556211, -0.0989996, 0.898911
2.49683, -0.00562352, 0.566448, -0.0919272, 0.907836
2.50822, -0.00656117, 0.576787, -0.0848549, 0.91676
2.51961, -0.00741819, 0.587228, -0.077783, 0.925684
2.531, -0.00819464, 0.597771, -0.0707111, 0.934608
2.54239, -0.00889054, 0.608415, -0.0636396, 0.943531
2.55379, -0.00950584, 0.619161, -0.0565683, 0.952454
2.56518, -0.0100405, 0.630009, -0.0494975, 0.961375
2.57657, -0.0104946, 0.640958, -0.042427, 0.970297
2.58796, -0.0108682, 0.652009, -0.0353571, 0.979217
2.59935, -0.0111611, 0.663162, -0.028288, 0.988136
2.61074, -0.0113735, 0.674417, -0.0212194, 0.997054
2.62214, -0.0115053, 0.685773, -0.0141515, 1.00597
2.63353, -0.0115565, 0.697231, -0.00708532, 1.01488
2.64492, -0.0115272, 0.708791, -2.03252e-05, 1.0238
2.65631, -0.0114172, 0.720452, 0.00704312, 1.03271
2.6677, -0.0112267, 0.732215, 0.0141037, 1.04161
2.67909, -0.0109557, 0.74408, 0.0211612, 1.05051
2.69048, -0.0106042, 0.756047, 0.0282136, 1.0594
2.70188, -0.0101721, 0.768115, 0.0352592, 1.06827
2.71327, -0.00965963, 0.780286, 0.0422933, 1.07713
2.72466, -0.00906681, 0.792558, 0.04931, 1.08596
2.73605, -0.00839387, 0.804932, 0.0562891, 1.09472
2.74744, -0.00764139, 0.817408, 0.0631837, 1.10333
2.75883, -0.00681187, 0.829988, 0.0698169, 1.11149
2.77023, -0.00592338, 0.842676, 0.0749269, 1.11705
2.78162, -0.00506924, 0.855424, 0.0738423, 1.11264
2.79301, -0.00428213, 0.868087, 0.0692108, 1.10353
2.8044, -0.00355242, 0.880633, 0.063731, 1.09394
2.81579, -0.00288387, 0.893064, 0.0578819, 1.08434
2.82718, -0.00228013, 0.905382, 0.051813, 1.07479
2.83857, -0.00174414, 0.917588, 0.0455941, 1.0653
2.84997, -0.00127743, 0.929684, 0.039266, 1.05587
2.86136, -0.000881746, 0.941672, 0.0328543, 1.04647
2.87275, -0.000558123, 0.953551, 0.0263755, 1.03712
2.88414, -0.000307426, 0.965324, 0.0198428, 1.0278
2.89553, -0.00013043, 0.976989, 0.0132647, 1.01851
2.90692, -2.78503e-05, 0.988547, 0.00664878, 1.00924
2.91831, -7.45058e-08, 1, -5.96046e-08, 1
