3.63749, 0
0, 0, 0, 1, 0
0.0172685, 0.0167121, -0.000696866, 0.986571, -0.00977025
0.0345371, 0.033206, -0.00155632, 0.973045, -0.0194044
0.0518056, 0.0494809, -0.00257512, 0.959419, -0.0289004
0.0690742, 0.0655343, -0.00375159, 0.945697, -0.038256
0.0863427, 0.0813644, -0.00508291, 0.931877, -0.0474691
0.103611, 0.0969697, -0.00656683, 0.917961, -0.0565372
0.12088, 0.112348, -0.00820046, 0.903949, -0.0654585
0.138148, 0.127498, -0.00998133, 0.889841, -0.0742306
0.155417, 0.142418, -0.011907, 0.875639, -0.0828514
0.172685, 0.157107, -0.0139744, 0.861343, -0.0913188
0.189954, 0.171561, -0.0161813, 0.846954, -0.0996307
0.207222, 0.18578, -0.0185247, 0.832474, -0.107785
0.224491, 0.199761, -0.0210016, 0.817901, -0.115779
0.24176, 0.213504, -0.0236098, 0.803239, -0.123611
0.259028, 0.227006, -0.0263461, 0.788488, -0.13128
0.276297, 0.240266, -0.0292077, 0.773649, -0.138782
0.293565, 0.253283, -0.0321914, 0.758723, -0.146116
0.310834, 0.266053, -0.0352949, 0.743712, -0.153281
0.328102, 0.278577, -0.0385146, 0.728617, -0.160273
0.345371, 0.290852, -0.0418479, 0.713439, -0.167091
0.362639, 0.302876, -0.0452914, 0.69818, -0.173733
0.379908, 0.314649, -0.0488424, 0.682841, -0.180198
0.397176, 0.326168, -0.0524977, 0.667424, -0.186484
0.414445, 0.337432, -0.0562541, 0.65193, -0.192588
0.431713, 0.34844, -0.0601082, 0.636361, -0.198509
0.448982, 0.359189, -0.0640572, 0.620719, -0.204246
0.466251, 0.36968, -0.0680982, 0.605006, -0.209797
0.483519, 0.37991, -0.072227, 0.589223, -0.21516
0.500788, 0.389877, -0.0764412, 0.573372, -0.220334
0.518056, 0.399582, -0.0807372, 0.557456, -0.225318
0.535325, 0.409021, -0.0851117, 0.541476, -0.230109
0.552593, 0.418195, -0.0895613, 0.525434, -0.234708
0.569862, 0.427101, -0.0940829, 0.509333, -0.239112
0.58713, 0.435739, -0.0986728, 0.493174, -0.243321
0.604399, 0.444107, -0.103328, 0.47696, -0.247334
0.621667, 0.452204, -0.108045, 0.460693, -0.251149
0.638936, 0.46003, -0.11282, 0.444375, -0.254766
0.656204, 0.467582, -0.11765, 0.428008, -0.258183
0.673473, 0.474861, -0.122532, 0.411596, -0.261401
0.690742, 0.481864, -0.127462, 0.395139, -0.264418
0.70801, 0.488592, -0.132436, 0.378641, -0.267234
0.725279, 0.495043, -0.137451, 0.362103, -0.269848
0.742547, 0.501217, -0.142505, 0.345529, -0.272261
0.759816, 0.507111, -0.147592, 0.32892, -0.274471
0.777084, 0.512727, -0.15271, 0.31228, -0.276479
0.794353, 0.518062, -0.157856, 0.29561, -0.278284
0.811621, 0.523117, -0.163025, 0.278913, -0.279886
0.82889, 0.527891, -0.168215, 0.262191, -0.281286
0.846158, 0.532382, -0.173422, 0.245447, -0.282483
0.863427, 0.536591, -0.178642, 0.228683, -0.283477
0.880695, 0.540517, -0.183872, 0.211903, -0.28427
0.897964, 0.544159, -0.189108, 0.195107, -0.284861
0.915233, 0.547518, -0.194348, 0.178298, -0.28525
0.932501, 0.550592, -0.199588, 0.16148, -0.285439
0.94977, 0.553382, -0.204823, 0.144654, -0.285428
0.967038, 0.555886, -0.210052, 0.127823, -0.285217
0.984307, 0.558105, -0.21527, 0.110989, -0.284808
1.00158, 0.560039, -0.220475, 0.0941535, -0.284201
1.01884, 0.561687, -0.225662, 0.0773203, -0.283397
1.03611, 0.563049, -0.230828, 0.0604908, -0.282397
1.05338, 0.564126, -0.235971, 0.0436674, -0.281202
1.07065, 0.564916, -0.241086, 0.0268521, -0.279813
1.08792, 0.565421, -0.246171, 0.0100473, -0.278232
1.10519, 0.565639, -0.251223, -0.00674474, -0.27646
1.12246, 0.565572, -0.256236, -0.0235226, -0.274497
1.13972, 0.565219, -0.261211, -0.0402833, -0.272346
1.15699, 0.56458, -0.266142, -0.0570258, -0.270008
1.17426, 0.563656, -0.271026, -0.0737475, -0.267484
1.19153, 0.562447, -0.275861, -0.0904469, -0.264775
1.2088, 0.560952, -0.280643, -0.107122, -0.261884
1.22607, 0.559173, -0.285369, -0.123771, -0.258812
1.24333, 0.55711, -0.290036, -0.140393, -0.255561
1.2606, 0.554763, -0.294641, -0.156984, -0.252131
1.27787, 0.552132, -0.299182, -0.173545, -0.248526
1.29514, 0.549217, -0.303654, -0.190073, -0.244747
1.31241, 0.54602, -0.308056, -0.206566, -0.240795
1.32968, 0.542541, -0.312384, -0.223024, -0.236672
1.34695, 0.53878, -0.316636, -0.239444, -0.23238
1.36421, 0.534737, -0.320808, -0.255826, -0.227922
1.38148, 0.530414, -0.324898, -0.272168, -0.223298
1.39875, 0.525811, -0.328903, -0.288468, -0.218511
1.41602, 0.520928, -0.33282, -0.304726, -0.213563
1.43329, 0.515767, -0.336647, -0.32094, -0.208456
1.45056, 0.510327, -0.340381, -0.33711, -0.203191
1.46783, 0.50461, -0.344019, -0.353233, -0.197771
1.48509, 0.498615, -0.347559, -0.36931, -0.192197
1.50236, 0.492345, -0.350997, -0.385338, -0.186471
1.51963, 0.4858, -0.354333, -0.401318, -0.180597
1.5369, 0.47898, -0.357562, -0.417247, -0.174574
1.55417, 0.471886, -0.360683, -0.433126, -0.168406
1.57144, 0.464519, -0.363693, -0.448954, -0.162094
1.58871, 0.45688, -0.36659, -0.46473, -0.155641
1.60597, 0.448969, -0.369372, -0.480452, -0.149048
1.62324, 0.440788, -0.372035, -0.496121, -0.142317
1.64051, 0.432338, -0.374578, -0.511736, -0.13545
1.65778, 0.423618, -0.376998, -0.527296, -0.128449
1.67505, 0.414631, -0.379294, -0.5428, -0.121317
1.69232, 0.405377, -0.381463, -0.558248, -0.114054
1.70959, 0.395856, -0.383501, -0.57364, -0.106663
1.72886, 0.385244, -0.385534, -0.566472, -0.0887686
1.74814, 0.374771, -0.387221, -0.559304, -0.0708739
1.76742, 0.364437, -0.388563, -0.552136, -0.0529792
1.7867, 0.354239, -0.38956, -0.544967, -0.0350849
1.80598, 0.344182, -0.390213, -0.537799, -0.0171904
1.82526, 0.334262, -0.39052, -0.53063, 0.000703901
1.84454, 0.324478, -0.390481, -0.523459, 0.0185975
1.86382, 0.314833, -0.390097, -0.516289, 0.0364911
1.8831, 0.305325, -0.389369, -0.509118, 0.0543842
1.90238, 0.295956, -0.388295, -0.501947, 0.0722773
1.92165, 0.286725, -0.386876, -0.494776, 0.0901703
1.94093, 0.277632, -0.385112, -0.487604, 0.108063
1.96021, 0.268677, -0.383003, -0.480431, 0.125955
1.97949, 0.259859, -0.380549, -0.473258, 0.143847
1.99877, 0.25118, -0.377749, -0.466085, 0.161739
2.01805, 0.24264, -0.374605, -0.458912, 0.179631
2.03733, 0.234236, -0.371115, -0.451737, 0.197522
2.05661, 0.225971, -0.367281, -0.444562, 0.215413
2.07589, 0.217843, -0.363101, -0.437386, 0.233303
2.09517, 0.209854, -0.358576, -0.43021, 0.251193
2.11445, 0.202002, -0.353706, -0.423033, 0.269083
2.13372, 0.194287, -0.34849, -0.415854, 0.286972
2.153, 0.186712, -0.34293, -0.408676, 0.304861
2.17228, 0.179275, -0.337025, -0.401497, 0.322749
2.19156, 0.171975, -0.330774, -0.394317, 0.340637
2.21084, 0.164813, -0.324179, -0.387136, 0.358525
2.23012, 0.15779, -0.317238, -0.379954, 0.376412
2.2494, 0.150904, -0.309952, -0.372771, 0.394298
2.26868, 0.144156, -0.302321, -0.365587, 0.412184
2.28796, 0.137546, -0.294345, -0.358401, 0.430069
2.30724, 0.131075, -0.286024, -0.351216, 0.447954
2.32651, 0.12474, -0.277357, -0.344028, 0.465837
2.34579, 0.118545, -0.268346, -0.33684, 0.48372
2.36507, 0.112487, -0.25899, -0.329651, 0.501603
2.38435, 0.106567, -0.249288, -0.322459, 0.519484
2.40363, 0.100786, -0.239242, -0.315267, 0.537365
2.42291, 0.095142, -0.22885, -0.308073, 0.555245
2.44219, 0.0896352, -0.218113, -0.300875, 0.573123
2.46147, 0.0842681, -0.207031, -0.293678, 0.591002
2.48075, 0.0790381, -0.195604, -0.286478, 0.608878
2.50003, 0.0739464, -0.183832, -0.279277, 0.626754
2.51931, 0.0689914, -0.171714, -0.272071, 0.644627
2.53858, 0.064175, -0.159252, -0.264864, 0.662499
2.55786, 0.0594979, -0.146445, -0.257656, 0.680371
2.57714, 0.0549581, -0.133292, -0.250444, 0.698241
2.59642, 0.0505566, -0.119795, -0.243229, 0.716109
2.6157, 0.0462934, -0.105953, -0.236012, 0.733975
2.63498, 0.0421683, -0.0917653, -0.228791, 0.75184
2.65426, 0.0381806, -0.0772326, -0.221566, 0.769701
2.67354, 0.0343307, -0.0623549, -0.214336, 0.78756
2.69282, 0.0306196, -0.0471324, -0.207102, 0.805417
2.7121, 0.0270463, -0.0315647, -0.199864, 0.823271
2.73137, 0.0236113, -0.0156521, -0.19262, 0.841122
2.75065, 0.0203153, 0.000605047, -0.185372, 0.85897
2.76993, 0.017155, 0.0172083, -0.178113, 0.876813
2.78921, 0.0141352, 0.0341553, -0.170851, 0.894652
2.80849, 0.0112523, 0.0514479, -0.163579, 0.912487
2.82777, 0.00850877, 0.0690848, -0.1563, 0.930317
2.84705, 0.00590259, 0.0870671, -0.149009, 0.94814
2.86633, 0.00343457, 0.105395, -0.141707, 0.965956
2.88561, 0.0011062, 0.124066, -0.134396, 0.983766
2.90489, -0.00108469, 0.143082, -0.127068, 1.00157
2.92417, -0.0031369, 0.162444, -0.119724, 1.01936
2.94344, -0.00505066, 0.182149, -0.112362, 1.03714
2.96272, -0.00682542, 0.2022, -0.104979, 1.0549
2.982, -0.00846085, 0.222594, -0.0975729, 1.07266
3.00128, -0.00995842, 0.243334, -0.0901347, 1.09039
3.02056, -0.011316, 0.264417, -0.0826651, 1.1081
3.03984, -0.0125353, 0.285844, -0.0751508, 1.12578
3.05912, -0.0136141, 0.307615, -0.06759, 1.14344
3.0784, -0.0145537, 0.32973, -0.059966, 1.16105
3.09768, -0.0153519, 0.352187, -0.0522699, 1.17862
3.11696, -0.0160097, 0.374987, -0.0444762, 1.19612
3.13623, -0.0165253, 0.398129, -0.0365617, 1.21353
3.15551, -0.0168989, 0.421612, -0.0284777, 1.23083
3.17479, -0.0171271, 0.445434, -0.0201765, 1.24797
3.19407, -0.0172081, 0.469592, -0.0115625, 1.26487
3.21335, -0.0171382, 0.494083, -0.00248545, 1.28139
3.23263, -0.0169121, 0.5189, 0.00732851, 1.29726
3.25191, -0.0165171, 0.544029, 0.0183538, 1.31187
3.27119, -0.0159341, 0.569435, 0.0315481, 1.32354
3.29047, -0.0151255, 0.595022, 0.0476218, 1.3272
3.30975, -0.0140642, 0.620548, 0.0612686, 1.31673
3.32903, -0.0128245, 0.645779, 0.0673984, 1.299
3.3483, -0.0115149, 0.670646, 0.0688817, 1.27992
3.36758, -0.0102004, 0.69514, 0.0679562, 1.26071
3.38686, -0.00891677, 0.719265, 0.0656387, 1.2416
3.40614, -0.00768617, 0.743021, 0.0624239, 1.2226
3.42542, -0.00652304, 0.766411, 0.0585904, 1.20371
3.4447, -0.00543788, 0.789438, 0.0543033, 1.18492
3.46398, -0.00443843, 0.812104, 0.0496714, 1.16621
3.48326, -0.00353077, 0.834409, 0.0447672, 1.14757
3.50254, -0.00271943, 0.856355, 0.0396447, 1.12899
3.52182, -0.00200835, 0.877943, 0.0343417, 1.11045
3.54109, -0.00140092, 0.899174, 0.0288872, 1.09196
3.56037, -0.000899822, 0.920049, 0.0233042, 1.07351
3.57965, -0.000507206, 0.940569, 0.0176114, 1.05509
3.59893, -0.000225097, 0.960733, 0.0118223, 1.0367
3.61821, -5.56409e-05, 0.980543, 0.00594902, 1.01834
3.63749, 3.27826e-07, 1, 1.43051e-06, 1
