2.73081, 0.0353914
0, 0, 0, 1, 0
0.0175599, 0.0135609, 0.000899712, 0.984261, -0.00256127
0.0351198, 0.0268805, 0.00172745, 0.968514, -0.00501734
0.0526797, 0.0399584, 0.0024853, 0.952761, -0.00736715
0.0702396, 0.0527961, 0.00317429, 0.937001, -0.00960852
0.0877995, 0.0653918, 0.00379717, 0.921235, -0.0117411
0.105359, 0.0777459, 0.00435625, 0.905463, -0.0137634
0.122919, 0.0898595, 0.00485234, 0.889687, -0.0156736
0.140479, 0.101733, 0.00528777, 0.873905, -0.0174701
0.158039, 0.113364, 0.00566506, 0.858121, -0.0191526
0.175599, 0.124754, 0.00598609, 0.842333, -0.0207189
0.193159, 0.135904, 0.00625285, 0.826543, -0.0221679
0.210719, 0.146813, 0.00646728, 0.81075, -0.0234981
0.228279, 0.157481, 0.00663234, 0.794957, -0.0247087
0.245839, 0.167908, 0.00674878, 0.779163, -0.0257971
0.263399, 0.178095, 0.00682005, 0.76337, -0.026763
0.280958, 0.188041, 0.00684775, 0.747577, -0.0276043
0.298518, 0.197747, 0.00683477, 0.731787, -0.02832
0.316078, 0.207213, 0.00678255, 0.715999, -0.0289083
0.333638, 0.216439, 0.00669365, 0.700214, -0.0293678
0.351198, 0.225426, 0.00657082, 0.684434, -0.0296972
0.368758, 0.234172, 0.00641643, 0.668659, -0.0298955
0.386318, 0.242679, 0.00623259, 0.65289, -0.0299607
0.403878, 0.250947, 0.00602135, 0.637128, -0.029891
0.421438, 0.258975, 0.00578633, 0.621375, -0.029686
0.438998, 0.266766, 0.00552899, 0.60563, -0.0293433
0.456558, 0.274317, 0.00525224, 0.589896, -0.0288621
0.474117, 0.28163, 0.00495862, 0.574173, -0.0282402
0.491677, 0.288706, 0.00465094, 0.558462, -0.0274771
0.509237, 0.295543, 0.00433168, 0.542765, -0.0265711
0.526797, 0.302143, 0.00400309, 0.527083, -0.02552
0.544357, 0.308506, 0.00366861, 0.511416, -0.0243235
0.561917, 0.314632, 0.00333083, 0.495767, -0.0229798
0.579477, 0.320522, 0.00299168, 0.480136, -0.021487
0.597037, 0.326176, 0.00265476, 0.464524, -0.0198443
0.614597, 0.331594, 0.00232291, 0.448934, -0.0180503
0.632157, 0.336777, 0.00199841, 0.433367, -0.0161034
0.649716, 0.341725, 0.00168449, 0.417823, -0.0140025
0.667276, 0.34644, 0.00138403, 0.402304, -0.0117457
0.684836, 0.35092, 0.00110008, 0.386812, -0.00933257
0.702396, 0.355167, 0.000835627, 0.371349, -0.00676143
0.719956, 0.35918, 0.000593379, 0.355915, -0.00403127
0.737516, 0.362962, 0.000376448, 0.340513, -0.00114018
0.755076, 0.366512, 0.000187874, 0.325144, 0.00191236
0.772636, 0.369831, 3.09795e-05, 0.309809, 0.00512782
0.790196, 0.372919, -9.14484e-05, 0.294511, 0.0085074
0.807756, 0.375777, -0.000175983, 0.279251, 0.0120519
0.825316, 0.378406, -0.000219792, 0.26403, 0.0157624
0.842875, 0.380806, -0.00021936, 0.248851, 0.0196403
0.860435, 0.382978, -0.000171423, 0.233716, 0.0236859
0.877995, 0.384923, -7.33435e-05, 0.218626, 0.0279013
0.895555, 0.386641, 7.89464e-05, 0.203583, 0.0322861
0.913115, 0.388133, 0.000288129, 0.188589, 0.0368418
0.930675, 0.3894, 0.00055775, 0.173646, 0.0415695
0.948235, 0.390443, 0.00089103, 0.158755, 0.0464697
0.965795, 0.391263, 0.00129151, 0.14392, 0.0515432
0.983355, 0.39186, 0.00176233, 0.129141, 0.05679
1.00091, 0.392236, 0.00230709, 0.114421, 0.0622114
1.01847, 0.39239, 0.00292891, 0.0997618, 0.0678081
1.03603, 0.392325, 0.00363162, 0.0851657, 0.0735797
1.05359, 0.392041, 0.00441796, 0.0706342, 0.0795279
1.07115, 0.391539, 0.00529209, 0.0561699, 0.0856521
1.08871, 0.390819, 0.00625709, 0.0417749, 0.0919525
1.10627, 0.389885, 0.00731656, 0.027451, 0.0984299
1.12383, 0.388735, 0.0084739, 0.0132002, 0.105085
1.14139, 0.387372, 0.0097326, -0.000975132, 0.111917
1.15895, 0.385796, 0.0110962, -0.0150727, 0.118926
1.17651, 0.384009, 0.0125679, -0.0290906, 0.126112
1.19407, 0.382011, 0.0141518, -0.0430267, 0.133475
1.21163, 0.379804, 0.0158507, -0.0568787, 0.141015
1.22919, 0.377389, 0.0176685, -0.0706445, 0.148731
1.24675, 0.374768, 0.0196089, -0.0843225, 0.156625
1.26431, 0.371941, 0.0216748, -0.0979098, 0.164694
1.28187, 0.368911, 0.0238702, -0.111405, 0.172938
1.29943, 0.365678, 0.0261981, -0.124805, 0.181358
1.31699, 0.362243, 0.0286627, -0.138109, 0.189952
1.33455, 0.358609, 0.0312667, -0.151314, 0.198719
1.35211, 0.354776, 0.0340139, -0.164419, 0.20766
1.36967, 0.350745, 0.0369078, -0.177421, 0.216772
1.38723, 0.34652, 0.0399518, -0.190318, 0.226056
1.40479, 0.3421, 0.0431491, -0.203109, 0.23551
1.42235, 0.337488, 0.0465032, -0.215791, 0.245133
1.43991, 0.332684, 0.0500177, -0.228363, 0.254924
1.45747, 0.327692, 0.0536956, -0.240822, 0.264882
1.47503, 0.322511, 0.0575404, -0.253168, 0.275005
1.49259, 0.317144, 0.0615554, -0.265397, 0.285293
1.51015, 0.311592, 0.0657439, -0.277509, 0.295743
1.52771, 0.305858, 0.0701091, -0.289502, 0.306355
1.54527, 0.299942, 0.0746542, -0.301374, 0.317127
1.56283, 0.293847, 0.0793822, -0.313123, 0.328057
1.58039, 0.287574, 0.0842966, -0.324748, 0.339144
1.59795, 0.281126, 0.0894005, -0.336248, 0.350386
1.61551, 0.274503, 0.0946969, -0.347621, 0.361781
1.63307, 0.267707, 0.100189, -0.358865, 0.373327
1.65063, 0.260741, 0.105879, -0.36998, 0.385022
1.66819, 0.253606, 0.111771, -0.380963, 0.396866
1.68575, 0.246305, 0.117867, -0.391815, 0.408855
1.70331, 0.238838, 0.124171, -0.402533, 0.420988
1.72087, 0.231209, 0.130685, -0.413117, 0.433262
1.73843, 0.223418, 0.137412, -0.423566, 0.445676
1.74835, 0.219234, 0.141882, -0.420276, 0.455039
1.75828, 0.215076, 0.146445, -0.416972, 0.464397
1.7682, 0.210955, 0.151099, -0.413668, 0.473754
1.77813, 0.206867, 0.155847, -0.410356, 0.483109
1.78805, 0.202812, 0.160688, -0.407039, 0.492462
1.79797, 0.198787, 0.165622, -0.40371, 0.501811
1.8079, 0.194797, 0.170648, -0.400378, 0.511159
1.81782, 0.190842, 0.175766, -0.39704, 0.520504
1.82775, 0.186917, 0.180979, -0.39369, 0.529846
1.83767, 0.183027, 0.186283, -0.390336, 0.539186
1.84759, 0.17917, 0.19168, -0.386973, 0.548522
1.85752, 0.175347, 0.19717, -0.383603, 0.557856
1.86744, 0.171556, 0.202752, -0.380223, 0.567187
1.87736, 0.167799, 0.208427, -0.376835, 0.576514
1.88729, 0.164077, 0.214195, -0.37344, 0.58584
1.89721, 0.160388, 0.220055, -0.370034, 0.595161
1.90714, 0.156734, 0.226007, -0.366622, 0.604479
1.91706, 0.153112, 0.232052, -0.363197, 0.613793
1.92698, 0.149524, 0.23819, -0.359763, 0.623104
1.93691, 0.145971, 0.24442, -0.356318, 0.632411
1.94683, 0.142452, 0.250742, -0.352865, 0.641714
1.95675, 0.138968, 0.257156, -0.3494, 0.651014
1.96668, 0.135518, 0.263663, -0.345924, 0.660309
1.9766, 0.132102, 0.270262, -0.342436, 0.6696
1.98653, 0.128721, 0.276953, -0.338937, 0.678886
1.99645, 0.125375, 0.283736, -0.335425, 0.688168
2.00637, 0.122064, 0.290611, -0.331902, 0.697445
2.0163, 0.118787, 0.297579, -0.328362, 0.706716
2.02622, 0.115547, 0.304638, -0.324813, 0.715983
2.03615, 0.112341, 0.311789, -0.321247, 0.725245
2.04607, 0.109172, 0.319032, -0.317668, 0.734501
2.05599, 0.106037, 0.326367, -0.314073, 0.74375
2.06592, 0.102937, 0.333794, -0.310461, 0.752993
2.07584, 0.0998739, 0.341312, -0.306833, 0.76223
2.08576, 0.0968469, 0.348922, -0.303188, 0.771461
2.09569, 0.0938567, 0.356624, -0.299527, 0.780684
2.10561, 0.0909029, 0.364417, -0.295847, 0.789901
2.11554, 0.0879848, 0.372302, -0.292146, 0.799109
2.12546, 0.0851045, 0.380277, -0.288427, 0.808309
2.13538, 0.0822601, 0.388345, -0.284685, 0.817501
2.14531, 0.0794538, 0.396503, -0.280923, 0.826684
2.15523, 0.0766848, 0.404752, -0.277137, 0.835857
2.16516, 0.0739536, 0.413093, -0.273327, 0.84502
2.17508, 0.0712602, 0.421524, -0.269492, 0.854173
2.185, 0.0686045, 0.430046, -0.265629, 0.863314
2.19493, 0.0659884, 0.438659, -0.261741, 0.872444
2.20485, 0.06341, 0.447362, -0.257821, 0.881561
2.21477, 0.0608712, 0.456156, -0.253871, 0.890665
2.2247, 0.0583709, 0.46504, -0.249886, 0.899754
2.23462, 0.0559114, 0.474014, -0.24587, 0.908829
2.24455, 0.0534914, 0.483078, -0.241816, 0.917887
2.25447, 0.051112, 0.492231, -0.237724, 0.926928
2.26439, 0.0487735, 0.501475, -0.23359, 0.93595
2.27432, 0.0464762, 0.510808, -0.229413, 0.944951
2.28424, 0.0442201, 0.52023, -0.225188, 0.953931
2.29417, 0.0420068, 0.529741, -0.220915, 0.962888
2.30409, 0.0398359, 0.539341, -0.216587, 0.971818
2.31401, 0.0377082, 0.549029, -0.212203, 0.980721
2.32394, 0.0356241, 0.558806, -0.207755, 0.989592
2.33386, 0.0335849, 0.56867, -0.203244, 0.998431
2.34378, 0.0315908, 0.578622, -0.19866, 1.00723
2.35371, 0.0296422, 0.588661, -0.193997, 1.01599
2.36363, 0.0277405, 0.598787, -0.189249, 1.02471
2.37356, 0.0258862, 0.608999, -0.184409, 1.03337
2.38348, 0.0240806, 0.619297, -0.179468, 1.04198
2.3934, 0.0223244, 0.62968, -0.174415, 1.05052
2.40333, 0.0206193, 0.640147, -0.169241, 1.05899
2.41325, 0.0189658, 0.650698, -0.163928, 1.06737
2.42318, 0.0173662, 0.661332, -0.158465, 1.07565
2.4331, 0.0158215, 0.672047, -0.152832, 1.08382
2.44302, 0.0143336, 0.682842, -0.147007, 1.09186
2.45295, 0.0129045, 0.693717, -0.140964, 1.09973
2.46287, 0.0115366, 0.704669, -0.134675, 1.1074
2.47279, 0.0102324, 0.715696, -0.128104, 1.11484
2.48272, 0.00899509, 0.726795, -0.121212, 1.12198
2.49264, 0.0078278, 0.737963, -0.113948, 1.12874
2.50257, 0.00673485, 0.749196, -0.106264, 1.13501
2.51249, 0.00572041, 0.760488, -0.0981034, 1.14065
2.52241, 0.00478952, 0.771833, -0.0894255, 1.14546
2.53234, 0.00394723, 0.783219, -0.0802211, 1.14915
2.54226, 0.00319882, 0.794636, -0.0705663, 1.15138
2.55219, 0.00254746, 0.806066, -0.060666, 1.1518
2.56211, 0.00199428, 0.817489, -0.0509049, 1.15014
2.57203, 0.00153518, 0.828886, -0.0417459, 1.14637
2.58196, 0.00116235, 0.840236, -0.0335831, 1.14076
2.59188, 0.000864729, 0.851523, -0.0265987, 1.13372
2.6018, 0.000630587, 0.862735, -0.0207817, 1.12569
2.61173, 0.000448778, 0.873863, -0.0160117, 1.117
2.62165, 0.000309825, 0.884903, -0.0121356, 1.10787
2.63158, 0.000205487, 0.895851, -0.00900677, 1.09845
2.6415, 0.000128984, 0.906704, -0.00649968, 1.08885
2.65142, 7.47591e-05, 0.917462, -0.00451106, 1.07913
2.66135, 3.80278e-05, 0.928122, -0.00295797, 1.06933
2.67127, 1.48416e-05, 0.938685, -0.00177363, 1.05948
2.68119, 1.75834e-06, 0.94915, -0.000904351, 1.04959
2.69112, -3.99351e-06, 0.959517, -0.000306398, 1.03969
2.70104, -5.0813e-06, 0.969785, 5.56409e-05, 1.02977
2.71097, -3.60608e-06, 0.979956, 0.000211328, 1.01985
2.72089, -1.49012e-06, 0.990027, 0.000184983, 1.00992
2.73081, -4.47035e-07, 1, -2.71201e-06, 1
