4.19256, 0
0, 0, 0, 1, 0
0.0242429, 0.0178696, 0.00836796, 0.978406, -0.00809585
0.0484858, 0.0352248, 0.0164885, 0.956819, -0.0161359
0.0727286, 0.0520675, 0.0243614, 0.935241, -0.0241179
0.0969715, 0.0683979, 0.0319862, 0.913671, -0.0320396
0.121214, 0.0842156, 0.0393644, 0.89211, -0.0398997
0.145457, 0.0995214, 0.0464971, 0.870559, -0.0476964
0.1697, 0.114316, 0.053383, 0.849017, -0.0554268
0.193943, 0.128601, 0.0600234, 0.827486, -0.0630891
0.218186, 0.142375, 0.0664191, 0.805966, -0.0706812
0.242429, 0.155641, 0.0725698, 0.784457, -0.0782001
0.266672, 0.168397, 0.0784767, 0.762961, -0.0856439
0.290915, 0.180647, 0.0841391, 0.741477, -0.0930091
0.315157, 0.192388, 0.0895597, 0.720007, -0.100294
0.3394, 0.203624, 0.094737, 0.698552, -0.107495
0.363643, 0.214354, 0.0996725, 0.677111, -0.11461
0.387886, 0.224579, 0.104367, 0.655687, -0.121634
0.412129, 0.2343, 0.108821, 0.63428, -0.128566
0.436372, 0.243519, 0.113035, 0.61289, -0.135401
0.460615, 0.252236, 0.11701, 0.59152, -0.142136
0.484858, 0.260452, 0.120746, 0.570169, -0.148767
0.5091, 0.268169, 0.124246, 0.54884, -0.15529
0.533343, 0.275387, 0.127508, 0.527534, -0.161701
0.557586, 0.282108, 0.130535, 0.506252, -0.167996
0.581829, 0.288333, 0.133327, 0.484995, -0.17417
0.606072, 0.294063, 0.135885, 0.463765, -0.180218
0.630315, 0.299301, 0.138211, 0.442564, -0.186135
0.654558, 0.304046, 0.140305, 0.421394, -0.191916
0.678801, 0.308302, 0.142169, 0.400256, -0.197556
0.703044, 0.312069, 0.143804, 0.379153, -0.203048
0.727286, 0.31535, 0.145211, 0.358087, -0.208387
0.751529, 0.318147, 0.146391, 0.33706, -0.213565
0.775772, 0.320461, 0.147347, 0.316075, -0.218577
0.800015, 0.322295, 0.148079, 0.295135, -0.223415
0.824258, 0.32365, 0.148591, 0.274243, -0.228072
0.848501, 0.324531, 0.148882, 0.253401, -0.23254
0.872744, 0.324937, 0.148956, 0.232615, -0.236811
0.896987, 0.324874, 0.148814, 0.211887, -0.240875
0.921229, 0.324343, 0.148459, 0.191221, -0.244724
0.945472, 0.323348, 0.147892, 0.170623, -0.248348
0.969715, 0.321892, 0.147117, 0.150096, -0.251738
0.993958, 0.319978, 0.146136, 0.129647, -0.254882
1.0182, 0.31761, 0.144952, 0.10928, -0.25777
1.04244, 0.314792, 0.143567, 0.0890019, -0.26039
1.06669, 0.311529, 0.141987, 0.068819, -0.26273
1.09093, 0.307824, 0.140213, 0.0487387, -0.264777
1.11517, 0.303683, 0.138249, 0.0287684, -0.266517
1.13942, 0.29911, 0.1361, 0.00891638, -0.267937
1.16366, 0.294112, 0.13377, -0.0108081, -0.269021
1.1879, 0.288693, 0.131265, -0.0303955, -0.269757
1.21214, 0.282859, 0.128588, -0.0498353, -0.270126
1.23639, 0.276619, 0.125745, -0.0691161, -0.270113
1.26063, 0.269977, 0.122742, -0.0882256, -0.269701
1.28487, 0.262942, 0.119586, -0.107151, -0.268872
1.30912, 0.255521, 0.116284, -0.125878, -0.267609
1.33336, 0.247724, 0.112842, -0.14439, -0.265891
1.3576, 0.239558, 0.10927, -0.162673, -0.263703
1.38184, 0.231033, 0.105575, -0.180708, -0.261023
1.40609, 0.222158, 0.101767, -0.198476, -0.257834
1.43033, 0.212944, 0.0978558, -0.215959, -0.254114
1.45457, 0.203403, 0.0938522, -0.233133, -0.249846
1.47882, 0.193546, 0.0897681, -0.249978, -0.245011
1.50306, 0.183385, 0.0856158, -0.266469, -0.23959
1.5273, 0.172932, 0.081409, -0.282581, -0.233567
1.55154, 0.162202, 0.0771614, -0.29829, -0.226924
1.57579, 0.151207, 0.0728889, -0.313568, -0.219647
1.60003, 0.139962, 0.0686075, -0.328387, -0.211722
1.62427, 0.128482, 0.0643349, -0.342719, -0.203139
1.64852, 0.116783, 0.0600886, -0.356536, -0.193886
1.67276, 0.104881, 0.0558886, -0.369808, -0.18396
1.697, 0.0927895, 0.0517547, -0.382509, -0.173355
1.72124, 0.0805271, 0.0477081, -0.394608, -0.162072
1.74549, 0.0681092, 0.0437704, -0.40608, -0.150114
1.76973, 0.0555536, 0.0399643, -0.416898, -0.137486
1.79397, 0.0428762, 0.0363127, -0.427039, -0.1242
1.81822, 0.0300943, 0.0328391, -0.43648, -0.110269
1.84246, 0.0172236, 0.0295671, -0.4452, -0.0957104
1.8667, 0.00428128, 0.0265201, -0.453184, -0.0805447
1.89094, -0.00871599, 0.0237221, -0.460417, -0.0647966
1.91519, -0.0217525, 0.0211963, -0.466888, -0.0484928
1.93943, -0.0348129, 0.0189652, -0.472589, -0.0316625
1.96367, -0.0478817, 0.0170511, -0.477515, -0.014338
1.98792, -0.0609435, 0.0154752, -0.481667, 0.00344837
2.01216, -0.0739837, 0.014258, -0.485046, 0.0216625
2.0364, -0.0869884, 0.0134184, -0.487657, 0.0402685
2.06064, -0.0999439, 0.0129747, -0.489509, 0.0592321
2.08489, -0.112837, 0.0129432, -0.490614, 0.0785179
2.10913, -0.125654, 0.0133405, -0.490984, 0.0980909
2.13337, -0.138382, 0.0141792, -0.490634, 0.11792
2.15762, -0.15101, 0.0154731, -0.489582, 0.137971
2.18186, -0.163526, 0.0172329, -0.487847, 0.158215
2.2061, -0.175918, 0.01947, -0.485448, 0.178621
2.23035, -0.188176, 0.0221922, -0.482408, 0.199164
2.25459, -0.200288, 0.0254079, -0.478746, 0.219817
2.27883, -0.212244, 0.0291239, -0.474485, 0.240557
2.30307, -0.224034, 0.0333458, -0.469647, 0.261363
2.32732, -0.235648, 0.0380782, -0.464252, 0.282215
2.35156, -0.247078, 0.0433251, -0.458326, 0.303093
2.3758, -0.258313, 0.049089, -0.451885, 0.323984
2.40005, -0.269346, 0.0553731, -0.444955, 0.344872
2.41797, -0.27454, 0.0656435, -0.428779, 0.340709
2.4359, -0.279447, 0.0758026, -0.412625, 0.336613
2.45382, -0.284067, 0.0858506, -0.396495, 0.332587
2.47175, -0.288402, 0.0957878, -0.380389, 0.328632
2.48967, -0.292452, 0.105614, -0.364309, 0.324753
2.5076, -0.296218, 0.11533, -0.348255, 0.320952
2.52552, -0.2997, 0.124936, -0.332231, 0.317234
2.54345, -0.302899, 0.134432, -0.316237, 0.313602
2.56137, -0.305817, 0.143818, -0.300276, 0.31006
2.5793, -0.308454, 0.153095, -0.284349, 0.306611
2.59722, -0.31081, 0.162263, -0.268458, 0.303261
2.61515, -0.312888, 0.171322, -0.252606, 0.300014
2.63307, -0.314688, 0.180272, -0.236795, 0.296876
2.651, -0.316212, 0.189115, -0.221028, 0.29385
2.66892, -0.31746, 0.197851, -0.205308, 0.290943
2.68685, -0.318434, 0.206479, -0.189638, 0.28816
2.70477, -0.319135, 0.215001, -0.17402, 0.285509
2.7227, -0.319565, 0.223417, -0.15846, 0.282995
2.74062, -0.319726, 0.231728, -0.14296, 0.280625
2.75855, -0.31962, 0.239934, -0.127525, 0.278407
2.77647, -0.319247, 0.248036, -0.112159, 0.276348
2.7944, -0.318611, 0.256036, -0.0968679, 0.274458
2.81232, -0.317714, 0.263933, -0.0816567, 0.272744
2.83025, -0.316557, 0.271728, -0.0665312, 0.271216
2.84818, -0.315144, 0.279424, -0.0514978, 0.269883
2.8661, -0.313477, 0.28702, -0.0365636, 0.268758
2.88403, -0.311559, 0.294519, -0.0217359, 0.267849
2.90195, -0.309393, 0.301921, -0.00702325, 0.26717
2.91988, -0.306983, 0.309228, 0.00756565, 0.266732
2.9378, -0.304333, 0.316442, 0.0220212, 0.266548
2.95573, -0.301445, 0.323564, 0.0363326, 0.266631
2.97365, -0.298325, 0.330598, 0.0504886, 0.266997
2.99158, -0.294977, 0.337545, 0.0644765, 0.26766
3.0095, -0.291407, 0.344407, 0.0782831, 0.268635
3.02743, -0.287618, 0.351188, 0.0918937, 0.269938
3.04535, -0.283618, 0.35789, 0.105292, 0.271587
3.06328, -0.279411, 0.364518, 0.118463, 0.273598
3.0812, -0.275006, 0.371075, 0.131385, 0.275988
3.09913, -0.270408, 0.377565, 0.144041, 0.278775
3.11705, -0.265625, 0.383994, 0.15641, 0.281977
3.13498, -0.260665, 0.390366, 0.168468, 0.285611
3.1529, -0.255537, 0.396689, 0.180193, 0.289694
3.17083, -0.25025, 0.402967, 0.191558, 0.294244
3.18875, -0.244812, 0.409209, 0.20254, 0.299274
3.20668, -0.239235, 0.415423, 0.213109, 0.3048
3.2246, -0.233527, 0.421617, 0.223239, 0.310833
3.24253, -0.227701, 0.427801, 0.232902, 0.317384
3.26045, -0.221768, 0.433984, 0.242068, 0.324462
3.27838, -0.215738, 0.440179, 0.250711, 0.332069
3.2963, -0.209625, 0.446397, 0.258801, 0.34021
3.31423, -0.203439, 0.45265, 0.266314, 0.348881
3.33216, -0.197194, 0.458951, 0.273224, 0.358076
3.35008, -0.190901, 0.465316, 0.27951, 0.367787
3.36801, -0.184573, 0.471756, 0.285151, 0.377999
3.38593, -0.178221, 0.478288, 0.290131, 0.388696
3.40386, -0.171858, 0.484925, 0.294436, 0.399855
3.42178, -0.165495, 0.491683, 0.298056, 0.411453
3.43971, -0.159143, 0.498575, 0.300988, 0.423462
3.45763, -0.152814, 0.505616, 0.303228, 0.435853
3.47556, -0.146519, 0.51282, 0.304779, 0.448594
3.49348, -0.140266, 0.5202, 0.305648, 0.461654
3.51141, -0.134066, 0.527767, 0.305843, 0.474997
3.52933, -0.127928, 0.535534, 0.305378, 0.488592
3.54726, -0.121862, 0.543511, 0.304268, 0.502406
3.56518, -0.115874, 0.551707, 0.302531, 0.516408
3.58311, -0.109974, 0.560131, 0.300186, 0.530568
3.60103, -0.10417, 0.56879, 0.297256, 0.544856
3.61896, -0.0984668, 0.577692, 0.293761, 0.559247
3.63688, -0.0928733, 0.586842, 0.289726, 0.573715
3.65481, -0.0873956, 0.596245, 0.285173, 0.588239
3.67273, -0.0820399, 0.605905, 0.280126, 0.602797
3.69066, -0.076812, 0.615826, 0.274608, 0.617371
3.70858, -0.0717178, 0.626009, 0.268642, 0.631945
3.72651, -0.0667627, 0.636458, 0.262249, 0.646505
3.74443, -0.061952, 0.647173, 0.255452, 0.661036
3.76236, -0.0572903, 0.658155, 0.248271, 0.675529
3.78029, -0.0527829, 0.669406, 0.240727, 0.689974
3.79821, -0.0484342, 0.680924, 0.232837, 0.704361
3.81614, -0.044248, 0.692711, 0.224621, 0.718685
3.83406, -0.0402289, 0.704766, 0.216095, 0.732938
3.85199, -0.0363812, 0.717087, 0.207276, 0.747117
3.86991, -0.0327081, 0.729674, 0.198179, 0.761217
3.88784, -0.0292135, 0.742526, 0.188818, 0.775234
3.90576, -0.0259008, 0.755641, 0.179208, 0.789166
3.92369, -0.0227737, 0.769018, 0.16936, 0.803011
3.94161, -0.0198349, 0.782656, 0.159288, 0.816767
3.95954, -0.0170878, 0.796553, 0.149003, 0.830434
3.97746, -0.0145351, 0.810708, 0.138516, 0.84401
3.99539, -0.0121798, 0.825118, 0.127835, 0.857496
4.01331, -0.0100248, 0.839782, 0.116972, 0.870891
4.03124, -0.00807211, 0.854698, 0.105935, 0.884196
4.04916, -0.00632474, 0.869865, 0.0947321, 0.897411
4.06709, -0.00478509, 0.88528, 0.0833715, 0.910537
4.08501, -0.00345507, 0.900943, 0.0718606, 0.923574
4.10294, -0.00233719, 0.91685, 0.0602061, 0.936524
4.12086, -0.00143358, 0.933, 0.0484148, 0.949387
4.13879, -0.000745863, 0.949392, 0.0364931, 0.962165
4.15671, -0.000276357, 0.966024, 0.0244465, 0.974859
4.17464, -2.72691e-05, 0.982894, 0.0122803, 0.98747
4.19256, -8.9407e-08, 1, -2.38419e-07, 1
