2.19398, 0.31558
0, 0, 0, 0.5, 0
0.00845184, 0.00429138, 0.000425072, 0.504253, 0.00660773
0.0169037, 0.0086207, 0.000898212, 0.508425, 0.013259
0.0253555, 0.0129873, 0.00141968, 0.512514, 0.0199539
0.0338073, 0.0173903, 0.00198991, 0.516519, 0.0266927
0.0422592, 0.0218291, 0.0026092, 0.520436, 0.0334754
0.050711, 0.0263029, 0.00327788, 0.524263, 0.0403022
0.0591628, 0.0308109, 0.00399635, 0.527998, 0.0471729
0.0676147, 0.0353522, 0.00476483, 0.531638, 0.0540879
0.0760665, 0.0399261, 0.00558379, 0.53518, 0.0610467
0.0845184, 0.0445316, 0.00645352, 0.538621, 0.0680493
0.0929702, 0.0491679, 0.00737435, 0.541959, 0.0750955
0.101422, 0.053834, 0.00834665, 0.545191, 0.0821851
0.109874, 0.058529, 0.00937078, 0.548313, 0.0893176
0.118326, 0.0632519, 0.0104471, 0.551324, 0.0964926
0.126778, 0.0680018, 0.0115759, 0.554219, 0.103709
0.135229, 0.0727775, 0.0127576, 0.556996, 0.110968
0.143681, 0.0775781, 0.0139924, 0.559652, 0.118267
0.152133, 0.0824023, 0.0152808, 0.562183, 0.125605
0.160585, 0.0872493, 0.0166231, 0.564587, 0.132982
0.169037, 0.0921177, 0.0180195, 0.56686, 0.140398
0.177489, 0.0970064, 0.0194706, 0.568998, 0.147849
0.18594, 0.101914, 0.0209764, 0.571, 0.155336
0.194392, 0.10684, 0.0225374, 0.572861, 0.162857
0.202844, 0.111782, 0.0241539, 0.574578, 0.170409
0.211296, 0.11674, 0.0258261, 0.576148, 0.177993
0.219748, 0.121711, 0.0275545, 0.577568, 0.185604
0.2282, 0.126695, 0.0293391, 0.578835, 0.193243
0.236651, 0.131691, 0.0311804, 0.579946, 0.200905
0.245103, 0.136696, 0.0330785, 0.580897, 0.20859
0.253555, 0.141709, 0.0350338, 0.581686, 0.216294
0.262007, 0.14673, 0.0370464, 0.58231, 0.224016
0.270459, 0.151756, 0.0391165, 0.582767, 0.231751
0.278911, 0.156786, 0.0412444, 0.583053, 0.239497
0.287362, 0.161818, 0.0434302, 0.583167, 0.247252
0.295814, 0.166851, 0.045674, 0.583106, 0.255011
0.304266, 0.171883, 0.0479762, 0.582868, 0.262772
0.312718, 0.176913, 0.0503366, 0.582451, 0.270531
0.32117, 0.181939, 0.0527554, 0.581854, 0.278285
0.329622, 0.186959, 0.0552328, 0.581074, 0.286029
0.338073, 0.191973, 0.0577687, 0.580112, 0.29376
0.346525, 0.196977, 0.0603632, 0.578966, 0.301474
0.354977, 0.201971, 0.0630162, 0.577635, 0.309167
0.363429, 0.206953, 0.0657278, 0.576119, 0.316835
0.371881, 0.21192, 0.0684978, 0.574417, 0.324474
0.380333, 0.216873, 0.0713262, 0.57253, 0.33208
0.388784, 0.221808, 0.0742129, 0.570458, 0.339649
0.397236, 0.226725, 0.0771577, 0.568202, 0.347176
0.405688, 0.231621, 0.0801604, 0.565763, 0.354659
0.41414, 0.236495, 0.0832209, 0.563141, 0.362093
0.422592, 0.241346, 0.0863388, 0.560339, 0.369473
0.431044, 0.246171, 0.0895138, 0.557358, 0.376797
0.439495, 0.25097, 0.0927459, 0.554201, 0.384061
0.447947, 0.25574, 0.0960345, 0.550869, 0.39126
0.456399, 0.260481, 0.0993792, 0.547364, 0.398392
0.464851, 0.26519, 0.10278, 0.543691, 0.405454
0.473303, 0.269866, 0.106236, 0.53985, 0.412442
0.481755, 0.274508, 0.109747, 0.535847, 0.419353
0.490206, 0.279115, 0.113312, 0.531683, 0.426184
0.498658, 0.283684, 0.116932, 0.527362, 0.432934
0.50711, 0.288215, 0.120605, 0.522888, 0.439599
0.515562, 0.292707, 0.12433, 0.518265, 0.446178
0.524014, 0.297157, 0.128108, 0.513496, 0.452668
0.532466, 0.301565, 0.131938, 0.508585, 0.459067
0.540917, 0.30593, 0.135819, 0.503536, 0.465375
0.549369, 0.310251, 0.139751, 0.498352, 0.471589
0.557821, 0.314525, 0.143732, 0.493039, 0.477709
0.566273, 0.318753, 0.147763, 0.487599, 0.483733
0.574725, 0.322933, 0.151842, 0.482037, 0.489661
0.583177, 0.327065, 0.155969, 0.476357, 0.495491
0.591628, 0.331146, 0.160143, 0.470563, 0.501224
0.60008, 0.335177, 0.164364, 0.464658, 0.506859
0.608532, 0.339156, 0.168631, 0.458647, 0.512396
0.616984, 0.343082, 0.172942, 0.452533, 0.517835
0.625436, 0.346955, 0.177298, 0.44632, 0.523175
0.633888, 0.350774, 0.181697, 0.440011, 0.528418
0.642339, 0.354538, 0.18614, 0.433611, 0.533564
0.650791, 0.358246, 0.190624, 0.427123, 0.538612
0.659243, 0.361898, 0.19515, 0.420549, 0.543564
0.667695, 0.365493, 0.199716, 0.413895, 0.54842
0.676147, 0.369029, 0.204323, 0.407162, 0.553181
0.684599, 0.372508, 0.208969, 0.400354, 0.557848
0.693051, 0.375927, 0.213653, 0.393473, 0.562421
0.701502, 0.379287, 0.218375, 0.386524, 0.566902
0.709954, 0.382587, 0.223134, 0.379508, 0.571292
0.718406, 0.385825, 0.227929, 0.372429, 0.575591
0.726858, 0.389003, 0.23276, 0.365289, 0.579801
0.73531, 0.392119, 0.237626, 0.358091, 0.583923
0.743762, 0.395173, 0.242526, 0.350836, 0.587958
0.752213, 0.398165, 0.24746, 0.343529, 0.591907
0.760665, 0.401093, 0.252427, 0.33617, 0.595771
0.769117, 0.403958, 0.257425, 0.328762, 0.599552
0.777569, 0.40676, 0.262456, 0.321307, 0.603252
0.786021, 0.409497, 0.267517, 0.313807, 0.60687
0.794473, 0.412169, 0.272608, 0.306264, 0.610409
0.802924, 0.414777, 0.277729, 0.29868, 0.613869
0.811376, 0.41732, 0.282879, 0.291057, 0.617252
0.819828, 0.419797, 0.288058, 0.283396, 0.62056
0.82828, 0.422209, 0.293264, 0.2757, 0.623793
0.836732, 0.424554, 0.298497, 0.267969, 0.626953
0.850304, 0.429238, 0.307892, 0.262368, 0.638696
0.863877, 0.433836, 0.317446, 0.256817, 0.650423
0.877449, 0.438345, 0.327159, 0.251319, 0.66213
0.891022, 0.442767, 0.33703, 0.245881, 0.673816
0.904594, 0.447101, 0.347059, 0.240507, 0.685479
0.918167, 0.451347, 0.357246, 0.235205, 0.697115
0.931739, 0.455506, 0.367589, 0.229983, 0.708721
0.945312, 0.459576, 0.378089, 0.22485, 0.720294
0.958884, 0.463559, 0.388744, 0.219814, 0.731829
0.972457, 0.467453, 0.399554, 0.214889, 0.743321
0.98603, 0.471259, 0.410517, 0.210087, 0.754764
0.999602, 0.474976, 0.421632, 0.205424, 0.76615
1.01317, 0.478604, 0.432899, 0.200918, 0.77747
1.02675, 0.482144, 0.444315, 0.19659, 0.788715
1.04032, 0.485595, 0.455878, 0.192465, 0.799871
1.05389, 0.488957, 0.467586, 0.188571, 0.810922
1.06746, 0.49223, 0.479436, 0.184942, 0.821851
1.08104, 0.495415, 0.491425, 0.181618, 0.832634
1.09461, 0.49851, 0.503549, 0.178647, 0.843243
1.10818, 0.501518, 0.515802, 0.176082, 0.853643
1.12175, 0.504438, 0.52818, 0.173988, 0.863792
1.13533, 0.507272, 0.540673, 0.172439, 0.873636
1.1489, 0.510022, 0.553275, 0.171518, 0.883111
1.16247, 0.512693, 0.565975, 0.171318, 0.892141
1.17604, 0.515288, 0.57876, 0.171938, 0.900631
1.18962, 0.517817, 0.591617, 0.173477, 0.908478
1.20319, 0.520289, 0.604529, 0.176026, 0.915563
1.21676, 0.522719, 0.61748, 0.179657, 0.921766
1.23033, 0.525124, 0.630453, 0.184406, 0.926971
1.24391, 0.527528, 0.64343, 0.190265, 0.93108
1.25748, 0.529953, 0.656395, 0.197179, 0.934026
1.27105, 0.532427, 0.669334, 0.205046, 0.935783
1.28463, 0.534972, 0.682235, 0.21373, 0.936364
1.2982, 0.537613, 0.695088, 0.22308, 0.93582
1.31177, 0.540366, 0.707885, 0.232945, 0.934228
1.32534, 0.543248, 0.720618, 0.243189, 0.931679
1.33892, 0.54627, 0.733282, 0.253693, 0.928271
1.35249, 0.549438, 0.745871, 0.26436, 0.9241
1.36606, 0.552758, 0.75838, 0.275115, 0.919254
1.37963, 0.556233, 0.770805, 0.285901, 0.913816
1.39321, 0.559865, 0.78314, 0.296675, 0.907856
1.40678, 0.563654, 0.795382, 0.307405, 0.901437
1.42035, 0.567599, 0.807527, 0.318071, 0.894614
1.43392, 0.571699, 0.819571, 0.328658, 0.887433
1.4475, 0.575953, 0.831512, 0.339155, 0.879934
1.46107, 0.58036, 0.843346, 0.349556, 0.872152
1.47464, 0.584916, 0.85507, 0.35986, 0.864117
1.48821, 0.589622, 0.866681, 0.370065, 0.855855
1.50179, 0.594474, 0.878179, 0.38017, 0.847388
1.51536, 0.599472, 0.889559, 0.390178, 0.838737
1.52893, 0.604613, 0.90082, 0.400091, 0.829917
1.5425, 0.609895, 0.911961, 0.409911, 0.820944
1.55608, 0.615317, 0.922979, 0.419641, 0.811831
1.56965, 0.620878, 0.933872, 0.429283, 0.802591
1.58322, 0.626575, 0.94464, 0.438843, 0.793232
1.59679, 0.632408, 0.955281, 0.448321, 0.783765
1.61037, 0.638374, 0.965793, 0.457722, 0.774197
1.62394, 0.644473, 0.976175, 0.467048, 0.764536
1.63751, 0.650704, 0.986426, 0.476303, 0.754789
1.65108, 0.657064, 0.996545, 0.485489, 0.744961
1.66466, 0.663553, 1.00653, 0.494609, 0.735058
1.67823, 0.67017, 1.01638, 0.503665, 0.725085
1.6918, 0.676914, 1.0261, 0.512661, 0.715046
1.70537, 0.683783, 1.03568, 0.521598, 0.704946
1.71895, 0.690777, 1.04512, 0.53048, 0.694787
1.73252, 0.697895, 1.05443, 0.539307, 0.684573
1.74609, 0.705136, 1.0636, 0.548082, 0.674308
1.75966, 0.712499, 1.07263, 0.556808, 0.663994
1.77324, 0.719983, 1.08152, 0.565486, 0.653634
1.78681, 0.727587, 1.09027, 0.574117, 0.643231
1.80038, 0.735311, 1.09888, 0.582704, 0.632785
1.81395, 0.743155, 1.10734, 0.591248, 0.622301
1.82753, 0.751116, 1.11567, 0.599751, 0.611779
1.8411, 0.759196, 1.12385, 0.608214, 0.601221
1.85467, 0.767392, 1.13189, 0.616638, 0.59063
1.86824, 0.775705, 1.13979, 0.625026, 0.580005
1.88182, 0.784133, 1.14755, 0.633377, 0.56935
1.89539, 0.792677, 1.15515, 0.641694, 0.558666
1.90896, 0.801336, 1.16262, 0.649977, 0.547953
1.92253, 0.810109, 1.16994, 0.658228, 0.537212
1.93611, 0.818995, 1.17711, 0.666447, 0.526446
1.94968, 0.827995, 1.18414, 0.674636, 0.515655
1.96325, 0.837107, 1.19103, 0.682796, 0.504839
1.97682, 0.846332, 1.19776, 0.690927, 0.494001
1.9904, 0.855669, 1.20435, 0.69903, 0.483141
2.00397, 0.865117, 1.21079, 0.707107, 0.472259
2.01754, 0.874676, 1.21709, 0.715158, 0.461357
2.03111, 0.884346, 1.22324, 0.723183, 0.450434
2.04469, 0.894126, 1.22924, 0.731184, 0.439493
2.05826, 0.904016, 1.23509, 0.739161, 0.428533
2.07183, 0.914015, 1.24079, 0.747115, 0.417556
2.0854, 0.924123, 1.24635, 0.755046, 0.406561
2.09898, 0.934341, 1.25175, 0.762956, 0.39555
2.11255, 0.944666, 1.25701, 0.770844, 0.384523
2.12612, 0.9551, 1.26212, 0.778712, 0.37348
2.13969, 0.965642, 1.26708, 0.786559, 0.362422
2.15327, 0.976291, 1.27188, 0.794387, 0.351349
2.16684, 0.987048, 1.27654, 0.802196, 0.340263
2.18041, 0.997911, 1.28105, 0.809986, 0.329162
2.19398, 1.00888, 1.28541, 0.817758, 0.318049
