28.042, 0
0, 0, 0, 0.5, 0
0.148046, 0.0630628, 0.000102644, 0.351962, 0.00151192
0.296092, 0.104214, 0.000429069, 0.203924, 0.00302385
0.444137, 0.123446, 0.000979365, 0.0558856, 0.00453577
0.592183, 0.120759, 0.00175351, -0.0921525, 0.00604769
0.740229, 0.0961571, 0.00275148, -0.240191, 0.00755961
0.888275, 0.0496415, 0.00397326, -0.388229, 0.00907154
1.03632, -0.0187898, 0.00541886, -0.536267, 0.0105835
1.18437, -0.109143, 0.00708835, -0.684305, 0.0120954
1.33241, -0.22141, 0.00898165, -0.832343, 0.0136073
1.48046, -0.355592, 0.0110988, -0.980381, 0.0151192
1.6285, -0.511695, 0.0134398, -1.12842, 0.0166312
1.77655, -0.689709, 0.0160045, -1.27646, 0.0181431
1.9246, -0.889641, 0.0187932, -1.4245, 0.019655
2.07264, -1.11149, 0.0218056, -1.57253, 0.0211669
2.22069, -1.35526, 0.0250419, -1.72057, 0.0226788
2.36873, -1.62094, 0.0285021, -1.86861, 0.0241908
2.51678, -1.90854, 0.032186, -2.01665, 0.0257027
2.66483, -2.21805, 0.0360938, -2.16469, 0.0272146
2.81287, -2.54948, 0.0402255, -2.31272, 0.0287265
2.96092, -2.90283, 0.0445809, -2.46076, 0.0302385
3.10896, -3.27807, 0.0515633, -2.60881, 0.0311908
3.25701, -3.67527, 0.0539634, -2.75684, 0.0332623
3.40505, -4.09437, 0.0589904, -2.90488, 0.0347742
3.5531, -4.53538, 0.0642411, -3.05291, 0.0362861
3.70115, -4.99831, 0.0697158, -3.20095, 0.0377981
3.84919, -5.48316, 0.0754143, -3.34899, 0.03931
3.99724, -5.98992, 0.0813366, -3.49703, 0.0408219
4.14528, -6.5186, 0.0874827, -3.64507, 0.0423338
4.29333, -7.06918, 0.095593, -3.79311, 0.0432862
4.44138, -7.64169, 0.102104, -3.94115, 0.0447981
4.58942, -8.23612, 0.108839, -4.08919, 0.04631
4.73747, -8.85248, 0.114306, -4.23722, 0.0483815
4.88551, -9.49074, 0.121571, -4.38526, 0.0498934
5.03356, -10.1509, 0.12906, -4.5333, 0.0514054
5.1816, -10.833, 0.136773, -4.68134, 0.0529173
5.32965, -11.537, 0.14471, -4.82937, 0.0544292
5.4777, -12.263, 0.152871, -4.97741, 0.0559412
5.62574, -13.0108, 0.161255, -5.12545, 0.0574531
5.77379, -13.7806, 0.169863, -5.27349, 0.058965
5.92183, -14.5722, 0.178695, -5.42153, 0.0604769
6.06988, -15.3858, 0.188498, -5.56957, 0.0614292
6.21793, -16.2213, 0.197695, -5.71761, 0.0629412
6.36597, -17.0787, 0.20722, -5.86564, 0.064352
6.51402, -17.9581, 0.21676, -6.01368, 0.065965
6.66206, -18.8594, 0.22668, -6.16172, 0.067408
6.81011, -19.7825, 0.236389, -6.30976, 0.0695485
6.95815, -20.7276, 0.246788, -6.4578, 0.0710604
7.1062, -21.6946, 0.257411, -6.60584, 0.0725724
7.25425, -22.6835, 0.268257, -6.75389, 0.0740844
7.40229, -23.6944, 0.279328, -6.90288, 0.0756061
7.55034, -24.7055, 0.290218, -6.75585, 0.0727346
7.69838, -25.6947, 0.300871, -6.60779, 0.0711787
7.84643, -26.662, 0.311294, -6.45976, 0.0696413
7.99448, -27.6074, 0.321491, -6.31172, 0.0681113
8.14252, -28.5309, 0.331462, -6.16368, 0.0665853
8.29057, -29.4324, 0.341207, -6.01564, 0.065062
8.43861, -30.3121, 0.350726, -5.8676, 0.0635403
8.58666, -31.1698, 0.360021, -5.71956, 0.06202
8.7347, -32.0056, 0.36909, -5.57153, 0.0605007
8.88275, -32.8195, 0.377934, -5.42348, 0.0589821
9.0308, -33.6114, 0.386554, -5.27545, 0.0574642
9.17884, -34.3815, 0.394949, -5.12741, 0.0559468
9.32689, -35.1296, 0.403119, -4.97937, 0.0544299
9.47493, -35.8558, 0.411065, -4.83133, 0.0529133
9.62298, -36.5601, 0.418787, -4.6833, 0.0513971
9.77102, -37.2425, 0.426284, -4.53526, 0.0498811
9.91907, -37.903, 0.433556, -4.38722, 0.0483654
10.0671, -38.5415, 0.440604, -4.23918, 0.0468499
10.2152, -39.1582, 0.447428, -4.09114, 0.0453345
10.3632, -39.7529, 0.454027, -3.94311, 0.0438194
10.5113, -40.3257, 0.460403, -3.79507, 0.0423044
10.6593, -40.8766, 0.466553, -3.64703, 0.0407895
10.8073, -41.4055, 0.47248, -3.49899, 0.0392749
10.9554, -41.9126, 0.478182, -3.35095, 0.0377603
11.1034, -42.3977, 0.48366, -3.20292, 0.0362458
11.2515, -42.861, 0.488914, -3.05488, 0.0347314
11.3995, -43.3023, 0.493944, -2.90684, 0.0332171
11.5476, -43.7216, 0.49875, -2.7588, 0.0317029
11.6956, -44.1191, 0.503331, -2.61076, 0.0301888
11.8437, -44.4947, 0.507688, -2.46273, 0.0286747
11.9917, -44.8483, 0.511821, -2.31469, 0.0271607
12.1398, -45.18, 0.51573, -2.16665, 0.0256468
12.2878, -45.4898, 0.519415, -2.01861, 0.024133
12.4359, -45.7777, 0.522876, -1.87057, 0.0226192
12.5839, -46.0437, 0.526113, -1.72253, 0.0211054
12.7319, -46.2877, 0.529125, -1.5745, 0.0195917
12.88, -46.5099, 0.531914, -1.42646, 0.0180781
13.028, -46.7101, 0.534478, -1.27842, 0.0165645
13.1761, -46.8884, 0.536818, -1.13038, 0.0150509
13.3241, -47.0448, 0.538934, -0.982344, 0.0135374
13.4722, -47.1793, 0.540826, -0.834306, 0.0120239
13.6202, -47.2918, 0.542495, -0.686267, 0.0105105
13.7683, -47.3825, 0.543939, -0.538229, 0.00899712
13.9163, -47.4512, 0.545159, -0.390191, 0.00748375
14.0644, -47.498, 0.546154, -0.242153, 0.00597042
14.2124, -47.5229, 0.546926, -0.0941186, 0.00445715
14.3604, -47.5259, 0.547474, 0.053923, 0.00294384
14.5085, -47.507, 0.547798, 0.201959, 0.00143061
14.6565, -47.4661, 0.547898, 0.35, -8.26267e-05
14.7904, -47.4103, 0.548596, 0.483848, 0.00134909
14.9242, -47.3365, 0.548875, 0.617696, 0.00269817
15.0581, -47.2449, 0.549334, 0.751545, 0.00404726
15.192, -47.1353, 0.549715, 0.885393, 0.00543898
15.3258, -47.0079, 0.550795, 1.01924, 0.00674543
15.4597, -46.8625, 0.551797, 1.15309, 0.00809452
15.5935, -46.6992, 0.552737, 1.28694, 0.00948624
15.7274, -46.518, 0.563294, 1.4208, 0.00917868
15.8612, -46.3188, 0.555885, 1.55463, 0.0121418
15.9951, -46.1018, 0.557608, 1.68848, 0.0134909
16.1289, -45.8669, 0.567818, 1.82235, 0.0132259
16.2628, -45.6139, 0.561598, 1.95618, 0.016189
16.3967, -45.3432, 0.571736, 2.09004, 0.0159241
16.5305, -45.0544, 0.566309, 2.22388, 0.0188872
16.6644, -44.7478, 0.568936, 2.35772, 0.0202363
16.7982, -44.4232, 0.571552, 2.49157, 0.021628
16.9321, -44.0807, 0.574546, 2.62542, 0.0229771
17.0659, -43.7204, 0.584692, 2.75928, 0.0226695
17.1998, -43.342, 0.581249, 2.89312, 0.0256327
17.3336, -42.9458, 0.58461, 3.02697, 0.0270244
17.4675, -42.5317, 0.588326, 3.16081, 0.0283735
17.6014, -42.0996, 0.592222, 3.29466, 0.0297225
17.7352, -41.6497, 0.59645, 3.42851, 0.031029
17.8691, -41.1818, 0.600472, 3.56236, 0.0324457
18.0029, -40.696, 0.604995, 3.69621, 0.0337698
18.1368, -40.1923, 0.609614, 3.83005, 0.0351189
18.2706, -39.6707, 0.614413, 3.9639, 0.036468
18.4045, -39.1311, 0.619393, 4.09775, 0.0378171
18.5383, -38.5736, 0.624486, 4.2316, 0.0391911
18.6722, -37.9983, 0.629895, 4.36545, 0.0405152
18.806, -37.405, 0.635417, 4.4993, 0.0418643
18.9399, -36.7938, 0.641119, 4.63314, 0.0432134
19.0738, -36.1646, 0.647002, 4.76699, 0.0445625
19.2076, -35.5176, 0.652977, 4.90084, 0.0459542
19.3415, -34.8526, 0.659227, 5.03469, 0.0473033
19.4753, -34.1698, 0.665734, 5.16854, 0.0486098
19.6092, -33.469, 0.672339, 5.30239, 0.0499589
19.743, -32.7503, 0.679125, 5.43623, 0.0513079
19.8769, -32.0136, 0.686032, 5.57008, 0.0526997
20.0107, -31.2591, 0.693207, 5.70393, 0.0540311
20.1446, -30.4866, 0.700479, 5.83778, 0.0554322
20.2785, -29.6962, 0.708007, 5.97162, 0.0567718
20.4123, -28.888, 0.715714, 6.10547, 0.0581097
20.5462, -28.0617, 0.72357, 6.23932, 0.0594877
20.68, -27.2176, 0.731613, 6.37317, 0.0608666
20.8139, -26.3556, 0.739869, 6.50702, 0.0621931
20.9477, -25.4756, 0.748284, 6.64086, 0.0635694
21.0816, -24.5778, 0.756875, 6.77469, 0.0650035
21.2154, -23.662, 0.765675, 6.90854, 0.0663547
21.3493, -22.7339, 0.774629, 6.89238, 0.0667254
21.4831, -21.8203, 0.783475, 6.75855, 0.0654396
21.617, -20.9246, 0.792147, 6.62472, 0.064121
21.7509, -20.0468, 0.800641, 6.49087, 0.0627923
21.8847, -19.1869, 0.808957, 6.35702, 0.0614584
22.0186, -18.3449, 0.817094, 6.22317, 0.0601215
22.1524, -17.5209, 0.825052, 6.08933, 0.0587826
22.2863, -16.7147, 0.83283, 5.95548, 0.0574422
22.4201, -15.9265, 0.84043, 5.82163, 0.0561008
22.554, -15.1562, 0.847849, 5.68778, 0.0547585
22.6878, -14.4039, 0.855089, 5.55393, 0.0534155
22.8217, -13.6694, 0.862149, 5.42009, 0.052072
22.9556, -12.9528, 0.869029, 5.28624, 0.050728
23.0894, -12.2542, 0.875729, 5.15239, 0.0493836
23.2233, -11.5735, 0.88225, 5.01854, 0.048039
23.3571, -10.9107, 0.88859, 4.88469, 0.0466939
23.491, -10.2658, 0.89475, 4.75085, 0.0453487
23.6248, -9.63884, 0.90073, 4.617, 0.0440032
23.7587, -9.02979, 0.90653, 4.48315, 0.0426575
23.8925, -8.43866, 0.91215, 4.3493, 0.0413117
24.0264, -7.86544, 0.91759, 4.21545, 0.0399656
24.1602, -7.31014, 0.922849, 4.0816, 0.0386195
24.2941, -6.77275, 0.927929, 3.94776, 0.0372732
24.428, -6.25328, 0.932828, 3.81391, 0.0359268
24.5618, -5.75173, 0.937547, 3.68006, 0.0345802
24.6957, -5.2681, 0.942085, 3.54621, 0.0332336
24.8295, -4.80238, 0.946444, 3.41236, 0.0318869
24.9634, -4.35457, 0.950622, 3.27851, 0.0305401
25.0972, -3.92469, 0.954619, 3.14467, 0.0291932
25.2311, -3.51271, 0.958437, 3.01082, 0.0278462
25.3649, -3.11865, 0.962074, 2.87697, 0.0264991
25.4988, -2.74252, 0.965531, 2.74312, 0.025152
25.6327, -2.3843, 0.968808, 2.60927, 0.0238049
25.7665, -2.04399, 0.971904, 2.47543, 0.0224577
25.9004, -1.7216, 0.97482, 2.34158, 0.0211104
26.0342, -1.41713, 0.977555, 2.20773, 0.019763
26.1681, -1.13057, 0.98011, 2.07388, 0.0184157
26.3019, -0.861935, 0.982485, 1.94003, 0.0170682
26.4358, -0.611198, 0.98468, 1.80618, 0.0157207
26.5696, -0.378391, 0.986694, 1.67233, 0.0143732
26.7035, -0.163506, 0.988528, 1.53849, 0.0130257
26.8374, 0.033474, 0.990181, 1.40464, 0.0116781
26.9712, 0.212536, 0.991654, 1.27079, 0.0103305
27.1051, 0.373684, 0.992947, 1.13694, 0.00898281
27.2389, 0.516907, 0.994059, 1.00309, 0.00763511
27.3728, 0.64222, 0.994991, 0.869244, 0.00628739
27.5066, 0.749611, 0.995742, 0.735395, 0.00493963
27.6405, 0.839092, 0.996313, 0.601549, 0.00359187
27.7743, 0.910652, 0.996704, 0.467701, 0.00224406
27.9082, 0.964294, 0.996914, 0.333851, 0.000896213
28.042, 1.00003, 0.996943, 0.200002, -0.000451652
