27.6061, 0
0, 0, 0, 0.5, 0
0.145834, 0.0622822, 0.000102591, 0.354175, 0.00153485
0.291667, 0.103301, 0.000428989, 0.208349, 0.00306971
0.437501, 0.12305, 0.000979248, 0.0625236, 0.00460456
0.583334, 0.121536, 0.00175331, -0.0833018, 0.00613941
0.729168, 0.0987554, 0.00275121, -0.229128, 0.00767427
0.875002, 0.0547086, 0.00397295, -0.374953, 0.00920912
1.02084, -0.0106074, 0.00541854, -0.520779, 0.010744
1.16667, -0.0971869, 0.00708795, -0.666604, 0.0122788
1.3125, -0.205033, 0.00898118, -0.81243, 0.0138137
1.45834, -0.334145, 0.0110983, -0.958255, 0.0153485
1.60417, -0.484525, 0.0134392, -1.10408, 0.0168834
1.75, -0.656169, 0.0160039, -1.24991, 0.0184182
1.89584, -0.84908, 0.0187925, -1.39573, 0.0199531
2.04167, -1.06326, 0.0218049, -1.54156, 0.021488
2.1875, -1.2987, 0.0250411, -1.68738, 0.0230228
2.33334, -1.55541, 0.0285012, -1.83321, 0.0245577
2.47917, -1.83339, 0.0321851, -1.97903, 0.0260925
2.625, -2.13263, 0.0360928, -2.12486, 0.0276274
2.77084, -2.45314, 0.0402244, -2.27068, 0.0291622
2.91667, -2.79492, 0.0445798, -2.41651, 0.0306971
3.06251, -3.15796, 0.0491591, -2.56234, 0.0322319
3.20834, -3.54227, 0.0539621, -2.70816, 0.0337668
3.35417, -3.94784, 0.0589891, -2.85399, 0.0353016
3.50001, -4.37468, 0.0642398, -2.99981, 0.0368365
3.64584, -4.82279, 0.0697144, -3.14564, 0.0383713
3.79167, -5.29216, 0.0754128, -3.29146, 0.0399062
3.93751, -5.7828, 0.081335, -3.43729, 0.041441
4.08334, -6.2947, 0.0874811, -3.58312, 0.0429759
4.22917, -6.82788, 0.093851, -3.72894, 0.0445108
4.37501, -7.38231, 0.100445, -3.87477, 0.0460456
4.52084, -7.95802, 0.107262, -4.02059, 0.0475805
4.66667, -8.55499, 0.114304, -4.16642, 0.0491153
4.81251, -9.17322, 0.121569, -4.31224, 0.0506502
4.95834, -9.81273, 0.129058, -4.45807, 0.052185
5.10418, -10.4735, 0.136771, -4.60389, 0.0537199
5.25001, -11.1555, 0.144708, -4.74972, 0.0552547
5.39584, -11.8588, 0.152868, -4.89554, 0.0567896
5.54168, -12.5834, 0.161253, -5.04137, 0.0583245
5.68751, -13.3292, 0.169861, -5.1872, 0.0598593
5.83334, -14.0963, 0.178693, -5.33302, 0.0613942
5.97918, -14.8847, 0.187749, -5.47885, 0.062929
6.12501, -15.6943, 0.197029, -5.62467, 0.0644639
6.27084, -16.5252, 0.208252, -5.77051, 0.0643179
6.41668, -17.3774, 0.21626, -5.91632, 0.0675336
6.56251, -18.2508, 0.226211, -6.06215, 0.0690684
6.70834, -19.1455, 0.236386, -6.20797, 0.0706033
6.85418, -20.0615, 0.246785, -6.3538, 0.0721382
7.00001, -20.9987, 0.257922, -6.49964, 0.0719218
7.14585, -21.9572, 0.268254, -6.64546, 0.0752079
7.29168, -22.937, 0.279329, -6.79028, 0.0745933
7.43751, -23.9174, 0.29006, -6.64965, 0.0727515
7.58335, -24.8765, 0.300554, -6.50383, 0.0711718
7.72918, -25.8143, 0.310819, -6.35798, 0.0696106
7.87501, -26.7309, 0.320858, -6.21215, 0.0680573
8.02085, -27.6262, 0.33067, -6.06633, 0.0665081
8.16668, -28.5002, 0.340256, -5.92051, 0.0649615
8.31251, -29.353, 0.349617, -5.77468, 0.0634169
8.45835, -30.1845, 0.358753, -5.62886, 0.0618734
8.60418, -30.9948, 0.367664, -5.48303, 0.060331
8.75002, -31.7837, 0.376349, -5.33721, 0.0587894
8.89585, -32.5514, 0.38481, -5.19138, 0.0572484
9.04168, -33.2979, 0.393047, -5.04556, 0.055708
9.18752, -34.0231, 0.401059, -4.89973, 0.054168
9.33335, -34.727, 0.408846, -4.75391, 0.0526284
9.47918, -35.4096, 0.416409, -4.60808, 0.0510891
9.62502, -36.071, 0.423747, -4.46225, 0.0495501
9.77085, -36.7111, 0.430861, -4.31643, 0.0480114
9.91668, -37.33, 0.43775, -4.1706, 0.0464729
10.0625, -37.9275, 0.444415, -4.02478, 0.0449346
10.2084, -38.5038, 0.450856, -3.87895, 0.0433964
10.3542, -39.0589, 0.457073, -3.73313, 0.0418584
10.5, -39.5927, 0.463065, -3.5873, 0.0403206
10.6459, -40.1052, 0.468833, -3.44147, 0.0387829
10.7917, -40.5965, 0.474377, -3.29565, 0.0372453
10.9375, -41.0664, 0.479696, -3.14983, 0.0357079
11.0834, -41.5152, 0.484792, -3.004, 0.0341705
11.2292, -41.9426, 0.489663, -2.85817, 0.0326332
11.375, -42.3488, 0.49431, -2.71235, 0.031096
11.5209, -42.7337, 0.498732, -2.56652, 0.0295589
11.6667, -43.0974, 0.502931, -2.4207, 0.0280219
11.8125, -43.4397, 0.506905, -2.27487, 0.0264849
11.9584, -43.7609, 0.510656, -2.12905, 0.024948
12.1042, -44.0607, 0.514182, -1.98322, 0.0234112
12.25, -44.3393, 0.517484, -1.8374, 0.0218745
12.3959, -44.5966, 0.520562, -1.69157, 0.0203377
12.5417, -44.8327, 0.523416, -1.54574, 0.0188011
12.6875, -45.0475, 0.526046, -1.39992, 0.0172645
12.8334, -45.241, 0.528451, -1.25409, 0.0157279
12.9792, -45.4132, 0.530633, -1.10827, 0.0141914
13.125, -45.5642, 0.53259, -0.962443, 0.0126549
13.2709, -45.694, 0.534324, -0.816617, 0.0111185
13.4167, -45.8024, 0.535833, -0.670791, 0.00958208
13.5625, -45.8896, 0.537119, -0.524965, 0.00804572
13.7084, -45.9555, 0.53818, -0.37914, 0.0065094
13.8542, -46.0002, 0.539017, -0.233315, 0.00497311
14, -46.0236, 0.539631, -0.0874872, 0.00343683
14.1459, -46.0257, 0.54002, 0.0583366, 0.00190061
14.2917, -46.0066, 0.540185, 0.204162, 0.000364407
14.4375, -45.9662, 0.540126, 0.349987, -0.00117176
14.5692, -45.9113, 0.548596, 0.481679, 0.00137131
14.7009, -45.8392, 0.548875, 0.613357, 0.00274262
14.8326, -45.7498, 0.549335, 0.745035, 0.00411393
14.9643, -45.643, 0.549975, 0.876713, 0.00548523
15.096, -45.5189, 0.550796, 1.00839, 0.00685655
15.2276, -45.3774, 0.551798, 1.14007, 0.00822785
15.3593, -45.2186, 0.55298, 1.27175, 0.00959917
15.491, -45.0425, 0.554343, 1.40343, 0.0109705
15.6227, -44.849, 0.555886, 1.53511, 0.0123418
15.7544, -44.6382, 0.55761, 1.66678, 0.0137131
15.8861, -44.41, 0.559515, 1.79846, 0.0150844
16.0178, -44.1645, 0.5616, 1.93014, 0.0164557
16.1494, -43.9017, 0.563865, 2.06182, 0.017827
16.2811, -43.6215, 0.566312, 2.1935, 0.0191983
16.4128, -43.324, 0.568938, 2.32518, 0.0205696
16.5445, -43.0091, 0.571746, 2.45685, 0.021941
16.6762, -42.6769, 0.574734, 2.58853, 0.0233123
16.8079, -42.3274, 0.577902, 2.72021, 0.0246836
16.9396, -41.9605, 0.581252, 2.85189, 0.0260549
17.0712, -41.5762, 0.584781, 2.98357, 0.0274262
17.2029, -41.1747, 0.588492, 3.11525, 0.0287975
17.3346, -40.7558, 0.592383, 3.24692, 0.0301688
17.4663, -40.3195, 0.596454, 3.3786, 0.0315401
17.598, -39.866, 0.600706, 3.51028, 0.0329114
17.7297, -39.395, 0.605139, 3.64196, 0.0342827
17.8613, -38.9068, 0.609752, 3.77364, 0.035654
17.993, -38.4012, 0.614546, 3.90532, 0.0370254
18.1247, -37.8782, 0.61952, 4.03699, 0.0383967
18.2564, -37.3379, 0.624675, 4.16867, 0.039768
18.3881, -36.7803, 0.630011, 4.30035, 0.0411393
18.5198, -36.2054, 0.635527, 4.43203, 0.0425106
18.6515, -35.613, 0.641224, 4.56371, 0.0438819
18.7831, -35.0034, 0.647101, 4.69539, 0.0452532
18.9148, -34.3764, 0.653159, 4.82707, 0.0466245
19.0465, -33.7321, 0.659397, 4.95875, 0.0479958
19.1782, -33.0704, 0.665816, 5.09042, 0.0493672
19.3099, -32.3914, 0.672416, 5.2221, 0.0507385
19.4416, -31.6951, 0.679196, 5.35378, 0.0521098
19.5733, -30.9814, 0.686157, 5.48546, 0.0534811
19.7049, -30.2504, 0.693298, 5.61714, 0.0548524
19.8366, -29.502, 0.70062, 5.74882, 0.0562237
19.9683, -28.7363, 0.708123, 5.88049, 0.057595
20.1, -27.9533, 0.715806, 6.01217, 0.0589663
20.2317, -27.1529, 0.72367, 6.14385, 0.0603377
20.3634, -26.3351, 0.731714, 6.27553, 0.061709
20.4951, -25.5001, 0.739939, 6.40722, 0.0630803
20.6267, -24.6477, 0.748344, 6.53889, 0.0644516
20.7584, -23.7779, 0.75693, 6.67057, 0.065823
20.8901, -22.8908, 0.765697, 6.80229, 0.0671947
21.0218, -21.992, 0.774763, 6.78398, 0.069494
21.1535, -21.1074, 0.783829, 6.65225, 0.0681869
21.2852, -20.24, 0.79272, 6.52057, 0.066847
21.4169, -19.39, 0.801434, 6.38888, 0.0654966
21.5485, -18.5574, 0.80997, 6.2572, 0.0641411
21.6802, -17.7421, 0.818327, 6.12552, 0.0627823
21.8119, -16.9441, 0.826505, 5.99384, 0.0614216
21.9436, -16.1635, 0.834503, 5.86216, 0.0600593
22.0753, -15.4002, 0.842322, 5.73048, 0.0586959
22.207, -14.6542, 0.849962, 5.59881, 0.0573316
22.3387, -13.9256, 0.857422, 5.46713, 0.0559667
22.4703, -13.2143, 0.864702, 5.33545, 0.0546011
22.602, -12.5204, 0.871802, 5.20377, 0.0532351
22.7337, -11.8438, 0.878722, 5.07209, 0.0518687
22.8654, -11.1846, 0.885463, 4.94041, 0.0505019
22.9971, -10.5427, 0.892023, 4.80873, 0.0491348
23.1288, -9.91809, 0.898403, 4.67705, 0.0477675
23.2605, -9.31086, 0.904604, 4.54538, 0.0463999
23.3921, -8.72097, 0.910624, 4.4137, 0.0450321
23.5238, -8.14842, 0.916464, 4.28202, 0.0436642
23.6555, -7.59321, 0.922124, 4.15034, 0.0422961
23.7872, -7.05534, 0.927603, 4.01866, 0.0409278
23.9189, -6.53481, 0.932903, 3.88699, 0.0395594
24.0506, -6.03162, 0.938022, 3.75531, 0.0381908
24.1823, -5.54577, 0.942961, 3.62363, 0.0368221
24.3139, -5.07726, 0.94772, 3.49195, 0.0354534
24.4456, -4.62609, 0.952299, 3.36027, 0.0340845
24.5773, -4.19227, 0.956697, 3.22859, 0.0327156
24.709, -3.77577, 0.960915, 3.09691, 0.0313465
24.8407, -3.37663, 0.964953, 2.96523, 0.0299774
24.9724, -2.99482, 0.96881, 2.83356, 0.0286082
25.1041, -2.63036, 0.972487, 2.70188, 0.027239
25.2357, -2.28322, 0.975984, 2.5702, 0.0258697
25.3674, -1.95344, 0.979301, 2.43852, 0.0245003
25.4991, -1.64098, 0.982437, 2.30684, 0.0231308
25.6308, -1.34587, 0.985393, 2.17516, 0.0217614
25.7625, -1.06811, 0.988168, 2.04349, 0.0203918
25.8942, -0.80769, 0.990763, 1.91181, 0.0190222
26.0259, -0.56459, 0.993178, 1.78013, 0.0176526
26.1575, -0.338844, 0.995412, 1.64845, 0.0162829
26.2892, -0.130436, 0.997467, 1.51677, 0.0149132
26.4209, 0.0606232, 0.99934, 1.38509, 0.0135434
26.5526, 0.234352, 1.00103, 1.25342, 0.0121737
26.6843, 0.390747, 1.00255, 1.12174, 0.0108038
26.816, 0.529789, 1.00388, 0.990059, 0.00943397
26.9476, 0.651497, 1.00503, 0.858382, 0.00806409
27.0793, 0.755856, 1.006, 0.726701, 0.00669415
27.211, 0.842896, 1.00679, 0.595025, 0.00532422
27.3427, 0.912571, 1.0074, 0.463345, 0.00395422
27.4744, 0.964912, 1.00784, 0.331666, 0.00258421
27.6061, 0.999928, 1.00809, 0.199989, 0.00121419
