30.7896, 0
0, 0, 0, 0.5, 0
0.161981, 0.0677824, -0.0104099, 0.338036, 0.0027075
0.323962, 0.109508, 0.000431307, 0.17605, 0.00276374
0.485943, 0.124906, 0.000982714, 0.0140742, 0.00414561
0.647925, 0.113982, -0.00811152, -0.14789, 0.00685311
0.809906, 0.0769913, 0.00275705, -0.309876, 0.00690935
0.971887, 0.0136778, 0.00397998, -0.471852, 0.00829122
1.13387, -0.0758743, 0.00542676, -0.633826, 0.00967309
1.29585, -0.191659, 0.00709734, -0.795802, 0.011055
1.45783, -0.333683, 0.00899178, -0.957777, 0.0124368
1.61981, -0.502015, 0.0025289, -1.11974, 0.0151443
1.78179, -0.696439, 0.0134521, -1.28173, 0.0152006
1.94377, -0.917173, 0.0160181, -1.4437, 0.0165824
2.10575, -1.16415, 0.0188079, -1.60568, 0.0179643
2.26774, -1.43735, 0.0218215, -1.76765, 0.0193462
2.42972, -1.7368, 0.0250589, -1.92963, 0.0207281
2.5917, -2.06248, 0.0285202, -2.0916, 0.0221099
2.75368, -2.4144, 0.0322054, -2.25358, 0.0234918
2.91566, -2.79256, 0.0361143, -2.41555, 0.0248737
3.07764, -3.19695, 0.0402471, -2.57753, 0.0262555
3.23962, -3.62758, 0.0446038, -2.7395, 0.0276374
3.4016, -4.08445, 0.0491842, -2.90148, 0.0290193
3.56359, -4.56755, 0.0539886, -3.06345, 0.0304011
3.72557, -5.07689, 0.0590167, -3.22543, 0.031783
3.88755, -5.61247, 0.0642687, -3.38741, 0.0331649
4.04953, -6.17428, 0.0697445, -3.54938, 0.0345468
4.21151, -6.76233, 0.0754442, -3.71136, 0.0359286
4.37349, -7.37662, 0.0813677, -3.87333, 0.0373105
4.53547, -8.01715, 0.087515, -4.03531, 0.0386924
4.69745, -8.68391, 0.0938862, -4.19728, 0.0400742
4.85943, -9.37691, 0.100481, -4.35926, 0.0414561
5.02142, -10.0961, 0.107408, -4.52123, 0.042803
5.1834, -10.8416, 0.114445, -4.68321, 0.0441848
5.34538, -11.6133, 0.121609, -4.84518, 0.0456017
5.50736, -12.4113, 0.129243, -5.00716, 0.0469281
5.66934, -13.2355, 0.136814, -5.16913, 0.0483655
5.83132, -14.0859, 0.144831, -5.33111, 0.0497123
5.9933, -14.9625, 0.152914, -5.49308, 0.0511292
6.15528, -15.8654, 0.161407, -5.65506, 0.0524556
6.31726, -16.7946, 0.170033, -5.81703, 0.0538229
6.47925, -17.7499, 0.178799, -5.97901, 0.0552398
6.64123, -18.7315, 0.18788, -6.14098, 0.0566012
6.80321, -19.7394, 0.197197, -6.30296, 0.057948
6.96519, -20.7735, 0.206664, -6.46493, 0.0593504
7.12717, -21.8338, 0.216416, -6.62691, 0.0606972
7.28915, -22.9203, 0.226351, -6.78888, 0.0620791
7.45113, -24.0331, 0.236466, -6.95086, 0.063531
7.61311, -25.1721, 0.246894, -7.11283, 0.0648428
7.77509, -26.3374, 0.257504, -7.2748, 0.0662134
7.93708, -27.5289, 0.268344, -7.43675, 0.067525
8.09906, -28.7466, 0.279385, -7.58545, 0.0684981
8.26104, -29.9624, 0.290351, -7.42481, 0.0669645
8.42302, -31.152, 0.301083, -7.26282, 0.0655485
8.585, -32.3153, 0.311587, -7.10084, 0.0641464
8.74698, -33.4524, 0.321864, -6.93888, 0.0627502
8.90896, -34.5632, 0.331915, -6.77691, 0.0613572
9.07094, -35.6478, 0.341742, -6.61493, 0.0599662
9.23293, -36.7062, 0.351342, -6.45295, 0.0585766
9.39491, -37.7384, 0.360718, -6.29098, 0.057188
9.55689, -38.7443, 0.369869, -6.129, 0.0558002
9.71887, -39.7239, 0.378795, -5.96703, 0.054413
9.88085, -40.6773, 0.387497, -5.80505, 0.0530264
10.0428, -41.6045, 0.395974, -5.64308, 0.0516401
10.2048, -42.5055, 0.404226, -5.4811, 0.0502542
10.3668, -43.3802, 0.412254, -5.31913, 0.0488686
10.5288, -44.2287, 0.420058, -5.15715, 0.0474832
10.6908, -45.0509, 0.427637, -4.99518, 0.0460981
10.8527, -45.8469, 0.434992, -4.8332, 0.0447132
11.0147, -46.6167, 0.442123, -4.67123, 0.0433284
11.1767, -47.3602, 0.449029, -4.50925, 0.0419438
11.3387, -48.0775, 0.455711, -4.34728, 0.0405594
11.5007, -48.7686, 0.462169, -4.1853, 0.0391751
11.6626, -49.4334, 0.468402, -4.02333, 0.0377908
11.8246, -50.072, 0.474411, -3.86135, 0.0364067
11.9866, -50.6843, 0.480197, -3.69938, 0.0350227
12.1486, -51.2705, 0.485757, -3.5374, 0.0336388
12.3106, -51.8303, 0.491094, -3.37542, 0.0322549
12.4725, -52.364, 0.496207, -3.21345, 0.0308712
12.6345, -52.8714, 0.501095, -3.05147, 0.0294875
12.7965, -53.3525, 0.50576, -2.8895, 0.0281039
12.9585, -53.8075, 0.5102, -2.72752, 0.0267203
13.1205, -54.2361, 0.514416, -2.56555, 0.0253367
13.2825, -54.6386, 0.518408, -2.40357, 0.0239533
13.4444, -55.0148, 0.522176, -2.2416, 0.0225698
13.6064, -55.3648, 0.52572, -2.07962, 0.0211864
13.7684, -55.6885, 0.52904, -1.91765, 0.0198031
13.9304, -55.986, 0.532135, -1.75567, 0.0184198
14.0924, -56.2573, 0.535007, -1.5937, 0.0170366
14.2543, -56.5023, 0.537655, -1.43172, 0.0156534
14.4163, -56.7211, 0.540078, -1.26975, 0.0142702
14.5783, -56.9137, 0.542278, -1.10777, 0.012887
14.7403, -57.08, 0.544253, -0.945797, 0.0115039
14.9023, -57.2201, 0.546004, -0.783823, 0.0101208
15.0642, -57.3339, 0.547532, -0.621847, 0.00873777
15.2262, -57.4215, 0.548835, -0.459872, 0.00735474
15.3882, -57.4829, 0.549914, -0.297897, 0.00597174
15.5502, -57.5181, 0.55077, -0.135922, 0.00458876
15.7122, -57.527, 0.551401, 0.0260531, 0.0032058
15.8742, -57.5096, 0.551808, 0.188029, 0.00182287
16.0361, -57.466, 0.551992, 0.350005, 0.000439949
16.1837, -57.4036, 0.548595, 0.49753, 0.00122402
16.3312, -57.3193, 0.548873, 0.645059, 0.00244804
16.4787, -57.2132, 0.549331, 0.792589, 0.00367206
16.6263, -57.0854, 0.549971, 0.940119, 0.00489608
16.7738, -56.9358, 0.550791, 1.08765, 0.0061201
16.9213, -56.7645, 0.551791, 1.23518, 0.00734412
17.0689, -56.5714, 0.552972, 1.38271, 0.00856813
17.2164, -56.3565, 0.554334, 1.53024, 0.00979215
17.3639, -56.1198, 0.555876, 1.67777, 0.0110162
17.5115, -55.8614, 0.557599, 1.8253, 0.0122402
17.659, -55.5812, 0.559503, 1.97283, 0.0134642
17.8066, -55.2793, 0.561587, 2.12036, 0.0146882
17.9541, -54.9556, 0.563851, 2.26789, 0.0159122
18.1016, -54.6101, 0.566296, 2.41542, 0.0171363
18.2492, -54.2429, 0.568922, 2.56295, 0.0183603
18.3967, -53.8539, 0.571728, 2.71048, 0.0195843
18.5442, -53.4431, 0.574715, 2.85801, 0.0208083
18.6918, -53.0105, 0.577883, 3.00554, 0.0220323
18.8393, -52.5562, 0.581231, 3.15307, 0.0232564
18.9868, -52.0802, 0.58476, 3.3006, 0.0244804
19.1344, -51.5823, 0.588469, 3.44813, 0.0257044
19.2819, -51.0627, 0.592359, 3.59566, 0.0269284
19.4294, -50.5214, 0.596429, 3.74319, 0.0281524
19.577, -49.9582, 0.60068, 3.89072, 0.0293765
19.7245, -49.3733, 0.605112, 4.03825, 0.0306005
19.872, -48.7667, 0.609724, 4.18578, 0.0318245
20.0196, -48.1382, 0.614517, 4.33331, 0.0330485
20.1671, -47.488, 0.61949, 4.48084, 0.0342725
20.3146, -46.8161, 0.624644, 4.62837, 0.0354966
20.4622, -46.1224, 0.629979, 4.7759, 0.0367206
20.6097, -45.4069, 0.635494, 4.92342, 0.0379446
20.7572, -44.6696, 0.64119, 5.07095, 0.0391686
20.9048, -43.9106, 0.647066, 5.21849, 0.0403926
21.0523, -43.1298, 0.653123, 5.36602, 0.0416167
21.1999, -42.3272, 0.65936, 5.51354, 0.0428407
21.3474, -41.5029, 0.665779, 5.66108, 0.0440647
21.4949, -40.6568, 0.672377, 5.80861, 0.0452887
21.6425, -39.789, 0.679156, 5.95613, 0.0465127
21.79, -38.8993, 0.686116, 6.10366, 0.0477368
21.9375, -37.988, 0.693257, 6.25119, 0.0489608
22.0851, -37.0548, 0.700578, 6.39873, 0.0501848
22.2326, -36.0999, 0.708079, 6.54625, 0.0514088
22.3801, -35.1232, 0.715761, 6.69379, 0.0526328
22.5277, -34.1247, 0.723624, 6.84132, 0.0538569
22.6752, -33.1045, 0.731667, 6.98884, 0.0550809
22.8227, -32.0625, 0.739891, 7.13638, 0.0563049
22.9703, -30.9988, 0.748296, 7.28391, 0.057529
23.1178, -29.9133, 0.756881, 7.43146, 0.0587531
23.2653, -28.806, 0.765647, 7.57903, 0.0599775
23.4129, -27.6826, 0.774682, 7.57657, 0.0618676
23.5604, -26.5757, 0.783724, 7.42897, 0.0606967
23.7079, -25.4905, 0.792591, 7.28145, 0.0594979
23.8555, -24.4272, 0.80128, 7.1339, 0.0582903
24.003, -23.3855, 0.80979, 6.98637, 0.0570787
24.1506, -22.3657, 0.818122, 6.83884, 0.0558645
24.2981, -21.3676, 0.826274, 6.69131, 0.0546487
24.4456, -20.3913, 0.834247, 6.54378, 0.0534317
24.5932, -19.4367, 0.84204, 6.39625, 0.0522139
24.7407, -18.5039, 0.849653, 6.24872, 0.0509954
24.8882, -17.5929, 0.857087, 6.10119, 0.0497763
25.0358, -16.7037, 0.864341, 5.95366, 0.0485567
25.1833, -15.8362, 0.871415, 5.80613, 0.0473368
25.3308, -14.9905, 0.878309, 5.6586, 0.0461166
25.4784, -14.1665, 0.885022, 5.51107, 0.0448961
25.6259, -13.3643, 0.891556, 5.36354, 0.0436754
25.7734, -12.5839, 0.89791, 5.21601, 0.0424544
25.921, -11.8252, 0.904083, 5.06848, 0.0412333
26.0685, -11.0883, 0.910076, 4.92095, 0.040012
26.216, -10.3732, 0.915889, 4.77342, 0.0387906
26.3636, -9.67983, 0.921522, 4.62589, 0.0375691
26.5111, -9.00824, 0.926975, 4.47836, 0.0363474
26.6586, -8.35841, 0.932247, 4.33083, 0.0351256
26.8062, -7.73034, 0.937339, 4.1833, 0.0339037
26.9537, -7.12405, 0.942251, 4.03577, 0.0326818
27.1012, -6.53951, 0.946983, 3.88824, 0.0314597
27.2488, -5.97673, 0.951534, 3.74071, 0.0302376
27.3963, -5.43574, 0.955905, 3.59318, 0.0290154
27.5439, -4.9165, 0.960096, 3.44565, 0.0277932
27.6914, -4.41903, 0.964106, 3.29812, 0.0265708
27.8389, -3.94333, 0.967936, 3.15059, 0.0253485
27.9865, -3.4894, 0.971585, 3.00306, 0.024126
28.134, -3.05721, 0.975055, 2.85553, 0.0229036
28.2815, -2.64681, 0.978344, 2.708, 0.021681
28.4291, -2.25817, 0.981452, 2.56047, 0.0204585
28.5766, -1.89129, 0.98438, 2.41294, 0.0192359
28.7241, -1.54618, 0.987128, 2.26541, 0.0180132
28.8717, -1.22284, 0.989695, 2.11788, 0.0167905
29.0192, -0.921242, 0.992083, 1.97035, 0.0155678
29.1667, -0.641449, 0.994289, 1.82282, 0.0143451
29.3143, -0.3834, 0.996315, 1.67529, 0.0131223
29.4618, -0.147118, 0.998161, 1.52776, 0.0118994
29.6093, 0.0673981, 0.999826, 1.38023, 0.0106766
29.7569, 0.260139, 1.00131, 1.2327, 0.00945374
29.9044, 0.431129, 1.00262, 1.08517, 0.00823083
30.0519, 0.580357, 1.00374, 0.937644, 0.00700792
30.1995, 0.707809, 1.00468, 0.790115, 0.00578498
30.347, 0.813484, 1.00545, 0.642582, 0.00456199
30.4946, 0.897415, 1.00603, 0.495054, 0.00333901
30.6421, 0.959557, 1.00643, 0.347524, 0.002116
30.7896, 0.99995, 1.00665, 0.199994, 0.000892966
