3.06369, 0
0, 0, 0, 0.5, 0
0.0157172, 0.00575762, -0.00053617, 0.493963, 0.0142553
0.0314344, 0.0114218, -0.000844137, 0.487925, 0.0285005
0.0471516, 0.0169926, -0.000923862, 0.481887, 0.0427351
0.0628689, 0.02247, -0.000775237, 0.475848, 0.0569585
0.0785861, 0.0278543, -0.000398406, 0.469809, 0.07117
0.0943033, 0.0331454, 0.000206656, 0.46377, 0.0853689
0.110021, 0.0383435, 0.00104001, 0.45773, 0.0995544
0.125738, 0.0434486, 0.00210161, 0.451689, 0.113726
0.141455, 0.0484609, 0.00339151, 0.445647, 0.127882
0.157172, 0.0533805, 0.00490964, 0.439605, 0.142021
0.172889, 0.0582075, 0.00665608, 0.433563, 0.156144
0.188607, 0.062942, 0.00863076, 0.427519, 0.170248
0.204324, 0.0675843, 0.0108338, 0.421475, 0.184332
0.220041, 0.0721345, 0.013265, 0.41543, 0.198395
0.235758, 0.0765928, 0.0159246, 0.409384, 0.212434
0.251475, 0.0809594, 0.0188124, 0.403338, 0.22645
0.267193, 0.0852345, 0.0219285, 0.39729, 0.240438
0.28291, 0.0894184, 0.0252729, 0.391242, 0.254398
0.298627, 0.0935114, 0.0288456, 0.385192, 0.268327
0.314344, 0.0975137, 0.0326465, 0.379142, 0.282223
0.330062, 0.101426, 0.0366758, 0.37309, 0.296081
0.345779, 0.105248, 0.0409333, 0.367037, 0.3099
0.361496, 0.108981, 0.0454191, 0.360983, 0.323675
0.377213, 0.112624, 0.050133, 0.354928, 0.337403
0.39293, 0.11618, 0.0550752, 0.348871, 0.351079
0.408648, 0.119647, 0.0602456, 0.342813, 0.364697
0.424365, 0.123027, 0.0656442, 0.336753, 0.378252
0.440082, 0.126321, 0.0712708, 0.330692, 0.391737
0.455799, 0.12953, 0.0771255, 0.324629, 0.405145
0.471516, 0.132654, 0.0832082, 0.318565, 0.418465
0.487234, 0.135695, 0.0895187, 0.3125, 0.43169
0.502951, 0.138654, 0.096057, 0.306432, 0.444806
0.518668, 0.141532, 0.102823, 0.300364, 0.457801
0.534385, 0.144332, 0.109816, 0.294294, 0.470659
0.550103, 0.147056, 0.117036, 0.288223, 0.483361
0.56582, 0.149705, 0.124483, 0.282151, 0.495886
0.581537, 0.152284, 0.132156, 0.27608, 0.508209
0.597254, 0.154795, 0.140055, 0.270009, 0.520299
0.612971, 0.157242, 0.148178, 0.263939, 0.532122
0.628689, 0.15963, 0.156525, 0.257873, 0.543636
0.644406, 0.161965, 0.165093, 0.251813, 0.554789
0.660123, 0.164254, 0.173882, 0.245761, 0.565522
0.67584, 0.166504, 0.182887, 0.239722, 0.575764
0.691558, 0.168724, 0.192106, 0.233702, 0.58543
0.707275, 0.170926, 0.201532, 0.227708, 0.59442
0.722992, 0.173121, 0.211159, 0.221753, 0.602618
0.738709, 0.175325, 0.220977, 0.215852, 0.609891
0.754426, 0.177552, 0.230974, 0.210024, 0.616093
0.770144, 0.179819, 0.241132, 0.204295, 0.621065
0.785861, 0.182141, 0.251429, 0.198698, 0.624651
0.801578, 0.184533, 0.261838, 0.193273, 0.626707
0.817295, 0.187005, 0.272328, 0.188063, 0.62712
0.833012, 0.189564, 0.28286, 0.183115, 0.625825
0.84873, 0.192208, 0.293394, 0.178475, 0.622813
0.864447, 0.194934, 0.303891, 0.174184, 0.618139
0.880164, 0.197729, 0.31431, 0.170271, 0.611911
0.895881, 0.200583, 0.324617, 0.166757, 0.604274
0.911599, 0.203482, 0.334782, 0.163651, 0.595396
0.927316, 0.206412, 0.344778, 0.16095, 0.585446
0.943033, 0.209363, 0.354586, 0.158646, 0.574587
0.95875, 0.212326, 0.364189, 0.156724, 0.562966
0.974467, 0.215296, 0.373576, 0.155165, 0.550711
0.990185, 0.218266, 0.382737, 0.153949, 0.537931
1.0059, 0.221234, 0.391665, 0.153055, 0.524718
1.02162, 0.2242, 0.400356, 0.152462, 0.511146
1.03734, 0.227162, 0.408804, 0.152149, 0.497279
1.05305, 0.230122, 0.417008, 0.152099, 0.483169
1.06877, 0.23308, 0.424966, 0.152292, 0.468857
1.08449, 0.236038, 0.432676, 0.152713, 0.454378
1.10021, 0.238998, 0.440137, 0.153346, 0.43976
1.11592, 0.241962, 0.447349, 0.154177, 0.425028
1.13164, 0.244933, 0.454311, 0.155193, 0.410199
1.14736, 0.247911, 0.461023, 0.156382, 0.39529
1.16307, 0.250901, 0.467485, 0.157734, 0.380316
1.17879, 0.253903, 0.473696, 0.159238, 0.365286
1.19451, 0.256921, 0.479659, 0.160886, 0.35021
1.21023, 0.259956, 0.485371, 0.162668, 0.335096
1.22594, 0.26301, 0.490834, 0.164578, 0.319951
1.24166, 0.266086, 0.496048, 0.166607, 0.30478
1.25738, 0.269186, 0.501013, 0.16875, 0.289589
1.27309, 0.272311, 0.50573, 0.171001, 0.27438
1.28881, 0.275464, 0.510198, 0.173353, 0.259157
1.30453, 0.278645, 0.514419, 0.175801, 0.243924
1.32025, 0.281858, 0.518392, 0.178341, 0.228683
1.33596, 0.285103, 0.522118, 0.180969, 0.213435
1.35168, 0.288382, 0.525597, 0.183679, 0.198184
1.3674, 0.291696, 0.528829, 0.186469, 0.182929
1.38312, 0.295048, 0.531815, 0.189334, 0.167673
1.39883, 0.298438, 0.534555, 0.192271, 0.152417
1.41455, 0.301867, 0.53705, 0.195277, 0.137162
1.43027, 0.305337, 0.5393, 0.198349, 0.121908
1.44598, 0.30885, 0.541304, 0.201485, 0.106656
1.4617, 0.312406, 0.543064, 0.204681, 0.0914074
1.47742, 0.316006, 0.544579, 0.207935, 0.0761619
1.49314, 0.319652, 0.54585, 0.211245, 0.0609204
1.50885, 0.323344, 0.546877, 0.214608, 0.0456833
1.52457, 0.327084, 0.54766, 0.218023, 0.0304506
1.54029, 0.330872, 0.5482, 0.221488, 0.0152226
1.556, 0.33471, 0.548497, 0.225, -1.49012e-07
1.57108, 0.338045, 0.548685, 0.234151, 0.01198
1.58616, 0.341518, 0.549054, 0.243302, 0.0239599
1.60123, 0.345129, 0.549603, 0.252453, 0.0359397
1.61631, 0.348878, 0.550333, 0.261604, 0.0479195
1.63139, 0.352766, 0.551244, 0.270756, 0.0598993
1.64647, 0.356791, 0.552335, 0.279906, 0.0718789
1.66154, 0.360954, 0.553607, 0.289057, 0.0838585
1.67662, 0.365254, 0.55506, 0.298208, 0.095838
1.6917, 0.369693, 0.556693, 0.307359, 0.107817
1.70677, 0.37427, 0.558507, 0.31651, 0.119797
1.72185, 0.378985, 0.560502, 0.32566, 0.131776
1.73693, 0.383838, 0.562677, 0.334811, 0.143755
1.752, 0.388829, 0.565033, 0.343961, 0.155734
1.76708, 0.393958, 0.567569, 0.353112, 0.167713
1.78216, 0.399225, 0.570286, 0.362262, 0.179692
1.79723, 0.40463, 0.573184, 0.371412, 0.191671
1.81231, 0.410173, 0.576262, 0.380562, 0.203649
1.82739, 0.415854, 0.579521, 0.389712, 0.215628
1.84246, 0.421672, 0.582961, 0.398862, 0.227606
1.85754, 0.427629, 0.586581, 0.408011, 0.239584
1.87262, 0.433724, 0.590382, 0.41716, 0.251561
1.88769, 0.439957, 0.594363, 0.42631, 0.263539
1.90277, 0.446328, 0.598525, 0.435459, 0.275516
1.91785, 0.452836, 0.602868, 0.444607, 0.287493
1.93292, 0.459483, 0.607392, 0.453756, 0.29947
1.948, 0.466268, 0.612096, 0.462904, 0.311446
1.96308, 0.473191, 0.61698, 0.472051, 0.323421
1.97816, 0.480252, 0.622046, 0.481199, 0.335397
1.99323, 0.48745, 0.627292, 0.490345, 0.347371
2.00831, 0.494787, 0.632718, 0.499492, 0.359345
2.02339, 0.502262, 0.638325, 0.508637, 0.371318
2.03846, 0.509874, 0.644113, 0.517782, 0.383291
2.05354, 0.517625, 0.650082, 0.526926, 0.395262
2.06862, 0.525514, 0.656231, 0.536069, 0.407232
2.08369, 0.533541, 0.662561, 0.545211, 0.4192
2.09877, 0.541705, 0.669071, 0.554351, 0.431167
2.11385, 0.550008, 0.675762, 0.563489, 0.443131
2.12892, 0.558449, 0.682633, 0.572625, 0.455092
2.144, 0.567028, 0.689686, 0.581757, 0.46705
2.15908, 0.575744, 0.696918, 0.590886, 0.479002
2.17415, 0.584599, 0.704332, 0.600009, 0.490948
2.18923, 0.593592, 0.711926, 0.609124, 0.502884
2.20431, 0.602723, 0.7197, 0.618227, 0.514807
2.21938, 0.611993, 0.727655, 0.627314, 0.526708
2.23446, 0.6214, 0.73579, 0.636372, 0.538575
2.24954, 0.630946, 0.744105, 0.645377, 0.550378
2.26461, 0.640632, 0.7526, 0.654268, 0.562044
2.27969, 0.650459, 0.761271, 0.662845, 0.573329
2.29477, 0.66044, 0.770105, 0.67001, 0.582903
2.30984, 0.670596, 0.778971, 0.669532, 0.583192
2.32492, 0.680749, 0.787665, 0.66152, 0.57423
2.34, 0.690763, 0.796186, 0.652181, 0.563516
2.35508, 0.700625, 0.804538, 0.642594, 0.552378
2.37015, 0.710333, 0.812723, 0.632948, 0.541065
2.38523, 0.719889, 0.820738, 0.623294, 0.529653
2.40031, 0.729293, 0.828584, 0.613651, 0.518177
2.41538, 0.738546, 0.836258, 0.604025, 0.506653
2.43046, 0.74765, 0.843761, 0.594418, 0.495092
2.44554, 0.756606, 0.851092, 0.584831, 0.483501
2.46061, 0.765413, 0.85825, 0.575262, 0.471885
2.47569, 0.774073, 0.865235, 0.565711, 0.460247
2.49077, 0.782586, 0.872046, 0.556177, 0.44859
2.50584, 0.790953, 0.878683, 0.546659, 0.436916
2.52092, 0.799174, 0.885145, 0.537154, 0.425228
2.536, 0.80725, 0.891432, 0.527664, 0.413526
2.55107, 0.815181, 0.897545, 0.518186, 0.401812
2.56615, 0.822967, 0.903481, 0.50872, 0.390087
2.58123, 0.830609, 0.909242, 0.499265, 0.378352
2.5963, 0.838107, 0.914827, 0.48982, 0.366607
2.61138, 0.845461, 0.920236, 0.480384, 0.354854
2.62646, 0.852672, 0.925469, 0.470958, 0.343093
2.64153, 0.859739, 0.930525, 0.46154, 0.331324
2.65661, 0.866663, 0.935405, 0.452131, 0.319548
2.67169, 0.873444, 0.940108, 0.442729, 0.307766
2.68677, 0.880083, 0.944633, 0.433333, 0.295978
2.70184, 0.886579, 0.948982, 0.423945, 0.284184
2.71692, 0.892932, 0.953154, 0.414563, 0.272385
2.732, 0.899143, 0.957148, 0.405187, 0.260581
2.74707, 0.905212, 0.960965, 0.395817, 0.248772
2.76215, 0.911139, 0.964604, 0.386452, 0.236958
2.77723, 0.916924, 0.968066, 0.377093, 0.22514
2.7923, 0.922567, 0.97135, 0.367738, 0.213318
2.80738, 0.928069, 0.974456, 0.358388, 0.201492
2.82246, 0.933429, 0.977385, 0.349043, 0.189663
2.83753, 0.938647, 0.980135, 0.339702, 0.17783
2.85261, 0.943725, 0.982708, 0.330365, 0.165993
2.86769, 0.94866, 0.985102, 0.321032, 0.154154
2.88276, 0.953455, 0.987318, 0.311703, 0.142311
2.89784, 0.958108, 0.989356, 0.302378, 0.130465
2.91292, 0.962621, 0.991216, 0.293055, 0.118617
2.92799, 0.966992, 0.992898, 0.283737, 0.106766
2.94307, 0.971223, 0.994401, 0.274421, 0.0949122
2.95815, 0.975312, 0.995726, 0.265109, 0.0830558
2.97322, 0.979261, 0.996872, 0.255799, 0.0711971
2.9883, 0.983069, 0.99784, 0.246493, 0.0593363
3.00338, 0.986736, 0.998629, 0.237189, 0.047473
3.01846, 0.990263, 0.99924, 0.227888, 0.0356079
3.03353, 0.993649, 0.999672, 0.21859, 0.0237405
3.04861, 0.996895, 0.999925, 0.209294, 0.0118714
3.06369, 1, 1, 0.2, -4.56348e-08
