2.33518, 0
0, 0, 0, 0.5, 0
0.0115869, 0.0050291, 1.25825e-05, 0.498691, 0.0114783
0.0231739, 0.0100436, 0.000158602, 0.497381, 0.0229555
0.0347608, 0.0150435, 0.000438056, 0.496069, 0.0344316
0.0463477, 0.0200286, 0.000850831, 0.494757, 0.0459067
0.0579347, 0.024999, 0.00139707, 0.493443, 0.0573806
0.0695216, 0.0299548, 0.00207674, 0.492128, 0.0688533
0.0811086, 0.034896, 0.00288969, 0.490812, 0.0803248
0.0926955, 0.0398225, 0.00383619, 0.489495, 0.091795
0.104282, 0.0447344, 0.00491607, 0.488176, 0.103264
0.115869, 0.0496316, 0.00612924, 0.486856, 0.114731
0.127456, 0.0545143, 0.00747589, 0.485534, 0.126197
0.139043, 0.0593821, 0.00895593, 0.484211, 0.137661
0.15063, 0.0642355, 0.0105694, 0.482886, 0.149124
0.162217, 0.0690742, 0.0123162, 0.481559, 0.160585
0.173804, 0.0738981, 0.0141963, 0.480231, 0.172045
0.185391, 0.0787075, 0.0162099, 0.478901, 0.183502
0.196978, 0.0835023, 0.0183569, 0.477568, 0.194957
0.208565, 0.0882824, 0.0206372, 0.476234, 0.206411
0.220152, 0.093048, 0.0230509, 0.474898, 0.217862
0.231739, 0.0977988, 0.025598, 0.473559, 0.229311
0.243326, 0.102535, 0.0282784, 0.472218, 0.240758
0.254913, 0.107257, 0.0310922, 0.470875, 0.252202
0.2665, 0.111964, 0.0340393, 0.469529, 0.263643
0.278086, 0.116656, 0.0371198, 0.46818, 0.275082
0.289673, 0.121334, 0.0403336, 0.466828, 0.286518
0.30126, 0.125997, 0.0436808, 0.465473, 0.297951
0.312847, 0.130646, 0.0471613, 0.464115, 0.30938
0.324434, 0.13528, 0.0507751, 0.462753, 0.320806
0.336021, 0.1399, 0.0545222, 0.461388, 0.332228
0.347608, 0.144505, 0.0584027, 0.460019, 0.343646
0.359195, 0.149095, 0.0624164, 0.458646, 0.355061
0.370782, 0.153671, 0.0665635, 0.457269, 0.36647
0.382369, 0.158232, 0.0708437, 0.455887, 0.377875
0.393956, 0.162779, 0.0752573, 0.4545, 0.389275
0.405543, 0.167312, 0.0798041, 0.453108, 0.40067
0.41713, 0.171829, 0.0844842, 0.451711, 0.412059
0.428717, 0.176333, 0.0892975, 0.450307, 0.423441
0.440304, 0.180821, 0.094244, 0.448898, 0.434817
0.45189, 0.185296, 0.0993237, 0.447481, 0.446186
0.463477, 0.189756, 0.104536, 0.446057, 0.457547
0.475064, 0.194201, 0.109882, 0.444625, 0.4689
0.486651, 0.198632, 0.115362, 0.443185, 0.480244
0.498238, 0.203049, 0.120974, 0.441736, 0.491579
0.509825, 0.207451, 0.126719, 0.440277, 0.502903
0.521412, 0.211839, 0.132597, 0.438807, 0.514215
0.532999, 0.216213, 0.138609, 0.437326, 0.525515
0.544586, 0.220573, 0.144753, 0.435832, 0.536801
0.556173, 0.224918, 0.15103, 0.434324, 0.548072
0.56776, 0.229249, 0.15744, 0.432801, 0.559327
0.579347, 0.233566, 0.163983, 0.431262, 0.570564
0.590934, 0.237869, 0.170659, 0.429705, 0.58178
0.602521, 0.242158, 0.177467, 0.428127, 0.592974
0.614108, 0.246433, 0.184407, 0.426528, 0.604144
0.625695, 0.250694, 0.191481, 0.424904, 0.615286
0.637281, 0.254942, 0.198686, 0.423253, 0.626396
0.648868, 0.259175, 0.206024, 0.421572, 0.637471
0.660455, 0.263396, 0.213493, 0.419856, 0.648507
0.672042, 0.267603, 0.221095, 0.418102, 0.659497
0.683629, 0.271797, 0.228828, 0.416305, 0.670436
0.695216, 0.275978, 0.236692, 0.414457, 0.681314
0.706803, 0.280146, 0.244687, 0.412554, 0.692124
0.71839, 0.284303, 0.252813, 0.410586, 0.702852
0.729977, 0.288447, 0.261069, 0.408543, 0.713486
0.741564, 0.292579, 0.269454, 0.406413, 0.724009
0.753151, 0.296701, 0.277967, 0.404182, 0.734396
0.764738, 0.300812, 0.286608, 0.401831, 0.744622
0.776325, 0.304914, 0.295375, 0.39934, 0.754653
0.787912, 0.309008, 0.304267, 0.396681, 0.764441
0.799499, 0.313094, 0.31328, 0.393822, 0.773932
0.811085, 0.317174, 0.322413, 0.390723, 0.783048
0.822672, 0.321251, 0.33166, 0.387336, 0.791689
0.834259, 0.325326, 0.341016, 0.383604, 0.799727
0.845846, 0.329401, 0.350474, 0.379463, 0.806993
0.857433, 0.333479, 0.360021, 0.374852, 0.813277
0.86902, 0.33756, 0.369644, 0.369716, 0.818325
0.880607, 0.341645, 0.379322, 0.364035, 0.821858
0.892194, 0.345727, 0.389033, 0.357847, 0.823623
0.903781, 0.3498, 0.398747, 0.351267, 0.823453
0.915368, 0.353851, 0.408436, 0.344476, 0.821322
0.926955, 0.357865, 0.418075, 0.337681, 0.817361
0.938542, 0.361831, 0.427642, 0.331071, 0.811814
0.950129, 0.36574, 0.437121, 0.32478, 0.804969
0.961716, 0.369588, 0.446499, 0.318885, 0.7971
0.973303, 0.373374, 0.455768, 0.313416, 0.78844
0.98489, 0.377098, 0.464921, 0.30837, 0.779174
0.996476, 0.380764, 0.473956, 0.30373, 0.769445
1.00806, 0.384374, 0.482868, 0.299465, 0.759358
1.01965, 0.387932, 0.491655, 0.295546, 0.748994
1.03124, 0.391443, 0.500315, 0.291941, 0.738414
1.04282, 0.394908, 0.508848, 0.288621, 0.727661
1.05441, 0.398332, 0.517251, 0.285559, 0.716772
1.066, 0.401718, 0.525524, 0.282732, 0.705771
1.07758, 0.405068, 0.533666, 0.280118, 0.694681
1.08917, 0.408385, 0.541677, 0.277697, 0.683516
1.10076, 0.411672, 0.549556, 0.275453, 0.67229
1.11235, 0.41493, 0.557302, 0.273371, 0.661013
1.12393, 0.418162, 0.564917, 0.271438, 0.649694
1.13552, 0.421369, 0.572398, 0.26964, 0.638339
1.14711, 0.424554, 0.579747, 0.267969, 0.626953
1.15899, 0.428958, 0.587314, 0.272194, 0.637225
1.17087, 0.433395, 0.595008, 0.276489, 0.647438
1.18275, 0.437865, 0.602828, 0.280858, 0.657588
1.19463, 0.442369, 0.610775, 0.285304, 0.667671
1.20651, 0.446908, 0.618847, 0.289829, 0.677682
1.21839, 0.451481, 0.627043, 0.29444, 0.687617
1.23027, 0.456089, 0.635363, 0.299138, 0.697472
1.24215, 0.460733, 0.643806, 0.303929, 0.70724
1.25403, 0.465413, 0.652371, 0.308816, 0.716915
1.26591, 0.47013, 0.661056, 0.313805, 0.726492
1.27779, 0.474884, 0.669861, 0.318901, 0.735964
1.28967, 0.479676, 0.678784, 0.324108, 0.745322
1.30156, 0.484507, 0.687824, 0.329432, 0.75456
1.31344, 0.489377, 0.69698, 0.334879, 0.763666
1.32532, 0.494287, 0.70625, 0.340454, 0.772633
1.3372, 0.499238, 0.715633, 0.346163, 0.78145
1.34908, 0.504231, 0.725126, 0.352014, 0.790104
1.36096, 0.509266, 0.734728, 0.358012, 0.798583
1.37284, 0.514345, 0.744435, 0.364164, 0.806874
1.38472, 0.519469, 0.754247, 0.370476, 0.814961
1.3966, 0.524638, 0.764161, 0.376956, 0.822829
1.40848, 0.529854, 0.774173, 0.38361, 0.830459
1.42036, 0.535118, 0.784281, 0.390445, 0.837832
1.43224, 0.540432, 0.794481, 0.397466, 0.844929
1.44412, 0.545796, 0.804769, 0.40468, 0.851725
1.456, 0.551213, 0.815142, 0.412091, 0.858198
1.46789, 0.556684, 0.825595, 0.419704, 0.864323
1.47977, 0.562211, 0.836124, 0.427521, 0.870071
1.49165, 0.567796, 0.846724, 0.435543, 0.875414
1.50353, 0.57344, 0.857388, 0.44377, 0.880324
1.51541, 0.579145, 0.868111, 0.452199, 0.884769
1.52729, 0.584915, 0.878886, 0.460825, 0.888719
1.53917, 0.590751, 0.889707, 0.469639, 0.892142
1.55105, 0.596656, 0.900567, 0.478629, 0.895011
1.56293, 0.602632, 0.911458, 0.487781, 0.897295
1.57481, 0.608681, 0.922371, 0.497074, 0.89897
1.58669, 0.614807, 0.933298, 0.506488, 0.900013
1.59857, 0.621012, 0.944231, 0.515996, 0.900406
1.61045, 0.627299, 0.955162, 0.525569, 0.900136
1.62233, 0.633669, 0.96608, 0.535176, 0.899197
1.63422, 0.640126, 0.976978, 0.544786, 0.897586
1.6461, 0.646671, 0.987847, 0.554364, 0.895309
1.65798, 0.653307, 0.998678, 0.563878, 0.892378
1.66986, 0.660033, 1.00946, 0.573296, 0.888809
1.68174, 0.666852, 1.02019, 0.582589, 0.884625
1.69362, 0.673764, 1.03086, 0.591729, 0.879852
1.7055, 0.68077, 1.04147, 0.600693, 0.87452
1.71738, 0.687868, 1.05199, 0.609461, 0.868661
1.72926, 0.69506, 1.06244, 0.618015, 0.862308
1.74114, 0.702343, 1.0728, 0.626343, 0.855496
1.75302, 0.709717, 1.08307, 0.634435, 0.848257
1.7649, 0.71718, 1.09324, 0.642284, 0.840626
1.77678, 0.724731, 1.10332, 0.649887, 0.832633
1.78866, 0.732367, 1.11329, 0.657243, 0.82431
1.80055, 0.740087, 1.12315, 0.664351, 0.815684
1.81243, 0.747889, 1.13291, 0.671214, 0.806781
1.82431, 0.75577, 1.14255, 0.677837, 0.797627
1.83619, 0.763728, 1.15207, 0.684224, 0.788244
1.84807, 0.77176, 1.16148, 0.69038, 0.778652
1.85995, 0.779865, 1.17076, 0.696313, 0.768871
1.87183, 0.78804, 1.17993, 0.702028, 0.758917
1.88371, 0.796283, 1.18897, 0.707533, 0.748806
1.89559, 0.804591, 1.19789, 0.712836, 0.738553
1.90747, 0.812962, 1.20668, 0.717942, 0.728169
1.91935, 0.821395, 1.21534, 0.72286, 0.717666
1.93123, 0.829887, 1.22388, 0.727597, 0.707056
1.94311, 0.838435, 1.23228, 0.732159, 0.696347
1.95499, 0.847039, 1.24056, 0.736553, 0.685547
1.96687, 0.855696, 1.2487, 0.740787, 0.674666
1.97876, 0.864404, 1.25671, 0.744865, 0.663709
1.99064, 0.873162, 1.26459, 0.748794, 0.652682
2.00252, 0.881967, 1.27233, 0.752581, 0.641593
2.0144, 0.890818, 1.27994, 0.75623, 0.630445
2.02628, 0.899714, 1.28742, 0.759748, 0.619244
2.03816, 0.908653, 1.29475, 0.763138, 0.607994
2.05004, 0.917633, 1.30196, 0.766407, 0.596699
2.06192, 0.926653, 1.30903, 0.769558, 0.585362
2.0738, 0.935711, 1.31596, 0.772597, 0.573986
2.08568, 0.944807, 1.32275, 0.775527, 0.562575
2.09756, 0.953938, 1.32941, 0.778352, 0.551131
2.10944, 0.963104, 1.33593, 0.781077, 0.539657
2.12132, 0.972304, 1.34231, 0.783705, 0.528156
2.1332, 0.981535, 1.34856, 0.78624, 0.516628
2.14509, 0.990798, 1.35467, 0.788685, 0.505075
2.15697, 1.00009, 1.36063, 0.791043, 0.493501
2.16885, 1.00941, 1.36646, 0.793317, 0.481906
2.18073, 1.01876, 1.37215, 0.79551, 0.470291
2.19261, 1.02814, 1.3777, 0.797625, 0.458659
2.20449, 1.03754, 1.38312, 0.799664, 0.44701
2.21637, 1.04697, 1.38839, 0.80163, 0.435346
2.22825, 1.05642, 1.39352, 0.803526, 0.423667
2.24013, 1.0659, 1.39852, 0.805354, 0.411974
2.25201, 1.07539, 1.40337, 0.807115, 0.40027
2.26389, 1.08491, 1.40808, 0.808812, 0.388553
2.27577, 1.09446, 1.41266, 0.810447, 0.376826
2.28765, 1.10402, 1.41709, 0.812022, 0.365088
2.29953, 1.1136, 1.42139, 0.813539, 0.353341
2.31142, 1.1232, 1.42554, 0.815, 0.341585
2.3233, 1.13281, 1.42955, 0.816405, 0.32982
2.33518, 1.14245, 1.43343, 0.817758, 0.318049
