1.95413, 0.0534059
0, 0, 0, 0.5, 0
0.0111897, 0.00468267, 8.55052e-05, 0.499595, 0.0111231
0.0223794, 0.00936222, 0.000296038, 0.499188, 0.0222444
0.0335691, 0.0140383, 0.000631613, 0.498778, 0.0333642
0.0447588, 0.0187111, 0.00109221, 0.498365, 0.0444822
0.0559485, 0.0233806, 0.00167786, 0.497949, 0.0555984
0.0671382, 0.028047, 0.00238848, 0.497529, 0.0667126
0.0783279, 0.0327098, 0.00322412, 0.497107, 0.077825
0.0895176, 0.0373696, 0.00418477, 0.496681, 0.0889351
0.100707, 0.042026, 0.00527036, 0.496251, 0.100043
0.111897, 0.046679, 0.00648098, 0.495818, 0.111149
0.123087, 0.0513288, 0.00781659, 0.495381, 0.122252
0.134276, 0.0559753, 0.00927716, 0.49494, 0.133353
0.145466, 0.0606185, 0.0108627, 0.494494, 0.144452
0.156656, 0.0652584, 0.0125732, 0.494045, 0.155548
0.167846, 0.069895, 0.0144086, 0.49359, 0.166641
0.179035, 0.0745284, 0.016369, 0.493131, 0.177731
0.190225, 0.0791585, 0.0184543, 0.492667, 0.188818
0.201415, 0.0837852, 0.0206645, 0.492198, 0.199901
0.212604, 0.0884087, 0.0229996, 0.491723, 0.210982
0.223794, 0.0930289, 0.0254596, 0.491243, 0.222059
0.234984, 0.0976457, 0.0280445, 0.490757, 0.233132
0.246173, 0.102259, 0.0307542, 0.490264, 0.244201
0.257363, 0.10687, 0.0335888, 0.489765, 0.255266
0.268553, 0.111477, 0.0365482, 0.489258, 0.266326
0.279743, 0.116081, 0.0396324, 0.488745, 0.277382
0.290932, 0.120681, 0.0428414, 0.488224, 0.288433
0.302122, 0.125278, 0.0461752, 0.487695, 0.299479
0.313312, 0.129872, 0.0496337, 0.487157, 0.31052
0.324501, 0.134463, 0.053217, 0.486611, 0.321555
0.335691, 0.13905, 0.0569249, 0.486054, 0.332584
0.346881, 0.143634, 0.0607575, 0.485488, 0.343606
0.35807, 0.148215, 0.0647148, 0.484912, 0.354621
0.36926, 0.152792, 0.0687967, 0.484324, 0.365629
0.38045, 0.157366, 0.0730031, 0.483724, 0.376629
0.39164, 0.161937, 0.0773341, 0.483112, 0.387621
0.402829, 0.166505, 0.0817895, 0.482486, 0.398604
0.414019, 0.17107, 0.0863695, 0.481846, 0.409578
0.425209, 0.175631, 0.0910738, 0.48119, 0.420541
0.436398, 0.180189, 0.0959025, 0.480519, 0.431493
0.447588, 0.184743, 0.100855, 0.47983, 0.442434
0.458778, 0.189295, 0.105933, 0.479123, 0.453362
0.469967, 0.193843, 0.111134, 0.478396, 0.464276
0.481157, 0.198387, 0.116459, 0.477647, 0.475176
0.492347, 0.202929, 0.121909, 0.476875, 0.486059
0.503537, 0.207467, 0.127482, 0.476079, 0.496926
0.514726, 0.212002, 0.133179, 0.475257, 0.507773
0.525916, 0.216534, 0.139, 0.474405, 0.5186
0.537106, 0.221063, 0.144944, 0.473523, 0.529405
0.548295, 0.225588, 0.151012, 0.472607, 0.540185
0.559485, 0.230111, 0.157203, 0.471654, 0.550937
0.570675, 0.23463, 0.163517, 0.470661, 0.561661
0.581864, 0.239146, 0.169954, 0.469625, 0.572351
0.593054, 0.243658, 0.176514, 0.468541, 0.583006
0.604244, 0.248168, 0.183195, 0.467404, 0.59362
0.615434, 0.252674, 0.189999, 0.46621, 0.604189
0.626623, 0.257177, 0.196925, 0.464953, 0.614707
0.637813, 0.261678, 0.203972, 0.463625, 0.62517
0.649003, 0.266175, 0.211139, 0.46222, 0.635568
0.660192, 0.270669, 0.218427, 0.460728, 0.645894
0.671382, 0.27516, 0.225835, 0.45914, 0.656139
0.682572, 0.279648, 0.233361, 0.457444, 0.666289
0.693761, 0.284133, 0.241006, 0.455626, 0.676331
0.704951, 0.288615, 0.248767, 0.453673, 0.686249
0.716141, 0.293095, 0.256644, 0.451564, 0.696021
0.727331, 0.297571, 0.264634, 0.449281, 0.705625
0.73852, 0.302045, 0.272738, 0.4468, 0.71503
0.74971, 0.306516, 0.280951, 0.444093, 0.7242
0.7609, 0.310984, 0.289271, 0.44113, 0.733092
0.772089, 0.315449, 0.297695, 0.437875, 0.74165
0.783279, 0.31991, 0.306218, 0.434289, 0.749811
0.794469, 0.324368, 0.314835, 0.430328, 0.757492
0.805658, 0.328821, 0.32354, 0.425949, 0.764599
0.816848, 0.333268, 0.332323, 0.421108, 0.771016
0.828038, 0.337707, 0.341176, 0.415768, 0.776614
0.839228, 0.342135, 0.350086, 0.409909, 0.781249
0.850417, 0.346546, 0.359038, 0.403532, 0.784778
0.861607, 0.350934, 0.368017, 0.396669, 0.787066
0.872797, 0.355291, 0.377005, 0.389394, 0.788019
0.883986, 0.359609, 0.385984, 0.381812, 0.787587
0.895176, 0.363876, 0.394937, 0.374052, 0.785784
0.906366, 0.368085, 0.403847, 0.366249, 0.782684
0.917555, 0.372228, 0.412701, 0.358525, 0.7784
0.928745, 0.3763, 0.421487, 0.350981, 0.773077
0.939935, 0.380297, 0.430196, 0.343687, 0.76686
0.951125, 0.38422, 0.438819, 0.336689, 0.759889
0.962314, 0.388067, 0.447351, 0.330009, 0.752291
0.973504, 0.391842, 0.455786, 0.323653, 0.74417
0.984694, 0.395545, 0.46412, 0.317617, 0.735617
0.995883, 0.39918, 0.47235, 0.311891, 0.726706
1.00707, 0.402749, 0.480474, 0.306457, 0.717497
1.01826, 0.406255, 0.488488, 0.3013, 0.708038
1.02945, 0.409701, 0.496391, 0.296401, 0.69837
1.04064, 0.41309, 0.504182, 0.291742, 0.688526
1.05183, 0.416425, 0.511858, 0.287308, 0.678531
1.06302, 0.419708, 0.51942, 0.28308, 0.668409
1.07421, 0.422942, 0.526865, 0.279046, 0.658175
1.0854, 0.426128, 0.534194, 0.275191, 0.647847
1.09659, 0.429269, 0.541405, 0.271502, 0.637436
1.10778, 0.432366, 0.548497, 0.267969, 0.626953
1.11624, 0.433589, 0.557105, 0.27162, 0.624721
1.12471, 0.434871, 0.565725, 0.275334, 0.62246
1.13317, 0.436213, 0.574355, 0.279107, 0.62017
1.14163, 0.437616, 0.582996, 0.28294, 0.617851
1.1501, 0.43908, 0.591646, 0.286832, 0.615505
1.15856, 0.440604, 0.600304, 0.290781, 0.613132
1.16702, 0.44219, 0.608969, 0.294787, 0.610732
1.17549, 0.443837, 0.61764, 0.298848, 0.608306
1.18395, 0.445545, 0.626317, 0.302964, 0.605854
1.19242, 0.447316, 0.634998, 0.307134, 0.603376
1.20088, 0.449148, 0.643683, 0.311356, 0.600874
1.20934, 0.451042, 0.652371, 0.31563, 0.598347
1.21781, 0.452998, 0.66106, 0.319956, 0.595796
1.22627, 0.455017, 0.669751, 0.324331, 0.593221
1.23473, 0.457098, 0.678442, 0.328756, 0.590623
1.2432, 0.459242, 0.687133, 0.333229, 0.588003
1.25166, 0.461448, 0.695823, 0.337749, 0.58536
1.26012, 0.463717, 0.70451, 0.342317, 0.582695
1.26859, 0.466049, 0.713195, 0.34693, 0.580009
1.27705, 0.468443, 0.721876, 0.351587, 0.577302
1.28551, 0.470901, 0.730554, 0.35629, 0.574574
1.29398, 0.473422, 0.739226, 0.361035, 0.571826
1.30244, 0.476006, 0.747893, 0.365823, 0.569058
1.3109, 0.478653, 0.756553, 0.370653, 0.56627
1.31937, 0.481364, 0.765207, 0.375524, 0.563464
1.32783, 0.484138, 0.773853, 0.380435, 0.560638
1.33629, 0.486975, 0.782491, 0.385386, 0.557794
1.34476, 0.489876, 0.79112, 0.390375, 0.554932
1.35322, 0.49284, 0.79974, 0.395403, 0.552053
1.36169, 0.495868, 0.808349, 0.400468, 0.549156
1.37015, 0.498959, 0.816948, 0.40557, 0.546242
1.37861, 0.502114, 0.825536, 0.410708, 0.543311
1.38708, 0.505333, 0.834112, 0.415882, 0.540364
1.39554, 0.508615, 0.842676, 0.42109, 0.537401
1.404, 0.511961, 0.851227, 0.426332, 0.534422
1.41247, 0.515371, 0.859765, 0.431608, 0.531427
1.42093, 0.518844, 0.868289, 0.436917, 0.528418
1.42939, 0.522381, 0.876798, 0.442258, 0.525394
1.43786, 0.525982, 0.885293, 0.447631, 0.522355
1.44632, 0.529647, 0.893772, 0.453035, 0.519302
1.45478, 0.533375, 0.902236, 0.458469, 0.516235
1.46325, 0.537167, 0.910683, 0.463933, 0.513154
1.47171, 0.541023, 0.919113, 0.469427, 0.510059
1.48017, 0.544942, 0.927527, 0.47495, 0.506952
1.48864, 0.548926, 0.935922, 0.480501, 0.503832
1.4971, 0.552973, 0.9443, 0.48608, 0.500699
1.50556, 0.557084, 0.95266, 0.491686, 0.497553
1.51403, 0.561258, 0.961, 0.497319, 0.494396
1.52249, 0.565497, 0.969322, 0.502979, 0.491226
1.53095, 0.569799, 0.977624, 0.508664, 0.488045
1.53942, 0.574165, 0.985905, 0.514375, 0.484852
1.54788, 0.578595, 0.994167, 0.520111, 0.481648
1.55635, 0.583088, 1.00241, 0.525871, 0.478433
1.56481, 0.587645, 1.01063, 0.531655, 0.475207
1.57327, 0.592266, 1.01883, 0.537463, 0.471971
1.58174, 0.59695, 1.027, 0.543295, 0.468724
1.5902, 0.601698, 1.03516, 0.549149, 0.465467
1.59866, 0.60651, 1.04329, 0.555025, 0.4622
1.60713, 0.611385, 1.0514, 0.560924, 0.458923
1.61559, 0.616324, 1.05949, 0.566844, 0.455637
1.62405, 0.621327, 1.06755, 0.572785, 0.452341
1.63252, 0.626393, 1.07559, 0.578748, 0.449035
1.64098, 0.631523, 1.08361, 0.58473, 0.445721
1.64944, 0.636716, 1.0916, 0.590733, 0.442398
1.65791, 0.641973, 1.09957, 0.596756, 0.439066
1.66637, 0.647294, 1.10751, 0.602798, 0.435726
1.67483, 0.652678, 1.11543, 0.608859, 0.432377
1.6833, 0.658125, 1.12333, 0.614939, 0.42902
1.69176, 0.663636, 1.13119, 0.621038, 0.425655
1.70022, 0.669211, 1.13904, 0.627155, 0.422281
1.70869, 0.674848, 1.14685, 0.633289, 0.4189
1.71715, 0.68055, 1.15464, 0.639441, 0.415512
1.72562, 0.686314, 1.16241, 0.645611, 0.412116
1.73408, 0.692143, 1.17015, 0.651797, 0.408713
1.74254, 0.698034, 1.17786, 0.658, 0.405302
1.75101, 0.703989, 1.18554, 0.664219, 0.401884
1.75947, 0.710007, 1.1932, 0.670454, 0.39846
1.76793, 0.716089, 1.20083, 0.676705, 0.395029
1.7764, 0.722233, 1.20843, 0.682972, 0.39159
1.78486, 0.728442, 1.21601, 0.689254, 0.388146
1.79332, 0.734713, 1.22355, 0.695552, 0.384695
1.80179, 0.741048, 1.23107, 0.701864, 0.381237
1.81025, 0.747446, 1.23856, 0.70819, 0.377774
1.81871, 0.753907, 1.24603, 0.714531, 0.374304
1.82718, 0.760431, 1.25346, 0.720886, 0.370829
1.83564, 0.767019, 1.26086, 0.727255, 0.367347
1.8441, 0.773669, 1.26824, 0.733637, 0.36386
1.85257, 0.780383, 1.27559, 0.740033, 0.360367
1.86103, 0.78716, 1.28291, 0.746442, 0.356869
1.86949, 0.794, 1.29019, 0.752865, 0.353365
1.87796, 0.800903, 1.29745, 0.7593, 0.349856
1.88642, 0.80787, 1.30468, 0.765747, 0.346341
1.89488, 0.814899, 1.31188, 0.772207, 0.342822
1.90335, 0.821992, 1.31905, 0.778679, 0.339297
1.91181, 0.829147, 1.32619, 0.785163, 0.335768
1.92028, 0.836366, 1.3333, 0.791659, 0.332233
1.92874, 0.843647, 1.34038, 0.798167, 0.328694
1.9372, 0.850991, 1.34743, 0.804686, 0.32515
1.94567, 0.858399, 1.35445, 0.811216, 0.321602
1.95413, 0.865869, 1.36143, 0.817758, 0.318049
