33.0661, 0
0, 0, 0, 0.5, 0
0.173519, 0.0717033, 0.00010427, 0.326485, 0.00128999
0.347039, 0.113302, 0.000432357, 0.152971, 0.00257999
0.520558, 0.124792, 0.000984278, -0.0205438, 0.00386998
0.694078, 0.106173, 0.00176005, -0.194058, 0.00515998
0.867597, 0.0574479, 0.00275965, -0.367573, 0.00644997
1.04112, -0.0213918, 0.00398313, -0.541088, 0.00773997
1.21464, -0.130332, 0.00543039, -0.714602, 0.00902996
1.38816, -0.269382, 0.00710151, -0.888117, 0.01032
1.56167, -0.438542, 0.00899648, -1.06163, 0.01161
1.73519, -0.637815, 0.0111153, -1.23515, 0.0128999
1.90871, -0.867188, 0.0134579, -1.40866, 0.0141899
2.08223, -1.12667, 0.0160244, -1.58218, 0.0154799
2.25575, -1.41626, 0.0188147, -1.75569, 0.0167699
2.42927, -1.73596, 0.0218289, -1.9292, 0.0180599
2.60279, -2.08577, 0.0250669, -2.10272, 0.0193499
2.77631, -2.46569, 0.0285288, -2.27623, 0.0206399
2.94983, -2.87572, 0.0322144, -2.44975, 0.0219299
3.12335, -3.31585, 0.036124, -2.62326, 0.0232199
3.29687, -3.78609, 0.0402573, -2.79678, 0.0245099
3.47039, -4.28644, 0.0446145, -2.97029, 0.0257999
3.64391, -4.8169, 0.0491955, -3.14381, 0.0270899
3.81743, -5.37746, 0.0540004, -3.31732, 0.0283799
3.99095, -5.96814, 0.0590291, -3.49084, 0.0296699
4.16447, -6.58892, 0.0642817, -3.66435, 0.0309599
4.33799, -7.23981, 0.0697581, -3.83787, 0.0322499
4.51151, -7.92081, 0.0754583, -4.01138, 0.0335399
4.68503, -8.63192, 0.0813824, -4.1849, 0.0348299
4.85854, -9.37313, 0.0875303, -4.35841, 0.0361198
5.03206, -10.1445, 0.0939021, -4.53192, 0.0374098
5.20558, -10.9459, 0.100498, -4.70544, 0.0386998
5.3791, -11.7774, 0.107317, -4.87895, 0.0399898
5.55262, -12.6391, 0.115586, -5.05247, 0.0408859
5.72614, -13.5308, 0.121627, -5.22598, 0.0425698
5.89966, -14.4527, 0.129118, -5.3995, 0.0438598
6.07318, -15.4047, 0.136833, -5.57301, 0.0451498
6.2467, -16.3867, 0.145724, -5.74653, 0.0460459
6.42022, -17.3989, 0.152934, -5.92004, 0.0477298
6.59374, -18.4412, 0.161321, -6.09356, 0.0490198
6.76726, -19.5136, 0.169931, -6.26707, 0.0503098
6.94078, -20.6161, 0.178765, -6.44058, 0.0515998
7.1143, -21.7488, 0.188528, -6.6141, 0.0524346
7.28782, -22.9115, 0.197104, -6.78762, 0.0541798
7.46134, -24.1043, 0.207142, -6.96113, 0.0550273
7.63486, -25.3273, 0.216339, -7.13465, 0.0567598
7.80837, -26.5803, 0.226292, -7.30816, 0.0580498
7.98189, -27.8635, 0.236469, -7.48168, 0.0593398
8.15541, -29.1768, 0.247095, -7.65519, 0.0601873
8.32893, -30.5201, 0.257495, -7.8287, 0.0619197
8.50245, -31.8936, 0.268343, -8.00226, 0.06321
8.67597, -33.2971, 0.279405, -8.15214, 0.0634589
8.84949, -34.6966, 0.29029, -7.97871, 0.0620478
9.02301, -36.066, 0.300942, -7.80519, 0.0607286
9.19653, -37.4053, 0.311366, -7.63166, 0.0594211
9.37005, -38.7145, 0.321564, -7.45816, 0.0581187
9.54357, -39.9936, 0.331536, -7.28465, 0.056819
9.71709, -41.2425, 0.341282, -7.11113, 0.0555211
9.89061, -42.4614, 0.350804, -6.93761, 0.0542243
10.0641, -43.6502, 0.3601, -6.7641, 0.0529284
10.2376, -44.8088, 0.369172, -6.59059, 0.0516333
10.4112, -45.9374, 0.378019, -6.41707, 0.0503387
10.5847, -47.0358, 0.386641, -6.24356, 0.0490445
10.7582, -48.1041, 0.395039, -6.07004, 0.0477507
10.9317, -49.1423, 0.403213, -5.89653, 0.0464572
11.1052, -50.1504, 0.411162, -5.72301, 0.0451639
11.2788, -51.1284, 0.418886, -5.5495, 0.0438709
11.4523, -52.0763, 0.426387, -5.37598, 0.0425781
11.6258, -52.9941, 0.433663, -5.20247, 0.0412854
11.7993, -53.8818, 0.440714, -5.02895, 0.0399929
11.9728, -54.7394, 0.447542, -4.85544, 0.0387005
12.1464, -55.5668, 0.454145, -4.68193, 0.0374083
12.3199, -56.3642, 0.460524, -4.50841, 0.0361161
12.4934, -57.1314, 0.466679, -4.33489, 0.0348241
12.6669, -57.8686, 0.472609, -4.16138, 0.0335321
12.8404, -58.5756, 0.478316, -3.98787, 0.0322402
13.014, -59.2525, 0.483798, -3.81435, 0.0309485
13.1875, -59.8993, 0.489056, -3.64084, 0.0296567
13.361, -60.516, 0.49409, -3.46732, 0.0283651
13.5345, -61.1026, 0.4989, -3.29381, 0.0270735
13.708, -61.6591, 0.503485, -3.12029, 0.0257819
13.8816, -62.1855, 0.507847, -2.94678, 0.0244904
14.0551, -62.6817, 0.511985, -2.77326, 0.023199
14.2286, -63.1479, 0.515898, -2.59975, 0.0219076
14.4021, -63.5839, 0.519587, -2.42623, 0.0206163
14.5756, -63.9899, 0.523053, -2.25272, 0.019325
14.7492, -64.3657, 0.526294, -2.0792, 0.0180337
14.9227, -64.7114, 0.529311, -1.90569, 0.0167424
15.0962, -65.0271, 0.532104, -1.73218, 0.0154512
15.2697, -65.3126, 0.534673, -1.55866, 0.0141601
15.4432, -65.568, 0.537018, -1.38515, 0.0128689
15.6167, -65.7933, 0.539139, -1.21163, 0.0115778
15.7903, -65.9885, 0.541036, -1.03812, 0.0102867
15.9638, -66.1535, 0.542709, -0.864603, 0.00899569
16.1373, -66.2885, 0.544158, -0.691087, 0.00770464
16.3108, -66.3934, 0.545383, -0.517572, 0.00641363
16.4843, -66.4681, 0.546384, -0.344059, 0.00512266
16.6579, -66.5128, 0.547161, -0.170542, 0.00383167
16.8314, -66.5273, 0.547714, 0.00297031, 0.00254075
17.0049, -66.5117, 0.548042, 0.176484, 0.00124983
17.1784, -66.4661, 0.548147, 0.349999, -4.10777e-05
17.3373, -66.3978, 0.545444, 0.508869, 0.00154518
17.4962, -66.3044, 0.545787, 0.667741, 0.00268185
17.6551, -66.1856, 0.54631, 0.826614, 0.00381851
17.8139, -66.0417, 0.549969, 0.985489, 0.00454667
17.9728, -65.8725, 0.550788, 1.14436, 0.00568333
18.1317, -65.6781, 0.551788, 1.30323, 0.00682
18.2906, -65.4584, 0.552969, 1.46211, 0.00795667
18.4494, -65.2135, 0.55433, 1.62098, 0.00909334
18.6083, -64.9434, 0.555872, 1.77985, 0.01023
18.7672, -64.6479, 0.557594, 1.93872, 0.0113667
18.9261, -64.3273, 0.559497, 2.09759, 0.0125033
19.0849, -63.9814, 0.559145, 2.25646, 0.0140485
19.2438, -63.6103, 0.561474, 2.41534, 0.0151852
19.4027, -63.214, 0.566289, 2.57421, 0.0159133
19.5616, -62.7923, 0.566674, 2.73308, 0.0174585
19.7204, -62.3455, 0.571721, 2.89196, 0.0181867
19.8793, -61.8734, 0.574707, 3.05083, 0.0193233
20.0382, -61.3761, 0.577874, 3.2097, 0.02046
20.1971, -60.8535, 0.57924, 3.36857, 0.0220052
20.356, -60.3057, 0.58475, 3.52744, 0.0227333
20.5148, -59.7327, 0.588459, 3.68632, 0.02387
20.6737, -59.1344, 0.592348, 3.84519, 0.0250067
20.8326, -58.5108, 0.594572, 4.00406, 0.0265813
20.9915, -57.8621, 0.599012, 4.16293, 0.0276885
21.1503, -57.1881, 0.603508, 4.3218, 0.0288252
21.3092, -56.4888, 0.608185, 4.48068, 0.0299619
21.4681, -55.7643, 0.613042, 4.63955, 0.0310985
21.627, -55.0146, 0.619477, 4.79842, 0.0318267
21.7858, -54.2396, 0.624631, 4.95729, 0.0329633
21.9447, -53.4394, 0.628698, 5.11616, 0.0345085
22.1036, -52.6139, 0.63419, 5.27503, 0.0356746
22.2625, -51.7632, 0.641175, 5.43391, 0.0363733
22.4213, -50.8873, 0.645978, 5.59278, 0.0379185
22.5802, -49.9861, 0.652027, 5.75165, 0.0390846
22.7391, -49.0597, 0.658334, 5.91052, 0.0402213
22.898, -48.108, 0.664884, 6.0694, 0.0413285
23.0568, -47.1311, 0.671489, 6.22827, 0.0424946
23.2157, -46.129, 0.678337, 6.38714, 0.0436313
23.3746, -45.1016, 0.685317, 6.54601, 0.0447974
23.5335, -44.049, 0.692576, 6.70489, 0.0459046
23.6924, -42.9711, 0.700559, 6.86376, 0.0466033
23.8512, -41.868, 0.707537, 7.02263, 0.048178
24.0101, -40.7396, 0.715288, 7.1815, 0.0493147
24.169, -39.586, 0.723246, 7.34038, 0.0504219
24.3279, -38.4072, 0.73132, 7.49925, 0.0516052
24.4867, -37.2031, 0.739596, 7.65811, 0.0527779
24.6456, -35.9738, 0.748088, 7.81699, 0.0538908
24.8045, -34.7193, 0.756737, 7.97586, 0.0550663
24.9634, -33.4395, 0.765579, 8.13471, 0.0562549
25.1222, -32.1401, 0.774594, 8.14358, 0.0566786
25.2811, -30.8589, 0.783513, 7.98475, 0.0555905
25.44, -29.6029, 0.792257, 7.82586, 0.0544758
25.5989, -28.3722, 0.800822, 7.66699, 0.0533536
25.7577, -27.1667, 0.80921, 7.50812, 0.0522277
25.9166, -25.9864, 0.817418, 7.34925, 0.0510996
26.0755, -24.8314, 0.825447, 7.19038, 0.0499701
26.2344, -23.7017, 0.833296, 7.03151, 0.0488395
26.3933, -22.5972, 0.840966, 6.87263, 0.0477082
26.5521, -21.5179, 0.848455, 6.71376, 0.0465763
26.711, -20.4638, 0.855765, 6.55489, 0.0454438
26.8699, -19.435, 0.862895, 6.39602, 0.0443111
27.0288, -18.4315, 0.869845, 6.23714, 0.0431779
27.1876, -17.4532, 0.876615, 6.07827, 0.0420446
27.3465, -16.5001, 0.883205, 5.9194, 0.040911
27.5054, -15.5723, 0.889615, 5.76053, 0.0397771
27.6643, -14.6697, 0.895844, 5.60166, 0.0386431
27.8231, -13.7923, 0.901894, 5.44278, 0.037509
27.982, -12.9402, 0.907763, 5.28391, 0.0363747
28.1409, -12.1134, 0.913452, 5.12504, 0.0352402
28.2998, -11.3117, 0.91896, 4.96617, 0.0341057
28.4586, -10.5353, 0.924289, 4.8073, 0.0329711
28.6175, -9.7842, 0.929437, 4.64842, 0.0318363
28.7764, -9.0583, 0.934405, 4.48955, 0.0307015
28.9353, -8.35764, 0.939193, 4.33068, 0.0295666
29.0941, -7.68222, 0.9438, 4.17181, 0.0284317
29.253, -7.03203, 0.948227, 4.01293, 0.0272966
29.4119, -6.40709, 0.952473, 3.85406, 0.0261615
29.5708, -5.8074, 0.95654, 3.69519, 0.0250264
29.7297, -5.23293, 0.960426, 3.53632, 0.0238912
29.8885, -4.68372, 0.964131, 3.37744, 0.0227559
30.0474, -4.15974, 0.967656, 3.21857, 0.0216206
30.2063, -3.661, 0.971001, 3.0597, 0.0204853
30.3652, -3.18752, 0.974166, 2.90083, 0.0193499
30.524, -2.73926, 0.97715, 2.74195, 0.0182145
30.6829, -2.31625, 0.979953, 2.58308, 0.0170791
30.8418, -1.91848, 0.982577, 2.42421, 0.0159436
31.0007, -1.54594, 0.985019, 2.26534, 0.0148081
31.1595, -1.19866, 0.987282, 2.10647, 0.0136725
31.3184, -0.87661, 0.989364, 1.94759, 0.0125369
31.4773, -0.579811, 0.991266, 1.78872, 0.0114013
31.6362, -0.30825, 0.992987, 1.62985, 0.0102657
31.795, -0.0619202, 0.994527, 1.47098, 0.00913005
31.9539, 0.159157, 0.995888, 1.3121, 0.00799437
32.1128, 0.355003, 0.997068, 1.15323, 0.00685867
32.2717, 0.525612, 0.998067, 0.994362, 0.00572296
32.4305, 0.670975, 0.998886, 0.835488, 0.00458721
32.5894, 0.791084, 0.999525, 0.676615, 0.00345145
32.7483, 0.885963, 0.999983, 0.517744, 0.00231567
32.9072, 0.955605, 1.00026, 0.35887, 0.00117986
33.0661, 0.999992, 1.00036, 0.2, 4.40631e-05
