37.4162, 0
0, 0, 0, 0.5, 0
0.195554, 0.0786606, 0.000105192, 0.304448, 0.00114466
0.391109, 0.119068, 0.000434298, 0.108898, 0.00228931
0.586663, 0.121249, 0.000987162, -0.0866532, 0.00343396
0.782217, 0.0851836, 0.0017639, -0.282204, 0.00457862
0.977772, 0.0108783, 0.00276447, -0.477755, 0.00572327
1.17333, -0.10167, 0.0039889, -0.673306, 0.00686793
1.36888, -0.252462, 0.00543719, -0.868857, 0.00801258
1.56443, -0.441489, 0.00710929, -1.06441, 0.00915723
1.75999, -0.668757, 0.00900523, -1.25996, 0.0103019
1.95554, -0.934268, 0.011125, -1.45551, 0.0114465
2.1511, -1.23802, 0.0134687, -1.65106, 0.0125912
2.34665, -1.58002, 0.0160362, -1.84661, 0.0137359
2.54221, -1.96025, 0.0188275, -2.04216, 0.0148805
2.73776, -2.37872, 0.0218426, -2.23771, 0.0160252
2.93332, -2.83544, 0.0250816, -2.43327, 0.0171698
3.12887, -3.33039, 0.0285445, -2.62882, 0.0183145
3.32442, -3.86359, 0.0322312, -2.82437, 0.0194591
3.51998, -4.43503, 0.0361417, -3.01992, 0.0206038
3.71553, -5.0447, 0.0402761, -3.21547, 0.0217484
3.91109, -5.69262, 0.0446343, -3.41102, 0.0228931
4.10664, -6.37879, 0.0492163, -3.60657, 0.0240377
4.3022, -7.10319, 0.0540222, -3.80212, 0.0251824
4.49775, -7.86583, 0.059052, -3.99767, 0.0263271
4.6933, -8.66671, 0.0643056, -4.19322, 0.0274717
4.88886, -9.50583, 0.069783, -4.38878, 0.0286164
5.08441, -10.3832, 0.0754843, -4.58433, 0.029761
5.27997, -11.2988, 0.0814094, -4.77988, 0.0309057
5.47552, -12.2526, 0.0875583, -4.97543, 0.0320503
5.67108, -13.2447, 0.0939311, -5.17098, 0.033195
5.86663, -14.2751, 0.100528, -5.36653, 0.0343396
6.06218, -15.3436, 0.107348, -5.56208, 0.0354843
6.25774, -16.4504, 0.114393, -5.75763, 0.0366289
6.45329, -17.5955, 0.121661, -5.95319, 0.0377736
6.64885, -18.7788, 0.129153, -6.14874, 0.0389183
6.8444, -20.0003, 0.136869, -6.34429, 0.0400629
7.03996, -21.2601, 0.144808, -6.53984, 0.0412076
7.23551, -22.5581, 0.152972, -6.73539, 0.0423522
7.43107, -23.8944, 0.161359, -6.93094, 0.0434969
7.62662, -25.2689, 0.16997, -7.12649, 0.0446415
7.82217, -26.6816, 0.178805, -7.32205, 0.0457862
8.01773, -28.1326, 0.187864, -7.5176, 0.0469309
8.21328, -29.6218, 0.197147, -7.71315, 0.0480755
8.40884, -31.1492, 0.206654, -7.9087, 0.0492202
8.60439, -32.7149, 0.216384, -8.10425, 0.0503648
8.79995, -34.3189, 0.226338, -8.29981, 0.0515095
8.9955, -35.9611, 0.236516, -8.49535, 0.0526541
9.19105, -37.6415, 0.246918, -8.69091, 0.0537988
9.38661, -39.3601, 0.257544, -8.88646, 0.0549435
9.58216, -41.1171, 0.268394, -9.08207, 0.0560885
9.77772, -42.9117, 0.27945, -9.23246, 0.0562799
9.97327, -44.6979, 0.290333, -9.0365, 0.055055
10.1688, -46.4459, 0.300985, -8.84092, 0.0538882
10.3644, -48.1557, 0.31141, -8.64536, 0.0527302
10.5599, -49.8272, 0.321609, -8.4498, 0.051576
10.7555, -51.4605, 0.331582, -8.25426, 0.0504239
10.951, -53.0555, 0.34133, -8.0587, 0.0492731
11.1466, -54.6123, 0.350853, -7.86315, 0.0481233
11.3422, -56.1308, 0.360151, -7.6676, 0.0469741
11.5377, -57.6112, 0.369225, -7.47204, 0.0458255
11.7333, -59.0532, 0.378074, -7.2765, 0.0446773
11.9288, -60.4571, 0.386699, -7.08094, 0.0435294
12.1244, -61.8226, 0.395099, -6.88539, 0.0423818
12.3199, -63.15, 0.403275, -6.68984, 0.0412344
12.5155, -64.4391, 0.411226, -6.49429, 0.0400872
12.711, -65.6899, 0.418953, -6.29874, 0.0389402
12.9066, -66.9026, 0.426456, -6.10319, 0.0377934
13.1021, -68.077, 0.433734, -5.90764, 0.0366466
13.2977, -69.2131, 0.440789, -5.71208, 0.0355
13.4933, -70.311, 0.447619, -5.51653, 0.0343535
13.6888, -71.3707, 0.454225, -5.32098, 0.0332071
13.8844, -72.3921, 0.460606, -5.12543, 0.0320608
14.0799, -73.3753, 0.466764, -4.92988, 0.0309146
14.2755, -74.3202, 0.472697, -4.73433, 0.0297684
14.471, -75.2269, 0.478407, -4.53878, 0.0286223
14.6666, -76.0954, 0.483892, -4.34323, 0.0274762
14.8621, -76.9256, 0.489153, -4.14768, 0.0263302
15.0577, -77.7176, 0.49419, -3.95213, 0.0251843
15.2532, -78.4713, 0.499003, -3.75657, 0.0240384
15.4488, -79.1868, 0.503591, -3.56102, 0.0228925
15.6443, -79.864, 0.507956, -3.36547, 0.0217467
15.8399, -80.5031, 0.512097, -3.16992, 0.020601
16.0355, -81.1038, 0.516013, -2.97437, 0.0194552
16.231, -81.6663, 0.519706, -2.77882, 0.0183095
16.4266, -82.1907, 0.523174, -2.58327, 0.0171638
16.6221, -82.6767, 0.526419, -2.38772, 0.0160182
16.8177, -83.1245, 0.529439, -2.19217, 0.0148726
17.0132, -83.5341, 0.532235, -1.99661, 0.013727
17.2088, -83.9054, 0.534808, -1.80106, 0.0125814
17.4043, -84.2385, 0.537156, -1.60551, 0.0114359
17.5999, -84.5333, 0.539281, -1.40996, 0.0102904
17.7954, -84.7899, 0.541181, -1.21441, 0.00914484
17.991, -85.0083, 0.542857, -1.01886, 0.00799938
18.1866, -85.1884, 0.544309, -0.823311, 0.00685393
18.3821, -85.3303, 0.545538, -0.627757, 0.00570847
18.5777, -85.4339, 0.546542, -0.432207, 0.00456305
18.7732, -85.4993, 0.547322, -0.236655, 0.00341764
18.9688, -85.5265, 0.547879, -0.0411058, 0.00227226
19.1643, -85.5154, 0.548211, 0.154444, 0.00112689
19.3599, -85.4661, 0.548319, 0.349997, -1.84749e-05
19.5404, -85.3866, 0.548593, 0.53056, 0.00100017
19.721, -85.2745, 0.54887, 0.71112, 0.00200034
19.9016, -85.1298, 0.549327, 0.89168, 0.00300052
20.0821, -84.9525, 0.549965, 1.07224, 0.00400069
20.2627, -84.7426, 0.550784, 1.2528, 0.00500086
20.4433, -84.5, 0.551783, 1.43336, 0.00600103
20.6238, -84.2249, 0.552963, 1.61392, 0.00700121
20.8044, -83.9172, 0.554323, 1.79448, 0.00800138
20.9849, -83.5769, 0.555864, 1.97504, 0.00900155
21.1655, -83.204, 0.557585, 2.1556, 0.0100017
21.3461, -82.7985, 0.559487, 2.33616, 0.0110019
21.5266, -82.3603, 0.56157, 2.51672, 0.0120021
21.7072, -81.8896, 0.563833, 2.69728, 0.0130022
21.8878, -81.3863, 0.566277, 2.87784, 0.0140024
22.0683, -80.8503, 0.568902, 3.0584, 0.0150026
22.2489, -80.2818, 0.571707, 3.23896, 0.0160028
22.4295, -79.6807, 0.574692, 3.41952, 0.0170029
22.61, -79.0469, 0.577859, 3.60008, 0.0180031
22.7906, -78.3806, 0.579609, 3.78064, 0.0192923
22.9711, -77.6816, 0.584733, 3.9612, 0.0200034
23.1517, -76.9501, 0.588441, 4.14176, 0.0210036
23.3323, -76.1859, 0.59233, 4.32232, 0.0220038
23.5128, -75.3892, 0.596399, 4.50288, 0.023004
23.6934, -74.5598, 0.600649, 4.68344, 0.0240041
23.874, -73.6979, 0.605079, 4.864, 0.0250043
24.0545, -72.8033, 0.60969, 5.04457, 0.0260045
24.2351, -71.8761, 0.614482, 5.22513, 0.0270047
24.4156, -70.9164, 0.619454, 5.40569, 0.0280048
24.5962, -69.924, 0.623532, 5.58624, 0.0292941
24.7768, -68.899, 0.62994, 5.76681, 0.0300052
24.9573, -67.8415, 0.634484, 5.94736, 0.0312944
25.1379, -66.7513, 0.641149, 6.12793, 0.0320055
25.3185, -65.6285, 0.647024, 6.30849, 0.0330057
25.499, -64.4731, 0.653079, 6.48905, 0.0340059
25.6796, -63.2852, 0.659316, 6.66961, 0.035006
25.8601, -62.0646, 0.665733, 6.85017, 0.0360062
26.0407, -60.8114, 0.67233, 7.03073, 0.0370064
26.2213, -59.5256, 0.678504, 7.21129, 0.0382956
26.4018, -58.2072, 0.686067, 7.39185, 0.0390067
26.5824, -56.8562, 0.692706, 7.57241, 0.040296
26.763, -55.4726, 0.700526, 7.75297, 0.0410071
26.9435, -54.0564, 0.708027, 7.93353, 0.0420072
27.1241, -52.6076, 0.715708, 8.11409, 0.0430074
27.3047, -51.1262, 0.72357, 8.29465, 0.0440076
27.4852, -49.6122, 0.731612, 8.47521, 0.0450078
27.6658, -48.0656, 0.739633, 8.65577, 0.0463195
27.8463, -46.4864, 0.748238, 8.83633, 0.0470081
28.0269, -44.8745, 0.75674, 9.01689, 0.0482974
28.2075, -43.2301, 0.765587, 9.19746, 0.0490085
28.388, -41.5587, 0.774548, 9.22799, 0.0498698
28.5686, -39.9088, 0.783467, 9.04745, 0.0489095
28.7492, -38.2915, 0.79221, 8.86689, 0.0479267
28.9297, -36.7067, 0.800774, 8.68633, 0.0469377
29.1103, -35.1546, 0.80916, 8.50577, 0.0459459
29.2908, -33.6351, 0.817366, 8.32521, 0.0449523
29.4714, -32.1482, 0.825393, 8.14465, 0.0439576
29.652, -30.6938, 0.833241, 7.96409, 0.0429622
29.8325, -29.2721, 0.840908, 7.78353, 0.0419661
30.0131, -27.883, 0.848395, 7.60297, 0.0409696
30.1937, -26.5265, 0.855703, 7.42241, 0.0399727
30.3742, -25.2026, 0.862831, 7.24185, 0.0389755
30.5548, -23.9113, 0.869778, 7.06129, 0.037978
30.7353, -22.6526, 0.876545, 6.88073, 0.0369803
30.9159, -21.4265, 0.883133, 6.70017, 0.0359825
31.0965, -20.233, 0.88954, 6.51961, 0.0349845
31.277, -19.0721, 0.895766, 6.33905, 0.0339864
31.4576, -17.9438, 0.901813, 6.15849, 0.0329881
31.6382, -16.8481, 0.907679, 5.97793, 0.0319898
31.8187, -15.785, 0.913365, 5.79737, 0.0309913
31.9993, -14.7545, 0.918871, 5.61681, 0.0299928
32.1799, -13.7566, 0.924196, 5.43624, 0.0289941
32.3604, -12.7913, 0.929342, 5.25568, 0.0279954
32.541, -11.8587, 0.934306, 5.07512, 0.0269967
32.7215, -10.9586, 0.939091, 4.89457, 0.0259979
32.9021, -10.0911, 0.943695, 4.71401, 0.024999
33.0827, -9.25622, 0.948119, 4.53344, 0.0240001
33.2632, -8.45395, 0.952362, 4.35288, 0.0230011
33.4438, -7.68428, 0.956425, 4.17233, 0.0220021
33.6244, -6.94721, 0.960307, 3.99176, 0.021003
33.8049, -6.24275, 0.96401, 3.8112, 0.0200039
33.9855, -5.5709, 0.967531, 3.63064, 0.0190048
34.166, -4.93163, 0.970873, 3.45008, 0.0180057
34.3466, -4.32497, 0.974034, 3.26952, 0.0170065
34.5272, -3.75092, 0.977014, 3.08896, 0.0160073
34.7077, -3.20947, 0.979814, 2.9084, 0.015008
34.8883, -2.70062, 0.982434, 2.72784, 0.0140088
35.0689, -2.22439, 0.984873, 2.54728, 0.0130095
35.2494, -1.78074, 0.987132, 2.36672, 0.0120101
35.43, -1.36971, 0.98921, 2.18616, 0.0110108
35.6105, -0.991241, 0.991108, 2.0056, 0.0100114
35.7911, -0.645424, 0.992826, 1.82504, 0.00901205
35.9717, -0.332199, 0.994363, 1.64448, 0.00801266
36.1522, -0.0515518, 0.995719, 1.46392, 0.00701325
36.3328, 0.196472, 0.996896, 1.28336, 0.00601381
36.5134, 0.411896, 0.997891, 1.1028, 0.00501435
36.6939, 0.594734, 0.998706, 0.92224, 0.00401489
36.8745, 0.744942, 0.999341, 0.74168, 0.00301541
37.0551, 0.862572, 0.999795, 0.561121, 0.00201592
37.2356, 0.947586, 1.00007, 0.380559, 0.00101641
37.4162, 0.999992, 1.00016, 0.2, 1.68868e-05
