28.7538, 0
0, 0, 0, 0.5, 0
0.151657, 0.0643306, 0.000102926, 0.34835, 0.00147593
0.303314, 0.105697, 0.0045694, 0.196695, 0.00238312
0.454971, 0.123994, 0.000980297, 0.0450506, 0.00442779
0.606628, 0.119326, 0.00175476, -0.106599, 0.00590371
0.758285, 0.0916567, 0.00275306, -0.258249, 0.00737964
0.909942, 0.0409938, 0.00397516, -0.409899, 0.00885557
1.0616, -0.0326709, 0.00542112, -0.561548, 0.0103315
1.21326, -0.129331, 0.00709089, -0.713198, 0.0118074
1.36491, -0.248993, 0.00898452, -0.864848, 0.0132834
1.51657, -0.391652, 0.011102, -1.0165, 0.0147593
1.66823, -0.557312, 0.0134433, -1.16815, 0.0162352
1.81988, -0.745969, 0.0160084, -1.3198, 0.0177111
1.97154, -0.957624, 0.0187973, -1.47145, 0.0191871
2.1232, -1.19225, 0.0249148, -1.6231, 0.0200943
2.27485, -1.44993, 0.0250468, -1.77475, 0.0221389
2.42651, -1.73058, 0.0285072, -1.9264, 0.0236148
2.57817, -2.03424, 0.0321915, -2.07805, 0.0250908
2.72983, -2.36088, 0.0360997, -2.2297, 0.0265667
2.88148, -2.71053, 0.0402316, -2.38135, 0.0280426
3.03314, -3.08318, 0.0445874, -2.533, 0.0295186
3.1848, -3.47883, 0.0491671, -2.68465, 0.0309945
3.33645, -3.89747, 0.0539705, -2.83629, 0.0324704
3.48811, -4.33909, 0.0613262, -2.98795, 0.0333776
3.63977, -4.80375, 0.0642489, -3.13959, 0.0354223
3.79142, -5.29138, 0.0718798, -3.29125, 0.0363295
3.94308, -5.80203, 0.0754227, -3.44289, 0.0383741
4.09474, -6.33567, 0.0813454, -3.59454, 0.0398501
4.24639, -6.89229, 0.089389, -3.7462, 0.0407572
4.39805, -7.47193, 0.095673, -3.89785, 0.0422332
4.54971, -8.07457, 0.102181, -4.0495, 0.0437091
4.70137, -8.70021, 0.107274, -4.20114, 0.0457538
4.85302, -9.34884, 0.114316, -4.35279, 0.0472297
5.00468, -10.0205, 0.123048, -4.50445, 0.0481369
5.15634, -10.7151, 0.130451, -4.6561, 0.0496128
5.30799, -11.4327, 0.136785, -4.80774, 0.0516575
5.45965, -12.1734, 0.144722, -4.95939, 0.0531334
5.61131, -12.937, 0.152883, -5.11104, 0.0546093
5.76296, -13.7236, 0.162302, -5.2627, 0.0555165
5.91462, -14.5332, 0.170893, -5.41434, 0.0569514
6.06628, -15.3659, 0.178709, -5.56599, 0.0590371
6.21794, -16.2215, 0.188597, -5.71764, 0.0599033
6.36959, -17.1001, 0.197785, -5.86929, 0.0613792
6.52125, -18.0017, 0.207221, -6.02094, 0.0628311
6.67291, -18.9263, 0.216277, -6.17259, 0.0649408
6.82456, -19.8739, 0.226691, -6.32424, 0.065807
6.97622, -20.8446, 0.236798, -6.47589, 0.0672419
7.12788, -21.8382, 0.246804, -6.62754, 0.0693686
7.27953, -22.8548, 0.257427, -6.77919, 0.0708445
7.43119, -23.8944, 0.268385, -6.93083, 0.0715839
7.58285, -24.957, 0.279344, -7.08167, 0.0728123
7.7345, -26.0194, 0.290229, -6.92917, 0.0709786
7.88616, -27.0587, 0.300878, -6.77755, 0.0694621
8.03782, -28.0751, 0.311298, -6.62589, 0.0679621
8.18948, -29.0684, 0.321492, -6.47424, 0.0664693
8.34113, -30.0388, 0.33146, -6.32259, 0.0649801
8.49279, -30.9862, 0.341202, -6.17094, 0.0634934
8.64445, -31.9105, 0.350718, -6.01929, 0.0620083
8.7961, -32.8119, 0.36001, -5.86764, 0.0605245
8.94776, -33.6903, 0.369076, -5.71599, 0.0590416
9.09942, -34.5457, 0.377918, -5.56434, 0.0575594
9.25107, -35.378, 0.386535, -5.41269, 0.0560779
9.40273, -36.1874, 0.394927, -5.26104, 0.0545969
9.55439, -36.9738, 0.403095, -5.10939, 0.0531162
9.70605, -37.7371, 0.411038, -4.95774, 0.0516359
9.8577, -38.4775, 0.418757, -4.80609, 0.0501558
10.0094, -39.1949, 0.426251, -4.65444, 0.0486761
10.161, -39.8893, 0.433521, -4.50279, 0.0471966
10.3127, -40.5607, 0.440566, -4.35114, 0.0457173
10.4643, -41.209, 0.447388, -4.19949, 0.0442381
10.616, -41.8344, 0.453985, -4.04784, 0.0427592
10.7676, -42.4368, 0.460357, -3.89619, 0.0412804
10.9193, -43.0162, 0.466505, -3.74454, 0.0398017
11.071, -43.5726, 0.47243, -3.5929, 0.0383231
11.2226, -44.106, 0.478129, -3.44124, 0.0368447
11.3743, -44.6163, 0.483605, -3.28959, 0.0353663
11.5259, -45.1037, 0.488856, -3.13794, 0.0338881
11.6776, -45.5681, 0.493884, -2.98629, 0.0324099
11.8292, -46.0095, 0.498687, -2.83464, 0.0309319
11.9809, -46.4279, 0.503266, -2.683, 0.0294539
12.1326, -46.8233, 0.507621, -2.53135, 0.0279759
12.2842, -47.1957, 0.511751, -2.3797, 0.026498
12.4359, -47.5451, 0.515658, -2.22804, 0.0250202
12.5875, -47.8715, 0.51934, -2.0764, 0.0235425
12.7392, -48.1749, 0.522799, -1.92475, 0.0220648
12.8908, -48.4553, 0.526033, -1.7731, 0.0205872
13.0425, -48.7127, 0.529043, -1.62145, 0.0191096
13.1942, -48.9471, 0.531829, -1.4698, 0.017632
13.3458, -49.1585, 0.534391, -1.31815, 0.0161545
13.4975, -49.3469, 0.536729, -1.1665, 0.014677
13.6491, -49.5123, 0.538843, -1.01485, 0.0131996
13.8008, -49.6548, 0.540733, -0.863199, 0.0117222
13.9524, -49.7742, 0.542398, -0.711548, 0.0102449
14.1041, -49.8706, 0.54384, -0.559899, 0.00876755
14.2558, -49.944, 0.545058, -0.40825, 0.00729027
14.4074, -49.9944, 0.546051, -0.256599, 0.00581299
14.5591, -50.0218, 0.546821, -0.10495, 0.00433578
14.7107, -50.0262, 0.547366, 0.0466994, 0.00285858
14.8624, -50.0077, 0.547688, 0.198349, 0.0013814
15.014, -49.9661, 0.547785, 0.349999, -9.5745e-05
15.1514, -49.9084, 0.538468, 0.487377, 0.00283551
15.2888, -49.8321, 0.548874, 0.624783, 0.00262862
15.4262, -49.7368, 0.539624, 0.76216, 0.00546413
15.5636, -49.6226, 0.540473, 0.899551, 0.00677844
15.701, -49.4897, 0.550794, 1.03696, 0.00657154
15.8384, -49.3377, 0.551795, 1.17435, 0.00788585
15.9758, -49.167, 0.552977, 1.31174, 0.00920016
16.1132, -48.9773, 0.554339, 1.44913, 0.0105145
16.2506, -48.7687, 0.555882, 1.58652, 0.0118288
16.388, -48.5413, 0.557606, 1.72392, 0.0131431
16.5254, -48.295, 0.55951, 1.86131, 0.0144574
16.6628, -48.0298, 0.561595, 1.9987, 0.0157717
16.8002, -47.7458, 0.56386, 2.13609, 0.017086
16.9376, -47.4428, 0.566306, 2.27348, 0.0184003
17.075, -47.121, 0.568932, 2.41087, 0.0197146
17.2124, -46.7803, 0.571739, 2.54826, 0.0210289
17.3498, -46.4208, 0.574727, 2.68566, 0.0223432
17.4872, -46.0423, 0.577895, 2.82305, 0.0236576
17.6246, -45.645, 0.574878, 2.96042, 0.0264931
17.762, -45.2288, 0.584773, 3.09783, 0.0262862
17.8994, -44.7938, 0.588483, 3.23522, 0.0276005
18.0368, -44.3397, 0.586635, 3.3726, 0.030436
18.1742, -43.867, 0.596444, 3.51001, 0.0302291
18.3116, -43.3753, 0.600696, 3.6474, 0.0315434
18.449, -42.8647, 0.605128, 3.78479, 0.0328577
18.5864, -42.3352, 0.609741, 3.92218, 0.034172
18.7238, -41.7869, 0.614535, 4.05957, 0.0354863
18.8612, -41.2197, 0.619509, 4.19696, 0.0368006
18.9986, -40.6335, 0.620388, 4.33434, 0.0396362
19.136, -40.0286, 0.625932, 4.47173, 0.0409505
19.2734, -39.4047, 0.631555, 4.60912, 0.0423049
19.4108, -38.762, 0.64121, 4.74653, 0.0420579
19.5482, -38.1004, 0.647087, 4.88392, 0.0433722
19.6856, -37.42, 0.653145, 5.02131, 0.0446865
19.823, -36.7206, 0.659383, 5.15871, 0.0460008
19.9604, -36.0024, 0.665802, 5.2961, 0.0473151
20.0978, -35.2652, 0.669689, 5.43347, 0.0502143
20.2352, -34.5092, 0.676686, 5.57086, 0.0515286
20.3726, -33.7344, 0.683956, 5.70826, 0.0527792
20.51, -32.9407, 0.693282, 5.84566, 0.0525723
20.6474, -32.128, 0.700604, 5.98306, 0.0538867
20.7847, -31.2965, 0.708106, 6.12045, 0.055201
20.9221, -30.4462, 0.71444, 6.25782, 0.0580365
21.0595, -29.5769, 0.722464, 6.39521, 0.0594145
21.1969, -28.6888, 0.731696, 6.53262, 0.0591439
21.3343, -27.7818, 0.73992, 6.67002, 0.0604582
21.4717, -26.8559, 0.748325, 6.80741, 0.0617725
21.6091, -25.9111, 0.756911, 6.94479, 0.0630868
21.7465, -24.9475, 0.765574, 7.08217, 0.0660496
21.8839, -23.9706, 0.774731, 7.06955, 0.0665325
22.0213, -23.0087, 0.783787, 6.93218, 0.0652788
22.1587, -22.0657, 0.792668, 6.79479, 0.0639934
22.2961, -21.1415, 0.801371, 6.6574, 0.0626982
22.4335, -20.2362, 0.809897, 6.52, 0.0613983
22.5709, -19.3499, 0.818243, 6.38261, 0.0600955
22.7083, -18.4823, 0.826411, 6.24522, 0.0587908
22.8457, -17.6337, 0.834399, 6.10783, 0.0574848
22.9831, -16.8039, 0.842207, 5.97044, 0.0561777
23.1205, -15.993, 0.849836, 5.83304, 0.0548698
23.2579, -15.201, 0.857285, 5.69565, 0.0535613
23.3953, -14.4279, 0.864554, 5.55826, 0.0522522
23.5327, -13.6736, 0.871644, 5.42087, 0.0509427
23.6701, -12.9383, 0.878553, 5.28348, 0.0496328
23.8075, -12.2218, 0.885283, 5.14609, 0.0483226
23.9449, -11.5242, 0.891832, 5.0087, 0.0470122
24.0823, -10.8454, 0.898201, 4.8713, 0.0457015
24.2197, -10.1855, 0.90439, 4.73391, 0.0443906
24.3571, -9.54454, 0.9104, 4.59652, 0.0430795
24.4945, -8.92244, 0.916228, 4.45913, 0.0417682
24.6319, -8.3192, 0.921877, 4.32174, 0.0404568
24.7693, -7.73484, 0.927346, 4.18435, 0.0391453
24.9067, -7.16936, 0.932634, 4.04695, 0.0378336
25.0441, -6.62276, 0.937742, 3.90956, 0.0365218
25.1815, -6.09503, 0.94267, 3.77217, 0.0352099
25.3189, -5.58617, 0.947418, 3.63478, 0.0338979
25.4563, -5.09621, 0.951985, 3.49739, 0.0325858
25.5937, -4.62511, 0.956372, 3.36, 0.0312737
25.7311, -4.17289, 0.960579, 3.2226, 0.0299614
25.8685, -3.73956, 0.964606, 3.08521, 0.0286491
26.0059, -3.32509, 0.968452, 2.94782, 0.0273367
26.1433, -2.9295, 0.972118, 2.81043, 0.0260243
26.2807, -2.55279, 0.975603, 2.67304, 0.0247118
26.4181, -2.19496, 0.978908, 2.53565, 0.0233992
26.5555, -1.85601, 0.982033, 2.39826, 0.0220866
26.6929, -1.53593, 0.984978, 2.26086, 0.020774
26.8303, -1.23474, 0.987742, 2.12347, 0.0194613
26.9677, -0.952412, 0.990325, 1.98608, 0.0181485
27.105, -0.688969, 0.992729, 1.84869, 0.0168357
27.2424, -0.444397, 0.994952, 1.7113, 0.0155229
27.3798, -0.218708, 0.996994, 1.57391, 0.01421
27.5172, -0.0118942, 0.998857, 1.43652, 0.0128972
27.6546, 0.176041, 1.00054, 1.29912, 0.0115842
27.792, 0.3451, 1.00204, 1.16173, 0.0102713
27.9294, 0.495277, 1.00336, 1.02434, 0.00895827
28.0668, 0.626583, 1.0045, 0.886948, 0.00764524
28.2042, 0.739006, 1.00546, 0.749557, 0.00633219
28.3416, 0.832561, 1.00624, 0.612167, 0.00501913
28.479, 0.90723, 1.00684, 0.474773, 0.00370601
28.6164, 0.96302, 1.00726, 0.337382, 0.00239288
28.7538, 0.999943, 1.0075, 0.19999, 0.00107972
