4.26584, 0
0, 0, 0, 0.5, 0
0.0204773, 0.00880238, 0.00065658, 0.505179, 0.0197474
0.0409547, 0.0177116, 0.00171859, 0.510356, 0.0394924
0.061432, 0.0267276, 0.0031861, 0.515533, 0.0592348
0.0819093, 0.0358504, 0.00505906, 0.520708, 0.0789745
0.102387, 0.0450801, 0.00733741, 0.525881, 0.0987112
0.122864, 0.0544167, 0.0100212, 0.531053, 0.118445
0.143341, 0.0638602, 0.0131105, 0.536223, 0.138175
0.163819, 0.0734106, 0.0166051, 0.541392, 0.157901
0.184296, 0.0830678, 0.0205052, 0.546558, 0.177624
0.204773, 0.0928321, 0.0248107, 0.551723, 0.197343
0.225251, 0.102703, 0.0295216, 0.556885, 0.217056
0.245728, 0.112682, 0.0346378, 0.562045, 0.236765
0.266205, 0.122767, 0.0401595, 0.567202, 0.256469
0.286683, 0.132959, 0.0460865, 0.572356, 0.276167
0.30716, 0.143259, 0.0524188, 0.577507, 0.295859
0.327637, 0.153665, 0.0591564, 0.582655, 0.315544
0.348115, 0.164179, 0.0662993, 0.587799, 0.335221
0.368592, 0.1748, 0.0738475, 0.592938, 0.35489
0.389069, 0.185528, 0.0818009, 0.598074, 0.37455
0.409547, 0.196364, 0.0901596, 0.603204, 0.3942
0.430024, 0.207307, 0.0989233, 0.608329, 0.413839
0.450501, 0.218358, 0.108092, 0.613448, 0.433466
0.470979, 0.229516, 0.117666, 0.61856, 0.453079
0.491456, 0.240782, 0.127645, 0.623665, 0.472677
0.511933, 0.252156, 0.138029, 0.628761, 0.492257
0.532411, 0.263639, 0.148818, 0.633847, 0.511818
0.552888, 0.275229, 0.160012, 0.638923, 0.531357
0.573365, 0.286928, 0.17161, 0.643986, 0.550871
0.593843, 0.298736, 0.183613, 0.649035, 0.570356
0.61432, 0.310653, 0.19602, 0.654067, 0.589808
0.634797, 0.322679, 0.208832, 0.65908, 0.60922
0.655275, 0.334815, 0.222047, 0.66407, 0.628587
0.675752, 0.347062, 0.235666, 0.669034, 0.6479
0.696229, 0.359421, 0.249688, 0.673967, 0.667148
0.716707, 0.371891, 0.264113, 0.678861, 0.686318
0.737184, 0.384475, 0.27894, 0.683708, 0.705393
0.757661, 0.397175, 0.294168, 0.688497, 0.724351
0.778139, 0.409991, 0.309797, 0.693215, 0.743161
0.798616, 0.422928, 0.325823, 0.69784, 0.761782
0.819093, 0.435988, 0.342245, 0.702346, 0.780157
0.839571, 0.449178, 0.359059, 0.706694, 0.798207
0.860048, 0.462505, 0.376261, 0.710827, 0.815812
0.880525, 0.475979, 0.39384, 0.714663, 0.832798
0.901003, 0.489619, 0.411784, 0.718075, 0.848896
0.92148, 0.503447, 0.43007, 0.720869, 0.863692
0.941957, 0.517498, 0.448657, 0.722756, 0.87655
0.962435, 0.531812, 0.467477, 0.72333, 0.886558
0.982912, 0.546424, 0.486425, 0.722127, 0.892618
1.00339, 0.561323, 0.505359, 0.718832, 0.893854
1.02387, 0.57643, 0.524139, 0.713521, 0.890175
1.04434, 0.59162, 0.542661, 0.706645, 0.882336
1.06482, 0.606773, 0.560869, 0.698755, 0.871413
1.0853, 0.621806, 0.578738, 0.690292, 0.858347
1.10578, 0.636672, 0.596256, 0.681549, 0.843813
1.12625, 0.651344, 0.613417, 0.6727, 0.828256
1.14673, 0.665812, 0.630218, 0.663847, 0.811971
1.16721, 0.68007, 0.646655, 0.655047, 0.79515
1.18769, 0.694119, 0.662726, 0.646331, 0.777924
1.20816, 0.70796, 0.678427, 0.637714, 0.760385
1.22864, 0.721597, 0.693758, 0.629204, 0.742597
1.24912, 0.735033, 0.708716, 0.620803, 0.724609
1.26959, 0.748272, 0.723299, 0.61251, 0.706456
1.29007, 0.761318, 0.737506, 0.604321, 0.688165
1.31055, 0.774175, 0.751334, 0.596232, 0.669757
1.33103, 0.786846, 0.764783, 0.588239, 0.65125
1.3515, 0.799334, 0.777851, 0.580338, 0.632656
1.37198, 0.811643, 0.790538, 0.572523, 0.613986
1.39246, 0.823774, 0.802841, 0.56479, 0.59525
1.41294, 0.835732, 0.81476, 0.557135, 0.576455
1.43341, 0.847519, 0.826294, 0.549554, 0.557608
1.45389, 0.859137, 0.837443, 0.542042, 0.538713
1.47437, 0.870587, 0.848204, 0.534597, 0.519775
1.49485, 0.881874, 0.858579, 0.527215, 0.500798
1.51532, 0.892997, 0.868565, 0.519892, 0.481786
1.5358, 0.90396, 0.878163, 0.512626, 0.462742
1.55628, 0.914764, 0.887371, 0.505413, 0.443667
1.57675, 0.925411, 0.896189, 0.498252, 0.424565
1.59723, 0.935901, 0.904617, 0.491139, 0.405438
1.61771, 0.946237, 0.912654, 0.484073, 0.386287
1.63819, 0.956421, 0.9203, 0.477051, 0.367114
1.65866, 0.966452, 0.927554, 0.470072, 0.347921
1.67914, 0.976333, 0.934415, 0.463133, 0.328708
1.69962, 0.986065, 0.940884, 0.456233, 0.309477
1.7201, 0.995648, 0.94696, 0.44937, 0.290229
1.74057, 1.00508, 0.952643, 0.442542, 0.270966
1.76105, 1.01438, 0.957932, 0.435749, 0.251687
1.78153, 1.02352, 0.962827, 0.428988, 0.232394
1.80201, 1.03252, 0.967327, 0.422258, 0.213088
1.82248, 1.04138, 0.971433, 0.415559, 0.193769
1.84296, 1.05009, 0.975145, 0.408889, 0.174438
1.86344, 1.05867, 0.978461, 0.402246, 0.155095
1.88391, 1.0671, 0.981381, 0.395631, 0.135742
1.90439, 1.07539, 0.983906, 0.389041, 0.116378
1.92487, 1.08355, 0.986036, 0.382477, 0.0970039
1.94535, 1.09156, 0.987769, 0.375936, 0.0776207
1.96582, 1.09944, 0.989106, 0.369419, 0.0582284
1.9863, 1.10717, 0.990046, 0.362925, 0.038827
2.00678, 1.11478, 0.99059, 0.356452, 0.0194177
2.02726, 1.12224, 0.990737, 0.35, 2.49594e-07
2.04964, 1.12991, 0.990923, 0.336564, 0.0179049
2.07203, 1.1373, 0.991531, 0.323099, 0.0357886
2.09441, 1.14438, 0.992533, 0.309638, 0.0536751
2.1168, 1.15116, 0.99393, 0.296181, 0.0715643
2.13918, 1.15764, 0.995733, 0.282712, 0.0894452
2.16157, 1.16384, 0.997951, 0.269219, 0.107308
2.18396, 1.16971, 1.00055, 0.255745, 0.125184
2.20634, 1.17527, 1.00355, 0.242275, 0.143064
2.22873, 1.18055, 1.00695, 0.228783, 0.160927
2.25111, 1.18552, 1.01075, 0.215295, 0.178793
2.2735, 1.19018, 1.01495, 0.201812, 0.196663
2.29589, 1.19455, 1.01955, 0.188309, 0.214517
2.31827, 1.19861, 1.02456, 0.174799, 0.232367
2.34066, 1.20238, 1.02996, 0.161283, 0.250212
2.36304, 1.20584, 1.03576, 0.147762, 0.268053
2.38543, 1.20899, 1.04196, 0.134236, 0.28589
2.40781, 1.21185, 1.04856, 0.120705, 0.303724
2.4302, 1.2144, 1.05556, 0.107161, 0.321548
2.45259, 1.21665, 1.06296, 0.0936135, 0.339369
2.47497, 1.21859, 1.07075, 0.0800642, 0.357188
2.49736, 1.22023, 1.07895, 0.0664938, 0.374992
2.51974, 1.22156, 1.08754, 0.0529328, 0.392803
2.54213, 1.2226, 1.09653, 0.0393349, 0.410585
2.56452, 1.22333, 1.10593, 0.0257306, 0.428363
2.5869, 1.22375, 1.11571, 0.0121294, 0.446143
2.60929, 1.22387, 1.1259, -0.0014931, 0.463907
2.63167, 1.22369, 1.13648, -0.0151261, 0.481663
2.65406, 1.22319, 1.14746, -0.028768, 0.499412
2.67644, 1.22239, 1.15884, -0.0424317, 0.517144
2.69883, 1.22129, 1.17062, -0.0561138, 0.534862
2.72122, 1.21988, 1.18279, -0.0698178, 0.552563
2.7436, 1.21817, 1.19536, -0.0835398, 0.57025
2.76599, 1.21614, 1.20832, -0.0972763, 0.587925
2.78837, 1.21381, 1.22168, -0.111052, 0.60557
2.81076, 1.21117, 1.23543, -0.124844, 0.623203
2.83314, 1.20822, 1.24958, -0.138678, 0.640803
2.85553, 1.20496, 1.26412, -0.152521, 0.658395
2.87792, 1.20139, 1.27906, -0.166431, 0.675934
2.9003, 1.19751, 1.29438, -0.180388, 0.693437
2.92269, 1.19332, 1.3101, -0.194387, 0.710906
2.94507, 1.18881, 1.32621, -0.208454, 0.728319
2.96746, 1.18398, 1.34271, -0.222584, 0.745682
2.98985, 1.17884, 1.3596, -0.23681, 0.762966
3.01223, 1.17338, 1.37687, -0.251138, 0.780165
3.03462, 1.1676, 1.39453, -0.265631, 0.797227
3.057, 1.16148, 1.41256, -0.280268, 0.814164
3.07939, 1.15505, 1.43097, -0.29517, 0.830869
3.10177, 1.14827, 1.44976, -0.31041, 0.847265
3.12416, 1.14114, 1.4689, -0.326177, 0.863153
3.14655, 1.13366, 1.4884, -0.342836, 0.878095
3.16893, 1.12578, 1.5082, -0.361347, 0.890599
3.19132, 1.11745, 1.52819, -0.382559, 0.891646
3.2137, 1.1088, 1.54793, -0.387275, 0.870852
3.23609, 1.10019, 1.56719, -0.380704, 0.849496
3.25847, 1.09177, 1.58597, -0.371345, 0.829168
3.28086, 1.08357, 1.60431, -0.360826, 0.809411
3.30325, 1.07562, 1.62222, -0.349674, 0.790001
3.32563, 1.06792, 1.63969, -0.338126, 0.770824
3.34802, 1.06048, 1.65673, -0.326306, 0.751812
3.3704, 1.05331, 1.67335, -0.314288, 0.732926
3.39279, 1.04641, 1.68954, -0.302121, 0.714137
3.41518, 1.03979, 1.70532, -0.289834, 0.695424
3.43756, 1.03344, 1.72068, -0.277451, 0.676775
3.45995, 1.02737, 1.73562, -0.26499, 0.658178
3.48233, 1.02158, 1.75015, -0.252463, 0.639625
3.50472, 1.01606, 1.76426, -0.239881, 0.621111
3.5271, 1.01084, 1.77795, -0.227249, 0.602629
3.54949, 1.00589, 1.79124, -0.214576, 0.584176
3.57188, 1.00123, 1.80411, -0.201866, 0.565748
3.59426, 0.996853, 1.81657, -0.189124, 0.547343
3.61665, 0.992762, 1.82861, -0.176352, 0.528958
3.63903, 0.988958, 1.84025, -0.163554, 0.510591
3.66142, 0.98544, 1.85148, -0.150734, 0.49224
3.6838, 0.982209, 1.86229, -0.137891, 0.473905
3.70619, 0.979266, 1.87269, -0.125029, 0.455582
3.72858, 0.976611, 1.88269, -0.11215, 0.437273
3.75096, 0.974245, 1.89227, -0.0992546, 0.418974
3.77335, 0.972168, 1.90144, -0.0863441, 0.400686
3.79573, 0.97038, 1.91021, -0.0734199, 0.382409
3.81812, 0.968881, 1.91857, -0.0604827, 0.364139
3.84051, 0.967672, 1.92651, -0.0475336, 0.345879
3.86289, 0.966753, 1.93405, -0.0345733, 0.327626
3.88528, 0.966124, 1.94118, -0.021603, 0.309381
3.90766, 0.965786, 1.9479, -0.00862265, 0.291143
3.93005, 0.965738, 1.95422, 0.00436661, 0.272911
3.95243, 0.965981, 1.96012, 0.0173644, 0.254685
3.97482, 0.966515, 1.96562, 0.0303704, 0.236465
3.99721, 0.967341, 1.97071, 0.0433837, 0.218251
4.01959, 0.968458, 1.97539, 0.0564047, 0.200041
4.04198, 0.969866, 1.97966, 0.0694323, 0.181836
4.06436, 0.971566, 1.98353, 0.0824662, 0.163636
4.08675, 0.973558, 1.98699, 0.0955061, 0.145441
4.10914, 0.975843, 1.99004, 0.108552, 0.127249
4.13152, 0.978419, 1.99269, 0.121604, 0.109062
4.15391, 0.981287, 1.99493, 0.13466, 0.0908784
4.17629, 0.984448, 1.99676, 0.147722, 0.072698
4.19868, 0.987901, 1.99818, 0.160789, 0.0545212
4.22106, 0.991646, 1.9992, 0.17386, 0.036348
4.24345, 0.995685, 1.99981, 0.186935, 0.0181779
4.26584, 1.00002, 2.00001, 0.200015, 1.0781e-05
