25.6303, 0
0, 0, 0, 0.5, 0
0.135804, 0.0586821, 0.00010162, 0.364206, 0.00164819
0.271607, 0.0989203, 0.000427102, 0.228413, 0.00329638
0.407411, 0.12072, 0.000976388, 0.0926194, 0.00494458
0.543214, 0.124078, 0.0017495, -0.0431742, 0.00659277
0.679017, 0.108993, 0.00274647, -0.178967, 0.00824096
0.814821, 0.0754683, 0.00396724, -0.314761, 0.00988915
0.950624, 0.0235016, 0.00541186, -0.450554, 0.0115373
1.08643, -0.0469074, 0.00708032, -0.586348, 0.0131855
1.22223, -0.135711, 0.0127362, -0.722149, 0.0141586
1.35803, -0.243047, 0.0110887, -0.857935, 0.0164819
1.49384, -0.368777, 0.0134286, -0.993728, 0.0181301
1.62964, -0.512908, 0.0194809, -1.12953, 0.0191032
1.76545, -0.675564, 0.01878, -1.26532, 0.0214265
1.90125, -0.856617, 0.0217914, -1.40111, 0.0230747
2.03705, -1.05611, 0.0250267, -1.5369, 0.0247229
2.17286, -1.27405, 0.0284858, -1.6727, 0.0263711
2.30866, -1.51043, 0.0321687, -1.80849, 0.0280193
2.44446, -1.76525, 0.0360754, -1.94428, 0.0296674
2.58027, -2.03851, 0.040206, -2.08008, 0.0313156
2.71607, -2.33021, 0.0445604, -2.21587, 0.0329638
2.85187, -2.64036, 0.0491386, -2.35166, 0.034612
2.98768, -2.96894, 0.0539407, -2.48746, 0.0362602
3.12348, -3.31597, 0.0589666, -2.62325, 0.0379084
3.25928, -3.68143, 0.0642163, -2.75904, 0.0395566
3.39509, -4.06535, 0.0696899, -2.89484, 0.0412048
3.53089, -4.4677, 0.0753873, -3.03063, 0.042853
3.66669, -4.88848, 0.0813085, -3.16642, 0.0445012
3.8025, -5.32772, 0.0874535, -3.30222, 0.0461494
3.9383, -5.78537, 0.0959025, -3.43802, 0.04707
4.0741, -6.2615, 0.100415, -3.5738, 0.0494457
4.20991, -6.75606, 0.107232, -3.7096, 0.0510939
4.34571, -7.26904, 0.115927, -3.8454, 0.0520671
4.48152, -7.80048, 0.123221, -3.98119, 0.0536628
4.61732, -8.35036, 0.13061, -4.11699, 0.0553109
4.75312, -8.91868, 0.138223, -4.25278, 0.0569592
4.88893, -9.50544, 0.146119, -4.38857, 0.0585766
5.02473, -10.1106, 0.154175, -4.52437, 0.0602248
5.16053, -10.7343, 0.162491, -4.66016, 0.0618512
5.29634, -11.3764, 0.171018, -4.79595, 0.0634825
5.43214, -12.0369, 0.178653, -4.93174, 0.0659277
5.56794, -12.7159, 0.188602, -5.06754, 0.0668483
5.70375, -13.4133, 0.197873, -5.20333, 0.0684133
5.83955, -14.1292, 0.206489, -5.33912, 0.0708722
5.97535, -14.8634, 0.216215, -5.47491, 0.0725204
6.11116, -15.6162, 0.226165, -5.61071, 0.0741686
6.24696, -16.3873, 0.23674, -5.74651, 0.0750893
6.38276, -17.177, 0.247051, -5.8823, 0.0767067
6.51857, -17.985, 0.257359, -6.01809, 0.0791133
6.65437, -18.8115, 0.268329, -6.15389, 0.0798864
6.79018, -19.6565, 0.279274, -6.28974, 0.0824104
6.92598, -20.5033, 0.290169, -6.16808, 0.0792531
7.06178, -21.3317, 0.300816, -6.0323, 0.0775505
7.19759, -22.1417, 0.311233, -5.8965, 0.0758709
7.33339, -22.9332, 0.321423, -5.76071, 0.0742006
7.46919, -23.7063, 0.331387, -5.62491, 0.0725353
7.605, -24.461, 0.341124, -5.48912, 0.0708732
7.7408, -25.1972, 0.350637, -5.35333, 0.0692133
7.8766, -25.915, 0.359923, -5.21753, 0.0675549
8.01241, -26.6143, 0.368985, -5.08174, 0.0658977
8.14821, -27.2952, 0.377822, -4.94595, 0.0642415
8.28401, -27.9577, 0.386433, -4.81015, 0.0625861
8.41982, -28.6017, 0.39482, -4.67436, 0.0609313
8.55562, -29.2273, 0.402983, -4.53856, 0.0592769
8.69142, -29.8344, 0.410921, -4.40277, 0.0576231
8.82723, -30.4231, 0.418634, -4.26698, 0.0559697
8.96303, -30.9933, 0.426122, -4.13118, 0.0543166
9.09883, -31.5452, 0.433386, -3.99539, 0.0526638
9.23464, -32.0785, 0.440426, -3.8596, 0.0510113
9.37044, -32.5935, 0.447242, -3.7238, 0.049359
9.50625, -33.0899, 0.453832, -3.58801, 0.0477069
9.64205, -33.568, 0.460199, -3.45222, 0.046055
9.77785, -34.0276, 0.466341, -3.31642, 0.0444033
9.91366, -34.4688, 0.472259, -3.18063, 0.0427517
10.0495, -34.8915, 0.477953, -3.04484, 0.0411003
10.1853, -35.2957, 0.483422, -2.90904, 0.039449
10.3211, -35.6816, 0.488668, -2.77325, 0.0377978
10.4569, -36.049, 0.493689, -2.63746, 0.0361468
10.5927, -36.3979, 0.498485, -2.50166, 0.0344958
10.7285, -36.7285, 0.503058, -2.36587, 0.032845
10.8643, -37.0405, 0.507406, -2.23008, 0.0311942
11.0001, -37.3342, 0.51153, -2.09428, 0.0295435
11.1359, -37.6093, 0.515431, -1.95849, 0.0278929
11.2717, -37.8661, 0.519106, -1.8227, 0.0262424
11.4075, -38.1044, 0.522558, -1.6869, 0.0245919
11.5433, -38.3243, 0.525786, -1.55111, 0.0229416
11.6791, -38.5257, 0.528789, -1.41532, 0.0212913
11.8149, -38.7087, 0.531569, -1.27952, 0.019641
11.9507, -38.8732, 0.534124, -1.14373, 0.0179908
12.0865, -39.0193, 0.536455, -1.00794, 0.0163406
12.2223, -39.147, 0.538562, -0.872143, 0.0146905
12.3581, -39.2562, 0.540445, -0.73635, 0.0130404
12.4939, -39.347, 0.542104, -0.600555, 0.0113904
12.6297, -39.4193, 0.543539, -0.464761, 0.00974042
12.7655, -39.4732, 0.54475, -0.328969, 0.0080905
12.9013, -39.5087, 0.545736, -0.193175, 0.0064406
13.0371, -39.5257, 0.546499, -0.0573834, 0.00479076
13.1729, -39.5243, 0.547037, 0.078412, 0.00314092
13.3087, -39.5044, 0.547352, 0.214205, 0.00149114
13.4445, -39.4661, 0.547442, 0.349997, -0.000158608
13.5664, -39.416, 0.548704, 0.471849, 0.00148231
13.6883, -39.3511, 0.549092, 0.593697, 0.00296462
13.8101, -39.2713, 0.549661, 0.715546, 0.00444694
13.932, -39.1767, 0.55041, 0.837395, 0.00592925
14.0538, -39.0672, 0.55134, 0.959244, 0.00741156
14.1757, -38.9429, 0.55245, 1.08109, 0.00889387
14.2976, -38.8037, 0.553741, 1.20294, 0.0103762
14.4194, -38.6497, 0.555213, 1.32479, 0.0118585
14.5413, -38.4809, 0.556865, 1.44664, 0.0133408
14.6631, -38.2972, 0.558698, 1.56849, 0.0148231
14.785, -38.0986, 0.560712, 1.69034, 0.0163054
14.9068, -37.8852, 0.562906, 1.81219, 0.0177877
15.0287, -37.657, 0.565281, 1.93403, 0.0192701
15.1506, -37.4139, 0.567836, 2.05588, 0.0207524
15.2724, -37.1559, 0.570572, 2.17773, 0.0222347
15.3943, -36.8831, 0.573489, 2.29958, 0.023717
15.5161, -36.5955, 0.576587, 2.42143, 0.0251993
15.638, -36.293, 0.579865, 2.54328, 0.0266816
15.7598, -35.9756, 0.583323, 2.66513, 0.0281639
15.8817, -35.6434, 0.586962, 2.78698, 0.0296462
16.0036, -35.2964, 0.590782, 2.90883, 0.0311285
16.1254, -34.9345, 0.594783, 3.03067, 0.0326109
16.2473, -34.5578, 0.598964, 3.15252, 0.0340932
16.3691, -34.1662, 0.603326, 3.27437, 0.0355755
16.491, -33.7598, 0.607868, 3.39622, 0.0370578
16.6129, -33.3385, 0.612591, 3.51807, 0.0385401
16.7347, -32.9024, 0.617495, 3.63992, 0.0400224
16.8566, -32.4514, 0.622579, 3.76177, 0.0415047
16.9784, -31.9856, 0.627844, 3.88362, 0.042987
17.1003, -31.5049, 0.63329, 4.00546, 0.0444693
17.2221, -31.0094, 0.638916, 4.12731, 0.0459517
17.344, -30.499, 0.644723, 4.24916, 0.047434
17.4659, -29.9738, 0.650711, 4.37101, 0.0489163
17.5877, -29.4337, 0.656879, 4.49286, 0.0503986
17.7096, -28.8788, 0.663227, 4.61471, 0.0518809
17.8314, -28.309, 0.669757, 4.73656, 0.0533632
17.9533, -27.7244, 0.676467, 4.85841, 0.0548455
18.0751, -27.125, 0.683357, 4.98025, 0.0563278
18.197, -26.5107, 0.690429, 5.1021, 0.0578102
18.3189, -25.8815, 0.697681, 5.22395, 0.0592924
18.4407, -25.2375, 0.705113, 5.3458, 0.0607748
18.5626, -24.5787, 0.712726, 5.46765, 0.0622571
18.6844, -23.905, 0.72052, 5.5895, 0.0637394
18.8063, -23.2164, 0.728494, 5.71134, 0.0652217
18.9282, -22.513, 0.736649, 5.8332, 0.066704
19.05, -21.7948, 0.744985, 5.95504, 0.0681863
19.1719, -21.0617, 0.753501, 6.07689, 0.0696686
19.2937, -20.3138, 0.762198, 6.19872, 0.0711507
19.4156, -19.551, 0.771076, 6.32056, 0.0726329
19.5374, -18.779, 0.779927, 6.29241, 0.0723547
19.6593, -18.0196, 0.788555, 6.17061, 0.070969
19.7812, -17.2751, 0.797024, 6.04875, 0.0695738
19.903, -16.5454, 0.80533, 5.92691, 0.0681716
20.0249, -15.8306, 0.813472, 5.80506, 0.066763
20.1467, -15.1306, 0.821447, 5.68321, 0.0653493
20.2686, -14.4455, 0.829254, 5.56136, 0.063931
20.3904, -13.7752, 0.836893, 5.43951, 0.0625087
20.5123, -13.1198, 0.844362, 5.31766, 0.0610828
20.6342, -12.4792, 0.851661, 5.19581, 0.0596538
20.756, -11.8535, 0.858788, 5.07396, 0.058222
20.8779, -11.2426, 0.865744, 4.95212, 0.0567877
20.9997, -10.6466, 0.872527, 4.83027, 0.055351
21.1216, -10.0654, 0.879137, 4.70842, 0.0539124
21.2435, -9.49907, 0.885574, 4.58657, 0.0524718
21.3653, -8.94759, 0.891837, 4.46472, 0.0510294
21.4872, -8.41095, 0.897925, 4.34287, 0.0495855
21.609, -7.88916, 0.90384, 4.22102, 0.0481401
21.7309, -7.38222, 0.909579, 4.09917, 0.0466933
21.8527, -6.89013, 0.915144, 3.97732, 0.0452453
21.9746, -6.41288, 0.920533, 3.85547, 0.0437961
22.0965, -5.95048, 0.925747, 3.73362, 0.0423458
22.2183, -5.50293, 0.930785, 3.61177, 0.0408944
22.3402, -5.07024, 0.935648, 3.48993, 0.0394421
22.462, -4.65239, 0.940334, 3.36808, 0.0379889
22.5839, -4.24939, 0.944844, 3.24623, 0.0365348
22.7057, -3.86123, 0.949178, 3.12438, 0.0350799
22.8276, -3.48793, 0.953335, 3.00253, 0.0336242
22.9495, -3.12947, 0.957315, 2.88068, 0.0321678
23.0713, -2.78586, 0.961119, 2.75883, 0.0307108
23.1932, -2.45709, 0.964746, 2.63698, 0.0292531
23.315, -2.14319, 0.968196, 2.51513, 0.0277948
23.4369, -1.84412, 0.971469, 2.39328, 0.0263359
23.5588, -1.5599, 0.974564, 2.27143, 0.0248764
23.6806, -1.29053, 0.977483, 2.14958, 0.0234164
23.8025, -1.03602, 0.980223, 2.02773, 0.0219559
23.9243, -0.796349, 0.982787, 1.90589, 0.0204949
24.0462, -0.571522, 0.985173, 1.78404, 0.0190335
24.168, -0.361546, 0.987381, 1.66219, 0.0175716
24.2899, -0.166416, 0.989411, 1.54034, 0.0161093
24.4118, 0.0138664, 0.991264, 1.41849, 0.0146465
24.5336, 0.179287, 0.992939, 1.29664, 0.0131834
24.6555, 0.329872, 0.994436, 1.17479, 0.0117199
24.7773, 0.465599, 0.995755, 1.05294, 0.010256
24.8992, 0.586487, 0.996896, 0.931094, 0.00879186
25.021, 0.692532, 0.997859, 0.809245, 0.00732732
25.1429, 0.783718, 0.998643, 0.687395, 0.00586245
25.2648, 0.86005, 0.99925, 0.565545, 0.00439727
25.3866, 0.921551, 0.999678, 0.443697, 0.0029318
25.5085, 0.968193, 0.999928, 0.321849, 0.00146604
25.6303, 0.999992, 1, 0.199998, -1.59489e-08
