2.98677, 0.270781
0, 0, 0, 0.5, 0
0.0131935, 0.00674569, 0.000460917, 0.509133, 0.00847331
0.026387, 0.0136129, 0.00101768, 0.518055, 0.017138
0.0395805, 0.0205987, 0.00167259, 0.526752, 0.0260007
0.052774, 0.0276999, 0.00242823, 0.535206, 0.035067
0.0659675, 0.0349131, 0.00328714, 0.543399, 0.044343
0.079161, 0.0422346, 0.00425194, 0.551309, 0.053834
0.0923545, 0.0496603, 0.00532541, 0.558916, 0.0635447
0.105548, 0.057186, 0.00651031, 0.566196, 0.073479
0.118742, 0.0648071, 0.00780956, 0.573123, 0.0836398
0.131935, 0.0725184, 0.00922614, 0.579673, 0.0940285
0.145129, 0.0803146, 0.010763, 0.585815, 0.104645
0.158322, 0.0881899, 0.0124232, 0.591522, 0.115487
0.171516, 0.0961381, 0.0142098, 0.596762, 0.126551
0.184709, 0.104153, 0.0161258, 0.601504, 0.137828
0.197903, 0.112226, 0.0181742, 0.605716, 0.14931
0.211096, 0.120352, 0.0203579, 0.609367, 0.160982
0.22429, 0.12852, 0.0226798, 0.612425, 0.172827
0.237483, 0.136725, 0.0251424, 0.614862, 0.184825
0.250677, 0.144956, 0.0277481, 0.616651, 0.19695
0.26387, 0.153204, 0.0304992, 0.617768, 0.209174
0.277064, 0.16146, 0.0333976, 0.618194, 0.221466
0.290257, 0.169716, 0.0364446, 0.617915, 0.233791
0.303451, 0.17796, 0.0396415, 0.616921, 0.246113
0.316644, 0.186183, 0.042989, 0.615211, 0.258392
0.329838, 0.194376, 0.0464872, 0.612789, 0.270593
0.343031, 0.202529, 0.0501358, 0.609663, 0.282676
0.356225, 0.210633, 0.0539342, 0.605851, 0.294606
0.369418, 0.218678, 0.0578812, 0.601373, 0.306351
0.382612, 0.226657, 0.0619749, 0.596255, 0.31788
0.395805, 0.23456, 0.0662135, 0.590527, 0.329168
0.408999, 0.24238, 0.0705943, 0.584222, 0.340192
0.422192, 0.25011, 0.0751147, 0.577373, 0.350936
0.435386, 0.257743, 0.0797714, 0.570016, 0.361384
0.448579, 0.265272, 0.0845613, 0.562185, 0.371528
0.461773, 0.272692, 0.0894807, 0.553917, 0.381362
0.474966, 0.279997, 0.0945262, 0.545243, 0.390883
0.48816, 0.287182, 0.0996939, 0.536198, 0.40009
0.501353, 0.294244, 0.10498, 0.52681, 0.408986
0.514547, 0.301176, 0.110381, 0.517109, 0.417575
0.52774, 0.307976, 0.115893, 0.507122, 0.425863
0.540934, 0.314641, 0.121513, 0.496874, 0.433856
0.554127, 0.321166, 0.127236, 0.486386, 0.441563
0.567321, 0.32755, 0.133059, 0.475681, 0.448992
0.580514, 0.333789, 0.138978, 0.464777, 0.456152
0.593708, 0.339882, 0.144991, 0.453692, 0.463052
0.606901, 0.345826, 0.151094, 0.442441, 0.469701
0.620095, 0.351618, 0.157284, 0.431039, 0.47611
0.633288, 0.357258, 0.163557, 0.419499, 0.482286
0.646482, 0.362744, 0.169911, 0.407833, 0.488239
0.659675, 0.368073, 0.176343, 0.396051, 0.493979
0.672869, 0.373246, 0.182849, 0.384164, 0.499513
0.686062, 0.378259, 0.189429, 0.372181, 0.504849
0.699256, 0.383114, 0.196078, 0.360108, 0.509997
0.712449, 0.387807, 0.202795, 0.347954, 0.514962
0.725643, 0.392338, 0.209577, 0.335726, 0.519754
0.738836, 0.396707, 0.216421, 0.323428, 0.524378
0.75203, 0.400913, 0.223327, 0.311067, 0.528842
0.765223, 0.404954, 0.230291, 0.298648, 0.533152
0.778417, 0.40883, 0.237311, 0.286175, 0.537314
0.79161, 0.412541, 0.244387, 0.273653, 0.541334
0.804804, 0.416086, 0.251515, 0.261084, 0.545217
0.817997, 0.419464, 0.258694, 0.248473, 0.548969
0.831191, 0.422675, 0.265922, 0.235823, 0.552594
0.844384, 0.425718, 0.273199, 0.223136, 0.556098
0.857578, 0.428593, 0.280521, 0.210416, 0.559486
0.870771, 0.431299, 0.287888, 0.197664, 0.56276
0.883965, 0.433837, 0.295298, 0.184884, 0.565926
0.897158, 0.436205, 0.302749, 0.172076, 0.568988
0.910352, 0.438404, 0.310241, 0.159243, 0.571948
0.923545, 0.440433, 0.317772, 0.146386, 0.574812
0.936739, 0.442292, 0.325341, 0.133508, 0.577581
0.949932, 0.44398, 0.332946, 0.12061, 0.58026
0.963126, 0.445498, 0.340586, 0.107692, 0.582852
0.976319, 0.446845, 0.34826, 0.0947571, 0.585358
0.989513, 0.448021, 0.355968, 0.0818054, 0.587783
1.00271, 0.449026, 0.363707, 0.0688383, 0.590129
1.0159, 0.449859, 0.371478, 0.0558566, 0.592398
1.02909, 0.450521, 0.379278, 0.0428616, 0.594593
1.04229, 0.45101, 0.387107, 0.0298539, 0.596716
1.05548, 0.451328, 0.394964, 0.0168343, 0.59877
1.06867, 0.451474, 0.402848, 0.00380361, 0.600756
1.08187, 0.451447, 0.410759, -0.00923729, 0.602677
1.09506, 0.451249, 0.418695, -0.0222881, 0.604535
1.10825, 0.450877, 0.426655, -0.0353478, 0.606331
1.12145, 0.450333, 0.434639, -0.0484164, 0.608067
1.13464, 0.449617, 0.442646, -0.0614929, 0.609745
1.14784, 0.448728, 0.450675, -0.0745769, 0.611367
1.16103, 0.447666, 0.458725, -0.0876679, 0.612934
1.17422, 0.446431, 0.466796, -0.100766, 0.614448
1.18742, 0.445023, 0.474887, -0.11387, 0.61591
1.20061, 0.443441, 0.482997, -0.12698, 0.617321
1.2138, 0.441687, 0.491126, -0.140095, 0.618684
1.227, 0.43976, 0.499273, -0.153216, 0.619999
1.24019, 0.437659, 0.507437, -0.166341, 0.621267
1.25338, 0.435385, 0.515618, -0.179471, 0.622491
1.26658, 0.432937, 0.523815, -0.192605, 0.62367
1.27977, 0.430316, 0.532028, -0.205743, 0.624806
1.29296, 0.427522, 0.540255, -0.218886, 0.6259
1.30616, 0.424554, 0.548497, -0.232031, 0.626953
1.32296, 0.425214, 0.561454, -0.235337, 0.642439
1.33977, 0.425792, 0.574674, -0.238606, 0.657905
1.35658, 0.42629, 0.588156, -0.241838, 0.673351
1.37338, 0.426707, 0.6019, -0.24503, 0.688775
1.39019, 0.427042, 0.615906, -0.248182, 0.704178
1.40699, 0.427296, 0.630174, -0.251292, 0.719557
1.4238, 0.427469, 0.644703, -0.254358, 0.734911
1.44061, 0.427561, 0.659492, -0.257378, 0.75024
1.45741, 0.427571, 0.674541, -0.260351, 0.765543
1.47422, 0.427499, 0.68985, -0.263274, 0.780818
1.49102, 0.427346, 0.705418, -0.266145, 0.796063
1.50783, 0.427111, 0.721244, -0.268963, 0.811277
1.52464, 0.426794, 0.737328, -0.271724, 0.82646
1.54144, 0.426396, 0.75367, -0.274427, 0.841608
1.55825, 0.425915, 0.770268, -0.277069, 0.85672
1.57505, 0.425352, 0.787122, -0.279647, 0.871796
1.59186, 0.424707, 0.804232, -0.282159, 0.886831
1.60867, 0.42398, 0.821595, -0.284601, 0.901825
1.62547, 0.42317, 0.839212, -0.28697, 0.916776
1.64228, 0.422278, 0.857082, -0.289262, 0.93168
1.65908, 0.421302, 0.875203, -0.291475, 0.946535
1.67589, 0.420245, 0.893575, -0.293605, 0.961338
1.6927, 0.419104, 0.912197, -0.295647, 0.976088
1.7095, 0.41788, 0.931067, -0.297597, 0.990779
1.72631, 0.416574, 0.950184, -0.299452, 1.00541
1.74312, 0.415184, 0.969547, -0.301205, 1.01998
1.75992, 0.413711, 0.989154, -0.302852, 1.03447
1.77673, 0.412154, 1.009, -0.304389, 1.0489
1.79353, 0.410514, 1.02909, -0.305808, 1.06325
1.81034, 0.40879, 1.04943, -0.307105, 1.07751
1.82715, 0.406983, 1.06999, -0.308273, 1.09169
1.84395, 0.405092, 1.0908, -0.309305, 1.10578
1.86076, 0.403118, 1.11183, -0.310194, 1.11976
1.87756, 0.40106, 1.1331, -0.310934, 1.13365
1.89437, 0.398918, 1.1546, -0.311515, 1.14741
1.91118, 0.396693, 1.17632, -0.31193, 1.16106
1.92798, 0.394384, 1.19827, -0.312171, 1.17459
1.94479, 0.391992, 1.22043, -0.312227, 1.18797
1.96159, 0.389518, 1.24281, -0.312089, 1.20121
1.9784, 0.38696, 1.26541, -0.311747, 1.2143
1.99521, 0.384321, 1.28821, -0.31119, 1.22722
2.01201, 0.3816, 1.31122, -0.310407, 1.23995
2.02882, 0.378798, 1.33442, -0.309387, 1.2525
2.04562, 0.375915, 1.35783, -0.308117, 1.26485
2.06243, 0.372954, 1.38142, -0.306585, 1.27697
2.07924, 0.369915, 1.4052, -0.304777, 1.28886
2.09604, 0.366799, 1.42915, -0.302681, 1.30051
2.11285, 0.363609, 1.45328, -0.300284, 1.31188
2.12966, 0.360346, 1.47757, -0.297571, 1.32297
2.14646, 0.357013, 1.50203, -0.294529, 1.33375
2.16327, 0.353612, 1.52663, -0.291145, 1.3442
2.18007, 0.350147, 1.55137, -0.287406, 1.35431
2.19688, 0.346621, 1.57625, -0.283298, 1.36405
2.21369, 0.343039, 1.60125, -0.27881, 1.3734
2.23049, 0.339406, 1.62636, -0.273932, 1.38233
2.2473, 0.335726, 1.65158, -0.268652, 1.39082
2.2641, 0.332007, 1.6769, -0.262964, 1.39885
2.28091, 0.328255, 1.70229, -0.256861, 1.40639
2.29772, 0.324478, 1.72776, -0.250338, 1.41342
2.31452, 0.320685, 1.75328, -0.243394, 1.41992
2.33133, 0.316883, 1.77886, -0.23603, 1.42587
2.34813, 0.313083, 1.80447, -0.228247, 1.43124
2.36494, 0.309297, 1.83011, -0.220054, 1.43603
2.38175, 0.305533, 1.85576, -0.211459, 1.44021
2.39855, 0.301805, 1.88141, -0.202473, 1.44378
2.41536, 0.298124, 1.90705, -0.193112, 1.44671
2.43216, 0.294501, 1.93267, -0.183393, 1.44902
2.44897, 0.290951, 1.95826, -0.173334, 1.45069
2.46578, 0.287484, 1.9838, -0.162959, 1.45173
2.48258, 0.284113, 2.00929, -0.15229, 1.45214
2.49939, 0.28085, 2.03472, -0.14135, 1.45192
2.51619, 0.277706, 2.06008, -0.130165, 1.45109
2.533, 0.274692, 2.08535, -0.11876, 1.44965
2.54981, 0.271818, 2.11054, -0.107161, 1.44763
2.56661, 0.269095, 2.13564, -0.0953915, 1.44503
2.58342, 0.266531, 2.16063, -0.0834761, 1.44188
2.60023, 0.264134, 2.18551, -0.0714375, 1.43819
2.61703, 0.261912, 2.21027, -0.0592984, 1.43399
2.63384, 0.259871, 2.23491, -0.0470785, 1.42929
2.65064, 0.258017, 2.25943, -0.0347976, 1.42412
2.66745, 0.256356, 2.28381, -0.022473, 1.41849
2.68426, 0.254891, 2.30805, -0.0101208, 1.41243
2.70106, 0.253627, 2.33215, 0.00224398, 1.40597
2.71787, 0.252567, 2.35611, 0.0146084, 1.39911
2.73467, 0.251713, 2.37991, 0.0269605, 1.39187
2.75148, 0.251068, 2.40356, 0.0392896, 1.38429
2.76829, 0.250633, 2.42705, 0.0515869, 1.37637
2.78509, 0.250409, 2.45037, 0.0638437, 1.36813
2.8019, 0.250397, 2.47353, 0.0760528, 1.35959
2.8187, 0.250598, 2.49653, 0.0882085, 1.35076
2.83551, 0.251013, 2.51935, 0.100305, 1.34167
2.85232, 0.25164, 2.54199, 0.112339, 1.33231
2.86912, 0.252479, 2.56446, 0.124305, 1.32272
2.88593, 0.253531, 2.58675, 0.136202, 1.31289
2.90273, 0.254794, 2.60885, 0.148025, 1.30285
2.91954, 0.256268, 2.63077, 0.159774, 1.2926
2.93635, 0.257951, 2.6525, 0.171446, 1.28215
2.95315, 0.259843, 2.67404, 0.183041, 1.27152
2.96996, 0.261943, 2.69539, 0.194557, 1.26071
2.98677, 0.264249, 2.71654, 0.205994, 1.24973
