30.3935, 0
0, 0, 0, 0.5, 0
0.159973, 0.0671883, 0.000103483, 0.340034, 0.00139922
0.319945, 0.108792, 0.000430756, 0.180067, 0.00279844
0.479918, 0.124803, 0.000981882, 0.0201005, 0.00419765
0.639891, 0.11522, 0.00175688, -0.139866, 0.00559687
0.799863, 0.0800525, 0.00275566, -0.299833, 0.00699609
0.959836, 0.0192926, 0.0039783, -0.459799, 0.00839531
1.11981, -0.0670596, 0.0054248, -0.619765, 0.00979452
1.27978, -0.179, 0.00709511, -0.779732, 0.0111937
1.43975, -0.316529, 0.00898925, -0.939698, 0.012593
1.59973, -0.479649, 0.0111072, -1.09967, 0.0139922
1.7597, -0.668363, 0.0134491, -1.25963, 0.0153914
1.91967, -0.882663, 0.0160147, -1.4196, 0.0167906
2.07964, -1.12256, 0.0188042, -1.57956, 0.0181898
2.23962, -1.38804, 0.0218176, -1.73953, 0.0195891
2.39959, -1.67911, 0.0250547, -1.8995, 0.0209883
2.55956, -1.99577, 0.0285157, -2.05946, 0.0223875
2.71953, -2.33803, 0.0322006, -2.21943, 0.0237867
2.87951, -2.70587, 0.0361093, -2.3794, 0.0251859
3.03948, -3.0993, 0.0402418, -2.53936, 0.0265852
3.19945, -3.51833, 0.0445981, -2.69933, 0.0279844
3.35943, -3.96294, 0.0491783, -2.8593, 0.0293836
3.5194, -4.43315, 0.0539823, -3.01926, 0.0307828
3.67937, -4.92894, 0.0590102, -3.17923, 0.032182
3.83934, -5.45032, 0.0642619, -3.3392, 0.0335812
3.99932, -5.9973, 0.0697374, -3.49916, 0.0349805
4.15929, -6.56986, 0.0754368, -3.65913, 0.0363797
4.31926, -7.16802, 0.08136, -3.8191, 0.0377789
4.47923, -7.79177, 0.0875071, -3.97906, 0.0391781
4.63921, -8.4411, 0.093878, -4.13903, 0.0405773
4.79918, -9.11603, 0.100473, -4.299, 0.0419766
4.95915, -9.81655, 0.107291, -4.45896, 0.0433758
5.11912, -10.5427, 0.114334, -4.61893, 0.044775
5.2791, -11.2944, 0.1216, -4.7789, 0.0461742
5.43907, -12.0716, 0.12909, -4.93886, 0.0475734
5.59904, -12.8745, 0.136804, -5.09883, 0.0489726
5.75901, -13.703, 0.144742, -5.2588, 0.0503719
5.91899, -14.557, 0.152903, -5.41876, 0.0517711
6.07896, -15.4367, 0.161289, -5.57873, 0.0531703
6.23893, -16.3419, 0.169898, -5.73869, 0.0545695
6.39891, -17.2728, 0.178731, -5.89866, 0.0559687
6.55888, -18.2292, 0.188464, -6.05863, 0.0568964
6.71885, -19.2112, 0.197069, -6.2186, 0.0587672
6.87882, -20.2188, 0.206573, -6.37856, 0.0601664
7.0388, -21.252, 0.216302, -6.53853, 0.0615656
7.19877, -22.3108, 0.226254, -6.6985, 0.0629648
7.35874, -23.3951, 0.23643, -6.85847, 0.0643641
7.51871, -24.5051, 0.24683, -7.01843, 0.0657633
7.67869, -25.6406, 0.257454, -7.1784, 0.0671625
7.83866, -26.8018, 0.268301, -7.3384, 0.0685621
7.99863, -27.9885, 0.279368, -7.48938, 0.0689076
8.1586, -29.1736, 0.290255, -7.32841, 0.0673089
8.31858, -30.3332, 0.300908, -7.16843, 0.0658737
8.47855, -31.4671, 0.311332, -7.00846, 0.0644533
8.63852, -32.5755, 0.321529, -6.8485, 0.063039
8.79849, -33.6583, 0.331501, -6.68853, 0.0616281
8.95847, -34.7155, 0.341247, -6.52856, 0.0602192
9.11844, -35.7471, 0.350768, -6.3686, 0.0588119
9.27841, -36.7531, 0.360064, -6.20863, 0.0574057
9.43839, -37.7335, 0.369135, -6.04867, 0.0560003
9.59836, -38.6883, 0.377981, -5.8887, 0.0545955
9.75833, -39.6175, 0.386602, -5.72873, 0.0531912
9.9183, -40.5212, 0.394999, -5.56877, 0.0517874
10.0783, -41.3992, 0.403171, -5.4088, 0.050384
10.2382, -42.2517, 0.411119, -5.24883, 0.0489808
10.3982, -43.0786, 0.418843, -5.08886, 0.047578
10.5582, -43.8799, 0.426342, -4.9289, 0.0461754
10.7182, -44.6555, 0.433616, -4.76893, 0.0447729
10.8781, -45.4057, 0.440667, -4.60896, 0.0433707
11.0381, -46.1302, 0.447493, -4.449, 0.0419686
11.1981, -46.8291, 0.454094, -4.28903, 0.0405667
11.3581, -47.5024, 0.460472, -4.12906, 0.0391649
11.518, -48.1502, 0.466625, -3.9691, 0.0377632
11.678, -48.7723, 0.472554, -3.80913, 0.0363617
11.838, -49.3689, 0.478259, -3.64917, 0.0349602
11.9979, -49.9398, 0.483739, -3.4892, 0.0335588
12.1579, -50.4852, 0.488996, -3.32923, 0.0321575
12.3179, -51.005, 0.494028, -3.16927, 0.0307563
12.4779, -51.4992, 0.498836, -3.0093, 0.0293552
12.6378, -51.9678, 0.50342, -2.84933, 0.0279541
12.7978, -52.4109, 0.50778, -2.68937, 0.0265531
12.9578, -52.8283, 0.511915, -2.5294, 0.0251521
13.1178, -53.2201, 0.515827, -2.36943, 0.0237513
13.2777, -53.5864, 0.519515, -2.20947, 0.0223504
13.4377, -53.927, 0.522978, -2.0495, 0.0209496
13.5977, -54.2421, 0.526217, -1.88953, 0.0195489
13.7576, -54.5316, 0.529232, -1.72957, 0.0181482
13.9176, -54.7955, 0.532024, -1.5696, 0.0167475
14.0776, -55.0338, 0.534591, -1.40963, 0.0153469
14.2376, -55.2465, 0.536934, -1.24967, 0.0139463
14.3975, -55.4336, 0.539053, -1.0897, 0.0125457
14.5575, -55.5951, 0.540948, -0.929732, 0.0111452
14.7175, -55.731, 0.542619, -0.769766, 0.0097447
14.8775, -55.8414, 0.544066, -0.6098, 0.00834424
15.0374, -55.9261, 0.545288, -0.449832, 0.0069438
15.1974, -55.9853, 0.546287, -0.289868, 0.00554342
15.3574, -56.0189, 0.547062, -0.129901, 0.00414303
15.5173, -56.0269, 0.547613, 0.0300663, 0.00274267
15.6773, -56.0093, 0.54794, 0.19003, 0.00134236
15.8373, -55.9661, 0.548042, 0.349999, -5.79717e-05
15.9829, -55.9045, 0.548595, 0.495557, 0.00124061
16.1284, -55.8218, 0.548873, 0.641113, 0.00248122
16.274, -55.7179, 0.549332, 0.78667, 0.00372182
16.4195, -55.5928, 0.549971, 0.932227, 0.00496243
16.5651, -55.4465, 0.550791, 1.07778, 0.00620303
16.7107, -55.279, 0.551792, 1.22334, 0.00744364
16.8562, -55.0903, 0.544716, 1.36888, 0.0100195
17.0018, -54.8805, 0.554335, 1.51445, 0.00992486
17.1473, -54.6495, 0.555877, 1.66001, 0.0111655
17.2929, -54.3972, 0.5576, 1.80557, 0.0124061
17.4385, -54.1238, 0.559504, 1.95112, 0.0136467
17.584, -53.8292, 0.554303, 2.09667, 0.0162225
17.7296, -53.5134, 0.556762, 2.24222, 0.0174631
17.8752, -53.1764, 0.566298, 2.38779, 0.0173685
18.0207, -52.8183, 0.568924, 2.53335, 0.0186091
18.1663, -52.4389, 0.57173, 2.67891, 0.0198497
18.3118, -52.0383, 0.568404, 2.82445, 0.0224255
18.4574, -51.6167, 0.577885, 2.97002, 0.0223309
18.603, -51.1737, 0.575308, 3.11556, 0.0249067
18.7485, -50.7096, 0.584762, 3.26113, 0.0248121
18.8941, -50.2243, 0.588472, 3.40669, 0.0260527
19.0397, -49.7179, 0.592362, 3.55225, 0.0272934
19.1852, -49.1902, 0.596432, 3.6978, 0.028534
19.3308, -48.6414, 0.600683, 3.84336, 0.0297746
19.4763, -48.0713, 0.600356, 3.9889, 0.0323504
19.6219, -47.48, 0.605163, 4.13446, 0.033591
19.7675, -46.8676, 0.61015, 4.28002, 0.0348316
19.913, -46.234, 0.615318, 4.42557, 0.0360722
20.0586, -45.5792, 0.620666, 4.57113, 0.0373128
20.2041, -44.9033, 0.626195, 4.71669, 0.0385534
20.3497, -44.2061, 0.631905, 4.86224, 0.039794
20.4953, -43.4878, 0.641194, 5.00781, 0.0396994
20.6408, -42.7482, 0.643866, 5.15336, 0.0422752
20.7864, -41.9875, 0.653127, 5.29893, 0.0421806
20.932, -41.2056, 0.659365, 5.44448, 0.0434213
21.0775, -40.4025, 0.663162, 5.59003, 0.0459971
21.2231, -39.5782, 0.672382, 5.7356, 0.0459025
21.3686, -38.7327, 0.676811, 5.88114, 0.0485488
21.5142, -37.8661, 0.686121, 6.02671, 0.0483837
21.6598, -36.9782, 0.693261, 6.17227, 0.0496243
21.8053, -36.0692, 0.698832, 6.31781, 0.052282
21.9509, -35.1389, 0.706629, 6.46337, 0.0534407
22.0965, -34.1875, 0.715766, 6.60893, 0.0533461
22.242, -33.2149, 0.722563, 6.75448, 0.0559219
22.3876, -32.2211, 0.731673, 6.90005, 0.0558273
22.5331, -31.2062, 0.739897, 7.04561, 0.0570679
22.6787, -30.17, 0.748301, 7.19116, 0.0583085
22.8243, -29.1126, 0.756571, 7.3367, 0.0610107
22.9698, -28.0341, 0.765552, 7.48226, 0.0622068
23.1154, -26.94, 0.774691, 7.47779, 0.0627231
23.2609, -25.8621, 0.783735, 7.33226, 0.0615376
23.4065, -24.8054, 0.792605, 7.1867, 0.0603227
23.5521, -23.7699, 0.801296, 7.04115, 0.0590992
23.6976, -22.7556, 0.80981, 6.89559, 0.0578713
23.8432, -21.7624, 0.818144, 6.75004, 0.0566409
23.9888, -20.7905, 0.826299, 6.60448, 0.0554088
24.1343, -19.8397, 0.834275, 6.45892, 0.0541754
24.2799, -18.9101, 0.842071, 6.31337, 0.0529412
24.4254, -18.0017, 0.849687, 6.16781, 0.0517062
24.571, -17.1145, 0.857124, 6.02226, 0.0504707
24.7166, -16.2485, 0.86438, 5.8767, 0.0492348
24.8621, -15.4037, 0.871457, 5.73114, 0.0479984
25.0077, -14.58, 0.878354, 5.58559, 0.0467617
25.1533, -13.7776, 0.885071, 5.44003, 0.0455247
25.2988, -12.9963, 0.891607, 5.29448, 0.0442875
25.4444, -12.2362, 0.897964, 5.14892, 0.0430501
25.5899, -11.4973, 0.90414, 5.00336, 0.0418125
25.7355, -10.7796, 0.910136, 4.8578, 0.0405747
25.8811, -10.0831, 0.915952, 4.71225, 0.0393367
26.0266, -9.40776, 0.921588, 4.56669, 0.0380987
26.1722, -8.75362, 0.927044, 4.42113, 0.0368605
26.3177, -8.12068, 0.932319, 4.27558, 0.0356222
26.4633, -7.5089, 0.937414, 4.13002, 0.0343838
26.6089, -6.91832, 0.942329, 3.98447, 0.0331453
26.7544, -6.34894, 0.947064, 3.83891, 0.0319067
26.9, -5.80072, 0.951618, 3.69335, 0.0306681
27.0456, -5.27372, 0.955992, 3.5478, 0.0294294
27.1911, -4.76788, 0.960186, 3.40224, 0.0281906
27.3367, -4.28323, 0.964199, 3.25668, 0.0269517
27.4822, -3.81978, 0.968032, 3.11113, 0.0257128
27.6278, -3.37752, 0.971684, 2.96557, 0.0244738
27.7734, -2.95643, 0.975157, 2.82001, 0.0232348
27.9189, -2.55655, 0.978449, 2.67445, 0.0219958
28.0645, -2.17784, 0.98156, 2.5289, 0.0207567
28.2101, -1.8203, 0.984491, 2.38334, 0.0195175
28.3556, -1.48399, 0.987242, 2.23779, 0.0182783
28.5012, -1.16885, 0.989813, 2.09223, 0.0170391
28.6467, -0.874893, 0.992203, 1.94667, 0.0157998
28.7923, -0.602127, 0.994412, 1.80111, 0.0145605
28.9379, -0.35054, 0.996442, 1.65556, 0.0133212
29.0834, -0.120159, 0.99829, 1.51, 0.0120818
29.229, 0.0890656, 0.999959, 1.36445, 0.0108424
29.3745, 0.277077, 1.00145, 1.21889, 0.00960297
29.5201, 0.443901, 1.00275, 1.07333, 0.00836353
29.6657, 0.589539, 1.00388, 0.927774, 0.00712403
29.8112, 0.714005, 1.00483, 0.782218, 0.00588454
29.9568, 0.817261, 1.00559, 0.636662, 0.00464502
30.1024, 0.899353, 1.00618, 0.491106, 0.00340547
30.2479, 0.960232, 1.00659, 0.345548, 0.00216589
30.3935, 0.999939, 1.00681, 0.199991, 0.000926304
