35.1943, 0
0, 0, 0, 0.5, 0
0.184302, 0.0751653, 0.000104784, 0.315703, 0.00121453
0.368604, 0.11637, 0.00043337, 0.131404, 0.00242907
0.552905, 0.123606, 0.000985811, -0.0528939, 0.0036436
0.737207, 0.0968738, 0.00176211, -0.237191, 0.00485813
0.921509, 0.036173, 0.00276226, -0.421489, 0.00607267
1.10581, -0.0584885, 0.00398621, -0.605787, 0.0072872
1.29011, -0.187121, 0.00543403, -0.790084, 0.00850174
1.47441, -0.349719, 0.00710569, -0.974382, 0.00971627
1.65872, -0.546281, 0.00900117, -1.15868, 0.0109308
1.84302, -0.776808, 0.0111205, -1.34298, 0.0121453
2.02732, -1.04131, 0.0134637, -1.52728, 0.0133599
2.21162, -1.33977, 0.0160307, -1.71157, 0.0145744
2.39592, -1.6722, 0.0188215, -1.89587, 0.0157889
2.58022, -2.03859, 0.0218362, -2.08017, 0.0170035
2.76453, -2.43895, 0.0250748, -2.26447, 0.018218
2.94883, -2.87328, 0.0285372, -2.44877, 0.0194325
3.13313, -3.34158, 0.0322234, -2.63306, 0.0206471
3.31743, -3.84384, 0.0361334, -2.81736, 0.0218616
3.50173, -4.38007, 0.0402673, -3.00166, 0.0230761
3.68604, -4.95026, 0.0446251, -3.18596, 0.0242907
3.87034, -5.55442, 0.0492067, -3.37025, 0.0255052
4.05464, -6.19255, 0.0540121, -3.55455, 0.0267197
4.23894, -6.86464, 0.0590414, -3.73885, 0.0279343
4.42324, -7.5707, 0.0642945, -3.92315, 0.0291488
4.60754, -8.31072, 0.0697714, -4.10745, 0.0303634
4.79185, -9.08472, 0.0754722, -4.29174, 0.0315779
4.97615, -9.89268, 0.0813968, -4.47604, 0.0327924
5.16045, -10.7346, 0.0875453, -4.66034, 0.0340069
5.34475, -11.6105, 0.0939176, -4.84464, 0.0352215
5.52905, -12.5203, 0.100514, -5.02894, 0.036436
5.71336, -13.4642, 0.107334, -5.21323, 0.0376506
5.89766, -14.442, 0.114378, -5.39753, 0.0388651
6.08196, -15.4537, 0.121645, -5.58183, 0.0400796
6.26626, -16.4995, 0.129137, -5.76613, 0.0412942
6.45056, -17.5791, 0.136852, -5.95043, 0.0425087
6.63486, -18.6928, 0.144791, -6.13472, 0.0437232
6.81917, -19.8404, 0.152954, -6.31902, 0.0449378
7.00347, -21.022, 0.161341, -6.50332, 0.0461523
7.18777, -22.2376, 0.169952, -6.68762, 0.0473668
7.37207, -23.4871, 0.178786, -6.87191, 0.0485814
7.55637, -24.7706, 0.187845, -7.05621, 0.0497959
7.74067, -26.088, 0.197127, -7.24051, 0.0510104
7.92498, -27.4394, 0.206633, -7.42481, 0.052225
8.10928, -28.8248, 0.216363, -7.60911, 0.0534395
8.29358, -30.2442, 0.226317, -7.79341, 0.0546541
8.47788, -31.6975, 0.236494, -7.9777, 0.0558686
8.66218, -33.1848, 0.246896, -8.16201, 0.0570832
8.84649, -34.7061, 0.257521, -8.3463, 0.0582977
9.03079, -36.2613, 0.26837, -8.53066, 0.0595126
9.21509, -37.8502, 0.279429, -8.68113, 0.0597308
9.39939, -39.433, 0.290313, -8.49637, 0.058417
9.58369, -40.9819, 0.300965, -8.31203, 0.057177
9.76799, -42.4969, 0.311389, -8.12772, 0.0559472
9.9523, -43.9778, 0.321587, -7.94341, 0.0547218
10.1366, -45.4248, 0.33156, -7.75911, 0.0534987
10.3209, -46.8379, 0.341307, -7.57481, 0.0522772
10.5052, -48.2169, 0.35083, -7.39051, 0.0510568
10.6895, -49.562, 0.360127, -7.20621, 0.0498371
10.8738, -50.8732, 0.3692, -7.02191, 0.048618
11.0581, -52.1503, 0.378048, -6.83762, 0.0473995
11.2424, -53.3935, 0.386671, -6.65332, 0.0461813
11.4267, -54.6028, 0.395071, -6.46902, 0.0449634
11.611, -55.778, 0.403245, -6.28472, 0.0437458
11.7953, -56.9193, 0.411195, -6.10043, 0.0425284
11.9796, -58.0267, 0.418921, -5.91613, 0.0413112
12.1639, -59.1, 0.426423, -5.73183, 0.0400942
12.3482, -60.1395, 0.4337, -5.54753, 0.0388773
12.5325, -61.1449, 0.440753, -5.36323, 0.0376605
12.7168, -62.1164, 0.447582, -5.17894, 0.0364439
12.9011, -63.0539, 0.454186, -4.99464, 0.0352274
13.0854, -63.9574, 0.460567, -4.81034, 0.034011
13.2697, -64.827, 0.466723, -4.62604, 0.0327947
13.454, -65.6626, 0.472655, -4.44175, 0.0315784
13.6383, -66.4642, 0.478363, -4.25745, 0.0303622
13.8226, -67.2319, 0.483847, -4.07315, 0.0291461
14.0069, -67.9656, 0.489106, -3.88885, 0.0279301
14.1912, -68.6653, 0.494142, -3.70455, 0.0267141
14.3755, -69.3311, 0.498953, -3.52026, 0.0254981
14.5598, -69.9629, 0.50354, -3.33596, 0.0242822
14.7441, -70.5607, 0.507904, -3.15166, 0.0230664
14.9284, -71.1246, 0.512043, -2.96736, 0.0218506
15.1127, -71.6545, 0.515958, -2.78306, 0.0206348
15.297, -72.1505, 0.519649, -2.59877, 0.0194191
15.4813, -72.6124, 0.523116, -2.41447, 0.0182034
15.6657, -73.0405, 0.526359, -2.23017, 0.0169878
15.85, -73.4345, 0.529378, -2.04587, 0.0157721
16.0343, -73.7946, 0.532172, -1.86158, 0.0145565
16.2186, -74.1207, 0.534743, -1.67728, 0.013341
16.4029, -74.4128, 0.53709, -1.49298, 0.0121254
16.5872, -74.671, 0.539213, -1.30868, 0.0109099
16.7715, -74.8952, 0.541111, -1.12438, 0.00969442
16.9558, -75.0854, 0.542786, -0.940086, 0.00847896
17.1401, -75.2417, 0.544237, -0.755788, 0.00726351
17.3244, -75.364, 0.545463, -0.571491, 0.00604809
17.5087, -75.4524, 0.546466, -0.387193, 0.00483268
17.693, -75.5067, 0.547245, -0.202894, 0.00361729
17.8773, -75.5272, 0.547799, -0.0185992, 0.00240194
18.0616, -75.5136, 0.54813, 0.1657, 0.00118658
18.2459, -75.4661, 0.548237, 0.349995, -2.87314e-05
18.4154, -75.3924, 0.548594, 0.519481, 0.00106554
18.5848, -75.29, 0.548871, 0.688962, 0.00213107
18.7543, -75.1588, 0.546539, 0.858441, 0.00355012
18.9238, -74.999, 0.549967, 1.02792, 0.00426215
19.0933, -74.8104, 0.550786, 1.1974, 0.00532769
19.2628, -74.5931, 0.551785, 1.36689, 0.00639322
19.4323, -74.3471, 0.550415, 1.53636, 0.00781227
19.6018, -74.0723, 0.554326, 1.70585, 0.0085243
19.7712, -73.7688, 0.553437, 1.87533, 0.00994334
19.9407, -73.4367, 0.557589, 2.04481, 0.0106554
20.1102, -73.0757, 0.557181, 2.21429, 0.0120744
20.2797, -72.6861, 0.561574, 2.38377, 0.0127864
20.4492, -72.2677, 0.563838, 2.55325, 0.013852
20.6187, -71.8206, 0.566282, 2.72273, 0.0149175
20.7881, -71.3448, 0.568907, 2.89221, 0.0159831
20.9576, -70.8402, 0.569702, 3.06169, 0.0174021
21.1271, -70.307, 0.574699, 3.23118, 0.0181141
21.2966, -69.745, 0.575974, 3.40065, 0.0195332
21.4661, -69.1543, 0.581212, 3.57014, 0.0202452
21.6356, -68.5348, 0.582969, 3.73962, 0.0216642
21.805, -67.8866, 0.588448, 3.9091, 0.0223763
21.9745, -67.2097, 0.590686, 4.07858, 0.0237953
22.144, -66.5041, 0.594816, 4.24806, 0.0248609
22.3135, -65.7698, 0.600657, 4.41754, 0.0255729
22.483, -65.0067, 0.605088, 4.58702, 0.0266384
22.6525, -64.2149, 0.609699, 4.7565, 0.027704
22.822, -63.3944, 0.614491, 4.92599, 0.0287695
22.9914, -62.5452, 0.618172, 5.09546, 0.0301885
23.1609, -61.6672, 0.624617, 5.26495, 0.0309006
23.3304, -60.7605, 0.628779, 5.43442, 0.0323196
23.4999, -59.8251, 0.634353, 5.60391, 0.0333852
23.6694, -58.861, 0.640108, 5.77339, 0.0344507
23.8389, -57.8681, 0.647035, 5.94287, 0.0351627
24.0083, -56.8465, 0.652092, 6.11235, 0.0366073
24.1778, -55.7962, 0.659328, 6.28183, 0.0372938
24.3473, -54.7172, 0.66484, 6.45131, 0.0387532
24.5168, -53.6094, 0.67159, 6.62079, 0.0397784
24.6863, -52.473, 0.679121, 6.79027, 0.0404904
24.8558, -51.3077, 0.68608, 6.95976, 0.041556
25.0252, -50.1138, 0.692606, 7.12923, 0.0430005
25.1947, -48.8912, 0.70054, 7.29872, 0.043687
25.3642, -47.6398, 0.707588, 7.46819, 0.0451061
25.5337, -46.3597, 0.715329, 7.63768, 0.0461716
25.7032, -45.0508, 0.723175, 7.80715, 0.0473179
25.8727, -43.7133, 0.731627, 7.97664, 0.0479492
26.0422, -42.347, 0.739621, 8.14612, 0.0493937
26.2116, -40.952, 0.748078, 8.3156, 0.0504847
26.3811, -39.5283, 0.756838, 8.48509, 0.0511458
26.5506, -38.0758, 0.76556, 8.65455, 0.0526644
26.7201, -36.6003, 0.774568, 8.67403, 0.0531381
26.8896, -35.1445, 0.783488, 8.50456, 0.0521161
27.0591, -33.7175, 0.792233, 8.33508, 0.05107
27.2285, -32.3192, 0.800799, 8.16559, 0.050017
27.398, -30.9496, 0.809187, 7.99612, 0.0489609
27.5675, -29.6088, 0.817395, 7.82664, 0.0479028
27.737, -28.2966, 0.825424, 7.65716, 0.0468435
27.9065, -27.0132, 0.833273, 7.48767, 0.0457832
28.076, -25.7586, 0.840943, 7.31819, 0.0447223
28.2454, -24.5326, 0.848433, 7.14872, 0.0436609
28.4149, -23.3354, 0.855743, 6.97923, 0.0425991
28.5844, -22.1669, 0.862873, 6.80976, 0.0415369
28.7539, -21.0271, 0.869822, 6.64027, 0.0404745
28.9234, -19.916, 0.876592, 6.4708, 0.0394118
29.0929, -18.8337, 0.883182, 6.30131, 0.0383489
29.2624, -17.7801, 0.889591, 6.13183, 0.0372858
29.4318, -16.7552, 0.89582, 5.96235, 0.0362226
29.6013, -15.759, 0.90187, 5.79287, 0.0351592
29.7708, -14.7916, 0.907738, 5.62339, 0.0340957
29.9403, -13.8529, 0.913427, 5.45391, 0.0330321
30.1098, -12.9429, 0.918935, 5.28443, 0.0319684
30.2793, -12.0616, 0.924263, 5.11494, 0.0309046
30.4487, -11.2091, 0.929411, 4.94546, 0.0298408
30.6182, -10.3852, 0.934378, 4.77598, 0.0287769
30.7877, -9.59016, 0.939165, 4.6065, 0.0277129
30.9572, -8.82379, 0.943772, 4.43702, 0.0266488
31.1267, -8.08615, 0.948198, 4.26754, 0.0255847
31.2962, -7.37722, 0.952444, 4.09806, 0.0245205
31.4656, -6.69703, 0.95651, 3.92858, 0.0234563
31.6351, -6.04556, 0.960395, 3.7591, 0.022392
31.8046, -5.42281, 0.9641, 3.58962, 0.0213277
31.9741, -4.8288, 0.967625, 3.42014, 0.0202634
32.1436, -4.2635, 0.970969, 3.25066, 0.019199
32.3131, -3.72694, 0.974133, 3.08117, 0.0181346
32.4826, -3.21909, 0.977116, 2.91169, 0.0170701
32.652, -2.73994, 0.979919, 2.74221, 0.0160056
32.8215, -2.28955, 0.982541, 2.57273, 0.0149411
32.991, -1.86788, 0.984983, 2.40325, 0.0138766
33.1605, -1.47494, 0.987245, 2.23377, 0.012812
33.33, -1.1107, 0.989326, 2.06429, 0.0117474
33.4995, -0.7752, 0.991227, 1.89481, 0.0106828
33.6689, -0.468422, 0.992947, 1.72533, 0.00961815
33.8384, -0.190376, 0.994487, 1.55585, 0.0085535
34.0079, 0.05896, 0.995847, 1.38636, 0.00748881
34.1774, 0.279572, 0.997026, 1.21688, 0.00642411
34.3469, 0.471451, 0.998024, 1.0474, 0.0053594
34.5164, 0.634613, 0.998842, 0.877923, 0.00429466
34.6859, 0.769043, 0.99948, 0.708441, 0.0032299
34.8553, 0.874741, 0.999937, 0.53896, 0.00216513
35.0248, 0.951714, 1.00021, 0.36948, 0.00110035
35.1943, 0.999977, 1.00031, 0.199999, 3.55509e-05
