2.4289, 0
0, 0, 0, 0.5, 0
0.0114669, 0.00629796, 0.000428352, 0.494323, 0.00993073
0.0229337, 0.0125305, 0.000970635, 0.488646, 0.0198611
0.0344006, 0.0186975, 0.00162694, 0.482971, 0.0297912
0.0458674, 0.0247989, 0.00239718, 0.477296, 0.039721
0.0573343, 0.0308349, 0.00328141, 0.471623, 0.0496504
0.0688012, 0.0368053, 0.00427962, 0.46595, 0.0595794
0.080268, 0.0427102, 0.00539177, 0.460279, 0.0695081
0.0917349, 0.0485495, 0.00661788, 0.454609, 0.0794364
0.103202, 0.0543233, 0.00795797, 0.44894, 0.0893642
0.114669, 0.0600316, 0.00941204, 0.443272, 0.0992916
0.126135, 0.0656743, 0.0109801, 0.437605, 0.109219
0.137602, 0.0712516, 0.012662, 0.43194, 0.119145
0.149069, 0.0767632, 0.014458, 0.426276, 0.129071
0.160536, 0.0822094, 0.0163679, 0.420614, 0.138997
0.172003, 0.08759, 0.0183917, 0.414953, 0.148922
0.18347, 0.0929051, 0.0205295, 0.409294, 0.158846
0.194937, 0.0981546, 0.0227812, 0.403636, 0.16877
0.206403, 0.103339, 0.0251469, 0.39798, 0.178693
0.21787, 0.108457, 0.0276265, 0.392326, 0.188616
0.229337, 0.11351, 0.03022, 0.386674, 0.198537
0.240804, 0.118497, 0.0329275, 0.381024, 0.208459
0.252271, 0.123419, 0.0357489, 0.375376, 0.218379
0.263738, 0.128275, 0.0386842, 0.369731, 0.228298
0.275205, 0.133066, 0.0417335, 0.364087, 0.238217
0.286672, 0.137791, 0.0448966, 0.358446, 0.248135
0.298138, 0.142451, 0.0481737, 0.352808, 0.258052
0.309605, 0.147045, 0.0515647, 0.347173, 0.267968
0.321072, 0.151573, 0.0550695, 0.34154, 0.277883
0.332539, 0.156036, 0.0586883, 0.33591, 0.287796
0.344006, 0.160433, 0.0624209, 0.330284, 0.297709
0.355473, 0.164765, 0.0662674, 0.324662, 0.30762
0.36694, 0.169031, 0.0702278, 0.319043, 0.31753
0.378406, 0.173232, 0.074302, 0.313427, 0.327439
0.389873, 0.177367, 0.0784901, 0.307816, 0.337346
0.40134, 0.181436, 0.082792, 0.30221, 0.347251
0.412807, 0.18544, 0.0872077, 0.296608, 0.357155
0.424274, 0.189378, 0.0917372, 0.291011, 0.367057
0.435741, 0.193251, 0.0963806, 0.28542, 0.376957
0.447208, 0.197058, 0.101138, 0.279834, 0.386855
0.458674, 0.200799, 0.106009, 0.274254, 0.39675
0.470141, 0.204474, 0.110993, 0.268682, 0.406643
0.481608, 0.208084, 0.116092, 0.263116, 0.416533
0.493075, 0.211629, 0.121304, 0.257558, 0.426421
0.504542, 0.215107, 0.126629, 0.252008, 0.436305
0.516009, 0.21852, 0.132069, 0.246468, 0.446186
0.527476, 0.221868, 0.137622, 0.240937, 0.456063
0.538942, 0.225149, 0.143288, 0.235417, 0.465936
0.550409, 0.228365, 0.149068, 0.229909, 0.475804
0.561876, 0.231515, 0.154962, 0.224413, 0.485668
0.573343, 0.234599, 0.160969, 0.218931, 0.495526
0.58481, 0.237618, 0.167089, 0.213465, 0.505378
0.596277, 0.24057, 0.173323, 0.208016, 0.515224
0.607744, 0.243457, 0.17967, 0.202585, 0.525063
0.61921, 0.246278, 0.186131, 0.197175, 0.534893
0.630677, 0.249033, 0.192704, 0.191787, 0.544714
0.642144, 0.251721, 0.19939, 0.186426, 0.554524
0.653611, 0.254344, 0.206189, 0.181093, 0.564323
0.665078, 0.256901, 0.213101, 0.175794, 0.574109
0.676545, 0.259391, 0.220125, 0.17053, 0.58388
0.688012, 0.261816, 0.227262, 0.165309, 0.593633
0.699479, 0.264173, 0.23451, 0.160136, 0.603366
0.710945, 0.266465, 0.241871, 0.155017, 0.613075
0.722412, 0.268689, 0.249342, 0.149963, 0.622757
0.733879, 0.270847, 0.256925, 0.144983, 0.632407
0.745346, 0.272938, 0.264618, 0.14009, 0.642017
0.756813, 0.274961, 0.272421, 0.1353, 0.651582
0.76828, 0.276917, 0.280332, 0.130633, 0.66109
0.779747, 0.278806, 0.288351, 0.126114, 0.670528
0.791213, 0.280626, 0.296476, 0.121775, 0.67988
0.80268, 0.282377, 0.304706, 0.117657, 0.689124
0.814147, 0.284059, 0.313038, 0.113812, 0.698229
0.825614, 0.285672, 0.321468, 0.110309, 0.707154
0.837081, 0.287214, 0.329992, 0.107239, 0.715843
0.848548, 0.288686, 0.338605, 0.10472, 0.724218
0.860015, 0.290088, 0.347297, 0.102903, 0.732171
0.871481, 0.291421, 0.356058, 0.101975, 0.739555
0.882948, 0.292691, 0.364873, 0.102151, 0.746178
0.894415, 0.293906, 0.373724, 0.103653, 0.751806
0.905882, 0.295082, 0.38259, 0.106642, 0.75619
0.917349, 0.296242, 0.391452, 0.11116, 0.759126
0.928816, 0.297417, 0.40029, 0.117084, 0.760511
0.940283, 0.298635, 0.409093, 0.124153, 0.760375
0.95175, 0.299923, 0.41785, 0.132055, 0.758858
0.963216, 0.3013, 0.426557, 0.140497, 0.756155
0.974683, 0.302778, 0.435207, 0.149249, 0.752465
0.98615, 0.304364, 0.443796, 0.158149, 0.747969
0.997617, 0.306059, 0.45232, 0.167089, 0.742817
1.00908, 0.307867, 0.460776, 0.176004, 0.737128
1.02055, 0.309785, 0.46916, 0.184853, 0.730996
1.03202, 0.311812, 0.47747, 0.193612, 0.724498
1.04348, 0.313948, 0.485701, 0.202273, 0.717691
1.05495, 0.316189, 0.493852, 0.210829, 0.710621
1.06642, 0.318535, 0.501921, 0.219279, 0.703328
1.07788, 0.320984, 0.509905, 0.227627, 0.695842
1.08935, 0.323533, 0.517802, 0.235875, 0.688187
1.10082, 0.326182, 0.525612, 0.244029, 0.680385
1.11229, 0.328929, 0.533332, 0.252093, 0.672452
1.12375, 0.331772, 0.54096, 0.260071, 0.664403
1.13522, 0.33471, 0.548497, 0.267969, 0.65625
1.14816, 0.339848, 0.556958, 0.273438, 0.667027
1.16109, 0.345038, 0.565567, 0.278967, 0.67774
1.17403, 0.350279, 0.574324, 0.284556, 0.688387
1.18697, 0.355573, 0.583227, 0.290209, 0.698964
1.1999, 0.360919, 0.592277, 0.295929, 0.709466
1.21284, 0.366317, 0.601471, 0.301718, 0.71989
1.22578, 0.371768, 0.61081, 0.307579, 0.73023
1.23871, 0.377272, 0.620293, 0.313516, 0.740482
1.25165, 0.38283, 0.629918, 0.319532, 0.75064
1.26459, 0.388441, 0.639684, 0.325631, 0.760699
1.27752, 0.394107, 0.649591, 0.331815, 0.770651
1.29046, 0.399826, 0.659637, 0.33809, 0.780491
1.3034, 0.405601, 0.669821, 0.344458, 0.790211
1.31633, 0.411431, 0.680141, 0.350925, 0.799803
1.32927, 0.417317, 0.690596, 0.357494, 0.809259
1.34221, 0.423259, 0.701184, 0.364169, 0.818568
1.35514, 0.429258, 0.711904, 0.370957, 0.827722
1.36808, 0.435313, 0.722753, 0.377861, 0.83671
1.38102, 0.441427, 0.73373, 0.384886, 0.845519
1.39396, 0.447598, 0.744832, 0.392037, 0.854137
1.40689, 0.453829, 0.756057, 0.399319, 0.86255
1.41983, 0.460119, 0.767402, 0.406737, 0.870744
1.43277, 0.466469, 0.778865, 0.414297, 0.878703
1.4457, 0.47288, 0.790441, 0.422002, 0.886408
1.45864, 0.479353, 0.802128, 0.429858, 0.893843
1.47158, 0.485889, 0.813923, 0.437869, 0.900985
1.48451, 0.492488, 0.82582, 0.446038, 0.907816
1.49745, 0.499151, 0.837816, 0.454369, 0.914311
1.51039, 0.50588, 0.849907, 0.462863, 0.920446
1.52332, 0.512675, 0.862086, 0.471524, 0.926196
1.53626, 0.519538, 0.874348, 0.480349, 0.931534
1.5492, 0.52647, 0.886687, 0.489339, 0.936433
1.56213, 0.533472, 0.899098, 0.498489, 0.940863
1.57507, 0.540546, 0.911572, 0.507794, 0.944796
1.58801, 0.547693, 0.924102, 0.517247, 0.948202
1.60094, 0.554916, 0.936681, 0.526838, 0.951053
1.61388, 0.562215, 0.9493, 0.536552, 0.95332
1.62682, 0.569593, 0.96195, 0.546375, 0.954978
1.63975, 0.577051, 0.974621, 0.556287, 0.956003
1.65269, 0.584592, 0.987305, 0.566266, 0.956374
1.66563, 0.592218, 0.999991, 0.576288, 0.956075
1.67856, 0.59993, 1.01267, 0.586324, 0.955095
1.6915, 0.60773, 1.02533, 0.596348, 0.953426
1.70444, 0.615621, 1.03796, 0.606327, 0.951069
1.71738, 0.623604, 1.05056, 0.616232, 0.948027
1.73031, 0.631681, 1.0631, 0.626032, 0.944312
1.74325, 0.639853, 1.07559, 0.635698, 0.93994
1.75619, 0.64812, 1.08801, 0.645202, 0.934931
1.76912, 0.656483, 1.10035, 0.654519, 0.92931
1.78206, 0.664944, 1.11261, 0.663626, 0.923107
1.795, 0.6735, 1.12477, 0.672504, 0.916353
1.80793, 0.682153, 1.13684, 0.681136, 0.90908
1.82087, 0.6909, 1.1488, 0.68951, 0.901322
1.83381, 0.699742, 1.16065, 0.697616, 0.893113
1.84674, 0.708676, 1.17237, 0.705448, 0.884488
1.85968, 0.717701, 1.18398, 0.713001, 0.875477
1.87262, 0.726814, 1.19546, 0.720274, 0.866114
1.88555, 0.736014, 1.2068, 0.727268, 0.856428
1.89849, 0.745298, 1.21802, 0.733984, 0.846446
1.91143, 0.754664, 1.22909, 0.740428, 0.836195
1.92436, 0.764109, 1.24002, 0.746604, 0.825699
1.9373, 0.773631, 1.2508, 0.752518, 0.81498
1.95024, 0.783226, 1.26144, 0.758177, 0.804059
1.96317, 0.792893, 1.27193, 0.763588, 0.792954
1.97611, 0.802628, 1.28227, 0.768759, 0.781682
1.98905, 0.81243, 1.29246, 0.773698, 0.77026
2.00199, 0.822294, 1.30249, 0.778413, 0.7587
2.01492, 0.83222, 1.31236, 0.782911, 0.747016
2.02786, 0.842204, 1.32208, 0.787201, 0.735219
2.0408, 0.852243, 1.33164, 0.79129, 0.72332
2.05373, 0.862337, 1.34104, 0.795186, 0.711328
2.06667, 0.872481, 1.35028, 0.798896, 0.699252
2.07961, 0.882674, 1.35936, 0.802428, 0.687099
2.09254, 0.892914, 1.36828, 0.805787, 0.674876
2.10548, 0.903198, 1.37704, 0.808982, 0.66259
2.11842, 0.913525, 1.38563, 0.812018, 0.650247
2.13135, 0.923892, 1.39406, 0.814902, 0.637851
2.14429, 0.934298, 1.40233, 0.817638, 0.625407
2.15723, 0.94474, 1.41043, 0.820234, 0.612919
2.17016, 0.955218, 1.41837, 0.822694, 0.600393
2.1831, 0.965728, 1.42614, 0.825023, 0.58783
2.19604, 0.976271, 1.43375, 0.827227, 0.575234
2.20897, 0.986843, 1.44119, 0.82931, 0.562608
2.22191, 0.997443, 1.44847, 0.831276, 0.549955
2.23485, 1.00807, 1.45558, 0.83313, 0.537277
2.24778, 1.01872, 1.46252, 0.834875, 0.524576
2.26072, 1.0294, 1.4693, 0.836517, 0.511854
2.27366, 1.0401, 1.47591, 0.838057, 0.499114
2.28659, 1.05082, 1.48235, 0.839501, 0.486356
2.29953, 1.06156, 1.48863, 0.84085, 0.473583
2.31247, 1.07232, 1.49474, 0.842109, 0.460795
2.32541, 1.08309, 1.50068, 0.843281, 0.447994
2.33834, 1.09389, 1.50646, 0.844368, 0.435181
2.35128, 1.10469, 1.51206, 0.845373, 0.422358
2.36422, 1.11552, 1.5175, 0.846298, 0.409525
2.37715, 1.12635, 1.52278, 0.847148, 0.396683
2.39009, 1.1372, 1.52788, 0.847923, 0.383833
2.40303, 1.14806, 1.53282, 0.848626, 0.370975
2.41596, 1.15893, 1.53759, 0.849259, 0.358111
2.4289, 1.16981, 1.5422, 0.849826, 0.345242
