2.90542, 0
0, 0, 0, 0.5, 0
0.00156403, 0.0030981, 0.00555478, 0.498458, 1.69746e-05
0.00312806, 0.017054, 0.0120809, 0.496957, 1.24122e-05
0.00469209, 0.0283439, 0.00984122, 0.495402, 4.21959e-06
0.00625612, 0.0314334, 0.0154006, 0.493861, 2.11869e-05
0.00782015, 0.0398854, 0.00788616, 0.492306, 1.29899e-05
0.00938418, 0.0552459, 0.0170573, 0.490804, 8.41846e-06
0.0109482, 0.0665242, 0.0148239, 0.489249, 2.16532e-07
0.0125122, 0.0696022, 0.0203895, 0.487708, 1.71755e-05
0.0140763, 0.0794583, 0.0155203, 0.486153, 8.96864e-06
0.0156403, 0.0948074, 0.0246976, 0.484651, 4.38839e-06
0.0172043, 0.108738, 0.0312375, 0.48315, -1.93715e-07
0.0187684, 0.120002, 0.0290118, 0.481595, -8.40751e-06
0.0203324, 0.124481, 0.0372243, 0.480054, 8.54023e-06
0.0218964, 0.136986, 0.0411298, 0.478552, 3.95067e-06
0.0234605, 0.134548, 0.0326613, 0.476957, 1.72649e-05
0.0250245, 0.149881, 0.0418476, 0.475456, 1.26706e-05
0.0265885, 0.159714, 0.0369909, 0.473901, 4.44613e-06
0.0281525, 0.176456, 0.0488196, 0.4724, -1.50874e-07
0.0297166, 0.1877, 0.0466044, 0.470845, -8.38004e-06
0.0312806, 0.187911, 0.046911, 0.469303, 8.54954e-06
0.0328446, 0.199148, 0.0446992, 0.467748, 3.1665e-07
0.0344087, 0.202186, 0.0502865, 0.466207, 1.72425e-05
0.0359727, 0.217498, 0.0594838, 0.464705, 1.26353e-05
0.0375367, 0.228727, 0.0572767, 0.463151, 4.39305e-06
0.0391008, 0.241201, 0.0611993, 0.461649, -2.19792e-07
0.0406648, 0.244226, 0.0667931, 0.460108, 1.66986e-05
0.0422288, 0.255447, 0.0645904, 0.458553, 8.45082e-06
0.0437929, 0.270744, 0.0737957, 0.457052, 3.8296e-06
0.0453569, 0.269682, 0.0679877, 0.455457, 1.71103e-05
0.0469209, 0.284974, 0.0771959, 0.453955, 1.24853e-05
0.0484849, 0.29743, 0.0811276, 0.452454, 7.8585e-06
0.050049, 0.308636, 0.0789329, 0.450899, -3.98606e-07
0.051613, 0.308978, 0.0757705, 0.449304, 1.28709e-05
0.053177, 0.322842, 0.0823459, 0.447803, 8.23848e-06
0.0547411, 0.336704, 0.0889225, 0.446302, 3.60236e-06
0.0563051, 0.33562, 0.083126, 0.444707, 1.68681e-05
0.0578691, 0.349477, 0.0897056, 0.443205, 1.22264e-05
0.0594332, 0.364745, 0.0989264, 0.441704, 7.58655e-06
0.0609972, 0.375931, 0.096742, 0.440149, -6.89179e-07
0.0625612, 0.389778, 0.103327, 0.438648, -5.33648e-06
0.0641253, 0.38868, 0.0975381, 0.437053, 7.91624e-06
0.0656893, 0.405353, 0.109404, 0.435552, 3.26522e-06
0.0672533, 0.405498, 0.109746, 0.434011, 2.01426e-05
0.0688173, 0.416669, 0.10757, 0.432456, 1.18595e-05
0.0703814, 0.430502, 0.114162, 0.430954, 7.20099e-06
0.0719454, 0.432054, 0.117148, 0.429413, 2.40728e-05
0.0735094, 0.456911, 0.121223, 0.427898, -5.75371e-06
0.0750735, 0.455793, 0.115445, 0.426304, 7.48038e-06
0.0766375, 0.468198, 0.119404, 0.424802, 2.81632e-06
0.0782015, 0.471154, 0.125035, 0.423261, 1.96807e-05
0.0797656, 0.480889, 0.120231, 0.421706, 1.1377e-05
0.0813296, 0.497534, 0.132112, 0.420205, 6.7018e-06
0.0828936, 0.508679, 0.12995, 0.41865, -1.6056e-06
0.0844577, 0.522487, 0.136555, 0.417149, -6.28084e-06
0.0860217, 0.522597, 0.136916, 0.415608, 1.05686e-05
0.0875857, 0.533733, 0.134759, 0.414053, 2.25753e-06
0.0891497, 0.548946, 0.144009, 0.412552, -2.42889e-06
0.0907138, 0.539601, 0.146045, 0.41097, 3.59491e-05
0.0922778, 0.563008, 0.147499, 0.409456, 6.09457e-06
0.0938418, 0.564519, 0.150507, 0.407914, 2.29329e-05
0.0954059, 0.586503, 0.149326, 0.4064, -6.92159e-06
0.0969699, 0.58676, 0.146209, 0.404805, 6.28084e-06
0.0985339, 0.600542, 0.152829, 0.403304, 1.58325e-06
0.100098, 0.603458, 0.158481, 0.401763, 1.84178e-05
0.101662, 0.611736, 0.15106, 0.400208, 1.00844e-05
0.103226, 0.626926, 0.160323, 0.398707, 5.38304e-06
0.10479, 0.629831, 0.165981, 0.397165, 2.22027e-05
0.106354, 0.651797, 0.164811, 0.395651, -7.6741e-06
0.107918, 0.654698, 0.170471, 0.39411, 9.14931e-06
0.109482, 0.665795, 0.168335, 0.392555, 8.00937e-07
0.111046, 0.667274, 0.171359, 0.391014, 1.76169e-05
0.11261, 0.671584, 0.179663, 0.389472, 3.44254e-05
0.114174, 0.694948, 0.181141, 0.387958, 4.54485e-06
0.115738, 0.701784, 0.171094, 0.386403, -3.81097e-06
0.117302, 0.710167, 0.190807, 0.384916, 1.66297e-05
0.118866, 0.719829, 0.186042, 0.383361, 8.27387e-06
0.12043, 0.732321, 0.186557, 0.381806, -8.9407e-08
0.121994, 0.747477, 0.195838, 0.380305, -4.8168e-06
0.123558, 0.757127, 0.191079, 0.37875, -1.31838e-05
0.125122, 0.758585, 0.194115, 0.377209, 3.60608e-06
0.126686, 0.77373, 0.203402, 0.375708, -1.13621e-06
0.128251, 0.784792, 0.201284, 0.374153, -9.50694e-06
0.129815, 0.787651, 0.206967, 0.372612, 7.27922e-06
0.131379, 0.789091, 0.210013, 0.371071, 2.40654e-05
0.132943, 0.811011, 0.208867, 0.369557, -5.83753e-06
0.134507, 0.812445, 0.211916, 0.368015, 1.09449e-05
0.136071, 0.823493, 0.209806, 0.366461, 2.55555e-06
0.137635, 0.826339, 0.215496, 0.36492, 1.93305e-05
0.139199, 0.84146, 0.224796, 0.363419, 1.45808e-05
0.140763, 0.851084, 0.220051, 0.361864, 6.18398e-06
0.142327, 0.86212, 0.217948, 0.360309, -2.2091e-06
0.143891, 0.86637, 0.226283, 0.358768, 1.45547e-05
0.145455, 0.878648, 0.230311, 0.357267, 9.79006e-06
0.147019, 0.888261, 0.225572, 0.355712, 1.38953e-06
0.148583, 0.903365, 0.234881, 0.354211, -3.37884e-06
0.150147, 0.912971, 0.230146, 0.352657, -1.17831e-05
0.151711, 0.917208, 0.238489, 0.351116, 4.97326e-06
0.153275, 0.918607, 0.241556, 0.349575, 2.17333e-05
0.154839, 0.929621, 0.239465, 0.34802, 1.33216e-05
0.182345, 0.946127, 0.241088, 0.33772, 0.0254937
0.209851, 0.955263, 0.242136, 0.327398, 0.0509892
0.237356, 0.96414, 0.243894, 0.317052, 0.0764753
0.264862, 0.972719, 0.246348, 0.306712, 0.101963
0.292368, 0.980999, 0.249498, 0.296376, 0.127453
0.319874, 0.989016, 0.253357, 0.28602, 0.152935
0.34738, 0.996764, 0.257923, 0.275643, 0.178409
0.374886, 1.00418, 0.263172, 0.265298, 0.203895
0.402391, 1.01133, 0.269128, 0.254934, 0.229373
0.429897, 1.0182, 0.27579, 0.244552, 0.254845
0.457403, 1.0248, 0.283156, 0.234154, 0.280309
0.484909, 1.0311, 0.291216, 0.223763, 0.305777
0.512415, 1.03712, 0.29998, 0.213358, 0.331239
0.539921, 1.04283, 0.309437, 0.20296, 0.356704
0.567426, 1.04827, 0.319596, 0.19255, 0.382163
0.594932, 1.05342, 0.330457, 0.182127, 0.407618
0.622438, 1.0583, 0.342026, 0.171674, 0.43306
0.649944, 1.06288, 0.354286, 0.161231, 0.458507
0.67745, 1.06715, 0.36724, 0.150799, 0.483957
0.704956, 1.07116, 0.380905, 0.140321, 0.509389
0.732461, 1.07488, 0.395267, 0.129838, 0.534819
0.759967, 1.0783, 0.410325, 0.119351, 0.560247
0.787473, 1.08145, 0.42609, 0.108827, 0.585661
0.814979, 1.08429, 0.442544, 0.0983192, 0.61108
0.842485, 1.08685, 0.459702, 0.0877795, 0.636486
0.86999, 1.08913, 0.477561, 0.0772122, 0.661881
0.897496, 1.0911, 0.496113, 0.0666495, 0.687278
0.925002, 1.0928, 0.51537, 0.0560374, 0.712654
0.952508, 1.09419, 0.535321, 0.0454217, 0.738029
0.980014, 1.09529, 0.555967, 0.0347915, 0.763397
1.00752, 1.0961, 0.577315, 0.0241145, 0.788747
1.03503, 1.09661, 0.599358, 0.0134208, 0.814088
1.06253, 1.09684, 0.622101, 0.00267199, 0.839407
1.09004, 1.09676, 0.645535, -0.00808164, 0.864724
1.11754, 1.09638, 0.669665, -0.0188751, 0.890023
1.14505, 1.09572, 0.694496, -0.0297433, 0.915291
1.17255, 1.09476, 0.720021, -0.0406618, 0.940537
1.20006, 1.09349, 0.746238, -0.0516323, 0.965761
1.22757, 1.09192, 0.773148, -0.0626678, 0.990955
1.25507, 1.09004, 0.800751, -0.0737813, 1.01612
1.28258, 1.08786, 0.829046, -0.0850061, 1.04123
1.31008, 1.08536, 0.85803, -0.0963364, 1.06629
1.33759, 1.08255, 0.887703, -0.107815, 1.09129
1.3651, 1.07943, 0.918063, -0.119476, 1.1162
1.3926, 1.07598, 0.949106, -0.131384, 1.14099
1.42011, 1.0722, 0.98083, -0.143609, 1.16563
1.44761, 1.06807, 1.01323, -0.156305, 1.19003
1.47512, 1.06359, 1.04629, -0.169712, 1.21405
1.50262, 1.05873, 1.08001, -0.184387, 1.2373
1.53013, 1.05342, 1.11434, -0.201877, 1.25847
1.55764, 1.04755, 1.14914, -0.226341, 1.26731
1.58514, 1.04112, 1.18371, -0.237583, 1.24371
1.61265, 1.03459, 1.21754, -0.235754, 1.21631
1.64015, 1.02818, 1.25062, -0.230567, 1.1893
1.66766, 1.02192, 1.28297, -0.223958, 1.16261
1.69517, 1.01586, 1.31458, -0.216563, 1.13611
1.72267, 1.01001, 1.34547, -0.208673, 1.10976
1.75018, 1.00439, 1.37563, -0.200441, 1.08352
1.77768, 0.998989, 1.40508, -0.191958, 1.05735
1.80519, 0.993828, 1.4338, -0.183285, 1.03125
1.83269, 0.988907, 1.46181, -0.174462, 1.0052
1.8602, 0.984231, 1.4891, -0.165517, 0.979189
1.88771, 0.979803, 1.51567, -0.156472, 0.953213
1.91521, 0.975624, 1.54154, -0.147343, 0.927266
1.94272, 0.971698, 1.56669, -0.138142, 0.901345
1.97022, 0.968026, 1.59112, -0.12888, 0.875445
1.99773, 0.964609, 1.61485, -0.119564, 0.849565
2.02524, 0.961449, 1.63786, -0.110201, 0.823702
2.05274, 0.958547, 1.66016, -0.100797, 0.797854
2.08025, 0.955904, 1.68175, -0.0913551, 0.77202
2.10775, 0.953521, 1.70263, -0.0818799, 0.746197
2.13526, 0.9514, 1.7228, -0.0723747, 0.720386
2.16276, 0.94954, 1.74226, -0.0628419, 0.694584
2.19027, 0.947943, 1.76101, -0.0532845, 0.668792
2.21778, 0.946609, 1.77905, -0.0437044, 0.643009
2.24528, 0.945539, 1.79638, -0.0341035, 0.617233
2.27279, 0.944733, 1.81301, -0.0244831, 0.591465
2.30029, 0.944192, 1.82892, -0.0148453, 0.565703
2.3278, 0.943917, 1.84413, -0.00519058, 0.539946
2.3553, 0.943907, 1.85862, 0.00447899, 0.514197
2.38281, 0.944163, 1.87241, 0.0141631, 0.488452
2.41032, 0.944686, 1.88549, 0.0238605, 0.462712
2.43782, 0.945476, 1.89787, 0.0335703, 0.436977
2.46533, 0.946533, 1.90953, 0.0432918, 0.411247
2.49283, 0.947857, 1.92049, 0.0530245, 0.385521
2.52034, 0.94945, 1.93074, 0.0627674, 0.359798
2.54785, 0.951311, 1.94028, 0.0725202, 0.334079
2.57535, 0.953439, 1.94912, 0.0822822, 0.308364
2.60286, 0.955837, 1.95725, 0.0920529, 0.282652
2.63036, 0.958504, 1.96467, 0.101832, 0.256944
2.65787, 0.961439, 1.97138, 0.111619, 0.231238
2.68537, 0.964644, 1.97739, 0.121413, 0.205535
2.71288, 0.968118, 1.98269, 0.131215, 0.179835
2.74039, 0.971862, 1.98728, 0.141023, 0.154137
2.76789, 0.975876, 1.99117, 0.150838, 0.128442
2.7954, 0.98016, 1.99435, 0.160659, 0.102749
2.8229, 0.984714, 1.99682, 0.170486, 0.077059
2.85041, 0.989539, 1.99859, 0.180319, 0.0513707
2.87792, 0.994634, 1.99965, 0.190157, 0.025684
2.90542, 1, 2, 0.2, -4.91738e-07
