29.9921, 0
0, 0, 0, 0.5, 0
0.157937, 0.0664969, 0.000103366, 0.342069, 0.00141725
0.315874, 0.108049, 0.000430586, 0.184139, 0.0028345
0.473811, 0.124661, 0.00098161, 0.0262078, 0.00425175
0.631748, 0.116328, 0.00175649, -0.131723, 0.005669
0.789686, 0.0830555, 0.00275517, -0.289654, 0.00708625
0.947623, 0.0248362, 0.00397772, -0.447585, 0.00850349
1.10556, -0.0583282, 0.00542413, -0.605515, 0.00992074
1.2635, -0.16643, 0.00709432, -0.763446, 0.011338
1.42143, -0.299479, 0.00898839, -0.921377, 0.0127552
1.57937, -0.457472, 0.0111063, -1.07931, 0.0141725
1.73731, -0.640402, 0.013448, -1.23724, 0.0155897
1.89525, -0.848281, 0.0160136, -1.39517, 0.017007
2.05318, -1.0811, 0.018803, -1.5531, 0.0184242
2.21112, -1.33887, 0.0218162, -1.71103, 0.0198415
2.36906, -1.62157, 0.0250533, -1.86896, 0.0212587
2.52699, -1.92922, 0.0285142, -2.02689, 0.022676
2.68493, -2.26182, 0.0321989, -2.18482, 0.0240932
2.84287, -2.61935, 0.0361075, -2.34275, 0.0255105
3.00081, -3.00183, 0.0402399, -2.50068, 0.0269277
3.15874, -3.40925, 0.0445962, -2.65862, 0.028345
3.31668, -3.84162, 0.0491762, -2.81655, 0.0297622
3.47462, -4.29893, 0.0539802, -2.97448, 0.0311795
3.63255, -4.78118, 0.0590079, -3.13241, 0.0325967
3.79049, -5.28837, 0.0642595, -3.29034, 0.034014
3.94843, -5.82051, 0.069735, -3.44827, 0.0354312
4.10637, -6.37759, 0.0754342, -3.6062, 0.0368485
4.2643, -6.95962, 0.0813573, -3.76413, 0.0382657
4.42224, -7.56659, 0.0875043, -3.92206, 0.039683
4.58018, -8.19849, 0.0938751, -4.07999, 0.0411002
4.73811, -8.85535, 0.10047, -4.23792, 0.0425175
4.89605, -9.53714, 0.107288, -4.39586, 0.0439347
5.05399, -10.2439, 0.11433, -4.55379, 0.045352
5.21193, -10.9756, 0.121597, -4.71172, 0.0467692
5.36986, -11.7322, 0.129087, -4.86965, 0.0481865
5.5278, -12.5138, 0.1368, -5.02758, 0.0496037
5.68574, -13.3203, 0.144738, -5.18551, 0.051021
5.84367, -14.1517, 0.152899, -5.34344, 0.0524382
6.00161, -15.0081, 0.161285, -5.50137, 0.0538555
6.15955, -15.8895, 0.169894, -5.6593, 0.0552727
6.31748, -16.7958, 0.178727, -5.81723, 0.05669
6.47542, -17.727, 0.187784, -5.97517, 0.0581072
6.63336, -18.6832, 0.197064, -6.1331, 0.0595245
6.7913, -19.6643, 0.206569, -6.29103, 0.0609418
6.94923, -20.6703, 0.216297, -6.44896, 0.062359
7.10717, -21.7013, 0.226249, -6.60689, 0.0637763
7.26511, -22.7573, 0.236425, -6.76483, 0.0651935
7.42304, -23.8382, 0.246825, -6.92276, 0.0666108
7.58098, -24.944, 0.257449, -7.08071, 0.0680282
7.73892, -26.0748, 0.268296, -7.23866, 0.0694457
7.89686, -27.2305, 0.279364, -7.39257, 0.0698536
8.05479, -28.3849, 0.290249, -7.23074, 0.068163
8.21273, -29.5145, 0.300899, -7.07277, 0.0667084
8.37067, -30.619, 0.311321, -6.91482, 0.0652693
8.5286, -31.6987, 0.321516, -6.75689, 0.0638366
8.68654, -32.7534, 0.331486, -6.59897, 0.0624074
8.84448, -33.7831, 0.341229, -6.44103, 0.0609803
9.00242, -34.7879, 0.350748, -6.2831, 0.0595547
9.16035, -35.7678, 0.360041, -6.12517, 0.0581302
9.31829, -36.7227, 0.36911, -5.96724, 0.0567067
9.47623, -37.6527, 0.377953, -5.8093, 0.0552837
9.63416, -38.5577, 0.386572, -5.65137, 0.0538613
9.7921, -39.4378, 0.394967, -5.49344, 0.0524394
9.95004, -40.2929, 0.403137, -5.33551, 0.0510178
10.108, -41.1231, 0.411082, -5.17758, 0.0495965
10.2659, -41.9284, 0.418803, -5.01965, 0.0481755
10.4239, -42.7087, 0.426299, -4.86172, 0.0467548
10.5818, -43.4641, 0.433571, -4.70379, 0.0453342
10.7397, -44.1945, 0.440619, -4.54585, 0.0439139
10.8977, -44.9, 0.447443, -4.38793, 0.0424937
11.0556, -45.5806, 0.454042, -4.22999, 0.0410737
11.2135, -46.2361, 0.460417, -4.07206, 0.0396538
11.3715, -46.8668, 0.466568, -3.91414, 0.0382341
11.5294, -47.4725, 0.472494, -3.7562, 0.0368144
11.6873, -48.0533, 0.478196, -3.59827, 0.0353948
11.8453, -48.6091, 0.483674, -3.44034, 0.0339754
12.0032, -49.14, 0.488928, -3.28241, 0.032556
12.1612, -49.6459, 0.493958, -3.12448, 0.0311367
12.3191, -50.1269, 0.498763, -2.96655, 0.0297175
12.477, -50.583, 0.503345, -2.80862, 0.0282984
12.635, -51.0141, 0.507702, -2.65069, 0.0268793
12.7929, -51.4203, 0.511835, -2.49275, 0.0254602
12.9508, -51.8015, 0.515745, -2.33482, 0.0240413
13.1088, -52.1578, 0.519429, -2.17689, 0.0226224
13.2667, -52.4891, 0.52289, -2.01896, 0.0212035
13.4247, -52.7955, 0.526127, -1.86103, 0.0197847
13.5826, -53.077, 0.52914, -1.7031, 0.0183659
13.7405, -53.3335, 0.531928, -1.54517, 0.0169472
13.8985, -53.5651, 0.534493, -1.38724, 0.0155285
14.0564, -53.7717, 0.536833, -1.22931, 0.0141098
14.2143, -53.9534, 0.53895, -1.07138, 0.0126912
14.3723, -54.1101, 0.540842, -0.913447, 0.0112726
14.5302, -54.2419, 0.542511, -0.755517, 0.00985409
14.6882, -54.3488, 0.543955, -0.597586, 0.00843556
14.8461, -54.4307, 0.545175, -0.439654, 0.00701706
15.004, -54.4876, 0.546171, -0.281725, 0.00559861
15.162, -54.5197, 0.546944, -0.123793, 0.00418016
15.3199, -54.5267, 0.547492, 0.0341377, 0.00276175
15.4778, -54.5089, 0.547816, 0.192068, 0.00134336
15.6358, -54.4661, 0.547916, 0.35, -7.50098e-05
15.7793, -54.4055, 0.548595, 0.493557, 0.00125788
15.9229, -54.3244, 0.548873, 0.637115, 0.00251577
16.0665, -54.2226, 0.549332, 0.780672, 0.00377366
16.21, -54.1002, 0.549972, 0.924229, 0.00503154
16.3536, -53.9572, 0.550792, 1.06779, 0.00628943
16.4972, -53.7936, 0.551793, 1.21134, 0.00754732
16.6407, -53.6094, 0.552975, 1.3549, 0.00880521
16.7843, -53.4046, 0.554337, 1.49846, 0.0100631
16.9278, -53.1792, 0.555879, 1.64202, 0.011321
17.0714, -52.9331, 0.557602, 1.78557, 0.0125789
17.215, -52.6665, 0.559506, 1.92913, 0.0138367
17.3585, -52.3792, 0.56159, 2.07269, 0.0150946
17.5021, -52.0714, 0.563855, 2.21624, 0.0163525
17.6457, -51.7429, 0.566301, 2.3598, 0.0176104
17.7892, -51.3938, 0.568927, 2.50336, 0.0188683
17.9328, -51.0241, 0.571734, 2.64692, 0.0201262
18.0763, -50.6338, 0.574721, 2.79047, 0.0213841
18.2199, -50.2229, 0.577889, 2.93403, 0.022642
18.3635, -49.7914, 0.581237, 3.07759, 0.0238998
18.507, -49.3392, 0.584766, 3.22115, 0.0251577
18.6506, -48.8665, 0.588476, 3.3647, 0.0264156
18.7942, -48.3731, 0.592366, 3.50826, 0.0276735
18.9377, -47.8592, 0.596437, 3.65182, 0.0289314
19.0813, -47.3246, 0.600688, 3.79538, 0.0301893
19.2248, -46.7694, 0.60512, 3.93893, 0.0314472
19.3684, -46.1936, 0.609733, 4.08249, 0.032705
19.512, -45.5972, 0.614526, 4.22605, 0.0339629
19.6555, -44.9802, 0.619499, 4.36961, 0.0352208
19.7991, -44.3426, 0.624654, 4.51316, 0.0364787
19.9427, -43.6844, 0.629989, 4.65672, 0.0377366
20.0862, -43.0056, 0.635504, 4.80028, 0.0389945
20.2298, -42.3061, 0.6412, 4.94383, 0.0402524
20.3733, -41.5861, 0.647077, 5.08739, 0.0415102
20.5169, -40.8454, 0.653134, 5.23095, 0.0427681
20.6605, -40.0841, 0.659372, 5.37451, 0.044026
20.804, -39.3022, 0.66579, 5.51806, 0.0452839
20.9476, -38.4997, 0.672389, 5.66162, 0.0465418
21.0912, -37.6766, 0.679169, 5.80518, 0.0477997
21.2347, -36.8329, 0.686129, 5.94873, 0.0490576
21.3783, -35.9686, 0.69327, 6.09229, 0.0503154
21.5219, -35.0837, 0.700591, 6.23585, 0.0515734
21.6654, -34.1781, 0.708093, 6.37941, 0.0528312
21.809, -33.252, 0.715775, 6.52296, 0.0540891
21.9525, -32.3052, 0.723638, 6.66652, 0.055347
22.0961, -31.3379, 0.731682, 6.81008, 0.0566049
22.2397, -30.3499, 0.739589, 6.95362, 0.0584985
22.3832, -29.3413, 0.748311, 7.0972, 0.0591207
22.5268, -28.3121, 0.756897, 7.24077, 0.0603787
22.6704, -27.2623, 0.765615, 7.38428, 0.0623348
22.8139, -26.1975, 0.774639, 7.37791, 0.06274
22.9575, -25.1486, 0.78356, 7.23432, 0.0615384
23.101, -24.1203, 0.792307, 7.09076, 0.0603073
23.2446, -23.1127, 0.800876, 6.9472, 0.059067
23.3882, -22.1256, 0.809266, 6.80364, 0.0578224
23.5317, -21.1592, 0.817478, 6.66008, 0.0565751
23.6753, -20.2133, 0.82551, 6.51652, 0.055326
23.8189, -19.2881, 0.833363, 6.37297, 0.0540757
23.9624, -18.3835, 0.841037, 6.22941, 0.0528244
24.106, -17.4995, 0.848531, 6.08585, 0.0515724
24.2495, -16.6361, 0.855845, 5.94229, 0.0503198
24.3931, -15.7933, 0.862979, 5.79873, 0.0490667
24.5367, -14.9711, 0.869933, 5.65518, 0.0478132
24.6802, -14.1696, 0.876707, 5.51162, 0.0465594
24.8238, -13.3886, 0.883301, 5.36806, 0.0453053
24.9674, -12.6283, 0.889715, 5.22451, 0.0440509
25.1109, -11.8885, 0.895949, 5.08095, 0.0427963
25.2545, -11.1694, 0.902003, 4.93739, 0.0415416
25.398, -10.4709, 0.907877, 4.79383, 0.0402866
25.5416, -9.79295, 0.913571, 4.65028, 0.0390315
25.6852, -9.13565, 0.919084, 4.50672, 0.0377763
25.8287, -8.49896, 0.924417, 4.36316, 0.0365209
25.9723, -7.88288, 0.92957, 4.2196, 0.0352654
26.1159, -7.28741, 0.934543, 4.07605, 0.0340098
26.2594, -6.71253, 0.939335, 3.93249, 0.0327542
26.403, -6.15829, 0.943947, 3.78893, 0.0314984
26.5465, -5.62464, 0.948379, 3.64538, 0.0302425
26.6901, -5.11161, 0.952631, 3.50182, 0.0289866
26.8337, -4.61917, 0.956702, 3.35826, 0.0277306
26.9772, -4.14736, 0.960593, 3.2147, 0.0264746
27.1208, -3.69616, 0.964303, 3.07114, 0.0252184
27.2644, -3.26556, 0.967834, 2.92759, 0.0239623
27.4079, -2.85557, 0.971184, 2.78403, 0.022706
27.5515, -2.46619, 0.974353, 2.64047, 0.0214497
27.695, -2.09743, 0.977342, 2.49692, 0.0201934
27.8386, -1.74926, 0.980151, 2.35336, 0.018937
27.9822, -1.42171, 0.98278, 2.2098, 0.0176806
28.1257, -1.11477, 0.985228, 2.06625, 0.0164242
28.2693, -0.828445, 0.987495, 1.92269, 0.0151677
28.4129, -0.562714, 0.989583, 1.77913, 0.0139111
28.5564, -0.317608, 0.99149, 1.63557, 0.0126546
28.7, -0.0931015, 0.993216, 1.49202, 0.011398
28.8436, 0.110779, 0.994762, 1.34846, 0.0101413
28.9871, 0.294079, 0.996128, 1.2049, 0.00888472
29.1307, 0.456745, 0.997313, 1.06134, 0.00762802
29.2742, 0.598804, 0.998318, 0.917784, 0.00637129
29.4178, 0.720272, 0.999143, 0.77423, 0.00511458
29.5614, 0.821117, 0.999787, 0.630671, 0.00385781
29.7049, 0.901348, 1.00025, 0.487112, 0.00260101
29.8485, 0.960976, 1.00053, 0.343558, 0.00134423
29.9921, 1, 1.00064, 0.2, 8.74016e-05
