4.03173, 0
0, 0, 0, 0.5, 0
0.0129903, 0.00518387, 0.00409298, 0.508434, 0.00665748
0.0259806, 0.010513, 0.00825983, 0.516802, 0.0132712
0.038971, 0.0159879, 0.0124991, 0.5251, 0.0198389
0.0519613, 0.0216087, 0.0168092, 0.533324, 0.0263584
0.0649516, 0.0273761, 0.0211884, 0.541471, 0.0328274
0.0779419, 0.0332905, 0.0256351, 0.549537, 0.0392433
0.0909322, 0.0393522, 0.0301474, 0.557519, 0.0456034
0.103923, 0.0455618, 0.0347233, 0.565411, 0.051905
0.116913, 0.0519197, 0.0393606, 0.57321, 0.0581449
0.129903, 0.0584263, 0.0440571, 0.58091, 0.0643202
0.142893, 0.0650822, 0.0488105, 0.588507, 0.0704276
0.155884, 0.0718878, 0.0536182, 0.595994, 0.0764633
0.168874, 0.0788436, 0.0584776, 0.603368, 0.0824238
0.181864, 0.0859499, 0.0633857, 0.610621, 0.0883053
0.194855, 0.0932074, 0.0683397, 0.617747, 0.0941034
0.207845, 0.100616, 0.0733361, 0.62474, 0.099814
0.220835, 0.108177, 0.0783718, 0.631594, 0.105433
0.233826, 0.11589, 0.083443, 0.6383, 0.110954
0.246816, 0.123755, 0.0885459, 0.644851, 0.116374
0.259806, 0.131774, 0.0936767, 0.651239, 0.121686
0.272797, 0.139945, 0.0988309, 0.657457, 0.126886
0.285787, 0.148269, 0.104004, 0.663494, 0.131968
0.298777, 0.156746, 0.109192, 0.669343, 0.136925
0.311768, 0.165377, 0.114389, 0.674994, 0.141752
0.324758, 0.17416, 0.11959, 0.680438, 0.146442
0.337748, 0.183095, 0.12479, 0.685664, 0.150989
0.350739, 0.192182, 0.129983, 0.690663, 0.155385
0.363729, 0.201421, 0.135163, 0.695424, 0.159625
0.376719, 0.210809, 0.140325, 0.699936, 0.163701
0.38971, 0.220346, 0.145462, 0.70419, 0.167606
0.4027, 0.23003, 0.150567, 0.708175, 0.171333
0.41569, 0.23986, 0.155634, 0.71188, 0.174876
0.42868, 0.249833, 0.160657, 0.715294, 0.178226
0.441671, 0.259947, 0.165628, 0.718409, 0.181378
0.454661, 0.270199, 0.170541, 0.721213, 0.184324
0.467651, 0.280586, 0.175389, 0.723698, 0.187059
0.480642, 0.291103, 0.180165, 0.725855, 0.189576
0.493632, 0.301747, 0.184863, 0.727676, 0.191871
0.506622, 0.312513, 0.189476, 0.729154, 0.193938
0.519613, 0.323396, 0.193997, 0.730281, 0.195773
0.532603, 0.334391, 0.198421, 0.731054, 0.197372
0.545593, 0.345491, 0.202742, 0.731468, 0.198732
0.558584, 0.356689, 0.206955, 0.731519, 0.19985
0.571574, 0.36798, 0.211054, 0.731206, 0.200726
0.584564, 0.379356, 0.215035, 0.730528, 0.201359
0.597555, 0.39081, 0.218895, 0.729486, 0.201748
0.610545, 0.402333, 0.222628, 0.728081, 0.201895
0.623535, 0.413917, 0.226232, 0.726316, 0.201801
0.636526, 0.425555, 0.229705, 0.724196, 0.201469
0.649516, 0.437238, 0.233044, 0.721725, 0.200903
0.662506, 0.448957, 0.236247, 0.718911, 0.200105
0.675497, 0.460705, 0.239314, 0.71576, 0.199081
0.688487, 0.472472, 0.242244, 0.712281, 0.197835
0.701477, 0.48425, 0.245035, 0.708481, 0.196373
0.714467, 0.496031, 0.247689, 0.704371, 0.194702
0.727458, 0.507808, 0.250206, 0.69996, 0.192826
0.740448, 0.519571, 0.252585, 0.695259, 0.190754
0.753438, 0.531314, 0.254828, 0.690277, 0.188491
0.766429, 0.543029, 0.256937, 0.685026, 0.186044
0.779419, 0.554708, 0.258912, 0.679516, 0.183421
0.792409, 0.566346, 0.260755, 0.673758, 0.180627
0.8054, 0.577936, 0.262467, 0.667761, 0.17767
0.81839, 0.589471, 0.264051, 0.661538, 0.174557
0.83138, 0.600945, 0.265508, 0.655098, 0.171294
0.844371, 0.612354, 0.266839, 0.648451, 0.167888
0.857361, 0.623691, 0.268047, 0.641607, 0.164345
0.870351, 0.634952, 0.269134, 0.634575, 0.160671
0.883342, 0.646131, 0.270101, 0.627364, 0.156873
0.896332, 0.657225, 0.27095, 0.619983, 0.152955
0.909322, 0.66823, 0.271683, 0.612441, 0.148924
0.922312, 0.679141, 0.272301, 0.604746, 0.144784
0.935303, 0.689955, 0.272807, 0.596905, 0.140541
0.948293, 0.700668, 0.273202, 0.588926, 0.136199
0.961283, 0.711278, 0.273488, 0.580815, 0.131764
0.974274, 0.72178, 0.273666, 0.57258, 0.127239
0.987264, 0.732174, 0.273737, 0.564226, 0.122628
1.00025, 0.742455, 0.273704, 0.555761, 0.117936
1.01324, 0.752621, 0.273567, 0.547188, 0.113167
1.02623, 0.762671, 0.273327, 0.538515, 0.108323
1.03923, 0.772601, 0.272987, 0.529745, 0.103409
1.05222, 0.782411, 0.272547, 0.520885, 0.098427
1.06521, 0.792098, 0.272008, 0.511937, 0.0933805
1.0782, 0.80166, 0.271371, 0.502908, 0.0882726
1.09119, 0.811096, 0.270637, 0.4938, 0.0831056
1.10418, 0.820405, 0.269808, 0.484618, 0.0778823
1.11717, 0.829585, 0.268883, 0.475365, 0.0726052
1.13016, 0.838634, 0.267865, 0.466045, 0.0672764
1.14315, 0.847552, 0.266753, 0.456661, 0.0618984
1.15614, 0.856337, 0.265548, 0.447217, 0.0564729
1.16913, 0.864989, 0.264252, 0.437714, 0.0510021
1.18212, 0.873505, 0.262865, 0.428157, 0.0454878
1.19511, 0.881887, 0.261387, 0.418547, 0.0399317
1.2081, 0.890132, 0.259819, 0.408887, 0.0343356
1.22109, 0.898239, 0.258161, 0.399179, 0.0287009
1.23408, 0.906209, 0.256415, 0.389426, 0.0230293
1.24707, 0.91404, 0.25458, 0.37963, 0.0173221
1.26006, 0.921731, 0.252657, 0.369792, 0.0115805
1.27305, 0.929283, 0.250647, 0.359915, 0.00580611
1.28604, 0.936694, 0.248549, 0.35, 7.45058e-09
1.3135, 0.946151, 0.248894, 0.33964, 0.0254273
1.34096, 0.955311, 0.249932, 0.329284, 0.0508561
1.36841, 0.964247, 0.251693, 0.318878, 0.0762647
1.39587, 0.972848, 0.254131, 0.308504, 0.101686
1.42333, 0.981184, 0.257275, 0.298109, 0.1271
1.45078, 0.989188, 0.261098, 0.287746, 0.152525
1.47824, 0.996957, 0.265639, 0.277336, 0.177932
1.5057, 1.00442, 0.270872, 0.266933, 0.203342
1.53315, 1.01162, 0.276808, 0.256512, 0.228745
1.56061, 1.01851, 0.283435, 0.246098, 0.25415
1.58807, 1.02513, 0.290763, 0.235667, 0.279548
1.61552, 1.03147, 0.298792, 0.225222, 0.304941
1.64298, 1.03751, 0.307511, 0.214784, 0.330336
1.67044, 1.04326, 0.31693, 0.204333, 0.355726
1.69789, 1.04871, 0.327039, 0.193891, 0.38112
1.72535, 1.0539, 0.337854, 0.183416, 0.4065
1.75281, 1.05879, 0.349365, 0.172932, 0.431876
1.78026, 1.06338, 0.361566, 0.162457, 0.457257
1.80772, 1.06772, 0.374476, 0.151938, 0.482619
1.83518, 1.07174, 0.388074, 0.14143, 0.507985
1.86264, 1.07548, 0.402372, 0.1309, 0.533343
1.89009, 1.07894, 0.417368, 0.120349, 0.558692
1.91755, 1.08208, 0.433046, 0.109829, 0.584053
1.94501, 1.08495, 0.449431, 0.099259, 0.609393
1.97246, 1.08755, 0.466519, 0.088645, 0.634716
1.99992, 1.08984, 0.484293, 0.0780499, 0.660047
2.02738, 1.09182, 0.502759, 0.0674448, 0.685372
2.05483, 1.09353, 0.521924, 0.056805, 0.710684
2.08229, 1.09494, 0.541786, 0.0461356, 0.735983
2.10975, 1.09606, 0.562339, 0.0354534, 0.761277
2.1372, 1.09689, 0.583591, 0.0247267, 0.786552
2.16466, 1.09742, 0.605531, 0.0139959, 0.811824
2.19212, 1.09765, 0.628169, 0.00321117, 0.837075
2.21957, 1.0976, 0.651501, -0.0076175, 0.862306
2.24703, 1.09724, 0.675521, -0.0184625, 0.88753
2.27449, 1.09658, 0.700236, -0.0293703, 0.912727
2.30194, 1.09563, 0.725646, -0.0403509, 0.937893
2.3294, 1.09437, 0.751742, -0.051364, 0.963045
2.35686, 1.09281, 0.778528, -0.0624468, 0.988165
2.38432, 1.09094, 0.806003, -0.0736041, 1.01325
2.41177, 1.08876, 0.834168, -0.0848806, 1.03829
2.43923, 1.08628, 0.863021, -0.0962835, 1.06326
2.46669, 1.08347, 0.892556, -0.107811, 1.08818
2.49414, 1.08036, 0.922776, -0.119541, 1.11301
2.5216, 1.07691, 0.953674, -0.131491, 1.13773
2.54906, 1.07313, 0.98525, -0.143776, 1.16228
2.57651, 1.06901, 1.0175, -0.156526, 1.1866
2.60397, 1.06453, 1.05041, -0.170023, 1.21051
2.63143, 1.05966, 1.08396, -0.184767, 1.23366
2.65888, 1.05436, 1.11813, -0.202272, 1.25476
2.68634, 1.04849, 1.15278, -0.226687, 1.26395
2.7138, 1.04204, 1.1872, -0.238515, 1.24078
2.74125, 1.0355, 1.22089, -0.236882, 1.21342
2.76871, 1.02907, 1.25383, -0.231771, 1.18645
2.79617, 1.02279, 1.28604, -0.225195, 1.1598
2.82363, 1.01671, 1.31752, -0.217815, 1.13335
2.85108, 1.01083, 1.34828, -0.209927, 1.10705
2.87854, 1.00518, 1.37832, -0.201689, 1.08086
2.906, 0.99976, 1.40764, -0.193196, 1.05475
2.93345, 0.994575, 1.43624, -0.184509, 1.0287
2.96091, 0.98963, 1.46413, -0.175668, 1.00271
2.98837, 0.984929, 1.4913, -0.166704, 0.976757
3.01582, 0.980476, 1.51776, -0.157637, 0.95084
3.04328, 0.976273, 1.54352, -0.148485, 0.924954
3.07074, 0.972323, 1.56856, -0.13926, 0.899093
3.09819, 0.968627, 1.59289, -0.129972, 0.873255
3.12565, 0.965186, 1.61651, -0.120629, 0.847436
3.15311, 0.962003, 1.63942, -0.111239, 0.821634
3.18056, 0.959078, 1.66163, -0.101806, 0.795849
3.20802, 0.956413, 1.68313, -0.0923357, 0.770077
3.23548, 0.954008, 1.70392, -0.0828313, 0.744318
3.26294, 0.951865, 1.724, -0.0732961, 0.71857
3.29039, 0.949983, 1.74338, -0.0637333, 0.692832
3.31785, 0.948365, 1.76205, -0.054145, 0.667104
3.34531, 0.94701, 1.78001, -0.0445337, 0.641384
3.37276, 0.94592, 1.79727, -0.0349014, 0.615672
3.40022, 0.945094, 1.81382, -0.0252493, 0.589968
3.42768, 0.944533, 1.82966, -0.0155793, 0.56427
3.45513, 0.944239, 1.84481, -0.00589254, 0.538579
3.48259, 0.94421, 1.85924, 0.00380966, 0.512894
3.51005, 0.944448, 1.87297, 0.0135266, 0.487213
3.5375, 0.944953, 1.88599, 0.0232568, 0.461539
3.56496, 0.945725, 1.89831, 0.0330001, 0.435868
3.59242, 0.946765, 1.90993, 0.0427551, 0.410203
3.61987, 0.948073, 1.92084, 0.0525211, 0.384542
3.64733, 0.949649, 1.93105, 0.0622979, 0.358884
3.67479, 0.951494, 1.94055, 0.0720845, 0.333231
3.70224, 0.953608, 1.94935, 0.0818805, 0.307581
3.7297, 0.95599, 1.95744, 0.0916854, 0.281935
3.75716, 0.958643, 1.96483, 0.101499, 0.256292
3.78462, 0.961564, 1.97151, 0.11132, 0.230651
3.81207, 0.964756, 1.97749, 0.121149, 0.205014
3.83953, 0.968217, 1.98277, 0.130985, 0.17938
3.86699, 0.971949, 1.98734, 0.140829, 0.153748
3.89444, 0.975951, 1.99121, 0.150678, 0.128118
3.9219, 0.980223, 1.99438, 0.160534, 0.102491
3.94936, 0.984766, 1.99684, 0.170396, 0.0768667
3.97681, 0.98958, 1.9986, 0.180264, 0.0512445
4.00427, 0.994665, 1.99966, 0.190137, 0.0256243
4.03173, 1.00002, 2.00001, 0.200016, 6.30319e-06
