2.3065, 0
0, 0, 0, 0.5, 0
0.0112022, 0.0046509, 8.50727e-05, 0.499527, 0.0111267
0.0224044, 0.00929791, 0.000295415, 0.499051, 0.0222515
0.0336066, 0.0139411, 0.000631029, 0.498572, 0.0333745
0.0448088, 0.0185804, 0.00109189, 0.498089, 0.0444956
0.056011, 0.023216, 0.00167804, 0.497603, 0.0556144
0.0672132, 0.0278477, 0.0023894, 0.497113, 0.0667312
0.0784154, 0.0324753, 0.00322593, 0.496619, 0.0778459
0.0896176, 0.0370992, 0.00418776, 0.496121, 0.0889583
0.10082, 0.0417192, 0.00527484, 0.495619, 0.100068
0.112022, 0.0463355, 0.00648707, 0.495113, 0.111176
0.123224, 0.0509478, 0.0078245, 0.494602, 0.12228
0.134426, 0.0555563, 0.00928714, 0.494086, 0.133382
0.145629, 0.0601608, 0.0108749, 0.493566, 0.144482
0.156831, 0.0647615, 0.012588, 0.493041, 0.155578
0.168033, 0.0693583, 0.0144261, 0.49251, 0.166671
0.179235, 0.0739512, 0.0163894, 0.491973, 0.177761
0.190437, 0.0785404, 0.0184778, 0.491431, 0.188847
0.20164, 0.0831255, 0.0206914, 0.490883, 0.19993
0.212842, 0.087707, 0.02303, 0.490328, 0.211009
0.224044, 0.0922844, 0.0254937, 0.489767, 0.222084
0.235246, 0.096858, 0.0280825, 0.489199, 0.233155
0.246448, 0.101428, 0.0307964, 0.488623, 0.244221
0.257651, 0.105994, 0.0336352, 0.48804, 0.255283
0.268853, 0.110555, 0.0365992, 0.487449, 0.26634
0.280055, 0.115114, 0.039688, 0.486849, 0.277392
0.291257, 0.119668, 0.0429019, 0.486241, 0.288439
0.302459, 0.124218, 0.0462407, 0.485623, 0.29948
0.313662, 0.128764, 0.0497044, 0.484995, 0.310515
0.324864, 0.133307, 0.053293, 0.484357, 0.321543
0.336066, 0.137846, 0.0570065, 0.483708, 0.332565
0.347268, 0.14238, 0.0608448, 0.483048, 0.343579
0.35847, 0.146911, 0.0648079, 0.482375, 0.354586
0.369673, 0.151438, 0.0688957, 0.481689, 0.365584
0.380875, 0.155961, 0.0731083, 0.48099, 0.376575
0.392077, 0.16048, 0.0774455, 0.480276, 0.387555
0.403279, 0.164995, 0.0819073, 0.479546, 0.398526
0.414481, 0.169507, 0.0864936, 0.478801, 0.409487
0.425684, 0.174014, 0.0912045, 0.478037, 0.420436
0.436886, 0.178517, 0.0960398, 0.477256, 0.431373
0.448088, 0.183017, 0.100999, 0.476454, 0.442297
0.45929, 0.187512, 0.106083, 0.475631, 0.453207
0.470492, 0.192004, 0.111292, 0.474786, 0.464102
0.481694, 0.196492, 0.116624, 0.473916, 0.47498
0.492897, 0.200975, 0.12208, 0.47302, 0.485842
0.504099, 0.205455, 0.12766, 0.472096, 0.496684
0.515301, 0.209931, 0.133364, 0.471142, 0.507505
0.526503, 0.214402, 0.139192, 0.470155, 0.518304
0.537705, 0.21887, 0.145143, 0.469133, 0.529078
0.548908, 0.223334, 0.151218, 0.468073, 0.539825
0.56011, 0.227794, 0.157415, 0.466972, 0.550542
0.571312, 0.23225, 0.163736, 0.465826, 0.561227
0.582514, 0.236701, 0.170179, 0.46463, 0.571876
0.593717, 0.241149, 0.176744, 0.463382, 0.582486
0.604919, 0.245593, 0.183432, 0.462075, 0.593051
0.616121, 0.250032, 0.190241, 0.460703, 0.603568
0.627323, 0.254468, 0.197172, 0.459262, 0.61403
0.638525, 0.258899, 0.204223, 0.457743, 0.62443
0.649727, 0.263326, 0.211395, 0.456137, 0.634762
0.66093, 0.267749, 0.218686, 0.454437, 0.645015
0.672132, 0.272168, 0.226097, 0.452631, 0.65518
0.683334, 0.276583, 0.233625, 0.450707, 0.665244
0.694536, 0.280993, 0.241271, 0.448651, 0.675193
0.705738, 0.285399, 0.249032, 0.446448, 0.685008
0.716941, 0.289801, 0.256908, 0.44408, 0.694669
0.728143, 0.294198, 0.264897, 0.441525, 0.704151
0.739345, 0.298591, 0.272997, 0.43876, 0.713424
0.750547, 0.302978, 0.281204, 0.435759, 0.722451
0.76175, 0.30736, 0.289517, 0.43249, 0.731189
0.772952, 0.311737, 0.297932, 0.42892, 0.739584
0.784154, 0.316108, 0.306444, 0.425011, 0.747569
0.795356, 0.320471, 0.315047, 0.420725, 0.755069
0.806558, 0.324827, 0.323735, 0.416022, 0.761993
0.81776, 0.329172, 0.3325, 0.410864, 0.768231
0.828963, 0.333504, 0.341331, 0.405224, 0.773664
0.840165, 0.33782, 0.350217, 0.399084, 0.778161
0.851367, 0.342115, 0.359145, 0.392453, 0.781593
0.862569, 0.346382, 0.368098, 0.385369, 0.783843
0.873771, 0.350613, 0.37706, 0.377897, 0.784822
0.884974, 0.354801, 0.386015, 0.370138, 0.784484
0.896176, 0.358936, 0.394945, 0.362211, 0.782839
0.907378, 0.36301, 0.403836, 0.354238, 0.779944
0.91858, 0.367017, 0.412674, 0.346337, 0.775899
0.929782, 0.37095, 0.421447, 0.338601, 0.770828
0.940985, 0.374809, 0.430145, 0.331104, 0.764865
0.952187, 0.37859, 0.438761, 0.32389, 0.758139
0.963389, 0.382295, 0.447287, 0.316987, 0.750769
0.974591, 0.385925, 0.45572, 0.310405, 0.742859
0.985793, 0.389482, 0.464053, 0.304141, 0.734496
0.996996, 0.392968, 0.472285, 0.298188, 0.725756
1.0082, 0.396387, 0.48041, 0.292533, 0.7167
1.0194, 0.39974, 0.488429, 0.287159, 0.707377
1.0306, 0.403032, 0.496337, 0.282049, 0.69783
1.0418, 0.406264, 0.504133, 0.277187, 0.688093
1.05301, 0.40944, 0.511817, 0.272555, 0.678194
1.06421, 0.412561, 0.519386, 0.268139, 0.668155
1.07541, 0.415631, 0.526839, 0.263923, 0.657998
1.08661, 0.418652, 0.534176, 0.259893, 0.647736
1.09782, 0.421625, 0.541396, 0.256038, 0.637384
1.10902, 0.424554, 0.548497, 0.252344, 0.626953
1.12099, 0.427594, 0.556074, 0.255439, 0.638521
1.13297, 0.430672, 0.563789, 0.258617, 0.650066
1.14494, 0.433788, 0.571643, 0.261882, 0.661587
1.15692, 0.436944, 0.579634, 0.265238, 0.673082
1.16889, 0.440141, 0.587763, 0.268691, 0.684548
1.18087, 0.44338, 0.596028, 0.272245, 0.695984
1.19284, 0.446662, 0.604431, 0.275905, 0.707385
1.20482, 0.449988, 0.61297, 0.279679, 0.71875
1.21679, 0.45336, 0.621644, 0.283572, 0.730074
1.22877, 0.45678, 0.630455, 0.287591, 0.741354
1.24074, 0.460249, 0.639399, 0.291745, 0.752585
1.25271, 0.463768, 0.648478, 0.296041, 0.763763
1.26469, 0.467339, 0.657691, 0.300488, 0.774881
1.27666, 0.470965, 0.667036, 0.305096, 0.785934
1.28864, 0.474647, 0.676513, 0.309875, 0.796913
1.30061, 0.478387, 0.686122, 0.314837, 0.807811
1.31259, 0.482188, 0.69586, 0.319995, 0.818618
1.32456, 0.486052, 0.705727, 0.325363, 0.829322
1.33654, 0.489981, 0.715721, 0.330953, 0.839912
1.34851, 0.493979, 0.725842, 0.336784, 0.850371
1.36049, 0.498048, 0.736087, 0.342872, 0.860682
1.37246, 0.502191, 0.746454, 0.349236, 0.870825
1.38444, 0.506413, 0.756942, 0.355896, 0.880777
1.39641, 0.510716, 0.767547, 0.362872, 0.890509
1.40839, 0.515105, 0.778268, 0.370188, 0.899988
1.42036, 0.519584, 0.7891, 0.377865, 0.909177
1.43234, 0.524156, 0.800041, 0.385927, 0.91803
1.44431, 0.528828, 0.811085, 0.394395, 0.926495
1.45629, 0.533604, 0.822228, 0.403289, 0.934511
1.46826, 0.538488, 0.833464, 0.412623, 0.942009
1.48024, 0.543487, 0.844787, 0.422407, 0.948911
1.49221, 0.548607, 0.856188, 0.432637, 0.95513
1.50419, 0.553851, 0.867658, 0.4433, 0.960572
1.51616, 0.559225, 0.879189, 0.454364, 0.965145
1.52813, 0.564734, 0.890769, 0.465778, 0.968755
1.54011, 0.570381, 0.902386, 0.47747, 0.971322
1.55208, 0.57617, 0.914028, 0.48935, 0.972784
1.56406, 0.582101, 0.92568, 0.501316, 0.973104
1.57603, 0.588176, 0.937329, 0.513258, 0.972276
1.58801, 0.594393, 0.948961, 0.525068, 0.970325
1.59998, 0.60075, 0.960563, 0.536651, 0.967303
1.61196, 0.607244, 0.972123, 0.547927, 0.963284
1.62393, 0.613871, 0.98363, 0.558838, 0.958356
1.63591, 0.620627, 0.995072, 0.569342, 0.952612
1.64788, 0.627505, 1.00644, 0.579418, 0.946146
1.65986, 0.634502, 1.01773, 0.589059, 0.939046
1.67183, 0.641611, 1.02893, 0.598268, 0.931394
1.68381, 0.648828, 1.04003, 0.607056, 0.923262
1.69578, 0.656148, 1.05104, 0.615441, 0.914715
1.70776, 0.663566, 1.06194, 0.623443, 0.905807
1.71973, 0.671078, 1.07273, 0.631082, 0.896586
1.73171, 0.678679, 1.08341, 0.638381, 0.887093
1.74368, 0.686366, 1.09398, 0.645361, 0.877364
1.75566, 0.694134, 1.10442, 0.652043, 0.867428
1.76763, 0.701981, 1.11475, 0.658447, 0.857309
1.77961, 0.709903, 1.12495, 0.664592, 0.847032
1.79158, 0.717896, 1.13504, 0.670494, 0.836613
1.80355, 0.72596, 1.14499, 0.67617, 0.826069
1.81553, 0.73409, 1.15482, 0.681635, 0.815414
1.8275, 0.742284, 1.16452, 0.686902, 0.80466
1.83948, 0.75054, 1.17409, 0.691984, 0.793817
1.85145, 0.758856, 1.18353, 0.696893, 0.782895
1.86343, 0.767229, 1.19284, 0.701639, 0.771901
1.8754, 0.775659, 1.20202, 0.706233, 0.760843
1.88738, 0.784143, 1.21106, 0.710682, 0.749725
1.89935, 0.792679, 1.21997, 0.714996, 0.738555
1.91133, 0.801266, 1.22875, 0.719183, 0.727336
1.9233, 0.809903, 1.23739, 0.723248, 0.716072
1.93528, 0.818587, 1.2459, 0.7272, 0.704768
1.94725, 0.827318, 1.25427, 0.731044, 0.693427
1.95923, 0.836095, 1.26251, 0.734785, 0.682052
1.9712, 0.844916, 1.2706, 0.738429, 0.670645
1.98318, 0.85378, 1.27857, 0.741981, 0.659209
1.99515, 0.862686, 1.28639, 0.745445, 0.647747
2.00713, 0.871632, 1.29408, 0.748826, 0.636259
2.0191, 0.880619, 1.30163, 0.752127, 0.624748
2.03108, 0.889645, 1.30904, 0.755352, 0.613216
2.04305, 0.898709, 1.31632, 0.758505, 0.601664
2.05503, 0.907811, 1.32345, 0.761589, 0.590093
2.067, 0.916949, 1.33045, 0.764606, 0.578504
2.07897, 0.926122, 1.33731, 0.76756, 0.566899
2.09095, 0.935331, 1.34403, 0.770453, 0.55528
2.10292, 0.944574, 1.35061, 0.773288, 0.543645
2.1149, 0.953851, 1.35705, 0.776066, 0.531997
2.12687, 0.963161, 1.36335, 0.778792, 0.520337
2.13885, 0.972502, 1.36951, 0.781465, 0.508664
2.15082, 0.981876, 1.37553, 0.784089, 0.49698
2.1628, 0.991281, 1.38141, 0.786665, 0.485286
2.17477, 1.00072, 1.38715, 0.789195, 0.473582
2.18675, 1.01018, 1.39275, 0.791681, 0.461868
2.19872, 1.01968, 1.39821, 0.794124, 0.450145
2.2107, 1.0292, 1.40353, 0.796525, 0.438413
2.22267, 1.03875, 1.40871, 0.798887, 0.426674
2.23465, 1.04833, 1.41375, 0.80121, 0.414926
2.24662, 1.05794, 1.41865, 0.803496, 0.403172
2.2586, 1.06758, 1.42341, 0.805747, 0.39141
2.27057, 1.07724, 1.42802, 0.807962, 0.379642
2.28255, 1.08693, 1.4325, 0.810143, 0.367868
2.29452, 1.09664, 1.43683, 0.812292, 0.356088
2.3065, 1.10638, 1.44103, 0.81441, 0.344302
