36.3224, 0
0, 0, 0, 0.5, 0
0.190015, 0.0769707, 0.00334955, 0.309986, 0.000828797
0.380031, 0.117808, 0.000433855, 0.119976, 0.00235604
0.570046, 0.122551, 0.000986564, -0.0700353, 0.00353406
0.760061, 0.0911901, 0.00176311, -0.260047, 0.00471207
0.950077, 0.0237257, 0.00276348, -0.450059, 0.00589009
1.14009, -0.0798476, 0.00398772, -0.640071, 0.00706811
1.33011, -0.219522, 0.00543578, -0.830082, 0.00824613
1.52012, -0.395303, 0.00710768, -1.02009, 0.00942415
1.71014, -0.607188, 0.00900342, -1.21011, 0.0106022
1.90015, -0.855179, 0.011123, -1.40012, 0.0117802
2.09017, -1.13928, 0.0134665, -1.59013, 0.0129582
2.28018, -1.45948, 0.0160337, -1.78014, 0.0141362
2.4702, -1.81579, 0.0188248, -1.97015, 0.0153142
2.66021, -2.2082, 0.0218398, -2.16016, 0.0164923
2.85023, -2.63672, 0.0250786, -2.35018, 0.0176703
3.04025, -3.10133, 0.0285412, -2.54019, 0.0188483
3.23026, -3.60206, 0.0322277, -2.7302, 0.0200263
3.42028, -4.1389, 0.036138, -2.92021, 0.0212043
3.61029, -4.71183, 0.0402722, -3.11022, 0.0223823
3.80031, -5.32088, 0.0446302, -3.30023, 0.0235604
3.99032, -5.96602, 0.049212, -3.49025, 0.0247384
4.18034, -6.64728, 0.0540177, -3.68026, 0.0259164
4.37035, -7.36462, 0.0608319, -3.87027, 0.0267452
4.56037, -8.1181, 0.0643006, -4.06028, 0.0282724
4.75038, -8.90765, 0.0714298, -4.25029, 0.0291012
4.9404, -9.73334, 0.0754789, -4.4403, 0.0306285
5.13041, -10.5951, 0.0814038, -4.63032, 0.0318065
5.32043, -11.493, 0.0875525, -4.82033, 0.0329845
5.51044, -12.427, 0.0939251, -5.01034, 0.0341625
5.70046, -13.3971, 0.100522, -5.20035, 0.0353405
5.89048, -14.4033, 0.108596, -5.39036, 0.0361693
6.08049, -15.4456, 0.114386, -5.58037, 0.0376966
6.27051, -16.524, 0.122775, -5.77039, 0.0385254
6.46052, -17.6385, 0.1302, -5.9604, 0.0397034
6.65054, -18.7891, 0.13785, -6.15041, 0.0408814
6.84055, -19.9758, 0.145723, -6.34042, 0.0420594
7.03057, -21.1987, 0.152964, -6.53043, 0.0435867
7.22058, -22.4576, 0.16214, -6.72045, 0.0444155
7.4106, -23.7527, 0.170768, -6.91046, 0.0455535
7.60061, -25.0838, 0.178797, -7.10047, 0.0471207
7.79063, -26.451, 0.188446, -7.29048, 0.0479495
7.98064, -27.8544, 0.197662, -7.48049, 0.0491275
8.17066, -29.2939, 0.207102, -7.6705, 0.0503055
8.36067, -30.7694, 0.216766, -7.86052, 0.0514836
8.55069, -32.2811, 0.226677, -8.05052, 0.0526364
8.74071, -33.8289, 0.236813, -8.24053, 0.0537745
8.93072, -35.4128, 0.246908, -8.43055, 0.0553669
9.12074, -37.0328, 0.257534, -8.62056, 0.0565449
9.31075, -38.6888, 0.268456, -8.81057, 0.0572938
9.50077, -40.3806, 0.279441, -8.96041, 0.057921
9.69078, -42.0652, 0.290324, -8.77054, 0.0566585
9.8808, -43.7137, 0.300976, -8.58056, 0.0554573
10.0708, -45.3261, 0.3114, -8.39054, 0.0542651
10.2608, -46.9024, 0.321598, -8.20052, 0.0530769
10.4508, -48.4426, 0.331571, -8.01051, 0.051891
10.6409, -49.9466, 0.341319, -7.8205, 0.0507065
10.8309, -51.4146, 0.350841, -7.63049, 0.0495229
11.0209, -52.8464, 0.360139, -7.44048, 0.0483401
11.2109, -54.2422, 0.369212, -7.25047, 0.0471579
11.4009, -55.6018, 0.37806, -7.06045, 0.0459761
11.5909, -56.9254, 0.386684, -6.87044, 0.0447946
11.781, -58.2128, 0.395084, -6.68043, 0.0436135
11.971, -59.4641, 0.403259, -6.49042, 0.0424326
12.161, -60.6794, 0.411209, -6.30041, 0.0412519
12.351, -61.8585, 0.418936, -6.1104, 0.0400714
12.541, -63.0015, 0.426438, -5.92039, 0.038891
12.731, -64.1084, 0.433716, -5.73037, 0.0377108
12.921, -65.1792, 0.440769, -5.54036, 0.0365307
13.1111, -66.2139, 0.447598, -5.35035, 0.0353508
13.3011, -67.2125, 0.454203, -5.16034, 0.0341709
13.4911, -68.175, 0.460584, -4.97033, 0.0329911
13.6811, -69.1014, 0.466741, -4.78031, 0.0318114
13.8711, -69.9917, 0.472674, -4.5903, 0.0306318
14.0611, -70.8459, 0.478382, -4.40029, 0.0294522
14.2511, -71.6639, 0.483866, -4.21028, 0.0282727
14.4412, -72.4459, 0.489127, -4.02027, 0.0270933
14.6312, -73.1917, 0.494163, -3.83026, 0.0259139
14.8212, -73.9015, 0.498975, -3.64024, 0.0247346
15.0112, -74.5751, 0.503562, -3.45023, 0.0235553
15.2012, -75.2127, 0.507926, -3.26022, 0.022376
15.3912, -75.8141, 0.512066, -3.07021, 0.0211968
15.5813, -76.3795, 0.515982, -2.8802, 0.0200177
15.7713, -76.9087, 0.519673, -2.69019, 0.0188385
15.9613, -77.4018, 0.523141, -2.50017, 0.0176594
16.1513, -77.8589, 0.526385, -2.31016, 0.0164804
16.3413, -78.2798, 0.529404, -2.12015, 0.0153013
16.5313, -78.6646, 0.5322, -1.93014, 0.0141223
16.7213, -79.0133, 0.534771, -1.74013, 0.0129433
16.9114, -79.3259, 0.537119, -1.55011, 0.0117644
17.1014, -79.6024, 0.539242, -1.3601, 0.0105854
17.2914, -79.8428, 0.541141, -1.17009, 0.00940653
17.4814, -80.047, 0.542817, -0.980079, 0.00822762
17.6714, -80.2152, 0.544268, -0.79007, 0.00704876
17.8614, -80.3473, 0.545495, -0.600058, 0.00586991
18.0515, -80.4433, 0.546499, -0.410048, 0.00469108
18.2415, -80.5031, 0.547278, -0.220034, 0.00351226
18.4315, -80.5269, 0.547834, -0.0300251, 0.00233347
18.6215, -80.5145, 0.548165, 0.159989, 0.00115468
18.8115, -80.4661, 0.548272, 0.350001, -2.40889e-05
18.9866, -80.3895, 0.548593, 0.525105, 0.00103132
19.1617, -80.2822, 0.54887, 0.700211, 0.00206264
19.3368, -80.1442, 0.549328, 0.875317, 0.00309396
19.512, -79.9756, 0.549966, 1.05042, 0.00412528
19.6871, -79.7764, 0.550784, 1.22553, 0.0051566
19.8622, -79.5464, 0.551784, 1.40063, 0.00618792
20.0373, -79.2858, 0.552963, 1.57574, 0.00721924
20.2124, -78.9946, 0.554324, 1.75084, 0.00825056
20.3875, -78.6727, 0.555865, 1.92595, 0.00928188
20.5626, -78.3201, 0.557587, 2.10106, 0.0103132
20.7377, -77.9368, 0.559489, 2.27616, 0.0113445
20.9128, -77.5229, 0.561572, 2.45127, 0.0123758
21.0879, -77.0784, 0.563835, 2.62637, 0.0134072
21.263, -76.6031, 0.566279, 2.80148, 0.0144385
21.4381, -76.0972, 0.568904, 2.97658, 0.0154698
21.6133, -75.5607, 0.571709, 3.15169, 0.0165011
21.7884, -74.9934, 0.574695, 3.32679, 0.0175324
21.9635, -74.3956, 0.577861, 3.5019, 0.0185638
22.1386, -73.767, 0.581208, 3.67701, 0.0195951
22.3137, -73.1078, 0.584736, 3.85211, 0.0206264
22.4888, -72.418, 0.588444, 4.02722, 0.0216577
22.6639, -71.6974, 0.592332, 4.20232, 0.022689
22.839, -70.9462, 0.596402, 4.37743, 0.0237204
23.0141, -70.1644, 0.600652, 4.55253, 0.0247517
23.1892, -69.3519, 0.605082, 4.72764, 0.025783
23.3643, -68.5087, 0.609693, 4.90274, 0.0268143
23.5394, -67.6348, 0.614485, 5.07785, 0.0278457
23.7146, -66.7303, 0.619457, 5.25296, 0.028877
23.8897, -65.7951, 0.62461, 5.42806, 0.0299083
24.0648, -64.8293, 0.629944, 5.60317, 0.0309396
24.2399, -63.8328, 0.635458, 5.77827, 0.0319709
24.415, -62.8057, 0.641153, 5.95338, 0.0330022
24.5901, -61.7478, 0.647028, 6.12848, 0.0340336
24.7652, -60.6594, 0.653084, 6.30359, 0.0350649
24.9403, -59.5402, 0.65932, 6.4787, 0.0360962
25.1154, -58.3904, 0.665737, 6.6538, 0.0371275
25.2905, -57.21, 0.672335, 6.82891, 0.0381589
25.4656, -55.9988, 0.679113, 7.00401, 0.0391902
25.6408, -54.757, 0.686072, 7.17912, 0.0402215
25.8159, -53.4846, 0.693211, 7.35423, 0.0412528
25.991, -52.1815, 0.700531, 7.52933, 0.0422841
26.1661, -50.8477, 0.708032, 7.70444, 0.0433155
26.3412, -49.4832, 0.715713, 7.87955, 0.0443468
26.5163, -48.0881, 0.723575, 8.05465, 0.0453781
26.6914, -46.6623, 0.731617, 8.22976, 0.0464095
26.8665, -45.2059, 0.73984, 8.40487, 0.0474408
27.0416, -43.7188, 0.748244, 8.57998, 0.0484721
27.2167, -42.2011, 0.756828, 8.75509, 0.0495035
27.3918, -40.6527, 0.765593, 8.93023, 0.050535
27.5669, -39.0792, 0.774556, 8.95539, 0.0514331
27.7421, -37.5264, 0.783477, 8.7802, 0.0504426
27.9172, -36.0042, 0.792221, 8.60508, 0.0494294
28.0923, -34.5127, 0.800787, 8.42997, 0.0484099
28.2674, -33.0519, 0.809175, 8.25487, 0.0473873
28.4425, -31.6217, 0.817383, 8.07976, 0.046363
28.6176, -30.2222, 0.825412, 7.90465, 0.0453374
28.7927, -28.8534, 0.833261, 7.72955, 0.0443111
28.9678, -27.5152, 0.84093, 7.55444, 0.0432841
29.1429, -26.2077, 0.848419, 7.37933, 0.0422566
29.318, -24.9309, 0.855729, 7.20422, 0.0412287
29.4931, -23.6847, 0.862859, 7.02912, 0.0402005
29.6683, -22.4691, 0.869808, 6.85401, 0.0391721
29.8434, -21.2843, 0.876577, 6.67891, 0.0381434
30.0185, -20.1301, 0.883166, 6.5038, 0.0371145
30.1936, -19.0065, 0.889575, 6.32869, 0.0360855
30.3687, -17.9137, 0.895804, 6.15359, 0.0350563
30.5438, -16.8514, 0.901853, 5.97849, 0.0340271
30.7189, -15.8199, 0.907721, 5.80338, 0.0329976
30.894, -14.819, 0.913409, 5.62828, 0.0319681
31.0691, -13.8488, 0.918917, 5.45317, 0.0309385
31.2442, -12.9092, 0.924244, 5.27806, 0.0299089
31.4193, -12.0003, 0.929391, 5.10296, 0.0288791
31.5944, -11.1221, 0.934358, 4.92785, 0.0278493
31.7696, -10.2745, 0.939145, 4.75275, 0.0268194
31.9447, -9.45757, 0.943751, 4.57764, 0.0257894
32.1198, -8.6713, 0.948177, 4.40253, 0.0247594
32.2949, -7.91573, 0.952422, 4.22743, 0.0237294
32.47, -7.1908, 0.956487, 4.05232, 0.0226993
32.6451, -6.49654, 0.960372, 3.87722, 0.0216692
32.8202, -5.83294, 0.964076, 3.70211, 0.020639
32.9953, -5.19999, 0.9676, 3.52701, 0.0196088
33.1704, -4.59772, 0.970943, 3.3519, 0.0185785
33.3455, -4.02609, 0.974106, 3.1768, 0.0175482
33.5206, -3.48514, 0.977089, 3.00169, 0.0165179
33.6957, -2.97485, 0.979891, 2.82658, 0.0154876
33.8709, -2.49522, 0.982513, 2.65148, 0.0144572
34.046, -2.04626, 0.984954, 2.47637, 0.0134268
34.2211, -1.62796, 0.987215, 2.30127, 0.0123964
34.3962, -1.2403, 0.989296, 2.12616, 0.011366
34.5713, -0.883331, 0.991196, 1.95106, 0.0103355
34.7464, -0.557007, 0.992915, 1.77595, 0.00930503
34.9215, -0.261353, 0.994455, 1.60085, 0.00827453
35.0966, 0.00363159, 0.995813, 1.42574, 0.007244
35.2717, 0.237953, 0.996992, 1.25063, 0.00621346
35.4468, 0.441612, 0.997989, 1.07553, 0.0051829
35.6219, 0.614624, 0.998807, 0.900423, 0.00415232
35.7971, 0.75695, 0.999443, 0.725317, 0.00312173
35.9722, 0.868629, 0.9999, 0.550213, 0.00209114
36.1473, 0.949661, 1.00018, 0.375109, 0.00106053
36.3224, 1.00001, 1.00027, 0.200001, 2.988e-05
