2.42665, 0
0, 0, 0, 0.5, 0
0.0115749, 0.00624057, 0.00034366, 0.494434, 0.0101286
0.0231498, 0.0124165, 0.000804652, 0.488868, 0.0202571
0.0347246, 0.0185278, 0.00138296, 0.483303, 0.0303852
0.0462995, 0.0245744, 0.00207864, 0.477739, 0.040513
0.0578744, 0.0305564, 0.00289167, 0.472175, 0.0506405
0.0694493, 0.0364738, 0.003822, 0.466611, 0.0607677
0.0810241, 0.0423264, 0.00486967, 0.461048, 0.0708946
0.092599, 0.0481145, 0.0060347, 0.455486, 0.0810211
0.104174, 0.0538379, 0.00731707, 0.449924, 0.0911473
0.115749, 0.0594966, 0.00871677, 0.444363, 0.101273
0.127324, 0.0650907, 0.0102338, 0.438802, 0.111398
0.138899, 0.0706201, 0.0118681, 0.433243, 0.121523
0.150473, 0.0760849, 0.0136198, 0.427684, 0.131648
0.162048, 0.081485, 0.0154888, 0.422126, 0.141772
0.173623, 0.0868205, 0.0174752, 0.416568, 0.151896
0.185198, 0.0920913, 0.0195789, 0.411011, 0.162019
0.196773, 0.0972974, 0.0217999, 0.405456, 0.172142
0.208348, 0.102439, 0.0241382, 0.399901, 0.182264
0.219923, 0.107516, 0.0265938, 0.394347, 0.192385
0.231498, 0.112528, 0.0291668, 0.388795, 0.202506
0.243072, 0.117475, 0.0318571, 0.383243, 0.212626
0.254647, 0.122358, 0.0346647, 0.377692, 0.222746
0.266222, 0.127176, 0.0375896, 0.372143, 0.232865
0.277797, 0.13193, 0.0406318, 0.366595, 0.242983
0.289372, 0.136619, 0.0437914, 0.361048, 0.2531
0.300947, 0.141243, 0.0470682, 0.355503, 0.263217
0.312522, 0.145802, 0.0504624, 0.349959, 0.273333
0.324097, 0.150297, 0.0539738, 0.344417, 0.283447
0.335671, 0.154727, 0.0576026, 0.338877, 0.293561
0.347246, 0.159092, 0.0613487, 0.333338, 0.303674
0.358821, 0.163393, 0.065212, 0.327801, 0.313785
0.370396, 0.167629, 0.0691926, 0.322266, 0.323896
0.381971, 0.1718, 0.0732905, 0.316734, 0.334005
0.393546, 0.175907, 0.0775057, 0.311203, 0.344112
0.405121, 0.179949, 0.0818381, 0.305675, 0.354219
0.416696, 0.183926, 0.0862879, 0.30015, 0.364324
0.428271, 0.187839, 0.0908548, 0.294628, 0.374427
0.439845, 0.191686, 0.095539, 0.289108, 0.384528
0.45142, 0.19547, 0.100341, 0.283592, 0.394627
0.462995, 0.199188, 0.105259, 0.278079, 0.404725
0.47457, 0.202841, 0.110295, 0.27257, 0.41482
0.486145, 0.20643, 0.115448, 0.267065, 0.424912
0.49772, 0.209954, 0.120719, 0.261565, 0.435002
0.509295, 0.213414, 0.126106, 0.256069, 0.445089
0.52087, 0.216808, 0.131611, 0.250579, 0.455173
0.532444, 0.220138, 0.137233, 0.245094, 0.465254
0.544019, 0.223403, 0.142972, 0.239616, 0.47533
0.555594, 0.226603, 0.148828, 0.234144, 0.485403
0.567169, 0.229738, 0.154801, 0.22868, 0.495471
0.578744, 0.232808, 0.160891, 0.223225, 0.505534
0.590319, 0.235813, 0.167099, 0.217778, 0.515592
0.601894, 0.238754, 0.173423, 0.212342, 0.525643
0.613469, 0.241629, 0.179864, 0.206917, 0.535687
0.625043, 0.24444, 0.186422, 0.201505, 0.545724
0.636618, 0.247186, 0.193097, 0.196107, 0.555751
0.648193, 0.249866, 0.199889, 0.190726, 0.565769
0.659768, 0.252481, 0.206797, 0.185363, 0.575775
0.671343, 0.255031, 0.213822, 0.180021, 0.585769
0.682918, 0.257516, 0.220964, 0.174703, 0.595747
0.694493, 0.259935, 0.228222, 0.169414, 0.605708
0.706068, 0.262289, 0.235596, 0.164156, 0.615648
0.717642, 0.264577, 0.243086, 0.158937, 0.625565
0.729217, 0.266799, 0.250691, 0.153763, 0.635452
0.740792, 0.268956, 0.258412, 0.148643, 0.645306
0.752367, 0.271045, 0.266248, 0.143588, 0.655117
0.763942, 0.273069, 0.274199, 0.138612, 0.664878
0.775517, 0.275025, 0.282263, 0.133733, 0.674574
0.787092, 0.276913, 0.290439, 0.128977, 0.684189
0.798667, 0.278733, 0.298728, 0.124375, 0.6937
0.810242, 0.280483, 0.307125, 0.119974, 0.703075
0.821816, 0.282163, 0.31563, 0.115835, 0.712267
0.833391, 0.283771, 0.324238, 0.112048, 0.721209
0.844966, 0.285305, 0.332943, 0.108739, 0.729803
0.856541, 0.286762, 0.341737, 0.106089, 0.737899
0.868116, 0.288141, 0.350607, 0.10435, 0.745278
0.879691, 0.289443, 0.359533, 0.103846, 0.75163
0.891266, 0.290674, 0.368491, 0.104934, 0.756561
0.902841, 0.291852, 0.377449, 0.107868, 0.759681
0.914415, 0.293012, 0.386379, 0.112637, 0.760763
0.92599, 0.294193, 0.395259, 0.118926, 0.759859
0.937565, 0.295432, 0.404078, 0.126267, 0.757246
0.94914, 0.296755, 0.41283, 0.134232, 0.753275
0.960715, 0.298177, 0.42151, 0.142512, 0.748267
0.97229, 0.299703, 0.430115, 0.150916, 0.74247
0.983865, 0.301337, 0.438643, 0.159331, 0.736068
0.99544, 0.303078, 0.447088, 0.167693, 0.729197
1.00701, 0.304925, 0.45545, 0.175971, 0.721954
1.01859, 0.306877, 0.463725, 0.18415, 0.71441
1.03016, 0.30893, 0.47191, 0.192224, 0.70662
1.04174, 0.311084, 0.480004, 0.200193, 0.698624
1.05331, 0.313337, 0.488005, 0.208062, 0.690455
1.06489, 0.315686, 0.495912, 0.215833, 0.682138
1.07646, 0.31813, 0.503722, 0.223513, 0.673694
1.08804, 0.320668, 0.511434, 0.231107, 0.665138
1.09961, 0.323297, 0.519048, 0.238621, 0.656485
1.11119, 0.326017, 0.526562, 0.246059, 0.647745
1.12276, 0.328827, 0.533976, 0.253427, 0.638928
1.13434, 0.331725, 0.541288, 0.260728, 0.630042
1.14591, 0.33471, 0.548497, 0.267969, 0.621094
1.15872, 0.33842, 0.556518, 0.272714, 0.632872
1.17153, 0.342185, 0.56469, 0.277529, 0.644619
1.18433, 0.346008, 0.573014, 0.282417, 0.656332
1.19714, 0.349888, 0.581488, 0.287381, 0.668009
1.20995, 0.353826, 0.590113, 0.292425, 0.679648
1.22276, 0.357825, 0.598888, 0.297553, 0.691247
1.23556, 0.361884, 0.607812, 0.302768, 0.702802
1.24837, 0.366005, 0.616884, 0.308076, 0.71431
1.26118, 0.370189, 0.626105, 0.313481, 0.725769
1.27399, 0.374437, 0.635473, 0.318988, 0.737173
1.28679, 0.378751, 0.644987, 0.324604, 0.74852
1.2996, 0.383132, 0.654648, 0.330333, 0.759804
1.31241, 0.387581, 0.664454, 0.336183, 0.771021
1.32522, 0.3921, 0.674404, 0.342159, 0.782164
1.33802, 0.396691, 0.684497, 0.34827, 0.793227
1.35083, 0.401354, 0.694732, 0.354523, 0.804203
1.36364, 0.406093, 0.705109, 0.360928, 0.815085
1.37645, 0.410909, 0.715625, 0.367493, 0.825862
1.38925, 0.415804, 0.726279, 0.374228, 0.836525
1.40206, 0.42078, 0.737071, 0.381145, 0.847062
1.41487, 0.42584, 0.747997, 0.388254, 0.857461
1.42767, 0.430986, 0.759056, 0.395569, 0.867705
1.44048, 0.436221, 0.770247, 0.403104, 0.877778
1.45329, 0.441547, 0.781567, 0.410871, 0.887661
1.4661, 0.446968, 0.793012, 0.418888, 0.89733
1.4789, 0.452487, 0.804581, 0.427169, 0.906759
1.49171, 0.458107, 0.81627, 0.435732, 0.915919
1.50452, 0.463831, 0.828075, 0.444594, 0.924774
1.51733, 0.469665, 0.839992, 0.453771, 0.933285
1.53013, 0.475612, 0.852017, 0.463282, 0.941406
1.54294, 0.481676, 0.864143, 0.473139, 0.949083
1.55575, 0.487862, 0.876365, 0.483358, 0.956255
1.56856, 0.494174, 0.888676, 0.493943, 0.962854
1.58136, 0.500617, 0.901068, 0.504898, 0.968804
1.59417, 0.507196, 0.913532, 0.516215, 0.97402
1.60698, 0.513917, 0.926057, 0.527872, 0.978412
1.61978, 0.520782, 0.938633, 0.539835, 0.981889
1.63259, 0.527796, 0.951247, 0.552051, 0.984361
1.6454, 0.534962, 0.963885, 0.564447, 0.985748
1.65821, 0.542282, 0.976532, 0.576933, 0.985985
1.67101, 0.549758, 0.989175, 0.589404, 0.985034
1.68382, 0.557388, 1.0018, 0.60175, 0.982882
1.69663, 0.565173, 1.01438, 0.613859, 0.979552
1.70944, 0.573107, 1.02691, 0.625629, 0.975094
1.72224, 0.581187, 1.03938, 0.636974, 0.969582
1.73505, 0.589408, 1.05177, 0.647831, 0.96311
1.74786, 0.597764, 1.06407, 0.658156, 0.955778
1.76067, 0.606247, 1.07628, 0.667927, 0.947688
1.77347, 0.614852, 1.08837, 0.677138, 0.93894
1.78628, 0.62357, 1.10034, 0.685797, 0.929623
1.79909, 0.632396, 1.1122, 0.693921, 0.919819
1.8119, 0.641323, 1.12392, 0.701534, 0.909598
1.8247, 0.650344, 1.13551, 0.708663, 0.899024
1.83751, 0.659453, 1.14696, 0.715338, 0.888147
1.85032, 0.668646, 1.15827, 0.721588, 0.877014
1.86312, 0.677916, 1.16943, 0.727441, 0.86566
1.87593, 0.687259, 1.18045, 0.732926, 0.854119
1.88874, 0.696671, 1.19132, 0.738067, 0.842417
1.90155, 0.706146, 1.20204, 0.74289, 0.830576
1.91435, 0.715681, 1.2126, 0.747417, 0.818616
1.92716, 0.725273, 1.22301, 0.751668, 0.806553
1.93997, 0.734918, 1.23327, 0.755662, 0.794401
1.95278, 0.744613, 1.24337, 0.759418, 0.78217
1.96558, 0.754355, 1.25331, 0.762951, 0.769873
1.97839, 0.764141, 1.26309, 0.766276, 0.757515
1.9912, 0.773968, 1.27272, 0.769406, 0.745106
2.00401, 0.783834, 1.28218, 0.772354, 0.732652
2.01681, 0.793738, 1.29149, 0.77513, 0.720157
2.02962, 0.803676, 1.30064, 0.777746, 0.707626
2.04243, 0.813646, 1.30962, 0.780211, 0.695065
2.05523, 0.823648, 1.31844, 0.782533, 0.682476
2.06804, 0.833678, 1.32711, 0.784721, 0.669862
2.08085, 0.843736, 1.33561, 0.786782, 0.657227
2.09366, 0.85382, 1.34394, 0.788723, 0.644572
2.10646, 0.863928, 1.35212, 0.790551, 0.631899
2.11927, 0.874058, 1.36013, 0.792271, 0.619212
2.13208, 0.884211, 1.36798, 0.793889, 0.606511
2.14489, 0.894383, 1.37567, 0.795409, 0.593797
2.15769, 0.904575, 1.3832, 0.796838, 0.581073
2.1705, 0.914784, 1.39056, 0.798178, 0.568338
2.18331, 0.92501, 1.39776, 0.799434, 0.555595
2.19612, 0.935252, 1.40479, 0.800611, 0.542844
2.20892, 0.945508, 1.41167, 0.801711, 0.530087
2.22173, 0.955778, 1.41837, 0.802738, 0.517323
2.23454, 0.966061, 1.42492, 0.803695, 0.504553
2.24734, 0.976356, 1.4313, 0.804585, 0.491779
2.26015, 0.986662, 1.43752, 0.805411, 0.478999
2.27296, 0.996978, 1.44357, 0.806175, 0.466217
2.28577, 1.0073, 1.44946, 0.806881, 0.45343
2.29857, 1.01764, 1.45519, 0.807529, 0.440641
2.31138, 1.02798, 1.46075, 0.808124, 0.427849
2.32419, 1.03833, 1.46615, 0.808665, 0.415054
2.337, 1.04869, 1.47139, 0.809156, 0.402257
2.3498, 1.05905, 1.47646, 0.809599, 0.389459
2.36261, 1.06942, 1.48136, 0.809994, 0.376658
2.37542, 1.07979, 1.48611, 0.810344, 0.363857
2.38823, 1.09017, 1.49069, 0.810651, 0.351054
2.40103, 1.10055, 1.4951, 0.810915, 0.33825
2.41384, 1.11093, 1.49935, 0.811139, 0.325446
2.42665, 1.12132, 1.50344, 0.811323, 0.312641
