2.66429, 0
0, 0, 0, 0.5, 0
0.0141249, 0.00682334, 3.11672e-05, 0.495764, 0.0134732
0.0282499, 0.0135869, 0.000252538, 0.491529, 0.0269465
0.0423748, 0.0202906, 0.000664374, 0.487293, 0.0404195
0.0564998, 0.0269344, 0.0012665, 0.483057, 0.0538926
0.0706247, 0.0335185, 0.00205891, 0.478822, 0.0673656
0.0847497, 0.0400427, 0.00304167, 0.474586, 0.0808387
0.0988746, 0.0465071, 0.0042148, 0.47035, 0.0943115
0.113, 0.0529116, 0.00557822, 0.466115, 0.107784
0.127125, 0.0592563, 0.00713202, 0.461879, 0.121257
0.141249, 0.0655411, 0.00887615, 0.457644, 0.13473
0.155374, 0.0717662, 0.0108106, 0.453408, 0.148203
0.169499, 0.0779314, 0.0129354, 0.449172, 0.161675
0.183624, 0.0840368, 0.0152505, 0.444937, 0.175148
0.197749, 0.0900824, 0.0177559, 0.440701, 0.18862
0.211874, 0.0960681, 0.0204516, 0.436466, 0.202092
0.225999, 0.101994, 0.0233378, 0.43223, 0.215565
0.240124, 0.10786, 0.0264142, 0.427995, 0.229037
0.254249, 0.113666, 0.0296809, 0.423759, 0.242509
0.268374, 0.119413, 0.033138, 0.419524, 0.255981
0.282499, 0.125099, 0.0367854, 0.415288, 0.269453
0.296624, 0.130726, 0.0406232, 0.411053, 0.282925
0.310749, 0.136293, 0.0446513, 0.406817, 0.296396
0.324874, 0.1418, 0.0488697, 0.402582, 0.309868
0.338999, 0.147247, 0.0532784, 0.398346, 0.323339
0.353124, 0.152635, 0.0578776, 0.394111, 0.33681
0.367249, 0.157962, 0.062667, 0.389876, 0.350281
0.381374, 0.16323, 0.0676467, 0.38564, 0.363752
0.395499, 0.168438, 0.0728168, 0.381405, 0.377223
0.409624, 0.173586, 0.0781772, 0.37717, 0.390694
0.423748, 0.178674, 0.0837279, 0.372934, 0.404164
0.437873, 0.183703, 0.089469, 0.368699, 0.417634
0.451998, 0.188671, 0.0954004, 0.364464, 0.431104
0.466123, 0.19358, 0.101522, 0.360229, 0.444574
0.480248, 0.198429, 0.107834, 0.355994, 0.458043
0.494373, 0.203218, 0.114337, 0.351759, 0.471512
0.508498, 0.207948, 0.121029, 0.347524, 0.484981
0.522623, 0.212617, 0.127912, 0.343289, 0.49845
0.536748, 0.217227, 0.134986, 0.339054, 0.511918
0.550873, 0.221776, 0.14225, 0.334819, 0.525385
0.564998, 0.226266, 0.149704, 0.330584, 0.538853
0.579123, 0.230697, 0.157348, 0.326349, 0.55232
0.593248, 0.235067, 0.165183, 0.322115, 0.565786
0.607373, 0.239378, 0.173208, 0.31788, 0.579252
0.621498, 0.243628, 0.181423, 0.313646, 0.592717
0.635623, 0.247819, 0.189829, 0.309411, 0.606181
0.649748, 0.25195, 0.198425, 0.305177, 0.619645
0.663873, 0.256021, 0.207211, 0.300943, 0.633108
0.677998, 0.260033, 0.216188, 0.296709, 0.64657
0.692122, 0.263984, 0.225355, 0.292475, 0.66003
0.706247, 0.267876, 0.234713, 0.288241, 0.67349
0.720372, 0.271708, 0.24426, 0.284008, 0.686948
0.734497, 0.27548, 0.253998, 0.279774, 0.700405
0.748622, 0.279193, 0.263927, 0.275541, 0.71386
0.762747, 0.282845, 0.274046, 0.271309, 0.727312
0.776872, 0.286438, 0.284355, 0.267076, 0.740763
0.790997, 0.289971, 0.294854, 0.262845, 0.75421
0.805122, 0.293444, 0.305544, 0.258613, 0.767655
0.819247, 0.296858, 0.316424, 0.254382, 0.781095
0.833372, 0.300211, 0.327494, 0.250152, 0.79453
0.847497, 0.303505, 0.338755, 0.245923, 0.807959
0.861622, 0.30674, 0.350206, 0.241695, 0.821381
0.875747, 0.309914, 0.361848, 0.237468, 0.834793
0.889872, 0.313029, 0.37368, 0.233243, 0.848192
0.903997, 0.316084, 0.385702, 0.229021, 0.861577
0.918122, 0.31908, 0.397915, 0.224802, 0.874938
0.932247, 0.322016, 0.410318, 0.220587, 0.888269
0.946371, 0.324894, 0.422911, 0.216379, 0.901553
0.960497, 0.327712, 0.435695, 0.212182, 0.914765
0.974621, 0.330473, 0.44867, 0.208004, 0.927857
0.988746, 0.333177, 0.461835, 0.203859, 0.940719
1.00287, 0.335829, 0.475192, 0.199791, 0.953082
1.017, 0.338442, 0.488738, 0.19594, 0.964058
1.03112, 0.341069, 0.502461, 0.192889, 0.970164
1.04525, 0.343805, 0.516239, 0.191838, 0.965598
1.05937, 0.346613, 0.529884, 0.192447, 0.954466
1.0735, 0.349442, 0.543336, 0.193878, 0.941539
1.08762, 0.352287, 0.556588, 0.195793, 0.928082
1.10175, 0.355153, 0.56964, 0.198037, 0.914435
1.11587, 0.358044, 0.582492, 0.200524, 0.900714
1.13, 0.360965, 0.595146, 0.2032, 0.886968
1.14412, 0.363919, 0.607603, 0.206027, 0.873213
1.15825, 0.366908, 0.619862, 0.208978, 0.85946
1.17237, 0.369936, 0.631926, 0.212032, 0.845714
1.1865, 0.373003, 0.643793, 0.215174, 0.831978
1.20062, 0.376112, 0.655466, 0.218392, 0.818252
1.21475, 0.379265, 0.666942, 0.221676, 0.804536
1.22887, 0.382461, 0.678225, 0.225018, 0.79083
1.243, 0.385703, 0.689313, 0.22841, 0.777133
1.25712, 0.388991, 0.700206, 0.231849, 0.763445
1.27125, 0.392326, 0.710906, 0.235328, 0.749767
1.28537, 0.395708, 0.721411, 0.238844, 0.736095
1.2995, 0.399139, 0.731723, 0.242394, 0.722431
1.31362, 0.402619, 0.741842, 0.245974, 0.708773
1.32775, 0.406149, 0.751767, 0.249582, 0.695123
1.34187, 0.409728, 0.761499, 0.253215, 0.681478
1.356, 0.413358, 0.771038, 0.256873, 0.667839
1.37012, 0.417039, 0.780384, 0.260552, 0.654205
1.38424, 0.420771, 0.789537, 0.264251, 0.640577
1.39837, 0.424554, 0.798497, 0.267969, 0.626954
1.41103, 0.428652, 0.805421, 0.2796, 0.631401
1.42369, 0.432895, 0.812409, 0.291234, 0.635823
1.43635, 0.437282, 0.819462, 0.302872, 0.640219
1.44901, 0.441814, 0.826577, 0.314514, 0.644587
1.46167, 0.446491, 0.833757, 0.326161, 0.648927
1.47432, 0.451312, 0.840999, 0.337811, 0.653237
1.48698, 0.456278, 0.848305, 0.349465, 0.657516
1.49964, 0.461389, 0.855674, 0.361123, 0.661762
1.5123, 0.466644, 0.863105, 0.372786, 0.665976
1.52496, 0.472044, 0.870598, 0.384452, 0.670154
1.53762, 0.477589, 0.878154, 0.396124, 0.674296
1.55028, 0.483278, 0.885772, 0.407799, 0.6784
1.56294, 0.489111, 0.893451, 0.419479, 0.682464
1.5756, 0.495089, 0.901191, 0.431164, 0.686486
1.58826, 0.501212, 0.908993, 0.442853, 0.690465
1.60092, 0.507479, 0.916855, 0.454547, 0.694399
1.61358, 0.513891, 0.924777, 0.466245, 0.698285
1.62623, 0.520446, 0.932759, 0.477948, 0.70212
1.63889, 0.527147, 0.940801, 0.489656, 0.705904
1.65155, 0.533991, 0.948902, 0.501368, 0.709632
1.66421, 0.54098, 0.957061, 0.513085, 0.713303
1.67687, 0.548114, 0.965278, 0.524806, 0.716913
1.68953, 0.555391, 0.973554, 0.536532, 0.720459
1.70219, 0.562812, 0.981886, 0.548262, 0.723938
1.71485, 0.570378, 0.990275, 0.559996, 0.727347
1.72751, 0.578087, 0.99872, 0.571734, 0.73068
1.74017, 0.585941, 1.00722, 0.583476, 0.733934
1.75283, 0.593938, 1.01578, 0.595221, 0.737105
1.76549, 0.602079, 1.02438, 0.606968, 0.740187
1.77814, 0.610363, 1.03305, 0.618719, 0.743176
1.7908, 0.618791, 1.04176, 0.630471, 0.746066
1.80346, 0.627362, 1.05053, 0.642224, 0.74885
1.81612, 0.636076, 1.05934, 0.653977, 0.751522
1.82878, 0.644933, 1.06821, 0.66573, 0.754076
1.84144, 0.653933, 1.07712, 0.67748, 0.756503
1.8541, 0.663074, 1.08609, 0.689227, 0.758794
1.86676, 0.672359, 1.09509, 0.700969, 0.760941
1.87942, 0.681784, 1.10415, 0.712704, 0.762933
1.89208, 0.691352, 1.11324, 0.724429, 0.764761
1.90474, 0.70106, 1.12238, 0.736141, 0.766411
1.9174, 0.710909, 1.13155, 0.747838, 0.767873
1.93005, 0.720898, 1.14077, 0.759515, 0.769129
1.94271, 0.731026, 1.15002, 0.771166, 0.770166
1.95537, 0.741292, 1.1593, 0.782788, 0.770967
1.96803, 0.751697, 1.16861, 0.794372, 0.771514
1.98069, 0.762238, 1.17795, 0.80591, 0.771786
1.99335, 0.772915, 1.18732, 0.817394, 0.771762
2.00601, 0.783727, 1.19671, 0.828812, 0.771418
2.01867, 0.794672, 1.20612, 0.84015, 0.770728
2.03133, 0.805748, 1.21554, 0.851392, 0.769665
2.04399, 0.816953, 1.22497, 0.862519, 0.768198
2.05665, 0.828286, 1.23441, 0.873508, 0.766297
2.06931, 0.839744, 1.24385, 0.884334, 0.763927
2.08196, 0.851323, 1.25328, 0.894965, 0.761054
2.09462, 0.86302, 1.2627, 0.905364, 0.757643
2.10728, 0.874832, 1.27211, 0.91549, 0.75366
2.11994, 0.886754, 1.28148, 0.925295, 0.74907
2.1326, 0.898781, 1.29083, 0.934725, 0.743845
2.14526, 0.910906, 1.30012, 0.94372, 0.73796
2.15792, 0.923125, 1.30937, 0.952217, 0.731398
2.17058, 0.935429, 1.31856, 0.960149, 0.724154
2.18324, 0.947811, 1.32767, 0.967448, 0.716233
2.1959, 0.960262, 1.3367, 0.97405, 0.707656
2.20856, 0.972774, 1.34563, 0.979896, 0.698457
2.22122, 0.985337, 1.35447, 0.984937, 0.688686
2.23388, 0.997942, 1.36318, 0.989137, 0.678405
2.24653, 1.01058, 1.37178, 0.992475, 0.667684
2.25919, 1.02324, 1.38025, 0.994947, 0.656599
2.27185, 1.03591, 1.38859, 0.99656, 0.645226
2.28451, 1.04859, 1.39678, 0.99734, 0.63364
2.29717, 1.06126, 1.40483, 0.997318, 0.621908
2.30983, 1.07391, 1.41273, 0.996538, 0.610093
2.32249, 1.08654, 1.42048, 0.995045, 0.598247
2.33515, 1.09915, 1.42808, 0.99289, 0.586413
2.34781, 1.11172, 1.43553, 0.990122, 0.574626
2.36047, 1.12424, 1.44283, 0.98679, 0.562915
2.37313, 1.13671, 1.44998, 0.982941, 0.551301
2.38579, 1.14913, 1.45698, 0.978618, 0.539799
2.39844, 1.16149, 1.46384, 0.973863, 0.52842
2.4111, 1.17378, 1.47054, 0.968712, 0.517172
2.42376, 1.18601, 1.47711, 0.9632, 0.506059
2.43642, 1.19816, 1.48353, 0.957358, 0.495082
2.44908, 1.21023, 1.48981, 0.951214, 0.484243
2.46174, 1.22222, 1.49595, 0.944793, 0.47354
2.4744, 1.23413, 1.50195, 0.938119, 0.462971
2.48706, 1.24595, 1.50782, 0.93121, 0.452533
2.49972, 1.25769, 1.51356, 0.924087, 0.442224
2.51238, 1.26933, 1.51916, 0.916766, 0.432037
2.52504, 1.28087, 1.52463, 0.909262, 0.421972
2.53769, 1.29232, 1.52997, 0.901588, 0.412022
2.55035, 1.30367, 1.53519, 0.893757, 0.402184
2.56301, 1.31492, 1.54028, 0.885781, 0.392455
2.57567, 1.32607, 1.54525, 0.877668, 0.382829
2.58833, 1.33712, 1.55009, 0.869429, 0.373304
2.60099, 1.34806, 1.55481, 0.861072, 0.363875
2.61365, 1.35889, 1.55942, 0.852604, 0.354538
2.62631, 1.36962, 1.5639, 0.844032, 0.345291
2.63897, 1.38023, 1.56826, 0.835364, 0.336129
2.65163, 1.39074, 1.57251, 0.826604, 0.327049
2.66429, 1.40113, 1.57665, 0.817758, 0.318049
