4.13081, 0.022857
0, 0, 0, 0.5, 0
0.0201744, 0.00849165, 0.000409473, 0.50172, 0.0200315
0.0403488, 0.0170187, 0.00122434, 0.50344, 0.0400602
0.0605233, 0.025581, 0.00244473, 0.505158, 0.0600859
0.0806977, 0.0341788, 0.00407049, 0.506876, 0.0801082
0.100872, 0.042812, 0.00610172, 0.508592, 0.100127
0.121047, 0.0514806, 0.00853834, 0.510308, 0.120142
0.141221, 0.0601846, 0.0113803, 0.512022, 0.140154
0.161395, 0.0689241, 0.0146278, 0.513735, 0.160161
0.18157, 0.0776991, 0.0182807, 0.515446, 0.180163
0.201744, 0.0865095, 0.0223389, 0.517156, 0.200161
0.221919, 0.0953556, 0.0268025, 0.518865, 0.220153
0.242093, 0.104237, 0.0316716, 0.520571, 0.24014
0.262268, 0.113154, 0.0369459, 0.522276, 0.26012
0.282442, 0.122107, 0.0426257, 0.523979, 0.280094
0.302616, 0.131096, 0.0487108, 0.52568, 0.30006
0.322791, 0.14012, 0.0552012, 0.527378, 0.320019
0.342965, 0.14918, 0.062097, 0.529073, 0.339969
0.36314, 0.158276, 0.069398, 0.530766, 0.35991
0.383314, 0.167408, 0.0771044, 0.532456, 0.37984
0.403488, 0.176576, 0.0852159, 0.534142, 0.399758
0.423663, 0.18578, 0.0937328, 0.535824, 0.419664
0.443837, 0.195021, 0.102655, 0.537502, 0.439556
0.464012, 0.204297, 0.111982, 0.539175, 0.459433
0.484186, 0.213611, 0.121714, 0.540844, 0.479292
0.504361, 0.22296, 0.131852, 0.542506, 0.499132
0.524535, 0.232347, 0.142394, 0.544161, 0.51895
0.544709, 0.241771, 0.153342, 0.54581, 0.538742
0.564884, 0.251232, 0.164694, 0.547449, 0.558507
0.585058, 0.260731, 0.176451, 0.549079, 0.57824
0.605233, 0.270267, 0.188613, 0.550698, 0.597935
0.625407, 0.279843, 0.201179, 0.552304, 0.617588
0.645582, 0.289457, 0.21415, 0.553895, 0.63719
0.665756, 0.299111, 0.227525, 0.555469, 0.656734
0.68593, 0.308805, 0.241304, 0.557021, 0.676208
0.706105, 0.318542, 0.255486, 0.558549, 0.695598
0.726279, 0.32832, 0.270071, 0.560047, 0.714888
0.746454, 0.338144, 0.285059, 0.561508, 0.734053
0.766628, 0.348014, 0.300448, 0.562923, 0.753065
0.786803, 0.357935, 0.316238, 0.564282, 0.771884
0.806977, 0.367908, 0.332427, 0.565568, 0.790456
0.827151, 0.377942, 0.349012, 0.566759, 0.808705
0.847326, 0.388042, 0.365989, 0.567826, 0.826526
0.8675, 0.398219, 0.383354, 0.568724, 0.843763
0.887675, 0.408491, 0.401097, 0.56939, 0.860188
0.907849, 0.418878, 0.419202, 0.569728, 0.875461
0.928024, 0.429415, 0.437646, 0.569603, 0.889071
0.948198, 0.440144, 0.456382, 0.568821, 0.900284
0.968372, 0.451114, 0.475339, 0.567151, 0.908151
0.988547, 0.462361, 0.494406, 0.564387, 0.911717
1.00872, 0.47387, 0.513446, 0.560474, 0.91046
1.0289, 0.48557, 0.532329, 0.555579, 0.904628
1.04907, 0.49736, 0.550955, 0.550005, 0.895066
1.06924, 0.509147, 0.569266, 0.544055, 0.882758
1.08942, 0.520867, 0.58723, 0.53795, 0.868521
1.10959, 0.53248, 0.604831, 0.531831, 0.852941
1.12977, 0.543965, 0.622059, 0.525779, 0.836415
1.14994, 0.555313, 0.638909, 0.519839, 0.819208
1.17012, 0.56652, 0.655377, 0.514032, 0.8015
1.19029, 0.577585, 0.671461, 0.508367, 0.783416
1.21047, 0.588511, 0.68716, 0.502845, 0.765041
1.23064, 0.5993, 0.70247, 0.497463, 0.746437
1.25081, 0.609957, 0.717391, 0.492216, 0.727651
1.27099, 0.620484, 0.731922, 0.487098, 0.708718
1.29116, 0.630886, 0.746062, 0.482102, 0.689663
1.31134, 0.641165, 0.759809, 0.477221, 0.670506
1.33151, 0.651327, 0.773164, 0.472449, 0.651263
1.35169, 0.661373, 0.786125, 0.46778, 0.631948
1.37186, 0.671308, 0.798691, 0.463207, 0.61257
1.39204, 0.681134, 0.810863, 0.458725, 0.593137
1.41221, 0.690853, 0.822639, 0.454329, 0.573657
1.43238, 0.700469, 0.834019, 0.450013, 0.554135
1.45256, 0.709984, 0.845003, 0.445775, 0.534577
1.47273, 0.7194, 0.855591, 0.441608, 0.514985
1.49291, 0.72872, 0.865781, 0.43751, 0.495364
1.51308, 0.737945, 0.875573, 0.433477, 0.475717
1.53326, 0.747077, 0.884968, 0.429505, 0.456046
1.55343, 0.756119, 0.893965, 0.425592, 0.436352
1.57361, 0.765071, 0.902563, 0.421734, 0.41664
1.59378, 0.773936, 0.910762, 0.417929, 0.396909
1.61395, 0.782715, 0.918563, 0.414174, 0.377162
1.63413, 0.791409, 0.925964, 0.410467, 0.3574
1.6543, 0.800021, 0.932966, 0.406806, 0.337623
1.67448, 0.80855, 0.939569, 0.403189, 0.317834
1.69465, 0.816999, 0.945772, 0.399613, 0.298033
1.71483, 0.825368, 0.951575, 0.396078, 0.278221
1.735, 0.833659, 0.956977, 0.392581, 0.258397
1.75517, 0.841873, 0.961979, 0.389121, 0.238565
1.77535, 0.850011, 0.966581, 0.385696, 0.218723
1.79552, 0.858073, 0.970783, 0.382305, 0.198873
1.8157, 0.866061, 0.974583, 0.378946, 0.179015
1.83587, 0.873975, 0.977983, 0.375619, 0.159149
1.85605, 0.881817, 0.980982, 0.372322, 0.139277
1.87622, 0.889587, 0.98358, 0.369054, 0.119397
1.8964, 0.897286, 0.985776, 0.365814, 0.0995117
1.91657, 0.904915, 0.987571, 0.362601, 0.07962
1.93674, 0.912474, 0.988965, 0.359414, 0.0597229
1.95692, 0.919964, 0.989957, 0.356252, 0.0398204
1.97709, 0.927386, 0.990548, 0.353114, 0.0199126
1.99727, 0.934741, 0.990737, 0.35, -2.98023e-08
2.0186, 0.942106, 0.990941, 0.339914, 0.0188008
2.03994, 0.949247, 0.99154, 0.329832, 0.0376038
2.06127, 0.956183, 0.992546, 0.319736, 0.0563991
2.08261, 0.962893, 0.993948, 0.309644, 0.075197
2.10394, 0.969388, 0.995751, 0.299548, 0.0939924
2.12528, 0.975674, 0.997958, 0.289439, 0.112781
2.14662, 0.981751, 1.00057, 0.279319, 0.131563
2.16795, 0.987585, 1.00357, 0.269221, 0.150357
2.18929, 0.993232, 1.00698, 0.259086, 0.169132
2.21062, 0.998651, 1.01079, 0.248958, 0.18791
2.23196, 1.00385, 1.015, 0.238828, 0.206688
2.25329, 1.00884, 1.01961, 0.228682, 0.225456
2.27463, 1.01361, 1.02462, 0.218535, 0.244224
2.29596, 1.01817, 1.03003, 0.208373, 0.262984
2.3173, 1.0225, 1.03584, 0.198212, 0.281744
2.33863, 1.02662, 1.04205, 0.188037, 0.300497
2.35997, 1.03052, 1.04866, 0.177851, 0.319244
2.3813, 1.03421, 1.05568, 0.167655, 0.337985
2.40264, 1.03768, 1.06309, 0.157449, 0.356721
2.42398, 1.04093, 1.0709, 0.147235, 0.375453
2.44531, 1.04396, 1.0791, 0.13702, 0.394184
2.46665, 1.04677, 1.08771, 0.126787, 0.412905
2.48798, 1.04937, 1.09673, 0.116526, 0.431611
2.50932, 1.05174, 1.10613, 0.106269, 0.450319
2.53065, 1.05391, 1.11594, 0.095983, 0.469011
2.55199, 1.05585, 1.12615, 0.0856828, 0.487696
2.57332, 1.05756, 1.13675, 0.0753752, 0.506376
2.59466, 1.05906, 1.14775, 0.0650385, 0.52504
2.61599, 1.06034, 1.15916, 0.0546858, 0.543695
2.63733, 1.06139, 1.17095, 0.0443157, 0.562341
2.65866, 1.06223, 1.18315, 0.0339113, 0.580967
2.68, 1.06284, 1.19574, 0.02349, 0.599584
2.70134, 1.06323, 1.20873, 0.0130369, 0.618183
2.72267, 1.06339, 1.22212, 0.00255165, 0.636764
2.74401, 1.06334, 1.2359, -0.00797546, 0.655322
2.76534, 1.06305, 1.25008, -0.0185415, 0.673857
2.78668, 1.06255, 1.26466, -0.0291544, 0.692366
2.80801, 1.06181, 1.27963, -0.0398237, 0.710842
2.82935, 1.06085, 1.29499, -0.0505469, 0.729287
2.85068, 1.05966, 1.31075, -0.0613515, 0.747684
2.87202, 1.05823, 1.3269, -0.0722316, 0.766037
2.89335, 1.05657, 1.34343, -0.0832028, 0.784335
2.91469, 1.05468, 1.36036, -0.0942957, 0.802559
2.93602, 1.05255, 1.37768, -0.105554, 0.820683
2.95736, 1.05017, 1.39538, -0.116995, 0.838691
2.97869, 1.04755, 1.41347, -0.128685, 0.856539
3.00003, 1.04468, 1.43193, -0.140727, 0.874151
3.02137, 1.04154, 1.45076, -0.153259, 0.891416
3.0427, 1.03813, 1.46996, -0.166604, 0.908059
3.06404, 1.03443, 1.4895, -0.181361, 0.923444
3.08537, 1.03037, 1.50934, -0.199205, 0.934874
3.10671, 1.02591, 1.52927, -0.217835, 0.92892
3.12804, 1.0212, 1.54887, -0.221283, 0.908169
3.14938, 1.01651, 1.56802, -0.217921, 0.887124
3.17071, 1.01192, 1.58673, -0.212261, 0.86656
3.19205, 1.00746, 1.605, -0.205493, 0.846326
3.21338, 1.00315, 1.62285, -0.19808, 0.826322
3.23472, 0.999012, 1.64026, -0.190242, 0.806478
3.25605, 0.995039, 1.65726, -0.182106, 0.786756
3.27739, 0.991243, 1.67384, -0.173747, 0.767125
3.29873, 0.987627, 1.68999, -0.165218, 0.747569
3.32006, 0.984194, 1.70573, -0.156553, 0.728073
3.3414, 0.980947, 1.72106, -0.147776, 0.708626
3.36273, 0.977889, 1.73597, -0.138908, 0.689221
3.38407, 0.97502, 1.75047, -0.129963, 0.669852
3.4054, 0.972344, 1.76456, -0.120951, 0.650513
3.42674, 0.96986, 1.77823, -0.111882, 0.631201
3.44807, 0.96757, 1.79149, -0.102763, 0.611913
3.46941, 0.965475, 1.80434, -0.0935995, 0.592645
3.49074, 0.963576, 1.81678, -0.0843975, 0.573396
3.51208, 0.961874, 1.82881, -0.0751604, 0.554164
3.53341, 0.960369, 1.84043, -0.0658923, 0.534947
3.55475, 0.959063, 1.85163, -0.0565954, 0.515744
3.57609, 0.957954, 1.86243, -0.0472731, 0.496553
3.59742, 0.957046, 1.87282, -0.0379274, 0.477373
3.61876, 0.956336, 1.8828, -0.02856, 0.458204
3.64009, 0.955827, 1.89237, -0.0191732, 0.439045
3.66143, 0.955518, 1.90154, -0.00976789, 0.419894
3.68276, 0.95541, 1.91029, -0.000345856, 0.400752
3.7041, 0.955504, 1.91864, 0.00909188, 0.381618
3.72543, 0.955798, 1.92658, 0.0185441, 0.36249
3.74677, 0.956295, 1.93411, 0.0280099, 0.34337
3.7681, 0.956994, 1.94123, 0.0374883, 0.324255
3.78944, 0.957895, 1.94794, 0.0469785, 0.305147
3.81077, 0.958998, 1.95425, 0.0564801, 0.286044
3.83211, 0.960305, 1.96015, 0.0659921, 0.266946
3.85345, 0.961814, 1.96564, 0.0755139, 0.247854
3.87478, 0.963527, 1.97072, 0.0850452, 0.228766
3.89612, 0.965443, 1.9754, 0.0945851, 0.209682
3.91745, 0.967563, 1.97967, 0.104134, 0.190602
3.93879, 0.969887, 1.98353, 0.11369, 0.171527
3.96012, 0.972415, 1.98699, 0.123254, 0.152455
3.98146, 0.975146, 1.99004, 0.132825, 0.133387
4.00279, 0.978082, 1.99268, 0.142402, 0.114322
4.02413, 0.981223, 1.99492, 0.151987, 0.0952611
4.04546, 0.984568, 1.99675, 0.161577, 0.0762026
4.0668, 0.988117, 1.99817, 0.171174, 0.0571472
4.08813, 0.991872, 1.99919, 0.180776, 0.0380945
4.10947, 0.995831, 1.99979, 0.190383, 0.0190447
4.13081, 0.999996, 2, 0.199996, -2.13459e-06
