3.06903, 0.0783037
0, 0, 0, 0.5, 0
0.0162888, 0.00807185, 0.00011105, 0.490883, 0.0134984
0.0325776, 0.0159944, 0.000441475, 0.481763, 0.0269945
0.0488664, 0.0237615, 0.000987199, 0.472647, 0.0404934
0.0651551, 0.0313957, 0.00176293, 0.463506, 0.0539762
0.0814439, 0.0388733, 0.00275332, 0.454371, 0.0674622
0.0977327, 0.0461947, 0.00395856, 0.445241, 0.0809514
0.114022, 0.0533749, 0.00538845, 0.436095, 0.0944303
0.13031, 0.0604032, 0.00703588, 0.426948, 0.107908
0.146599, 0.0672836, 0.00890366, 0.417794, 0.121382
0.162888, 0.0740112, 0.0109885, 0.408639, 0.134854
0.179177, 0.0805899, 0.0132929, 0.399478, 0.148322
0.195465, 0.0870268, 0.0158215, 0.390299, 0.161779
0.211754, 0.093309, 0.0185659, 0.381122, 0.175236
0.228043, 0.0994436, 0.0215307, 0.371934, 0.188686
0.244332, 0.105426, 0.024713, 0.362743, 0.202134
0.260621, 0.111259, 0.0281146, 0.353543, 0.215576
0.276909, 0.116948, 0.0317387, 0.344325, 0.229006
0.293198, 0.122476, 0.035575, 0.335116, 0.242442
0.309487, 0.127861, 0.0396342, 0.325887, 0.255863
0.325776, 0.133095, 0.0439118, 0.316648, 0.269279
0.342065, 0.138175, 0.0484055, 0.307405, 0.282691
0.358353, 0.143107, 0.0531194, 0.298147, 0.296093
0.374642, 0.147891, 0.0580534, 0.288869, 0.309482
0.390931, 0.152519, 0.0632029, 0.279588, 0.322868
0.40722, 0.156996, 0.0685696, 0.270296, 0.336246
0.423508, 0.161325, 0.0741569, 0.260979, 0.349607
0.439797, 0.165498, 0.0799593, 0.251656, 0.362964
0.456086, 0.169524, 0.0859816, 0.242306, 0.376302
0.472375, 0.173393, 0.0922188, 0.232946, 0.389633
0.488664, 0.177112, 0.0986745, 0.223561, 0.402946
0.504952, 0.180677, 0.105346, 0.214155, 0.416245
0.521241, 0.184087, 0.112234, 0.204732, 0.429531
0.53753, 0.187347, 0.11934, 0.195268, 0.442789
0.553819, 0.190449, 0.126659, 0.185787, 0.456034
0.570108, 0.193398, 0.134195, 0.176269, 0.469253
0.586396, 0.196191, 0.141946, 0.166717, 0.482446
0.602685, 0.19883, 0.149913, 0.157116, 0.495605
0.618974, 0.20131, 0.158092, 0.147479, 0.508737
0.635263, 0.203634, 0.166486, 0.137779, 0.521823
0.651552, 0.205798, 0.175091, 0.128028, 0.53487
0.66784, 0.207803, 0.183909, 0.118201, 0.54786
0.684129, 0.209648, 0.192939, 0.108285, 0.560783
0.700418, 0.21133, 0.202178, 0.0982676, 0.573628
0.716707, 0.212849, 0.211626, 0.0881235, 0.586372
0.732995, 0.2142, 0.22128, 0.077824, 0.598991
0.749284, 0.215383, 0.231139, 0.0673182, 0.611439
0.765573, 0.216392, 0.241198, 0.0565442, 0.623655
0.781862, 0.217223, 0.251454, 0.0453908, 0.635524
0.798151, 0.217868, 0.261899, 0.0336639, 0.646826
0.814439, 0.218315, 0.27252, 0.0210227, 0.65708
0.830728, 0.218544, 0.283292, 0.0067347, 0.664787
0.847017, 0.218524, 0.294134, -0.00900114, 0.664119
0.863306, 0.2183, 0.304848, -0.0163638, 0.650236
0.879595, 0.218036, 0.315308, -0.0152173, 0.634048
0.895883, 0.21782, 0.325507, -0.0109882, 0.618328
0.912172, 0.217686, 0.335454, -0.00538838, 0.603034
0.928461, 0.217649, 0.345154, 0.000968307, 0.588038
0.94475, 0.21772, 0.354612, 0.00780219, 0.573253
0.961038, 0.217905, 0.36383, 0.0149643, 0.558623
0.977327, 0.218209, 0.372811, 0.0223646, 0.544113
0.993616, 0.218634, 0.381556, 0.0299461, 0.529696
1.0099, 0.219185, 0.390068, 0.0376703, 0.515355
1.02619, 0.219862, 0.398346, 0.045509, 0.501077
1.04248, 0.220668, 0.406392, 0.0534424, 0.486851
1.05877, 0.221604, 0.414206, 0.0614548, 0.472669
1.07506, 0.22267, 0.42179, 0.0695346, 0.458525
1.09135, 0.223869, 0.429144, 0.0776719, 0.444415
1.10764, 0.225201, 0.436269, 0.0858595, 0.430334
1.12393, 0.226666, 0.443164, 0.0940914, 0.416278
1.14022, 0.228266, 0.44983, 0.102362, 0.402245
1.1565, 0.230001, 0.456268, 0.110668, 0.388233
1.17279, 0.231872, 0.462478, 0.119004, 0.374239
1.18908, 0.233878, 0.46846, 0.127369, 0.360262
1.20537, 0.236021, 0.474214, 0.135759, 0.3463
1.22166, 0.238301, 0.479742, 0.144172, 0.332352
1.23795, 0.240718, 0.485042, 0.152606, 0.318417
1.25424, 0.243273, 0.490115, 0.16106, 0.304493
1.27053, 0.245965, 0.494961, 0.169531, 0.290581
1.28681, 0.248796, 0.499581, 0.178019, 0.276678
1.3031, 0.251765, 0.503975, 0.186522, 0.262785
1.31939, 0.254872, 0.508142, 0.195039, 0.248901
1.33568, 0.258119, 0.512084, 0.20357, 0.235024
1.35197, 0.261504, 0.515799, 0.212113, 0.221156
1.36826, 0.265029, 0.519288, 0.220667, 0.207294
1.38455, 0.268693, 0.522552, 0.229233, 0.193439
1.40084, 0.272497, 0.52559, 0.237808, 0.17959
1.41712, 0.27644, 0.528403, 0.246394, 0.165748
1.43341, 0.280524, 0.53099, 0.254988, 0.151911
1.4497, 0.284747, 0.533351, 0.26359, 0.138079
1.46599, 0.289111, 0.535488, 0.272201, 0.124252
1.48228, 0.293615, 0.5374, 0.28082, 0.11043
1.49857, 0.298259, 0.539086, 0.289446, 0.0966128
1.51486, 0.303045, 0.540547, 0.298078, 0.0827997
1.53115, 0.30797, 0.541783, 0.306717, 0.068991
1.54743, 0.313037, 0.542794, 0.315363, 0.0551859
1.56372, 0.318244, 0.543581, 0.324015, 0.0413845
1.58001, 0.323592, 0.544143, 0.332672, 0.0275867
1.5963, 0.329082, 0.54448, 0.341335, 0.0137924
1.61259, 0.334712, 0.544592, 0.350003, 1.43051e-06
1.62715, 0.33906, 0.545201, 0.357268, 0.0125423
1.64172, 0.343517, 0.545994, 0.364533, 0.0250824
1.65628, 0.348081, 0.546971, 0.371796, 0.0376201
1.67085, 0.352752, 0.548131, 0.379057, 0.0501554
1.68541, 0.357529, 0.549474, 0.386315, 0.0626879
1.69998, 0.362413, 0.551, 0.39357, 0.0752176
1.71454, 0.367404, 0.55271, 0.400822, 0.0877441
1.72911, 0.372501, 0.554602, 0.408071, 0.100267
1.74367, 0.377706, 0.556678, 0.415316, 0.112787
1.75823, 0.383017, 0.558937, 0.422558, 0.125303
1.7728, 0.388435, 0.56138, 0.429795, 0.137815
1.78736, 0.39396, 0.564005, 0.437028, 0.150322
1.80193, 0.399592, 0.566814, 0.444256, 0.162824
1.81649, 0.405331, 0.569806, 0.451479, 0.175321
1.83106, 0.411176, 0.57298, 0.458696, 0.187812
1.84562, 0.417129, 0.576338, 0.465906, 0.200296
1.86019, 0.423189, 0.579879, 0.47311, 0.212774
1.87475, 0.429356, 0.583603, 0.480306, 0.225244
1.88931, 0.43563, 0.587509, 0.487494, 0.237705
1.90388, 0.442011, 0.591599, 0.494673, 0.250157
1.91844, 0.4485, 0.595871, 0.501841, 0.262599
1.93301, 0.455096, 0.600326, 0.508997, 0.275028
1.94757, 0.461799, 0.604964, 0.516141, 0.287445
1.96214, 0.46861, 0.609784, 0.523271, 0.299847
1.9767, 0.475528, 0.614787, 0.530384, 0.312233
1.99127, 0.482554, 0.619972, 0.537479, 0.3246
2.00583, 0.489689, 0.625339, 0.544553, 0.336945
2.02039, 0.496931, 0.630888, 0.551603, 0.349266
2.03496, 0.504282, 0.636619, 0.558625, 0.361559
2.04952, 0.511741, 0.642531, 0.565615, 0.373818
2.06409, 0.51931, 0.648624, 0.572567, 0.386039
2.07865, 0.526987, 0.654898, 0.579474, 0.398214
2.09322, 0.534775, 0.661353, 0.586329, 0.410335
2.10778, 0.542674, 0.667986, 0.59312, 0.42239
2.12235, 0.550683, 0.674798, 0.599834, 0.434366
2.13691, 0.558805, 0.681788, 0.606454, 0.446243
2.15147, 0.567041, 0.688953, 0.612955, 0.457999
2.16604, 0.575392, 0.696292, 0.619308, 0.469599
2.1806, 0.583862, 0.703802, 0.625469, 0.481
2.19517, 0.592451, 0.711478, 0.631382, 0.492141
2.20973, 0.601166, 0.719315, 0.636966, 0.502934
2.2243, 0.610011, 0.727304, 0.642105, 0.513256
2.23886, 0.618992, 0.735432, 0.646637, 0.522927
2.25343, 0.628119, 0.743679, 0.650334, 0.531695
2.26799, 0.6374, 0.752015, 0.65289, 0.539213
2.28255, 0.646836, 0.7604, 0.653941, 0.545046
2.29712, 0.65642, 0.768782, 0.653141, 0.548755
2.31168, 0.666119, 0.777108, 0.650307, 0.550042
2.32625, 0.67588, 0.785334, 0.645532, 0.548902
2.34081, 0.68564, 0.793433, 0.639152, 0.545609
2.35538, 0.695342, 0.801394, 0.63159, 0.540578
2.36994, 0.704945, 0.809215, 0.623225, 0.534213
2.38451, 0.714422, 0.816895, 0.614346, 0.526844
2.39907, 0.723758, 0.824433, 0.60515, 0.518718
2.41363, 0.732943, 0.831829, 0.595771, 0.510012
2.4282, 0.741974, 0.839082, 0.586293, 0.500855
2.44276, 0.750849, 0.846191, 0.576773, 0.491338
2.45733, 0.759568, 0.853155, 0.567246, 0.48153
2.47189, 0.768132, 0.859971, 0.557735, 0.471482
2.48646, 0.776541, 0.866638, 0.548256, 0.461234
2.50102, 0.784797, 0.873154, 0.538817, 0.450815
2.51559, 0.792902, 0.879519, 0.529424, 0.44025
2.53015, 0.800858, 0.885729, 0.52008, 0.429558
2.54471, 0.808665, 0.891785, 0.510786, 0.418754
2.55928, 0.816327, 0.897685, 0.501543, 0.407852
2.57384, 0.823843, 0.903427, 0.49235, 0.396862
2.58841, 0.831216, 0.90901, 0.483206, 0.385794
2.60297, 0.838446, 0.914435, 0.474109, 0.374655
2.61754, 0.845536, 0.919698, 0.465059, 0.363451
2.6321, 0.852486, 0.9248, 0.456053, 0.352188
2.64667, 0.859298, 0.92974, 0.447091, 0.340872
2.66123, 0.865972, 0.934518, 0.438169, 0.329506
2.67579, 0.87251, 0.939131, 0.429288, 0.318095
2.69036, 0.878912, 0.94358, 0.420444, 0.306641
2.70492, 0.88518, 0.947863, 0.411637, 0.295149
2.71949, 0.891314, 0.951981, 0.402866, 0.283619
2.73405, 0.897314, 0.955933, 0.394128, 0.272056
2.74862, 0.903183, 0.959718, 0.385422, 0.260461
2.76318, 0.90892, 0.963336, 0.376747, 0.248836
2.77775, 0.914527, 0.966786, 0.368102, 0.237183
2.79231, 0.920003, 0.970068, 0.359485, 0.225504
2.80687, 0.92535, 0.973181, 0.350896, 0.213799
2.82144, 0.930568, 0.976126, 0.342334, 0.202071
2.836, 0.935657, 0.9789, 0.333796, 0.19032
2.85057, 0.940619, 0.981505, 0.325284, 0.178549
2.86513, 0.945453, 0.98394, 0.316794, 0.166757
2.8797, 0.950161, 0.986204, 0.308328, 0.154946
2.89426, 0.954741, 0.988298, 0.299883, 0.143116
2.90883, 0.959197, 0.99022, 0.291459, 0.131269
2.92339, 0.963526, 0.991971, 0.283056, 0.119406
2.93795, 0.967731, 0.993551, 0.274672, 0.107527
2.95252, 0.97181, 0.994958, 0.266307, 0.0956324
2.96708, 0.975766, 0.996193, 0.257961, 0.0837234
2.98165, 0.979597, 0.997256, 0.249632, 0.0718007
2.99621, 0.983305, 0.998146, 0.24132, 0.0598643
3.01078, 0.986889, 0.998864, 0.233025, 0.0479152
3.02534, 0.990351, 0.999408, 0.224746, 0.0359538
3.03991, 0.993689, 0.999779, 0.216482, 0.0239804
3.05447, 0.996906, 0.999976, 0.208234, 0.0119957
3.06903, 1, 1, 0.2, 6.70552e-08
