32.0744, 0
0, 0, 0, 0.5, 0
0.168494, 0.0700514, 0.000103978, 0.331511, 0.00132846
0.336988, 0.111718, 0.000431761, 0.163022, 0.00265693
0.505482, 0.124984, 0.000983468, -0.00546622, 0.00398539
0.673976, 0.109871, 0.00175893, -0.173955, 0.00531385
0.842471, 0.0663637, 0.00275827, -0.342444, 0.00664232
1.01096, -0.00552845, 0.00398141, -0.510933, 0.00797078
1.17946, -0.105813, 0.00542842, -0.679422, 0.00929924
1.34795, -0.234485, 0.00709925, -0.847911, 0.0106277
1.51645, -0.391547, 0.00921948, -1.0164, 0.0119235
1.68494, -0.576998, 0.0113325, -1.18489, 0.0132519
1.85344, -0.790842, 0.0136693, -1.35338, 0.0145804
2.02193, -1.03307, 0.01623, -1.52187, 0.0159089
2.19042, -1.30369, 0.018811, -1.69035, 0.01727
2.35892, -1.6027, 0.0218249, -1.85884, 0.0185985
2.52741, -1.9301, 0.0250626, -2.02733, 0.019927
2.69591, -2.28589, 0.0285242, -2.19582, 0.0212554
2.8644, -2.67009, 0.0298749, -2.36431, 0.0230045
3.03289, -3.08264, 0.0362947, -2.5328, 0.0238796
3.20139, -3.52359, 0.0404223, -2.70129, 0.0252081
3.36988, -3.99294, 0.0447737, -2.86978, 0.0265366
3.53838, -4.49067, 0.0493489, -3.03827, 0.027865
3.70687, -5.0168, 0.054148, -3.20676, 0.0291935
3.87536, -5.57131, 0.0591709, -3.37524, 0.030522
4.04386, -6.15422, 0.0644176, -3.54373, 0.0318504
4.21235, -6.76551, 0.0697508, -3.71222, 0.0332116
4.38085, -7.40519, 0.0755826, -3.88071, 0.0345074
4.54934, -8.07326, 0.0813745, -4.0492, 0.0358685
4.71784, -8.76972, 0.087643, -4.21769, 0.0371643
4.88633, -9.49457, 0.0940764, -4.38618, 0.0384736
5.05482, -10.2478, 0.100489, -4.55467, 0.0398539
5.22332, -11.0294, 0.107473, -4.72315, 0.0411305
5.39181, -11.8395, 0.114508, -4.89164, 0.042459
5.56031, -12.6779, 0.121711, -5.06013, 0.0438066
5.7288, -13.5447, 0.129248, -5.22862, 0.0451159
5.89729, -14.4398, 0.136987, -5.39711, 0.0464308
6.06579, -15.3634, 0.144915, -5.5656, 0.0477593
6.23428, -16.3154, 0.153089, -5.73409, 0.0490772
6.40278, -17.2958, 0.161441, -5.90258, 0.0504162
6.57127, -18.3045, 0.169979, -6.07106, 0.0517774
6.73976, -19.3416, 0.178862, -6.23955, 0.0530731
6.90826, -20.4072, 0.187909, -6.40804, 0.0544016
7.07675, -21.5011, 0.197237, -6.57653, 0.0556868
7.24525, -22.6234, 0.206729, -6.74502, 0.0570108
7.41374, -23.7741, 0.21641, -6.91351, 0.0583679
7.58224, -24.9531, 0.226373, -7.08199, 0.0596677
7.75073, -26.1606, 0.236528, -7.25048, 0.0610007
7.91922, -27.3965, 0.246924, -7.41897, 0.0623014
8.08772, -28.6607, 0.257538, -7.58744, 0.0635886
8.25621, -29.9534, 0.268342, -7.75595, 0.0650102
8.42471, -31.2743, 0.279396, -7.9056, 0.0657866
8.5932, -32.5922, 0.290353, -7.73745, 0.0643223
8.76169, -33.8817, 0.301076, -7.56896, 0.0629624
8.93019, -35.1429, 0.311571, -7.40047, 0.0616152
9.09868, -36.3756, 0.32184, -7.23199, 0.0602734
9.26718, -37.58, 0.331883, -7.0635, 0.0589346
9.43567, -38.7559, 0.3417, -6.89501, 0.0575976
9.60417, -39.9035, 0.351292, -6.72652, 0.0562619
9.77266, -41.0227, 0.36066, -6.55804, 0.0549272
9.94115, -42.1135, 0.369802, -6.38955, 0.0535932
10.1096, -43.1759, 0.37872, -6.22106, 0.0522599
10.2781, -44.2099, 0.387413, -6.05257, 0.0509269
10.4466, -45.2155, 0.395882, -5.88408, 0.0495943
10.6151, -46.1928, 0.404126, -5.71559, 0.0482621
10.7836, -47.1416, 0.412146, -5.5471, 0.0469302
10.9521, -48.0621, 0.419941, -5.37861, 0.0455985
11.1206, -48.9542, 0.427512, -5.21013, 0.044267
11.2891, -49.8178, 0.434858, -5.04164, 0.0429357
11.4576, -50.6531, 0.441981, -4.87315, 0.0416045
11.6261, -51.46, 0.448879, -4.70466, 0.0402735
11.7946, -52.2385, 0.455552, -4.53617, 0.0389426
11.9631, -52.9887, 0.462002, -4.36768, 0.0376119
12.1316, -53.7104, 0.468227, -4.19919, 0.0362812
12.3001, -54.4038, 0.474228, -4.0307, 0.0349507
12.4686, -55.0687, 0.480005, -3.86222, 0.0336202
12.6371, -55.7053, 0.485558, -3.69373, 0.0322898
12.8056, -56.3134, 0.490886, -3.52524, 0.0309595
12.974, -56.8932, 0.495991, -3.35675, 0.0296293
13.1425, -57.4446, 0.500871, -3.18826, 0.0282991
13.311, -57.9676, 0.505527, -3.01977, 0.026969
13.4795, -58.4623, 0.509959, -2.85129, 0.0256389
13.648, -58.9285, 0.514167, -2.68279, 0.0243089
13.8165, -59.3663, 0.518151, -2.51431, 0.022979
13.985, -59.7758, 0.521911, -2.34582, 0.0216491
14.1535, -60.1568, 0.525447, -2.17733, 0.0203192
14.322, -60.5095, 0.528758, -2.00884, 0.0189893
14.4905, -60.8338, 0.531846, -1.84035, 0.0176595
14.659, -61.1297, 0.534709, -1.67186, 0.0163298
14.8275, -61.3972, 0.537349, -1.50337, 0.0150001
14.996, -61.6363, 0.539764, -1.33489, 0.0136704
15.1645, -61.847, 0.541956, -1.16639, 0.0123407
15.333, -62.0294, 0.543923, -0.997906, 0.0110111
15.5015, -62.1833, 0.545666, -0.829417, 0.00968151
15.67, -62.3089, 0.547186, -0.660928, 0.00835194
15.8384, -62.406, 0.548481, -0.49244, 0.00702239
16.0069, -62.4748, 0.549552, -0.323951, 0.00569287
16.1754, -62.5152, 0.550399, -0.15546, 0.00436335
16.3439, -62.5272, 0.551022, 0.0130277, 0.00303389
16.5124, -62.5108, 0.551422, 0.181515, 0.00170445
16.6809, -62.466, 0.551597, 0.350006, 0.000374994
16.8349, -62.4003, 0.548594, 0.50393, 0.00117314
16.9888, -62.3109, 0.548642, 0.657861, 0.0023778
17.1427, -62.1978, 0.549331, 0.811793, 0.00351943
17.2967, -62.061, 0.54997, 0.965723, 0.00469257
17.4506, -61.9005, 0.550573, 1.11965, 0.00589723
17.6045, -61.7163, 0.55179, 1.27358, 0.00703886
17.7585, -61.5084, 0.55297, 1.42752, 0.00821201
17.9124, -61.2768, 0.55413, 1.58145, 0.00941666
18.0663, -61.0215, 0.555874, 1.73538, 0.0105583
18.2203, -60.7425, 0.557596, 1.88931, 0.0117314
18.3742, -60.4398, 0.5595, 2.04324, 0.0129046
18.5281, -60.1135, 0.561583, 2.19717, 0.0140777
18.6821, -59.7634, 0.563671, 2.3511, 0.0152824
18.836, -59.3896, 0.56612, 2.50503, 0.0164555
18.9899, -58.9922, 0.568918, 2.65896, 0.0175972
19.1439, -58.571, 0.571724, 2.81289, 0.0187703
19.2978, -58.1262, 0.574553, 2.96682, 0.019975
19.4518, -57.6576, 0.577725, 3.12075, 0.0211481
19.6057, -57.1654, 0.581078, 3.27468, 0.0223212
19.7596, -56.6494, 0.584612, 3.42862, 0.0234944
19.9136, -56.1098, 0.588464, 3.58255, 0.024636
20.0675, -55.5465, 0.59222, 3.73648, 0.0258407
20.2214, -54.9595, 0.596424, 3.89041, 0.0269823
20.3754, -54.3487, 0.600551, 4.04434, 0.028187
20.5293, -53.7143, 0.604987, 4.19827, 0.0293601
20.6832, -53.0562, 0.609537, 4.3522, 0.0305517
20.8372, -52.3744, 0.614337, 4.50613, 0.0317248
20.9911, -51.6689, 0.619318, 4.66006, 0.032898
21.145, -50.9397, 0.624538, 4.81399, 0.0340527
21.299, -50.1868, 0.629782, 4.96792, 0.0352573
21.4529, -49.4102, 0.635344, 5.12185, 0.0364174
21.6068, -48.61, 0.641048, 5.27578, 0.0375905
21.7608, -47.786, 0.646931, 5.42972, 0.0387637
21.9147, -46.9383, 0.652996, 5.58365, 0.0399368
22.0687, -46.0669, 0.659212, 5.73758, 0.041123
22.2226, -45.1719, 0.665618, 5.89151, 0.0423063
22.3765, -44.2531, 0.672198, 6.04544, 0.0434948
22.5305, -43.3107, 0.679018, 6.19937, 0.0446526
22.6844, -42.3445, 0.686005, 6.3533, 0.0458156
22.8383, -41.3547, 0.69314, 6.50723, 0.0469989
22.9923, -40.3411, 0.700462, 6.66116, 0.0481803
23.1462, -39.3039, 0.707985, 6.81509, 0.0493452
23.3001, -38.243, 0.715663, 6.96902, 0.0505336
23.4541, -37.1583, 0.723539, 7.12295, 0.0517068
23.608, -36.05, 0.73157, 7.27688, 0.0529174
23.7619, -34.918, 0.739827, 7.43081, 0.0540645
23.9159, -33.7623, 0.748241, 7.58474, 0.0552543
24.0698, -32.5829, 0.756837, 7.73866, 0.0564571
24.2237, -31.3798, 0.765622, 7.89257, 0.0576659
24.3777, -30.1586, 0.774574, 7.89646, 0.0580651
24.5316, -28.9549, 0.783427, 7.74258, 0.056943
24.6856, -27.7749, 0.792104, 7.58866, 0.0557933
24.8395, -26.6186, 0.800603, 7.43474, 0.0546357
24.9934, -25.4859, 0.808924, 7.28082, 0.053474
25.1474, -24.377, 0.817066, 7.12689, 0.05231
25.3013, -23.2918, 0.825029, 6.97295, 0.0511445
25.4552, -22.2302, 0.832812, 6.81902, 0.0499779
25.6092, -21.1924, 0.840416, 6.66509, 0.0488104
25.7631, -20.1782, 0.847839, 6.51116, 0.0476424
25.917, -19.1878, 0.855083, 6.35723, 0.0464737
26.071, -18.221, 0.862147, 6.2033, 0.0453048
26.2249, -17.278, 0.869031, 6.04937, 0.0441354
26.3788, -16.3586, 0.875735, 5.89544, 0.0429658
26.5328, -15.4629, 0.882259, 5.74151, 0.0417959
26.6867, -14.591, 0.888603, 5.58758, 0.0406258
26.8406, -13.7427, 0.894767, 5.43365, 0.0394555
26.9946, -12.9181, 0.90075, 5.27972, 0.038285
27.1485, -12.1172, 0.906554, 5.12579, 0.0371144
27.3025, -11.34, 0.912177, 4.97185, 0.0359436
27.4564, -10.5865, 0.91762, 4.81792, 0.0347728
27.6103, -9.85674, 0.922882, 4.66399, 0.0336018
27.7643, -9.15063, 0.927965, 4.51006, 0.0324307
27.9182, -8.46821, 0.932867, 4.35613, 0.0312596
28.0721, -7.8095, 0.937589, 4.2022, 0.0300883
28.2261, -7.17448, 0.94213, 4.04827, 0.028917
28.38, -6.56316, 0.946491, 3.89434, 0.0277456
28.5339, -5.97553, 0.950672, 3.74041, 0.0265741
28.6879, -5.41159, 0.954673, 3.58648, 0.0254026
28.8418, -4.87136, 0.958493, 3.43255, 0.0242311
28.9957, -4.35482, 0.962133, 3.27862, 0.0230594
29.1497, -3.86197, 0.965592, 3.12468, 0.0218877
29.3036, -3.39282, 0.968871, 2.97076, 0.020716
29.4575, -2.94736, 0.97197, 2.81683, 0.0195443
29.6115, -2.52559, 0.974888, 2.66289, 0.0183724
29.7654, -2.12754, 0.977626, 2.50896, 0.0172006
29.9194, -1.75317, 0.980184, 2.35503, 0.0160287
30.0733, -1.40249, 0.982561, 2.2011, 0.0148568
30.2272, -1.0755, 0.984758, 2.04717, 0.0136849
30.3812, -0.772224, 0.986774, 1.89324, 0.0125129
30.5351, -0.492634, 0.98861, 1.73931, 0.0113409
30.689, -0.236744, 0.990266, 1.58538, 0.0101688
30.843, -0.00453568, 0.991741, 1.43145, 0.00899679
30.9969, 0.203964, 0.993036, 1.27752, 0.0078247
31.1508, 0.388775, 0.99415, 1.12359, 0.0066526
31.3048, 0.549877, 0.995084, 0.969655, 0.00548046
31.4587, 0.687298, 0.995837, 0.815725, 0.00430831
31.6126, 0.801014, 0.99641, 0.661793, 0.00313613
31.7666, 0.891045, 0.996803, 0.507863, 0.00196393
31.9205, 0.957363, 0.997015, 0.353929, 0.000791694
32.0744, 1, 0.997046, 0.200001, -0.000380518
