3.06077, 0
0, 0, 0, 0.5, 0
0.0152085, 0.00710568, 0.00429821, 0.486291, 0.0030761
0.0304171, 0.0139907, 0.00861831, 0.472624, 0.00618475
0.0456256, 0.0206554, 0.0129601, 0.458999, 0.00932722
0.0608341, 0.0271003, 0.0173235, 0.445419, 0.0125046
0.0760427, 0.0333258, 0.0217083, 0.431885, 0.015718
0.0912512, 0.0393322, 0.0261143, 0.418399, 0.018969
0.10646, 0.0451202, 0.030541, 0.404965, 0.0222592
0.121668, 0.0506902, 0.0349884, 0.391583, 0.0255898
0.136877, 0.0560429, 0.0394561, 0.378257, 0.0289625
0.152085, 0.0611787, 0.0439438, 0.364988, 0.032379
0.167294, 0.0660983, 0.0484511, 0.35178, 0.035841
0.182502, 0.0708022, 0.052978, 0.338636, 0.0393502
0.197711, 0.0752914, 0.0575238, 0.325559, 0.0429085
0.212919, 0.0795664, 0.0620885, 0.312551, 0.046518
0.228128, 0.083628, 0.0666714, 0.299616, 0.0501807
0.243337, 0.0874772, 0.0712724, 0.286759, 0.0538987
0.258545, 0.0911147, 0.0758909, 0.273982, 0.0576743
0.273754, 0.0945416, 0.0805266, 0.26129, 0.0615099
0.288962, 0.0977588, 0.085179, 0.248688, 0.0654081
0.304171, 0.100768, 0.0898476, 0.236179, 0.0693715
0.319379, 0.103569, 0.0945321, 0.223769, 0.0734024
0.334588, 0.106164, 0.0992317, 0.211464, 0.0775042
0.349796, 0.108554, 0.103946, 0.199268, 0.0816796
0.365005, 0.110741, 0.108675, 0.187187, 0.0859317
0.380213, 0.112727, 0.113417, 0.175229, 0.0902638
0.395422, 0.114511, 0.118173, 0.163399, 0.0946792
0.41063, 0.116098, 0.122941, 0.151705, 0.0991816
0.425839, 0.117488, 0.12772, 0.140154, 0.103774
0.441048, 0.118683, 0.132511, 0.128755, 0.108462
0.456256, 0.119686, 0.137313, 0.117516, 0.113247
0.471465, 0.120499, 0.142124, 0.106447, 0.118134
0.486673, 0.121125, 0.146945, 0.0955558, 0.123128
0.501882, 0.121565, 0.151773, 0.0848547, 0.128233
0.51709, 0.121824, 0.15661, 0.074354, 0.133452
0.532299, 0.121904, 0.161454, 0.0640653, 0.138791
0.547507, 0.121809, 0.166304, 0.0540009, 0.144254
0.562716, 0.121542, 0.171159, 0.044174, 0.149846
0.577924, 0.121107, 0.17602, 0.0345981, 0.155571
0.593133, 0.120509, 0.180885, 0.025288, 0.161433
0.608341, 0.119751, 0.185754, 0.0162589, 0.167438
0.62355, 0.118839, 0.190626, 0.00752658, 0.173588
0.638758, 0.117778, 0.195501, -0.000892341, 0.17989
0.653967, 0.116574, 0.200378, -0.00898027, 0.186345
0.669176, 0.115232, 0.205258, -0.0167196, 0.192959
0.684384, 0.113759, 0.210139, -0.0240915, 0.199733
0.699593, 0.112162, 0.215023, -0.031077, 0.206672
0.714801, 0.110448, 0.21991, -0.037657, 0.213775
0.73001, 0.108624, 0.224799, -0.0438117, 0.221046
0.745218, 0.106699, 0.229692, -0.0495213, 0.228484
0.760427, 0.104681, 0.23459, -0.0547667, 0.236089
0.775635, 0.10258, 0.239494, -0.0595285, 0.243859
0.790844, 0.100404, 0.244406, -0.0637882, 0.251792
0.806052, 0.0981633, 0.249327, -0.0675278, 0.259884
0.821261, 0.0958687, 0.254261, -0.070731, 0.268129
0.836469, 0.0935304, 0.25921, -0.0733826, 0.276522
0.851678, 0.0911591, 0.264177, -0.0754687, 0.285055
0.866886, 0.088766, 0.269166, -0.0769778, 0.293718
0.882095, 0.0863622, 0.27418, -0.0779004, 0.302502
0.897304, 0.0839591, 0.279224, -0.0782292, 0.311394
0.912512, 0.0815681, 0.284303, -0.0779599, 0.320381
0.927721, 0.0792004, 0.289421, -0.0770902, 0.329451
0.942929, 0.0768673, 0.294584, -0.0756212, 0.338589
0.958138, 0.0745799, 0.299797, -0.0735561, 0.347779
0.973346, 0.0723489, 0.305064, -0.0709013, 0.357007
0.988555, 0.070185, 0.310391, -0.0676649, 0.366257
1.00376, 0.0680982, 0.315784, -0.0638585, 0.375513
1.01897, 0.0660983, 0.321248, -0.0594952, 0.38476
1.03418, 0.0641947, 0.326787, -0.0545892, 0.393984
1.04939, 0.0623963, 0.332407, -0.0491582, 0.40317
1.0646, 0.0607115, 0.338111, -0.0432195, 0.412305
1.07981, 0.0591482, 0.343904, -0.0367922, 0.421377
1.09501, 0.0577139, 0.349789, -0.0298964, 0.430373
1.11022, 0.0564157, 0.355771, -0.0225523, 0.439284
1.12543, 0.0552599, 0.361851, -0.0147799, 0.448099
1.14064, 0.0542527, 0.368034, -0.0066008, 0.456811
1.15585, 0.0533999, 0.37432, 0.00196505, 0.465412
1.17106, 0.0527065, 0.380711, 0.0108981, 0.473896
1.18627, 0.0521776, 0.38721, 0.0201778, 0.482256
1.20147, 0.0518175, 0.393818, 0.0297855, 0.49049
1.21668, 0.0516306, 0.400535, 0.0397026, 0.498592
1.23189, 0.0516204, 0.407362, 0.0499115, 0.506561
1.2471, 0.0517908, 0.414299, 0.0603953, 0.514393
1.26231, 0.0521448, 0.421346, 0.0711378, 0.522088
1.27752, 0.0526857, 0.428504, 0.0821234, 0.529645
1.29273, 0.0534161, 0.435771, 0.093338, 0.537064
1.30793, 0.0543387, 0.443147, 0.104768, 0.544343
1.32314, 0.0554559, 0.450632, 0.116399, 0.551485
1.33835, 0.0567698, 0.458224, 0.128221, 0.558489
1.35356, 0.0582827, 0.465923, 0.140221, 0.565357
1.36877, 0.0599964, 0.473728, 0.152388, 0.572091
1.38398, 0.0619125, 0.481636, 0.164713, 0.578692
1.39919, 0.064033, 0.489648, 0.177187, 0.585161
1.41439, 0.0663592, 0.497761, 0.189799, 0.591502
1.4296, 0.0688924, 0.505975, 0.202542, 0.597715
1.44481, 0.0716344, 0.514288, 0.215409, 0.603803
1.46002, 0.0745858, 0.522698, 0.228391, 0.609769
1.47523, 0.0777484, 0.531204, 0.241483, 0.615614
1.49044, 0.0811228, 0.539804, 0.254678, 0.621341
1.50565, 0.0847104, 0.548497, 0.267969, 0.626953
1.5212, 0.0925334, 0.55743, 0.275788, 0.638894
1.53675, 0.100457, 0.56657, 0.28363, 0.650767
1.5523, 0.108479, 0.575918, 0.291495, 0.662569
1.56785, 0.1166, 0.585473, 0.299384, 0.674296
1.5834, 0.124819, 0.595234, 0.307297, 0.685944
1.59895, 0.133137, 0.605201, 0.315237, 0.697509
1.6145, 0.141551, 0.615374, 0.323204, 0.708987
1.63005, 0.150062, 0.625751, 0.331199, 0.720373
1.64561, 0.158668, 0.636332, 0.339222, 0.731661
1.66116, 0.16737, 0.647116, 0.347276, 0.742846
1.67671, 0.176166, 0.658102, 0.355361, 0.753923
1.69226, 0.185055, 0.66929, 0.363479, 0.764885
1.70781, 0.194037, 0.680679, 0.37163, 0.775726
1.72336, 0.203111, 0.692267, 0.379816, 0.786438
1.73891, 0.212275, 0.704054, 0.388038, 0.797014
1.75446, 0.221529, 0.716038, 0.396298, 0.807446
1.77002, 0.230872, 0.728218, 0.404597, 0.817724
1.78557, 0.240302, 0.740593, 0.412935, 0.82784
1.80112, 0.249818, 0.753161, 0.421315, 0.837783
1.81667, 0.259419, 0.76592, 0.429737, 0.847542
1.83222, 0.269103, 0.778868, 0.438204, 0.857106
1.84777, 0.278868, 0.792005, 0.446715, 0.866462
1.86332, 0.288714, 0.805326, 0.455272, 0.875597
1.87887, 0.298638, 0.81883, 0.463877, 0.884497
1.89443, 0.308638, 0.832514, 0.472529, 0.893146
1.90998, 0.318713, 0.846376, 0.48123, 0.901527
1.92553, 0.328861, 0.860411, 0.48998, 0.909625
1.94108, 0.339078, 0.874617, 0.498779, 0.917419
1.95663, 0.349364, 0.888989, 0.507627, 0.924891
1.97218, 0.359715, 0.903524, 0.516524, 0.932019
1.98773, 0.370129, 0.918216, 0.525468, 0.938782
2.00328, 0.380603, 0.93306, 0.534457, 0.945156
2.01884, 0.391136, 0.948051, 0.54349, 0.951117
2.03439, 0.401724, 0.963183, 0.552563, 0.95664
2.04994, 0.412363, 0.978448, 0.561672, 0.961698
2.06549, 0.423053, 0.993839, 0.570812, 0.966266
2.08104, 0.43379, 1.00935, 0.579976, 0.970317
2.09659, 0.44457, 1.02497, 0.589159, 0.973822
2.11214, 0.455393, 1.04068, 0.59835, 0.976755
2.1277, 0.466255, 1.05649, 0.607539, 0.979091
2.14325, 0.477153, 1.07237, 0.616716, 0.980803
2.1588, 0.488087, 1.08833, 0.625866, 0.981868
2.17435, 0.499054, 1.10433, 0.634976, 0.982266
2.1899, 0.510054, 1.12037, 0.64403, 0.981977
2.20545, 0.521085, 1.13645, 0.653009, 0.980987
2.221, 0.532146, 1.15253, 0.661897, 0.979284
2.23655, 0.543238, 1.16861, 0.670674, 0.976861
2.2521, 0.554361, 1.18467, 0.67932, 0.973715
2.26766, 0.565516, 1.2007, 0.687817, 0.969849
2.28321, 0.576703, 1.21668, 0.696144, 0.965271
2.29876, 0.587924, 1.2326, 0.704283, 0.95999
2.31431, 0.599181, 1.24844, 0.712215, 0.954025
2.32986, 0.610475, 1.26419, 0.719926, 0.947395
2.34541, 0.621808, 1.27983, 0.727399, 0.940124
2.36096, 0.633181, 1.29536, 0.734621, 0.932239
2.37651, 0.644598, 1.31075, 0.741581, 0.923769
2.39207, 0.656058, 1.32599, 0.74827, 0.914746
2.40762, 0.667563, 1.34109, 0.75468, 0.905201
2.42317, 0.679115, 1.35602, 0.760806, 0.895167
2.43872, 0.690714, 1.37077, 0.766646, 0.884676
2.45427, 0.702361, 1.38535, 0.772196, 0.873761
2.46982, 0.714055, 1.39973, 0.777458, 0.862454
2.48537, 0.725797, 1.41392, 0.782432, 0.850784
2.50093, 0.737586, 1.4279, 0.787122, 0.83878
2.51648, 0.749422, 1.44168, 0.791532, 0.82647
2.53203, 0.761304, 1.45525, 0.795665, 0.813879
2.54758, 0.773229, 1.4686, 0.799528, 0.801031
2.56313, 0.785198, 1.48173, 0.803126, 0.78795
2.57868, 0.797208, 1.49463, 0.806466, 0.774655
2.59423, 0.809258, 1.50731, 0.809555, 0.761167
2.60978, 0.821345, 1.51976, 0.8124, 0.747502
2.62533, 0.833469, 1.53197, 0.815008, 0.733677
2.64089, 0.845626, 1.54395, 0.817386, 0.719708
2.65644, 0.857814, 1.5557, 0.819542, 0.705606
2.67199, 0.870032, 1.56721, 0.821483, 0.691386
2.68754, 0.882277, 1.57848, 0.823216, 0.677058
2.70309, 0.894548, 1.58952, 0.824748, 0.662634
2.71864, 0.90684, 1.60031, 0.826086, 0.648121
2.73419, 0.919154, 1.61086, 0.827236, 0.633529
2.74974, 0.931485, 1.62117, 0.828205, 0.618865
2.7653, 0.943832, 1.63124, 0.829, 0.604138
2.78085, 0.956193, 1.64106, 0.829626, 0.589352
2.7964, 0.968566, 1.65064, 0.830089, 0.574515
2.81195, 0.980948, 1.65998, 0.830395, 0.559631
2.8275, 0.993338, 1.66907, 0.830549, 0.544705
2.84305, 1.00573, 1.67792, 0.830557, 0.529742
2.8586, 1.01813, 1.68653, 0.830423, 0.514745
2.87416, 1.03053, 1.69489, 0.830152, 0.499719
2.88971, 1.04293, 1.70301, 0.82975, 0.484666
2.90526, 1.05532, 1.71088, 0.82922, 0.469591
2.92081, 1.06771, 1.71851, 0.828567, 0.454494
2.93636, 1.0801, 1.7259, 0.827794, 0.439379
2.95191, 1.09247, 1.73304, 0.826906, 0.424249
2.96746, 1.10484, 1.73993, 0.825907, 0.409105
2.98301, 1.1172, 1.74659, 0.824799, 0.393949
2.99856, 1.12954, 1.75299, 0.823587, 0.378784
3.01412, 1.14187, 1.75916, 0.822274, 0.363609
3.02967, 1.15418, 1.76508, 0.820863, 0.348427
3.04522, 1.16647, 1.77076, 0.819356, 0.33324
3.06077, 1.17874, 1.77619, 0.817758, 0.318049
