29.4482, 0
0, 0, 0, 0.5, 0
0.155179, 0.0655518, 0.000103128, 0.344827, 0.00144243
0.310358, 0.107017, 0.000430159, 0.189656, 0.00288486
0.465537, 0.124444, 0.00465509, 0.0344784, 0.00382336
0.620717, 0.117722, 0.0017556, -0.120689, 0.00576973
0.775896, 0.0869534, 0.00275409, -0.275862, 0.00721216
0.931075, 0.0321053, 0.00397642, -0.431035, 0.0086546
1.08625, -0.0468202, 0.00542256, -0.586207, 0.010097
1.24143, -0.149829, 0.00709257, -0.741379, 0.0115395
1.39661, -0.276916, 0.00898641, -0.896551, 0.0129819
1.55179, -0.42808, 0.0111041, -1.05172, 0.0144243
1.70697, -0.603326, 0.0134456, -1.2069, 0.0158668
1.86215, -0.802652, 0.0160109, -1.36207, 0.0173092
2.01733, -1.02606, 0.0188001, -1.51724, 0.0187516
2.17251, -1.27354, 0.0218131, -1.67241, 0.0201941
2.32769, -1.54511, 0.0250499, -1.82759, 0.0216365
2.48287, -1.84075, 0.0285106, -1.98276, 0.0230789
2.63805, -2.16047, 0.0321951, -2.13793, 0.0245214
2.79322, -2.50427, 0.0361035, -2.2931, 0.0259638
2.9484, -2.87215, 0.0402357, -2.44828, 0.0274062
3.10358, -3.26412, 0.0445917, -2.60345, 0.0288487
3.25876, -3.68016, 0.0491716, -2.75862, 0.0302911
3.41394, -4.12028, 0.0539753, -2.91379, 0.0317335
3.56912, -4.58448, 0.0590028, -3.06897, 0.033176
3.7243, -5.07276, 0.0642542, -3.22414, 0.0346184
3.87948, -5.58511, 0.0697294, -3.37931, 0.0360608
4.03466, -6.12154, 0.0773039, -3.53449, 0.0369993
4.18984, -6.68207, 0.0813513, -3.68966, 0.0389457
4.34502, -7.26667, 0.087498, -3.84483, 0.0403881
4.5002, -7.87535, 0.0938685, -4, 0.0418306
4.65537, -8.50809, 0.102026, -4.15518, 0.0427691
4.81055, -9.16494, 0.107281, -4.31035, 0.0447154
4.96573, -9.84586, 0.114323, -4.46552, 0.0461579
5.12091, -10.5509, 0.121589, -4.62069, 0.0476003
5.27609, -11.2799, 0.130329, -4.77587, 0.0485388
5.43127, -12.0331, 0.136792, -4.93104, 0.0504852
5.58645, -12.8103, 0.14473, -5.08621, 0.0519276
5.74163, -13.6116, 0.153985, -5.24138, 0.0528269
5.89681, -14.437, 0.161276, -5.39655, 0.0548124
6.05199, -15.2865, 0.170744, -5.55173, 0.0557509
6.20717, -16.16, 0.179559, -5.7069, 0.0571542
6.36235, -17.0577, 0.187774, -5.86207, 0.0591398
6.51752, -17.9794, 0.197776, -6.01725, 0.0599999
6.6727, -18.9252, 0.206559, -6.17242, 0.0620246
6.82788, -19.895, 0.216755, -6.32759, 0.0629631
6.98306, -20.889, 0.226239, -6.48276, 0.0649095
7.13824, -21.907, 0.236765, -6.63794, 0.0657859
7.29342, -22.9491, 0.246814, -6.79311, 0.0677944
7.4486, -24.0153, 0.257593, -6.94828, 0.0687329
7.60378, -25.1056, 0.268388, -7.10344, 0.0700058
7.75896, -26.2199, 0.279354, -7.25372, 0.0710691
7.91414, -27.3335, 0.290241, -7.09826, 0.0693886
8.06932, -28.4229, 0.300894, -6.94309, 0.0679074
8.22449, -29.4883, 0.311318, -6.78793, 0.0664424
8.37967, -30.5296, 0.321515, -6.63276, 0.0649837
8.53485, -31.5469, 0.331486, -6.47759, 0.0635288
8.69003, -32.54, 0.341232, -6.32241, 0.0620761
8.84521, -33.5091, 0.350752, -6.16724, 0.0606249
9.00039, -34.4541, 0.360047, -6.01207, 0.059175
9.15557, -35.375, 0.369118, -5.85689, 0.0577259
9.31075, -36.2718, 0.377963, -5.70172, 0.0562775
9.46593, -37.1445, 0.386584, -5.54655, 0.0548297
9.62111, -37.9932, 0.39498, -5.39138, 0.0533824
9.77629, -38.8178, 0.403151, -5.23621, 0.0519354
9.93147, -39.6183, 0.411099, -5.08103, 0.0504888
10.0866, -40.3947, 0.418821, -4.92586, 0.0490425
10.2418, -41.1471, 0.426319, -4.77069, 0.0475964
10.397, -41.8754, 0.433593, -4.61552, 0.0461505
10.5522, -42.5796, 0.440643, -4.46034, 0.0447049
10.7074, -43.2597, 0.447468, -4.30517, 0.0432594
10.8625, -43.9157, 0.454068, -4.15, 0.0418141
11.0177, -44.5477, 0.460445, -3.99483, 0.0403689
11.1729, -45.1555, 0.466597, -3.83965, 0.0389238
11.3281, -45.7393, 0.472525, -3.68448, 0.0374789
11.4833, -46.299, 0.478229, -3.52931, 0.036034
11.6384, -46.8347, 0.483709, -3.37414, 0.0345893
11.7936, -47.3462, 0.488964, -3.21896, 0.0331446
11.9488, -47.8337, 0.493995, -3.06379, 0.0317001
12.104, -48.2971, 0.498803, -2.90862, 0.0302556
12.2592, -48.7364, 0.503386, -2.75345, 0.0288112
12.4143, -49.1517, 0.507744, -2.59827, 0.0273668
12.5695, -49.5428, 0.511879, -2.4431, 0.0259225
12.7247, -49.9099, 0.51579, -2.28793, 0.0244783
12.8799, -50.2529, 0.519476, -2.13276, 0.0230341
13.035, -50.5718, 0.522938, -1.97758, 0.02159
13.1902, -50.8667, 0.526177, -1.82241, 0.020146
13.3454, -51.1374, 0.529191, -1.66724, 0.0187019
13.5006, -51.3841, 0.531981, -1.51207, 0.0172579
13.6558, -51.6067, 0.534547, -1.35689, 0.015814
13.8109, -51.8052, 0.536889, -1.20172, 0.0143701
13.9661, -51.9797, 0.539007, -1.04655, 0.0129262
14.1213, -52.13, 0.540901, -0.891377, 0.0114824
14.2765, -52.2563, 0.542571, -0.736205, 0.0100386
14.4317, -52.3585, 0.544016, -0.581032, 0.00859484
14.5868, -52.4366, 0.545238, -0.425862, 0.00715113
14.742, -52.4907, 0.546236, -0.270689, 0.00570742
14.8972, -52.5206, 0.547009, -0.115515, 0.00426374
15.0524, -52.5265, 0.547559, 0.0396576, 0.00282008
15.2076, -52.5083, 0.547885, 0.194829, 0.00137646
15.3627, -52.4661, 0.547986, 0.350002, -6.71353e-05
15.5036, -52.4069, 0.548595, 0.490849, 0.00128207
15.6444, -52.3278, 0.548874, 0.631698, 0.00256413
15.7853, -52.2289, 0.549333, 0.772548, 0.0038462
15.9262, -52.1102, 0.549973, 0.913396, 0.00512825
16.067, -51.9716, 0.550793, 1.05425, 0.00641032
16.2079, -51.8132, 0.551794, 1.19509, 0.00769238
16.3487, -51.6349, 0.552976, 1.33594, 0.00897445
16.4896, -51.4368, 0.554338, 1.47679, 0.0102565
16.6304, -51.2189, 0.555881, 1.61764, 0.0115386
16.7713, -50.9811, 0.557604, 1.75849, 0.0128206
16.9121, -50.7235, 0.559508, 1.89934, 0.0141027
17.053, -50.4461, 0.561592, 2.04019, 0.0153848
17.1938, -50.1488, 0.563858, 2.18104, 0.0166668
17.3347, -49.8316, 0.566303, 2.32189, 0.0179489
17.4756, -49.4947, 0.568929, 2.46274, 0.019231
17.6164, -49.1379, 0.571736, 2.60358, 0.020513
17.7573, -48.7612, 0.574724, 2.74443, 0.0217951
17.8981, -48.3647, 0.577892, 2.88528, 0.0230771
18.039, -47.9484, 0.58124, 3.02613, 0.0243592
18.1798, -47.5122, 0.58477, 3.16698, 0.0256413
18.3207, -47.0562, 0.588479, 3.30783, 0.0269233
18.4615, -46.5804, 0.59237, 3.44868, 0.0282054
18.6024, -46.0847, 0.596441, 3.58953, 0.0294875
18.7433, -45.5692, 0.600692, 3.73038, 0.0307695
18.8841, -45.0338, 0.605124, 3.87123, 0.0320516
19.025, -44.4786, 0.609737, 4.01207, 0.0333336
19.1658, -43.9036, 0.612851, 4.15292, 0.0351463
19.3067, -43.3087, 0.619504, 4.29377, 0.0358978
19.4475, -42.694, 0.624658, 4.43462, 0.0371798
19.5884, -42.0594, 0.629994, 4.57547, 0.0384619
19.7292, -41.405, 0.635509, 4.71632, 0.039744
19.8701, -40.7308, 0.641205, 4.85717, 0.041026
20.0109, -40.0367, 0.647082, 4.99802, 0.0423081
20.1518, -39.3228, 0.651984, 5.13886, 0.0441207
20.2927, -38.589, 0.659377, 5.27972, 0.0448722
20.4335, -37.8355, 0.665796, 5.42057, 0.0461543
20.5744, -37.062, 0.672395, 5.56142, 0.0474364
20.7152, -36.2688, 0.679175, 5.70226, 0.0487184
20.8561, -35.4556, 0.686135, 5.84311, 0.0500005
20.9969, -34.6227, 0.693276, 5.98396, 0.0512825
21.1378, -33.7699, 0.700597, 6.12481, 0.0525646
21.2786, -32.8973, 0.707478, 6.26565, 0.0544379
21.4195, -32.0048, 0.715782, 6.40651, 0.0551287
21.5604, -31.0925, 0.723645, 6.54736, 0.0564108
21.7012, -30.1603, 0.731307, 6.6882, 0.0582999
21.8421, -29.2084, 0.739914, 6.82906, 0.0589749
21.9829, -28.2365, 0.74809, 6.96989, 0.0609146
22.1238, -27.2449, 0.756904, 7.11076, 0.0615391
22.2646, -26.2334, 0.76567, 7.25161, 0.0628212
22.4055, -25.2076, 0.774649, 7.24244, 0.0639519
22.5463, -24.1974, 0.783571, 7.10161, 0.0627284
22.6872, -23.2071, 0.792318, 6.96075, 0.0614739
22.828, -22.2365, 0.800888, 6.8199, 0.0602103
22.9689, -21.2858, 0.80928, 6.67905, 0.058942
23.1098, -20.355, 0.817493, 6.5382, 0.0576709
23.2506, -19.4439, 0.825526, 6.39736, 0.0563981
23.3915, -18.5528, 0.833381, 6.25651, 0.0551239
23.5323, -17.6814, 0.841055, 6.11566, 0.0538487
23.6732, -16.8299, 0.84855, 5.97481, 0.0525727
23.814, -15.9983, 0.855866, 5.83396, 0.0512962
23.9549, -15.1864, 0.863001, 5.69311, 0.0500191
24.0957, -14.3945, 0.869956, 5.55226, 0.0487417
24.2366, -13.6223, 0.876732, 5.41141, 0.0474638
24.3774, -12.87, 0.883327, 5.27056, 0.0461857
24.5183, -12.1376, 0.889743, 5.12971, 0.0449073
24.6592, -11.4249, 0.895978, 4.98887, 0.0436287
24.8, -10.7321, 0.902034, 4.84802, 0.0423499
24.9409, -10.0592, 0.907909, 4.70717, 0.0410709
25.0817, -9.40609, 0.913603, 4.56632, 0.0397917
25.2226, -8.77281, 0.919118, 4.42547, 0.0385124
25.3634, -8.15939, 0.924453, 4.28462, 0.037233
25.5043, -7.56579, 0.929607, 4.14377, 0.0359534
25.6451, -6.99204, 0.934581, 4.00292, 0.0346738
25.786, -6.43813, 0.939375, 3.86207, 0.033394
25.9269, -5.90406, 0.943989, 3.72122, 0.0321141
26.0677, -5.38983, 0.948422, 3.58037, 0.0308342
26.2086, -4.89543, 0.952675, 3.43953, 0.0295542
26.3494, -4.42088, 0.956748, 3.29868, 0.0282741
26.4903, -3.96617, 0.96064, 3.15783, 0.0269939
26.6311, -3.53129, 0.964352, 3.01698, 0.0257137
26.772, -3.11625, 0.967884, 2.87613, 0.0244334
26.9128, -2.72105, 0.971235, 2.73528, 0.0231531
27.0537, -2.3457, 0.974406, 2.59443, 0.0218727
27.1945, -1.99018, 0.977397, 2.45358, 0.0205922
27.3354, -1.65449, 0.980207, 2.31273, 0.0193118
27.4763, -1.33866, 0.982837, 2.17188, 0.0180312
27.6171, -1.04266, 0.985287, 2.03103, 0.0167506
27.758, -0.766499, 0.987556, 1.89019, 0.01547
27.8988, -0.510166, 0.989645, 1.74934, 0.0141894
28.0397, -0.273697, 0.991553, 1.60849, 0.0129087
28.1805, -0.0570488, 0.993281, 1.46764, 0.011628
28.3214, 0.139759, 0.994829, 1.32679, 0.0103472
28.4622, 0.316723, 0.996196, 1.18594, 0.00906645
28.6031, 0.473843, 0.997383, 1.04509, 0.00778562
28.7439, 0.611134, 0.99839, 0.904242, 0.0065048
28.8848, 0.72858, 0.999216, 0.763393, 0.00522393
29.0257, 0.826191, 0.999861, 0.622545, 0.00394305
29.1665, 0.903961, 1.00033, 0.481696, 0.00266214
29.3074, 0.961891, 1.00061, 0.340846, 0.0013812
29.4482, 0.999977, 1.00072, 0.199997, 0.000100234
