37.8448, 0
0, 0, 0, 0.5, 0
0.197725, 0.0793033, -0.00277913, 0.30228, 0.00143054
0.395449, 0.119537, 0.000654076, 0.104557, 0.00224098
0.593174, 0.120663, 0.000987431, -0.0931643, 0.00339628
0.790898, 0.0826804, -0.000943122, -0.290884, 0.00482682
0.988623, 0.00563106, 0.00276494, -0.488607, 0.00566046
1.18635, -0.110524, 0.00419073, -0.686328, 0.00676935
1.38407, -0.265779, 0.00543783, -0.884049, 0.00792464
1.5818, -0.460121, 0.00711001, -1.08177, 0.00905673
1.77952, -0.693564, 0.00900606, -1.27949, 0.0101888
1.97725, -0.966095, 0.0111259, -1.47721, 0.0113209
2.17497, -1.27773, 0.0134697, -1.67493, 0.012453
2.37269, -1.62845, 0.0160372, -1.87266, 0.0135851
2.57042, -2.01827, 0.0189978, -2.07038, 0.014694
2.76814, -2.44718, 0.0218439, -2.2681, 0.0158493
2.96587, -2.91518, 0.025083, -2.46582, 0.0169814
3.16359, -3.42228, 0.0285459, -2.66354, 0.0181135
3.36132, -3.96848, 0.0324718, -2.86126, 0.0192088
3.55904, -4.55377, 0.0361433, -3.05898, 0.0203777
3.75677, -5.17815, 0.0402778, -3.2567, 0.0215097
3.95449, -5.84163, 0.0448534, -3.45443, 0.0226051
4.15222, -6.5442, 0.0493507, -3.65215, 0.0237507
4.34994, -7.28587, 0.0540243, -3.84987, 0.024906
4.54767, -8.06663, 0.0591774, -4.04759, 0.0260149
4.74539, -8.88648, 0.0644265, -4.24531, 0.027147
4.94311, -9.74543, 0.0698994, -4.44303, 0.0282791
5.14084, -10.6435, 0.0754867, -4.64075, 0.0294344
5.33856, -11.5806, 0.0814119, -4.83847, 0.0305665
5.53629, -12.5569, 0.0876613, -5.0362, 0.0316754
5.73401, -13.5722, 0.0940856, -5.23392, 0.0327939
5.93174, -14.6266, 0.100675, -5.43164, 0.033926
6.12946, -15.7201, 0.107488, -5.62936, 0.0350581
6.32719, -16.8527, 0.114526, -5.82708, 0.0361902
6.52491, -18.0244, 0.121819, -6.0248, 0.0373126
6.72264, -19.2352, 0.129302, -6.22252, 0.0384447
6.92036, -20.4851, 0.137048, -6.42024, 0.0395632
7.11808, -21.7741, 0.144939, -6.61797, 0.0407089
7.31581, -23.1022, 0.153128, -6.81569, 0.0418274
7.51353, -24.4694, 0.161472, -7.01341, 0.0429731
7.71126, -25.8756, 0.169974, -7.21113, 0.0441516
7.90898, -27.321, 0.178926, -7.40885, 0.0452237
8.10671, -28.8055, 0.187868, -7.60657, 0.0464158
8.30443, -30.329, 0.197266, -7.80429, 0.0474743
8.50216, -31.8917, 0.206721, -8.00202, 0.0486335
8.69988, -33.4934, 0.216451, -8.19973, 0.0497582
8.8976, -35.1342, 0.226365, -8.39746, 0.0509209
9.09533, -36.8142, 0.236292, -8.59518, 0.0523747
9.29305, -38.5332, 0.246975, -8.79289, 0.0531176
9.49078, -40.2913, 0.257569, -8.99062, 0.0542865
9.6885, -42.0885, 0.268419, -9.18832, 0.0553544
9.88623, -43.9243, 0.279461, -9.33823, 0.055954
10.084, -45.7511, 0.290403, -9.14061, 0.0547479
10.2817, -47.5389, 0.301114, -8.94289, 0.0535945
10.4794, -49.2876, 0.311598, -8.74517, 0.0524495
10.6771, -50.9972, 0.321855, -8.54745, 0.0513081
10.8749, -52.6677, 0.331888, -8.34973, 0.0501688
11.0726, -54.2991, 0.341695, -8.15202, 0.0490307
11.2703, -55.8914, 0.351277, -7.95428, 0.0478935
11.468, -57.4446, 0.360634, -7.75656, 0.046757
11.6657, -58.9587, 0.369767, -7.55884, 0.045621
11.8635, -60.4338, 0.378675, -7.36112, 0.0444855
12.0612, -61.8697, 0.387359, -7.1634, 0.0433502
12.2589, -63.2665, 0.395818, -6.96568, 0.0422152
12.4566, -64.6243, 0.404053, -6.76796, 0.0410805
12.6544, -65.9429, 0.412063, -6.57024, 0.039946
12.8521, -67.2224, 0.419849, -6.37252, 0.0388116
13.0498, -68.4629, 0.427411, -6.1748, 0.0376774
13.2475, -69.6643, 0.434749, -5.97708, 0.0365432
13.4453, -70.8265, 0.441862, -5.77936, 0.0354093
13.643, -71.9497, 0.448751, -5.58163, 0.0342754
13.8407, -73.0338, 0.455416, -5.38391, 0.0331416
14.0384, -74.0788, 0.461857, -5.18619, 0.0320079
14.2362, -75.0847, 0.468074, -4.98847, 0.0308742
14.4339, -76.0515, 0.474066, -4.79075, 0.0297406
14.6316, -76.9792, 0.479835, -4.59303, 0.0286071
14.8293, -77.8678, 0.485379, -4.39531, 0.0274737
15.0271, -78.7173, 0.490699, -4.19759, 0.0263403
15.2248, -79.5277, 0.495795, -3.99987, 0.0252069
15.4225, -80.299, 0.500667, -3.80215, 0.0240736
15.6202, -81.0313, 0.505315, -3.60442, 0.0229404
15.818, -81.7244, 0.509739, -3.4067, 0.0218071
16.0157, -82.3784, 0.513939, -3.20898, 0.020674
16.2134, -82.9934, 0.517914, -3.01126, 0.0195408
16.4111, -83.5692, 0.521666, -2.81354, 0.0184077
16.6089, -84.106, 0.525194, -2.61582, 0.0172746
16.8066, -84.6037, 0.528497, -2.4181, 0.0161416
17.0043, -85.0622, 0.531577, -2.22038, 0.0150085
17.202, -85.4817, 0.534433, -2.02265, 0.0138755
17.3998, -85.8621, 0.537064, -1.82493, 0.0127425
17.5975, -86.2034, 0.539471, -1.62721, 0.0116096
17.7952, -86.5056, 0.541655, -1.42949, 0.0104766
17.9929, -86.7687, 0.543614, -1.23176, 0.0093437
18.1907, -86.9927, 0.54535, -1.03405, 0.00821083
18.3884, -87.1776, 0.546861, -0.836326, 0.00707795
18.5861, -87.3234, 0.548149, -0.638603, 0.00594509
18.7838, -87.4301, 0.549212, -0.440882, 0.00481224
18.9816, -87.4978, 0.550052, -0.243163, 0.00367943
19.1793, -87.5263, 0.550667, -0.0454375, 0.0025466
19.377, -87.5157, 0.551059, 0.15228, 0.00141382
19.5747, -87.466, 0.551226, 0.350004, 0.000281028
19.7574, -87.3854, 0.548593, 0.532698, 0.000988473
19.9401, -87.2714, 0.54887, 0.715395, 0.00197695
20.1228, -87.124, 0.549327, 0.898093, 0.00296542
20.3055, -86.9433, 0.549965, 1.08079, 0.0039539
20.4882, -86.7291, 0.550783, 1.26349, 0.00494237
20.6709, -86.4816, 0.551782, 1.44619, 0.00593084
20.8536, -86.2007, 0.552962, 1.62888, 0.00691931
21.0363, -85.8864, 0.554322, 1.81158, 0.00790779
21.219, -85.5387, 0.555862, 1.99428, 0.00889626
21.4017, -85.1577, 0.557584, 2.17698, 0.00988473
21.5844, -84.7432, 0.559486, 2.35968, 0.0108732
21.7671, -84.2954, 0.561568, 2.54237, 0.0118617
21.9498, -83.8143, 0.563831, 2.72507, 0.0128502
22.1325, -83.2997, 0.566275, 2.90777, 0.0138386
22.3152, -82.7518, 0.5689, 3.09047, 0.0148271
22.4979, -82.1704, 0.571704, 3.27316, 0.0158156
22.6806, -81.5557, 0.57469, 3.45586, 0.0168041
22.8633, -80.9077, 0.577856, 3.63856, 0.0177925
23.046, -80.2262, 0.581203, 3.82126, 0.018781
23.2287, -79.5114, 0.58473, 4.00396, 0.0197695
23.4114, -78.7632, 0.588438, 4.18665, 0.0207579
23.5941, -77.9816, 0.592326, 4.36935, 0.0217464
23.7768, -77.1666, 0.596396, 4.55205, 0.0227349
23.9595, -76.3182, 0.600645, 4.73475, 0.0237234
24.1422, -75.4365, 0.605076, 4.91745, 0.0247118
24.3249, -74.5214, 0.609686, 5.10014, 0.0257003
24.5076, -73.5729, 0.614478, 5.28284, 0.0266888
24.6903, -72.5911, 0.61945, 5.46554, 0.0276773
24.873, -71.5758, 0.624603, 5.64824, 0.0286657
25.0557, -70.5272, 0.629936, 5.83093, 0.0296542
25.2384, -69.4452, 0.63545, 6.01363, 0.0306427
25.4211, -68.3298, 0.641144, 6.19633, 0.0316312
25.6038, -67.181, 0.647019, 6.37903, 0.0326196
25.7865, -65.9989, 0.653075, 6.56173, 0.0336081
25.9692, -64.7834, 0.659311, 6.74442, 0.0345966
26.1519, -63.5345, 0.665728, 6.92712, 0.0355851
26.3346, -62.2522, 0.672325, 7.10982, 0.0365735
26.5173, -60.9365, 0.679103, 7.29252, 0.037562
26.7001, -59.5875, 0.686062, 7.47522, 0.0385505
26.8828, -58.2051, 0.693201, 7.65792, 0.039539
27.0655, -56.7893, 0.700521, 7.84061, 0.0405274
27.2481, -55.3401, 0.708021, 8.02331, 0.0415159
27.4309, -53.8576, 0.715702, 8.20601, 0.0425044
27.6136, -52.3416, 0.723564, 8.38871, 0.0434929
27.7963, -50.7923, 0.731606, 8.57141, 0.0444814
27.979, -49.2096, 0.739829, 8.7541, 0.0454698
28.1617, -47.5936, 0.748232, 8.9368, 0.0464583
28.3444, -45.9441, 0.756816, 9.11952, 0.0474469
28.5271, -44.2613, 0.76558, 9.30223, 0.0484354
28.7098, -42.5507, 0.774542, 9.335, 0.0492971
28.8925, -40.8619, 0.783462, 9.15222, 0.0483468
29.0752, -39.2065, 0.792207, 8.96951, 0.047375
29.2579, -37.5845, 0.800773, 8.78681, 0.0463974
29.4406, -35.9958, 0.80916, 8.6041, 0.0454169
29.6233, -34.4405, 0.817368, 8.42141, 0.0444348
29.806, -32.9186, 0.825397, 8.23871, 0.0434517
29.9887, -31.4301, 0.833245, 8.05602, 0.0424677
30.1714, -29.9749, 0.840914, 7.87331, 0.0414832
30.3541, -28.5532, 0.848403, 7.69061, 0.0404982
30.5368, -27.1648, 0.855712, 7.50792, 0.0395129
30.7195, -25.8098, 0.862841, 7.32522, 0.0385273
30.9022, -24.4881, 0.86979, 7.14252, 0.0375415
31.0849, -23.1999, 0.876559, 6.95983, 0.0365554
31.2676, -21.945, 0.883148, 6.77713, 0.0355692
31.4503, -20.7235, 0.889556, 6.59443, 0.0345828
31.633, -19.5354, 0.895784, 6.41173, 0.0335963
31.8157, -18.3807, 0.901832, 6.22903, 0.0326096
31.9984, -17.2593, 0.9077, 6.04633, 0.0316229
32.1811, -16.1713, 0.913387, 5.86364, 0.0306361
32.3638, -15.1167, 0.918894, 5.68094, 0.0296492
32.5465, -14.0955, 0.924221, 5.49824, 0.0286622
32.7292, -13.1077, 0.929367, 5.31554, 0.0276752
32.9119, -12.1532, 0.934333, 5.13284, 0.0266881
33.0946, -11.2321, 0.939119, 4.95015, 0.0257009
33.2773, -10.3444, 0.943725, 4.76745, 0.0247137
33.46, -9.4901, 0.94815, 4.58475, 0.0237264
33.6427, -8.66915, 0.952394, 4.40205, 0.0227391
33.8254, -7.88158, 0.956459, 4.21936, 0.0217518
34.0081, -7.1274, 0.960342, 4.03666, 0.0207644
34.1908, -6.40659, 0.964046, 3.85396, 0.0197769
34.3735, -5.71915, 0.967569, 3.67126, 0.0187895
34.5562, -5.06512, 0.970912, 3.48856, 0.017802
34.7389, -4.44444, 0.974074, 3.30587, 0.0168145
34.9216, -3.85714, 0.977056, 3.12317, 0.0158269
35.1043, -3.30322, 0.979857, 2.94047, 0.0148393
35.287, -2.78269, 0.982478, 2.75777, 0.0138517
35.4697, -2.29553, 0.984918, 2.57508, 0.0128641
35.6524, -1.84175, 0.987178, 2.39238, 0.0118764
35.8351, -1.42136, 0.989258, 2.20968, 0.0108888
36.0178, -1.03432, 0.991157, 2.02698, 0.00990107
36.2005, -0.680687, 0.992876, 1.84429, 0.00891337
36.3832, -0.360443, 0.994414, 1.66158, 0.00792562
36.5659, -0.0735474, 0.995772, 1.47889, 0.00693791
36.7486, 0.179955, 0.996949, 1.29619, 0.00595013
36.9313, 0.400078, 0.997946, 1.11349, 0.00496235
37.114, 0.58683, 0.998762, 0.930797, 0.00397457
37.2967, 0.740204, 0.999398, 0.748098, 0.00298676
37.4794, 0.860184, 0.999854, 0.5654, 0.00199894
37.6621, 0.946793, 1.00013, 0.3827, 0.00101109
37.8448, 1.00002, 1.00022, 0.200003, 2.32503e-05
