2.25204, 0.0965719
0, 0, 0, 0.5, 0
0.011275, 0.00612266, 0.000255576, 0.496255, 0.0106155
0.02255, 0.0122029, 0.000630972, 0.49251, 0.0212307
0.0338251, 0.0182407, 0.00112618, 0.488766, 0.0318455
0.0451001, 0.0242359, 0.00174124, 0.485022, 0.0424601
0.0563751, 0.0301888, 0.00247603, 0.481279, 0.0530741
0.0676501, 0.0360991, 0.00333068, 0.477536, 0.0636879
0.0789251, 0.0419669, 0.00430512, 0.473794, 0.0743013
0.0902002, 0.0477924, 0.00539936, 0.470053, 0.0849142
0.101475, 0.0535753, 0.00661342, 0.466313, 0.0955267
0.11275, 0.0593157, 0.0079473, 0.462573, 0.106139
0.124025, 0.0650137, 0.00940094, 0.458834, 0.11675
0.1353, 0.0706692, 0.0109744, 0.455096, 0.127361
0.146575, 0.0762822, 0.0126677, 0.451358, 0.137972
0.15785, 0.0818528, 0.0144808, 0.447622, 0.148582
0.169125, 0.0873809, 0.0164137, 0.443886, 0.159191
0.1804, 0.0928664, 0.0184664, 0.440152, 0.1698
0.191675, 0.0983096, 0.0206388, 0.436418, 0.180409
0.20295, 0.10371, 0.0229311, 0.432685, 0.191016
0.214225, 0.109068, 0.0253432, 0.428954, 0.201623
0.2255, 0.114384, 0.0278751, 0.425223, 0.212229
0.236775, 0.119657, 0.0305267, 0.421494, 0.222835
0.24805, 0.124888, 0.0332981, 0.417766, 0.233439
0.259325, 0.130076, 0.0361894, 0.41404, 0.244043
0.2706, 0.135222, 0.0392004, 0.410315, 0.254646
0.281876, 0.140325, 0.0423312, 0.406591, 0.265248
0.293151, 0.145386, 0.0455817, 0.402869, 0.275848
0.304426, 0.150404, 0.0489521, 0.399149, 0.286448
0.315701, 0.15538, 0.0524422, 0.39543, 0.297047
0.326976, 0.160313, 0.0560521, 0.391714, 0.307644
0.338251, 0.165203, 0.0597818, 0.387999, 0.31824
0.349526, 0.170052, 0.0636312, 0.384287, 0.328835
0.360801, 0.174857, 0.0676004, 0.380576, 0.339429
0.372076, 0.17962, 0.0716894, 0.376869, 0.35002
0.383351, 0.184341, 0.075898, 0.373163, 0.360611
0.394626, 0.189019, 0.0802265, 0.369461, 0.371199
0.405901, 0.193655, 0.0846747, 0.365761, 0.381786
0.417176, 0.198248, 0.0892425, 0.362065, 0.39237
0.428451, 0.202798, 0.0939302, 0.358372, 0.402952
0.439726, 0.207306, 0.0987375, 0.354683, 0.413532
0.451001, 0.211771, 0.103665, 0.350998, 0.42411
0.462276, 0.216194, 0.108711, 0.347317, 0.434684
0.473551, 0.220574, 0.113878, 0.34364, 0.445256
0.484826, 0.224912, 0.119164, 0.339969, 0.455824
0.496101, 0.229207, 0.12457, 0.336303, 0.466389
0.507376, 0.233459, 0.130095, 0.332643, 0.47695
0.518651, 0.237669, 0.13574, 0.32899, 0.487507
0.529926, 0.241836, 0.141505, 0.325343, 0.498058
0.541201, 0.245961, 0.147389, 0.321705, 0.508605
0.552476, 0.250043, 0.153393, 0.318075, 0.519147
0.563751, 0.254082, 0.159516, 0.314454, 0.529682
0.575026, 0.258078, 0.165759, 0.310844, 0.54021
0.586301, 0.262032, 0.172121, 0.307246, 0.55073
0.597576, 0.265942, 0.178603, 0.30366, 0.561242
0.608851, 0.26981, 0.185204, 0.300089, 0.571744
0.620126, 0.273635, 0.191924, 0.296535, 0.582234
0.631401, 0.277417, 0.198764, 0.293, 0.592712
0.642676, 0.281156, 0.205722, 0.289485, 0.603176
0.653951, 0.284852, 0.2128, 0.285994, 0.613623
0.665226, 0.288505, 0.219997, 0.282532, 0.624052
0.676501, 0.292115, 0.227313, 0.279101, 0.634457
0.687776, 0.295681, 0.234747, 0.275708, 0.644837
0.699051, 0.299203, 0.242299, 0.272359, 0.655186
0.710326, 0.302682, 0.24997, 0.269062, 0.665497
0.721601, 0.306117, 0.257758, 0.265827, 0.675764
0.732876, 0.309507, 0.265664, 0.262668, 0.685976
0.744151, 0.312853, 0.273686, 0.2596, 0.696121
0.755426, 0.316153, 0.281825, 0.256646, 0.70618
0.766701, 0.319408, 0.290078, 0.253834, 0.716132
0.777976, 0.322616, 0.298444, 0.251203, 0.725944
0.789251, 0.325776, 0.306922, 0.248805, 0.73557
0.800526, 0.328887, 0.315509, 0.246714, 0.744946
0.811801, 0.331948, 0.324199, 0.24503, 0.753978
0.823076, 0.334956, 0.332987, 0.243894, 0.762527
0.834352, 0.337908, 0.341863, 0.243502, 0.770387
0.845627, 0.340806, 0.350812, 0.2441, 0.777265
0.856902, 0.343651, 0.359812, 0.245968, 0.782773
0.868177, 0.346454, 0.368838, 0.249324, 0.786485
0.879452, 0.349238, 0.377858, 0.254197, 0.788075
0.890727, 0.352035, 0.386846, 0.260347, 0.787478
0.902002, 0.354877, 0.395781, 0.267367, 0.784912
0.913277, 0.357788, 0.404651, 0.274852, 0.780744
0.924552, 0.360784, 0.413448, 0.282504, 0.775345
0.935827, 0.36387, 0.422165, 0.290141, 0.769021
0.947102, 0.367049, 0.430798, 0.297666, 0.762002
0.958377, 0.37032, 0.439342, 0.305032, 0.754452
0.969652, 0.373681, 0.447795, 0.312221, 0.746493
0.980927, 0.37713, 0.456154, 0.319234, 0.738211
0.992202, 0.380664, 0.464416, 0.326075, 0.729669
1.00348, 0.38428, 0.47258, 0.332755, 0.720916
1.01475, 0.387977, 0.480643, 0.339286, 0.711987
1.02603, 0.391752, 0.488604, 0.345677, 0.702911
1.0373, 0.395603, 0.496462, 0.351942, 0.69371
1.04858, 0.399528, 0.504216, 0.358089, 0.684402
1.05985, 0.403526, 0.511865, 0.364127, 0.675001
1.07113, 0.407594, 0.519407, 0.370066, 0.665519
1.0824, 0.411733, 0.526842, 0.375913, 0.655966
1.09368, 0.41594, 0.534169, 0.381675, 0.646349
1.10495, 0.420214, 0.541387, 0.387359, 0.636676
1.11623, 0.424554, 0.548497, 0.392969, 0.626953
1.12759, 0.431271, 0.556316, 0.398193, 0.632438
1.13894, 0.437994, 0.564219, 0.403454, 0.637755
1.1503, 0.444724, 0.572204, 0.408751, 0.642898
1.16166, 0.451459, 0.580268, 0.414084, 0.64786
1.17302, 0.458198, 0.58841, 0.419454, 0.652636
1.18438, 0.464942, 0.596627, 0.424861, 0.65722
1.19573, 0.471688, 0.604916, 0.430303, 0.661605
1.20709, 0.478437, 0.613276, 0.435781, 0.665786
1.21845, 0.485188, 0.621702, 0.441295, 0.669756
1.22981, 0.491939, 0.630194, 0.446844, 0.673508
1.24117, 0.498691, 0.638747, 0.452426, 0.677038
1.25252, 0.505443, 0.647359, 0.458041, 0.680337
1.26388, 0.512195, 0.656027, 0.463689, 0.683402
1.27524, 0.518945, 0.664747, 0.469367, 0.686224
1.2866, 0.525694, 0.673516, 0.475075, 0.688799
1.29796, 0.532441, 0.682331, 0.48081, 0.691121
1.30932, 0.539187, 0.691187, 0.486572, 0.693183
1.32067, 0.54593, 0.700081, 0.492358, 0.694982
1.33203, 0.552671, 0.70901, 0.498165, 0.696512
1.34339, 0.559411, 0.717968, 0.503993, 0.697768
1.35475, 0.566148, 0.726953, 0.509837, 0.698746
1.36611, 0.572883, 0.73596, 0.515696, 0.699443
1.37746, 0.579617, 0.744984, 0.521567, 0.699853
1.38882, 0.58635, 0.754022, 0.527446, 0.699976
1.40018, 0.593083, 0.763069, 0.53333, 0.699808
1.41154, 0.599816, 0.77212, 0.539217, 0.699347
1.4229, 0.60655, 0.781172, 0.545102, 0.698592
1.43426, 0.613285, 0.790219, 0.550982, 0.697541
1.44561, 0.620024, 0.799257, 0.556853, 0.696195
1.45697, 0.626766, 0.808282, 0.562712, 0.694554
1.46833, 0.633513, 0.817289, 0.568554, 0.692619
1.47969, 0.640266, 0.826273, 0.574376, 0.69039
1.49105, 0.647026, 0.83523, 0.580175, 0.687871
1.5024, 0.653795, 0.844156, 0.585945, 0.685064
1.51376, 0.660573, 0.853047, 0.591683, 0.681971
1.52512, 0.667363, 0.861897, 0.597386, 0.678597
1.53648, 0.674165, 0.870703, 0.60305, 0.674945
1.54784, 0.680982, 0.879461, 0.608671, 0.671021
1.5592, 0.687814, 0.888167, 0.614246, 0.666828
1.57055, 0.694663, 0.896817, 0.619771, 0.662372
1.58191, 0.701531, 0.905407, 0.625244, 0.65766
1.59327, 0.708418, 0.913933, 0.63066, 0.652696
1.60463, 0.715326, 0.922393, 0.636018, 0.647488
1.61599, 0.722256, 0.930782, 0.641314, 0.642041
1.62734, 0.72921, 0.939097, 0.646547, 0.636363
1.6387, 0.736189, 0.947336, 0.651713, 0.63046
1.65006, 0.743195, 0.955495, 0.65681, 0.624338
1.66142, 0.750227, 0.963571, 0.661838, 0.618005
1.67278, 0.757287, 0.971562, 0.666793, 0.611468
1.68414, 0.764377, 0.979465, 0.671674, 0.604733
1.69549, 0.771496, 0.987278, 0.676481, 0.597808
1.70685, 0.778647, 0.994998, 0.681211, 0.590699
1.71821, 0.785828, 1.00262, 0.685863, 0.583413
1.72957, 0.793043, 1.01015, 0.690438, 0.575957
1.74093, 0.80029, 1.01758, 0.694934, 0.568337
1.75228, 0.80757, 1.02491, 0.699351, 0.56056
1.76364, 0.814884, 1.03213, 0.703687, 0.552631
1.775, 0.822232, 1.03925, 0.707944, 0.544558
1.78636, 0.829615, 1.04627, 0.712121, 0.536346
1.79772, 0.837033, 1.05318, 0.716217, 0.528
1.80908, 0.844486, 1.05997, 0.720233, 0.519526
1.82043, 0.851973, 1.06666, 0.72417, 0.510931
1.83179, 0.859497, 1.07324, 0.728027, 0.502218
1.84315, 0.867055, 1.0797, 0.731805, 0.493393
1.85451, 0.874648, 1.08605, 0.735504, 0.484461
1.86587, 0.882277, 1.09229, 0.739125, 0.475426
1.87722, 0.889941, 1.09841, 0.742668, 0.466293
1.88858, 0.89764, 1.10441, 0.746134, 0.457067
1.89994, 0.905373, 1.1103, 0.749525, 0.447751
1.9113, 0.913141, 1.11607, 0.752839, 0.438349
1.92266, 0.920943, 1.12172, 0.756079, 0.428865
1.93402, 0.928779, 1.12725, 0.759246, 0.419303
1.94537, 0.936649, 1.13265, 0.762339, 0.409666
1.95673, 0.944552, 1.13794, 0.76536, 0.399957
1.96809, 0.952489, 1.14311, 0.76831, 0.390181
1.97945, 0.960457, 1.14815, 0.77119, 0.380339
1.99081, 0.968458, 1.15307, 0.774001, 0.370435
2.00216, 0.976491, 1.15787, 0.776743, 0.360471
2.01352, 0.984555, 1.16255, 0.779418, 0.350451
2.02488, 0.99265, 1.1671, 0.782026, 0.340375
2.03624, 1.00077, 1.17152, 0.784569, 0.330248
2.0476, 1.00893, 1.17582, 0.787048, 0.320072
2.05895, 1.01711, 1.18, 0.789463, 0.309848
2.07031, 1.02533, 1.18405, 0.791815, 0.299578
2.08167, 1.03357, 1.18798, 0.794106, 0.289265
2.09303, 1.04184, 1.19177, 0.796336, 0.278911
2.10439, 1.05014, 1.19545, 0.798507, 0.268517
2.11575, 1.05846, 1.19899, 0.800619, 0.258085
2.1271, 1.06681, 1.20241, 0.802673, 0.247617
2.13846, 1.07519, 1.2057, 0.80467, 0.237114
2.14982, 1.08359, 1.20887, 0.806611, 0.226578
2.16118, 1.09202, 1.2119, 0.808498, 0.21601
2.17254, 1.10047, 1.21481, 0.81033, 0.205412
2.18389, 1.10895, 1.2176, 0.812109, 0.194785
2.19525, 1.11745, 1.22025, 0.813835, 0.18413
2.20661, 1.12597, 1.22277, 0.815511, 0.173449
2.21797, 1.13451, 1.22517, 0.817135, 0.162742
2.22933, 1.14308, 1.22744, 0.818709, 0.152011
2.24069, 1.15166, 1.22958, 0.820235, 0.141256
2.25204, 1.16027, 1.23159, 0.821712, 0.130479
