26.7126, 0
0, 0, 0, 0.5, 0
0.141299, 0.0606703, 0.000434821, 0.35871, 0.00153608
0.282597, 0.101373, 0.000753994, 0.21742, 0.00312019
0.423896, 0.122109, 0.000977876, 0.076131, 0.00475232
0.565194, 0.122889, 0.00206382, -0.0651591, 0.00628841
0.706493, 0.103698, 0.00305451, -0.206449, 0.00787251
0.847791, 0.0645468, 0.00426899, -0.347738, 0.00945662
0.98909, 0.00542733, 0.00541533, -0.489028, 0.0110887
1.13039, -0.0736524, 0.0073695, -0.630318, 0.0126248
1.27169, -0.172699, 0.00925551, -0.771607, 0.0142089
1.41299, -0.291712, 0.0110937, -0.912896, 0.0158411
1.55428, -0.430681, 0.013699, -1.05419, 0.0173772
1.69558, -0.589619, 0.0162565, -1.19548, 0.0189613
1.83688, -0.768519, 0.0190378, -1.33677, 0.0205454
1.97818, -0.967387, 0.0217985, -1.47805, 0.0221775
2.11948, -1.18621, 0.025411, -1.61935, 0.0236855
2.26078, -1.42501, 0.0288599, -1.76063, 0.0252696
2.40207, -1.68377, 0.0321773, -1.90192, 0.0269298
2.54337, -1.96249, 0.0360846, -2.04321, 0.0285139
2.68467, -2.26117, 0.0405494, -2.1845, 0.0300219
2.82597, -2.57982, 0.0447744, -2.32579, 0.0316341
2.96727, -2.91843, 0.0494616, -2.46708, 0.0331901
3.10857, -3.27701, 0.0542535, -2.60837, 0.0347742
3.24987, -3.65555, 0.0589784, -2.74966, 0.0364345
3.39116, -4.05406, 0.0645086, -2.89095, 0.0379425
3.53246, -4.47253, 0.069972, -3.03224, 0.0395266
3.67376, -4.91096, 0.0756591, -3.17353, 0.0411107
3.81506, -5.36936, 0.0815701, -3.31482, 0.0426948
3.95636, -5.84772, 0.087705, -3.45611, 0.0442789
4.09766, -6.34604, 0.0940636, -3.5974, 0.045863
4.23896, -6.86433, 0.100646, -3.73869, 0.0474471
4.38025, -7.40259, 0.107452, -3.87998, 0.0490312
4.52155, -7.9608, 0.114573, -4.02127, 0.0505799
4.66285, -8.53899, 0.121785, -4.16256, 0.0521795
4.80415, -9.13713, 0.129042, -4.30385, 0.0538596
4.94545, -9.75524, 0.136991, -4.44514, 0.0553322
5.08675, -10.3933, 0.144912, -4.58643, 0.0569163
5.22804, -11.0514, 0.153056, -4.72772, 0.0585004
5.36934, -11.7294, 0.161464, -4.869, 0.0600612
5.51064, -12.4273, 0.170053, -5.01029, 0.0616453
5.65194, -13.1452, 0.178865, -5.15158, 0.0632294
5.79324, -13.8831, 0.187956, -5.29287, 0.0647706
5.93454, -14.641, 0.19721, -5.43416, 0.0663547
6.07584, -15.4188, 0.206663, -5.57545, 0.0679643
6.21713, -16.2166, 0.216399, -5.71674, 0.069513
6.35843, -17.0344, 0.226323, -5.85803, 0.0710971
6.49973, -17.8721, 0.236446, -5.99932, 0.0727248
6.64103, -18.7297, 0.246873, -6.1406, 0.0741939
6.78233, -19.6074, 0.257456, -6.28189, 0.0757868
6.92363, -20.505, 0.268271, -6.42317, 0.0773446
7.06493, -21.4226, 0.279303, -6.5635, 0.0786604
7.20622, -22.3414, 0.290276, -6.43185, 0.0767944
7.34752, -23.2402, 0.301012, -6.29059, 0.0751616
7.48882, -24.1191, 0.311518, -6.1493, 0.0735491
7.63012, -24.978, 0.321797, -6.00802, 0.0719449
7.77142, -25.8169, 0.33185, -5.86673, 0.0703453
7.91272, -26.6359, 0.341676, -5.72544, 0.0687484
8.05402, -27.4349, 0.351278, -5.58415, 0.0671536
8.19531, -28.2139, 0.360654, -5.44286, 0.0655602
8.33661, -28.973, 0.369805, -5.30157, 0.0639679
8.47791, -29.7122, 0.378731, -5.16028, 0.0623765
8.61921, -30.4313, 0.387432, -5.019, 0.0607858
8.76051, -31.1305, 0.395909, -4.87771, 0.0591957
8.90181, -31.8097, 0.404161, -4.73642, 0.057606
9.04311, -32.469, 0.412188, -4.59513, 0.0560167
9.1844, -33.1083, 0.419991, -4.45384, 0.0544278
9.3257, -33.7277, 0.427569, -4.31255, 0.0528392
9.467, -34.327, 0.434923, -4.17126, 0.0512509
9.6083, -34.9064, 0.442053, -4.02997, 0.0496629
9.7496, -35.4659, 0.448958, -3.88868, 0.048075
9.8909, -36.0054, 0.455639, -3.74739, 0.0464873
10.0322, -36.5249, 0.462095, -3.6061, 0.0448998
10.1735, -37.0244, 0.468327, -3.46481, 0.0433125
10.3148, -37.504, 0.474335, -3.32352, 0.0417253
10.4561, -37.9637, 0.480119, -3.18224, 0.0401383
10.5974, -38.4033, 0.485678, -3.04095, 0.0385513
10.7387, -38.823, 0.491013, -2.89965, 0.0369645
10.88, -39.2228, 0.496124, -2.75837, 0.0353778
11.0213, -39.6025, 0.501011, -2.61707, 0.0337911
11.1626, -39.9623, 0.505674, -2.47579, 0.0322046
11.3039, -40.3022, 0.510112, -2.3345, 0.0306182
11.4452, -40.6221, 0.514326, -2.19321, 0.0290318
11.5865, -40.922, 0.518316, -2.05191, 0.0274454
11.7278, -41.2019, 0.522082, -1.91063, 0.0258592
11.8691, -41.4619, 0.525624, -1.76934, 0.024273
12.0104, -41.7019, 0.528942, -1.62805, 0.0226869
12.1517, -41.922, 0.532035, -1.48676, 0.0211009
12.293, -42.1221, 0.534905, -1.34547, 0.0195149
12.4343, -42.3022, 0.53755, -1.20418, 0.0179289
12.5756, -42.4624, 0.539971, -1.06289, 0.016343
12.7169, -42.6026, 0.542168, -0.921602, 0.0147571
12.8582, -42.7228, 0.544142, -0.780312, 0.0131713
12.9995, -42.8231, 0.545891, -0.639022, 0.0115855
13.1408, -42.9034, 0.547416, -0.497731, 0.00999979
13.2821, -42.9638, 0.548716, -0.356441, 0.00841409
13.4234, -43.0041, 0.549793, -0.215152, 0.00682842
13.5647, -43.0246, 0.550646, -0.0738624, 0.00524279
13.706, -43.025, 0.551275, 0.0674267, 0.0036572
13.8473, -43.0055, 0.55168, 0.208716, 0.00207164
13.9886, -42.966, 0.55186, 0.350005, 0.00048611
14.1158, -42.9134, 0.548699, 0.477232, 0.00141959
14.243, -42.8446, 0.549082, 0.604464, 0.00283918
14.3703, -42.7596, 0.549645, 0.731697, 0.00425877
14.4975, -42.6584, 0.55039, 0.858929, 0.00567836
14.6248, -42.541, 0.551314, 0.986161, 0.00709795
14.752, -42.4075, 0.55242, 1.11339, 0.00851754
14.8792, -42.2577, 0.553706, 1.24063, 0.00993713
15.0065, -42.0918, 0.555172, 1.36786, 0.0113567
15.1337, -41.9096, 0.556819, 1.49509, 0.0127763
15.261, -41.7113, 0.558647, 1.62232, 0.0141959
15.3882, -41.4968, 0.560656, 1.74955, 0.0156155
15.5154, -41.2661, 0.562845, 1.87679, 0.0170351
15.6427, -41.0192, 0.565214, 2.00402, 0.0184547
15.7699, -40.7561, 0.567765, 2.13125, 0.0198743
15.8972, -40.4768, 0.570496, 2.25848, 0.0212939
16.0244, -40.1814, 0.573407, 2.38571, 0.0227134
16.1516, -39.8697, 0.5765, 2.51295, 0.024133
16.2789, -39.5419, 0.579772, 2.64018, 0.0255526
16.4061, -39.1978, 0.583226, 2.76741, 0.0269722
16.5334, -38.8376, 0.58686, 2.89464, 0.0283918
16.6606, -38.4612, 0.590675, 3.02188, 0.0298114
16.7878, -38.0686, 0.59467, 3.14911, 0.031231
16.9151, -37.6598, 0.598846, 3.27634, 0.0326506
17.0423, -37.2348, 0.603203, 3.40357, 0.0340702
17.1696, -36.7937, 0.60774, 3.5308, 0.0354898
17.2968, -36.3363, 0.612458, 3.65804, 0.0369094
17.424, -35.8628, 0.617357, 3.78527, 0.0383289
17.5513, -35.3731, 0.622436, 3.9125, 0.0397485
17.6785, -34.8671, 0.627696, 4.03973, 0.0411681
17.8058, -34.345, 0.633136, 4.16697, 0.0425877
17.933, -33.8067, 0.638757, 4.2942, 0.0440073
18.0602, -33.2522, 0.644559, 4.42143, 0.0454269
18.1875, -32.6816, 0.650541, 4.54866, 0.0468465
18.3147, -32.0947, 0.656704, 4.6759, 0.0482661
18.442, -31.4916, 0.663047, 4.80313, 0.0496857
18.5692, -30.8724, 0.669572, 4.93036, 0.0511053
18.6964, -30.237, 0.676277, 5.05759, 0.0525248
18.8237, -29.5853, 0.683162, 5.18482, 0.0539444
18.9509, -28.9175, 0.690228, 5.31206, 0.055364
19.0782, -28.2335, 0.697475, 5.43929, 0.0567836
19.2054, -27.5333, 0.704902, 5.56652, 0.0582032
19.3326, -26.817, 0.71251, 5.69375, 0.0596228
19.4599, -26.0844, 0.720299, 5.82098, 0.0610424
19.5871, -25.3356, 0.728268, 5.94822, 0.062462
19.7144, -24.5707, 0.736418, 6.07545, 0.0638816
19.8416, -23.7896, 0.744748, 6.20268, 0.0653012
19.9688, -22.9922, 0.753259, 6.32992, 0.0667209
20.0961, -22.1787, 0.761951, 6.45715, 0.0681404
20.2233, -21.349, 0.770823, 6.58437, 0.0695598
20.3506, -20.5088, 0.779686, 6.56164, 0.0693629
20.4778, -19.6819, 0.788327, 6.43441, 0.0680317
20.605, -18.8713, 0.796808, 6.30716, 0.0666922
20.7323, -18.0769, 0.805125, 6.17993, 0.0653463
20.8595, -17.2987, 0.813278, 6.0527, 0.0639947
20.9868, -16.5366, 0.821263, 5.92546, 0.0626381
21.114, -15.7907, 0.82908, 5.79823, 0.0612774
21.2412, -15.0611, 0.836728, 5.671, 0.0599129
21.3685, -14.3476, 0.844206, 5.54377, 0.0585452
21.4957, -13.6503, 0.851513, 5.41653, 0.0571746
21.623, -12.9692, 0.858648, 5.2893, 0.0558014
21.7502, -12.3043, 0.865611, 5.16207, 0.0544259
21.8774, -11.6555, 0.872401, 5.03484, 0.0530483
22.0047, -11.023, 0.879018, 4.9076, 0.0516687
22.1319, -10.4067, 0.885461, 4.78037, 0.0502874
22.2592, -9.8065, 0.891731, 4.65314, 0.0489046
22.3864, -9.22252, 0.897826, 4.52591, 0.0475202
22.5136, -8.65474, 0.903746, 4.39867, 0.0461345
22.6409, -8.10315, 0.909491, 4.27144, 0.0447475
22.7681, -7.56774, 0.915061, 4.14421, 0.0433594
22.8954, -7.04853, 0.920455, 4.01697, 0.0419702
23.0226, -6.54551, 0.925674, 3.88974, 0.04058
23.1498, -6.05866, 0.930717, 3.76251, 0.0391888
23.2771, -5.58802, 0.935584, 3.63528, 0.0377967
23.4043, -5.13356, 0.940274, 3.50804, 0.0364038
23.5316, -4.69529, 0.944788, 3.38081, 0.0350101
23.6588, -4.27321, 0.949126, 3.25358, 0.0336156
23.786, -3.86731, 0.953287, 3.12635, 0.0322205
23.9133, -3.47762, 0.957271, 2.99911, 0.0308247
24.0405, -3.1041, 0.961078, 2.87188, 0.0294283
24.1678, -2.74677, 0.964708, 2.74465, 0.0280313
24.295, -2.40564, 0.968161, 2.61741, 0.0266337
24.4222, -2.0807, 0.971437, 2.49018, 0.0252356
24.5495, -1.77193, 0.974535, 2.36295, 0.023837
24.6767, -1.47937, 0.977456, 2.23572, 0.0224378
24.804, -1.20299, 0.9802, 2.10849, 0.0210382
24.9312, -0.94281, 0.982765, 1.98125, 0.0196382
25.0584, -0.698803, 0.985154, 1.85402, 0.0182377
25.1857, -0.470993, 0.987364, 1.72679, 0.0168369
25.3129, -0.259373, 0.989396, 1.59956, 0.0154356
25.4402, -0.063942, 0.991251, 1.47232, 0.014034
25.5674, 0.115307, 0.992928, 1.34509, 0.012632
25.6946, 0.278358, 0.994426, 1.21786, 0.0112297
25.8219, 0.425228, 0.995747, 1.09063, 0.00982699
25.9491, 0.555912, 0.996889, 0.963395, 0.00842403
26.0764, 0.670399, 0.997854, 0.836161, 0.00702072
26.2036, 0.768692, 0.998639, 0.70893, 0.00561714
26.3308, 0.850811, 0.999247, 0.581698, 0.00421327
26.4581, 0.916721, 0.999677, 0.454465, 0.0028091
26.5853, 0.966461, 0.999928, 0.327233, 0.0014047
26.7126, 1, 1, 0.200001, 1.6531e-08
