3.75086, 0
0, 0, 0, 0.5, 0
0.019786, 0.00969792, 1.49542e-05, 0.480276, 0.00157052
0.039572, 0.0190054, 6.36392e-05, 0.460556, 0.00317593
0.059358, 0.0279231, 0.000139585, 0.440838, 0.00482449
0.0791439, 0.0364504, 0.00025247, 0.421124, 0.00650914
0.0989299, 0.0445878, 0.000398114, 0.401414, 0.00823623
0.118716, 0.0523351, 0.000580911, 0.381707, 0.0100038
0.138502, 0.0596926, 0.000795534, 0.362005, 0.01182
0.158288, 0.0666605, 0.00104607, 0.342306, 0.0136834
0.178074, 0.0732385, 0.00133659, 0.322613, 0.0155927
0.19786, 0.0794269, 0.00166483, 0.302924, 0.0175533
0.217646, 0.0852258, 0.00203152, 0.283241, 0.0195679
0.237432, 0.0906353, 0.00243997, 0.263564, 0.0216364
0.257218, 0.0956556, 0.00288816, 0.243892, 0.0237649
0.277004, 0.100287, 0.00338044, 0.224228, 0.0259523
0.29679, 0.104529, 0.00391549, 0.20457, 0.0282047
0.316576, 0.108382, 0.00449707, 0.184921, 0.0305222
0.336362, 0.111846, 0.00512474, 0.165279, 0.0329103
0.356148, 0.114922, 0.00579993, 0.145647, 0.0353727
0.375934, 0.11761, 0.0065249, 0.126025, 0.0379123
0.39572, 0.11991, 0.00730082, 0.106413, 0.0405338
0.415506, 0.121821, 0.00812873, 0.0868135, 0.0432429
0.435292, 0.123345, 0.00901259, 0.0672266, 0.046041
0.455078, 0.124482, 0.00995174, 0.0476537, 0.0489375
0.474864, 0.125231, 0.0109493, 0.0280963, 0.0519365
0.49465, 0.125594, 0.0120077, 0.00855589, 0.0550438
0.514436, 0.12557, 0.0131286, -0.0109656, 0.0582673
0.534222, 0.12516, 0.0143142, -0.0304664, 0.0616153
0.554008, 0.124364, 0.0155677, -0.0499438, 0.0650948
0.573794, 0.123183, 0.0168914, -0.0693956, 0.0687161
0.59358, 0.121618, 0.0182874, -0.0888183, 0.0724909
0.613366, 0.119669, 0.019761, -0.108209, 0.0764269
0.633152, 0.117336, 0.0213132, -0.127562, 0.0805416
0.652938, 0.114621, 0.0229493, -0.146874, 0.0848456
0.672723, 0.111525, 0.024672, -0.166139, 0.0893582
0.69251, 0.108047, 0.0264866, -0.185349, 0.0940952
0.712295, 0.10419, 0.0283972, -0.204497, 0.0990787
0.732081, 0.0999554, 0.0304093, -0.223573, 0.104331
0.751867, 0.0953438, 0.0325281, -0.242564, 0.10988
0.771653, 0.0903573, 0.0347596, -0.261457, 0.115757
0.791439, 0.0849983, 0.037111, -0.280233, 0.121996
0.811225, 0.0792688, 0.0395901, -0.29887, 0.128639
0.831011, 0.0731724, 0.0422045, -0.31734, 0.135735
0.850797, 0.0667124, 0.0449645, -0.335606, 0.143338
0.870583, 0.0598935, 0.0478806, -0.353623, 0.151513
0.890369, 0.0527209, 0.0509644, -0.37133, 0.160339
0.910155, 0.0452017, 0.0542304, -0.388649, 0.169903
0.929941, 0.0373446, 0.0576935, -0.405474, 0.18031
0.949727, 0.0291606, 0.061372, -0.421665, 0.191677
0.969513, 0.0206639, 0.0652858, -0.43703, 0.204136
0.989299, 0.0118736, 0.0694579, -0.451314, 0.217818
1.00909, 0.00281388, 0.0739141, -0.464177, 0.23284
1.02887, -0.0064826, 0.0786812, -0.475183, 0.249266
1.04866, -0.0159744, 0.0837871, -0.483818, 0.267048
1.06844, -0.0256089, 0.0892563, -0.48954, 0.285965
1.08823, -0.0353244, 0.0951079, -0.491915, 0.305581
1.10802, -0.0450515, 0.101349, -0.490753, 0.325307
1.1278, -0.0547218, 0.107978, -0.486188, 0.344534
1.14759, -0.0642712, 0.114977, -0.478614, 0.362794
1.16737, -0.0736451, 0.122326, -0.468556, 0.379816
1.18716, -0.0827998, 0.129998, -0.456534, 0.395519
1.20695, -0.0917011, 0.137969, -0.442995, 0.409937
1.22673, -0.100322, 0.146213, -0.42829, 0.423168
1.24652, -0.108643, 0.154707, -0.41269, 0.435334
1.2663, -0.116649, 0.163433, -0.396397, 0.446556
1.28609, -0.124326, 0.172373, -0.379562, 0.456947
1.30588, -0.131666, 0.181511, -0.362296, 0.466608
1.32566, -0.138661, 0.190833, -0.344685, 0.475625
1.34545, -0.145304, 0.200328, -0.326795, 0.484074
1.36523, -0.151591, 0.209986, -0.308674, 0.492018
1.38502, -0.157518, 0.219796, -0.290363, 0.499513
1.40481, -0.16308, 0.22975, -0.271893, 0.506607
1.42459, -0.168276, 0.239841, -0.253288, 0.513339
1.44438, -0.173103, 0.250061, -0.234568, 0.519746
1.46416, -0.177558, 0.260406, -0.21575, 0.525857
1.48395, -0.18164, 0.270869, -0.196846, 0.531699
1.50373, -0.185347, 0.281445, -0.177868, 0.537296
1.52352, -0.188678, 0.292129, -0.158826, 0.542669
1.54331, -0.191631, 0.302918, -0.139726, 0.547835
1.56309, -0.194207, 0.313807, -0.120576, 0.55281
1.58288, -0.196403, 0.324793, -0.101381, 0.55761
1.60266, -0.198218, 0.335872, -0.0821459, 0.562246
1.62245, -0.199653, 0.347041, -0.062875, 0.56673
1.64224, -0.200706, 0.358297, -0.0435715, 0.571073
1.66202, -0.201377, 0.369638, -0.0242391, 0.575284
1.68181, -0.201665, 0.381062, -0.00487965, 0.579372
1.70159, -0.20157, 0.392565, 0.0145037, 0.583343
1.72138, -0.201091, 0.404145, 0.0339089, 0.587206
1.74117, -0.200228, 0.415801, 0.0533341, 0.590966
1.76095, -0.19898, 0.42753, 0.072778, 0.59463
1.78074, -0.197348, 0.439331, 0.0922389, 0.598202
1.80052, -0.19533, 0.451202, 0.111716, 0.601688
1.82031, -0.192927, 0.46314, 0.131206, 0.605093
1.8401, -0.190138, 0.475146, 0.15071, 0.60842
1.85988, -0.186963, 0.487216, 0.170227, 0.611673
1.87967, -0.183402, 0.49935, 0.189755, 0.614856
1.89945, -0.179454, 0.511547, 0.209294, 0.617973
1.91924, -0.175119, 0.523804, 0.228843, 0.621026
1.93903, -0.170398, 0.536122, 0.248401, 0.624019
1.95881, -0.16529, 0.548498, 0.267969, 0.626954
1.97673, -0.154994, 0.558057, 0.277624, 0.6401
1.99465, -0.14455, 0.567886, 0.287285, 0.653173
2.01257, -0.133958, 0.577985, 0.296954, 0.666169
2.03049, -0.123218, 0.588353, 0.30663, 0.679085
2.04842, -0.112332, 0.59899, 0.316314, 0.691916
2.06634, -0.101301, 0.609894, 0.326004, 0.704658
2.08426, -0.0901269, 0.621067, 0.335702, 0.717306
2.10218, -0.0788095, 0.632507, 0.345408, 0.729855
2.1201, -0.0673506, 0.644214, 0.355122, 0.742301
2.13802, -0.0557516, 0.656188, 0.364843, 0.754637
2.15594, -0.0440141, 0.668427, 0.374572, 0.766858
2.17386, -0.0321394, 0.680931, 0.38431, 0.778956
2.19178, -0.0201293, 0.6937, 0.394054, 0.790927
2.2097, -0.00798562, 0.706733, 0.403807, 0.802761
2.22762, 0.00429003, 0.720028, 0.413567, 0.814452
2.24554, 0.0166955, 0.733585, 0.423335, 0.82599
2.26346, 0.0292285, 0.747403, 0.433111, 0.837368
2.28138, 0.0418871, 0.761481, 0.442893, 0.848576
2.2993, 0.0546686, 0.775818, 0.452682, 0.859604
2.31722, 0.0675706, 0.790411, 0.462477, 0.87044
2.33514, 0.0805903, 0.80526, 0.472277, 0.881074
2.35306, 0.0937247, 0.820363, 0.482082, 0.891492
2.37098, 0.106971, 0.835717, 0.491892, 0.901683
2.3889, 0.120325, 0.851322, 0.501704, 0.911631
2.40683, 0.133784, 0.867174, 0.511518, 0.921322
2.42475, 0.147344, 0.883272, 0.521331, 0.930739
2.44267, 0.161001, 0.899611, 0.531144, 0.939866
2.46059, 0.174751, 0.916189, 0.540952, 0.948685
2.47851, 0.188589, 0.933003, 0.550754, 0.957177
2.49643, 0.202511, 0.950048, 0.560547, 0.96532
2.51435, 0.216512, 0.96732, 0.570327, 0.973095
2.53227, 0.230586, 0.984815, 0.580092, 0.980479
2.55019, 0.244728, 1.00253, 0.589835, 0.987447
2.56811, 0.258933, 1.02045, 0.599554, 0.993976
2.58603, 0.273194, 1.03857, 0.609241, 1.00004
2.60395, 0.287506, 1.0569, 0.61889, 1.00561
2.62187, 0.301862, 1.07541, 0.628495, 1.01067
2.63979, 0.316257, 1.0941, 0.638047, 1.01518
2.65771, 0.330683, 1.11296, 0.647538, 1.01912
2.67563, 0.345136, 1.13198, 0.656957, 1.02246
2.69355, 0.359608, 1.15114, 0.666293, 1.02517
2.71147, 0.374094, 1.17045, 0.675536, 1.02724
2.72939, 0.388588, 1.18987, 0.684672, 1.02863
2.74731, 0.403084, 1.20939, 0.693687, 1.02932
2.76524, 0.417579, 1.22901, 0.702569, 1.0293
2.78316, 0.432067, 1.2487, 0.711301, 1.02854
2.80108, 0.446544, 1.26845, 0.719868, 1.02703
2.819, 0.461009, 1.28823, 0.728255, 1.02477
2.83692, 0.475457, 1.30803, 0.736447, 1.02174
2.85484, 0.489888, 1.32783, 0.744427, 1.01796
2.87276, 0.504301, 1.34761, 0.752181, 1.01341
2.89068, 0.518695, 1.36734, 0.759694, 1.00811
2.9086, 0.53307, 1.38702, 0.766953, 1.00207
2.92652, 0.547428, 1.40661, 0.773945, 0.995299
2.94444, 0.56177, 1.4261, 0.780661, 0.987829
2.96236, 0.576098, 1.44548, 0.787089, 0.979678
2.98028, 0.590413, 1.46472, 0.793222, 0.970873
2.9982, 0.604719, 1.4838, 0.799053, 0.961441
3.01612, 0.619017, 1.50271, 0.804579, 0.951414
3.03404, 0.63331, 1.52144, 0.809796, 0.940823
3.05196, 0.647601, 1.53996, 0.814702, 0.929699
3.06988, 0.661891, 1.55827, 0.819296, 0.918077
3.0878, 0.676182, 1.57636, 0.823582, 0.905987
3.10572, 0.690476, 1.5942, 0.827559, 0.893461
3.12365, 0.704775, 1.61181, 0.831233, 0.88053
3.14157, 0.719079, 1.62915, 0.834607, 0.867224
3.15949, 0.733389, 1.64623, 0.837687, 0.853571
3.17741, 0.747706, 1.66303, 0.840478, 0.839598
3.19533, 0.762029, 1.67956, 0.842987, 0.825331
3.21325, 0.776359, 1.6958, 0.84522, 0.810793
3.23117, 0.790696, 1.71176, 0.847185, 0.796008
3.24909, 0.805038, 1.72741, 0.848888, 0.780994
3.26701, 0.819384, 1.74277, 0.850337, 0.765774
3.28493, 0.833734, 1.75783, 0.85154, 0.750364
3.30285, 0.848086, 1.77258, 0.852504, 0.73478
3.32077, 0.862439, 1.78702, 0.853236, 0.719039
3.33869, 0.876791, 1.80115, 0.853743, 0.703154
3.35661, 0.891141, 1.81496, 0.854034, 0.687139
3.37453, 0.905486, 1.82846, 0.854114, 0.671005
3.39245, 0.919825, 1.84165, 0.853991, 0.654763
3.41037, 0.934156, 1.85452, 0.853672, 0.638424
3.42829, 0.948476, 1.86706, 0.853163, 0.621996
3.44621, 0.962784, 1.87929, 0.85247, 0.605487
3.46414, 0.977078, 1.8912, 0.8516, 0.588907
3.48206, 0.991356, 1.90278, 0.850558, 0.572261
3.49998, 1.00561, 1.91405, 0.84935, 0.555556
3.5179, 1.01985, 1.92499, 0.847982, 0.538798
3.53582, 1.03407, 1.93561, 0.846459, 0.521993
3.55374, 1.04826, 1.9459, 0.844786, 0.505145
3.57166, 1.06242, 1.95588, 0.842968, 0.488258
3.58958, 1.07656, 1.96553, 0.841009, 0.471338
3.6075, 1.09066, 1.97485, 0.838915, 0.454387
3.62542, 1.10473, 1.98386, 0.836689, 0.437409
3.64334, 1.11876, 1.99254, 0.834336, 0.420408
3.66126, 1.13276, 2.0009, 0.831859, 0.403386
3.67918, 1.14672, 2.00893, 0.829264, 0.386346
3.6971, 1.16064, 2.01665, 0.826552, 0.36929
3.71502, 1.17451, 2.02404, 0.823728, 0.35222
3.73294, 1.18834, 2.03111, 0.820796, 0.335139
3.75086, 1.20212, 2.03786, 0.817758, 0.318049
