34.4996, 0
0, 0, 0, 0.5, 0
0.180783, 0.0740266, -0.00308328, 0.319224, 0.00159868
0.361565, 0.115421, 0.000433048, 0.138443, 0.00247635
0.542348, 0.124106, 0.000985356, -0.0423353, 0.00371452
0.723131, 0.100113, 0.00176148, -0.223114, 0.00495269
0.903913, 0.0434362, 0.00276146, -0.403892, 0.00619086
1.0847, -0.0459234, 0.00398528, -0.584671, 0.00742904
1.26548, -0.167959, 0.00543291, -0.765449, 0.00866721
1.44626, -0.322682, 0.00710442, -0.946227, 0.00990538
1.62704, -0.510086, 0.00899976, -1.12701, 0.0111436
1.80783, -0.730171, 0.0111189, -1.30778, 0.0123817
1.98861, -0.982936, 0.0134619, -1.48856, 0.0136199
2.16939, -1.26838, 0.0160288, -1.66934, 0.0148581
2.35017, -1.58651, 0.0188195, -1.85012, 0.0160962
2.53096, -1.93732, 0.021834, -2.0309, 0.0173344
2.71174, -2.32081, 0.0250724, -2.21168, 0.0185726
2.89252, -2.73699, 0.0285346, -2.39245, 0.0198108
3.07331, -3.18584, 0.0322207, -2.57323, 0.0210489
3.25409, -3.66738, 0.0361306, -2.75401, 0.0222871
3.43487, -4.1816, 0.0404209, -2.93479, 0.0234973
3.61565, -4.7285, 0.0446219, -3.11557, 0.0247635
3.79644, -5.30808, 0.0492033, -3.29635, 0.0260016
3.97722, -5.92036, 0.0521893, -3.47712, 0.0276003
4.158, -6.56529, 0.0590376, -3.6579, 0.028478
4.33878, -7.24292, 0.0644219, -3.83868, 0.0296881
4.51957, -7.95322, 0.0697673, -4.01946, 0.0309543
4.70035, -8.69621, 0.07566, -4.20024, 0.0321481
4.88113, -9.47189, 0.0813924, -4.38102, 0.0334307
5.06192, -10.2802, 0.0877167, -4.5618, 0.0346244
5.2427, -11.1213, 0.0939129, -4.74257, 0.035907
5.42348, -11.995, 0.10061, -4.92335, 0.0371172
5.60426, -12.9014, 0.107329, -5.10413, 0.0383834
5.78505, -13.8405, 0.114516, -5.28491, 0.0395771
5.96583, -14.8122, 0.121776, -5.46569, 0.0408153
6.14661, -15.8167, 0.129259, -5.64647, 0.0420535
6.32739, -16.8538, 0.136966, -5.82724, 0.0432916
6.50818, -17.9236, 0.144949, -6.00802, 0.0445091
6.68896, -19.0261, 0.152948, -6.1888, 0.0458124
6.86974, -20.1613, 0.161475, -6.36958, 0.0469855
7.05052, -21.3291, 0.170033, -6.55036, 0.0482443
7.23131, -22.5296, 0.178134, -6.73114, 0.0498874
7.41209, -23.7629, 0.187943, -6.91191, 0.0507
7.59287, -25.0288, 0.197184, -7.09269, 0.0519588
7.77365, -26.3273, 0.206737, -7.27347, 0.0531526
7.95444, -27.6586, 0.216403, -7.45425, 0.0544352
8.13522, -29.0225, 0.226419, -7.63502, 0.0555946
8.316, -30.4192, 0.236546, -7.81581, 0.0568719
8.49679, -31.8485, 0.246939, -7.99658, 0.0580971
8.67757, -33.3104, 0.257558, -8.17735, 0.0593021
8.85835, -34.8051, 0.268383, -8.35813, 0.0605436
9.03913, -36.3322, 0.279428, -8.50788, 0.0612534
9.21992, -37.854, 0.290377, -8.32733, 0.0599142
9.4007, -39.3431, 0.301094, -8.14657, 0.0586498
9.58148, -40.7995, 0.311583, -7.96579, 0.0573958
9.76227, -42.2233, 0.321846, -7.78502, 0.0561463
9.94305, -43.6143, 0.331884, -7.60424, 0.0548993
10.1238, -44.9727, 0.341696, -7.42346, 0.0536538
10.3046, -46.2984, 0.351283, -7.24269, 0.0524095
10.4854, -47.5914, 0.360646, -7.06191, 0.051166
10.6662, -48.8517, 0.369783, -6.88113, 0.0499232
10.847, -50.0794, 0.378696, -6.70035, 0.0486808
11.0277, -51.2743, 0.387385, -6.51957, 0.0474388
11.2085, -52.4366, 0.395848, -6.3388, 0.0461971
11.3893, -53.5662, 0.404088, -6.15802, 0.0449557
11.5701, -54.6632, 0.412103, -5.97724, 0.0437145
11.7509, -55.7274, 0.419894, -5.79646, 0.0424736
11.9317, -56.7589, 0.42746, -5.61568, 0.0412328
12.1124, -57.7578, 0.434802, -5.43491, 0.0399922
12.2932, -58.724, 0.44192, -5.25413, 0.0387518
12.474, -59.6575, 0.448813, -5.07335, 0.0375114
12.6548, -60.5584, 0.455483, -4.89257, 0.0362712
12.8356, -61.4265, 0.461928, -4.71179, 0.035031
13.0164, -62.262, 0.468149, -4.53101, 0.033791
13.1971, -63.0648, 0.474145, -4.35023, 0.032551
13.3779, -63.8349, 0.479918, -4.16946, 0.0313112
13.5587, -64.5723, 0.485466, -3.98868, 0.0300713
13.7395, -65.2771, 0.490791, -3.8079, 0.0288316
13.9203, -65.9491, 0.495891, -3.62712, 0.0275919
14.101, -66.5885, 0.500767, -3.44634, 0.0263522
14.2818, -67.1952, 0.505419, -3.26556, 0.0251126
14.4626, -67.7692, 0.509847, -3.08479, 0.0238731
14.6434, -68.3105, 0.51405, -2.90401, 0.0226336
14.8242, -68.8192, 0.51803, -2.72323, 0.0213942
15.005, -69.2952, 0.521786, -2.54245, 0.0201548
15.1857, -69.7385, 0.525318, -2.36167, 0.0189154
15.3665, -70.1491, 0.528625, -2.18089, 0.017676
15.5473, -70.527, 0.531709, -2.00012, 0.0164367
15.7281, -70.8723, 0.534568, -1.81934, 0.0151974
15.9089, -71.1848, 0.537203, -1.63856, 0.0139582
16.0897, -71.4647, 0.539615, -1.45778, 0.012719
16.2704, -71.7119, 0.541802, -1.277, 0.0114798
16.4512, -71.9264, 0.543765, -1.09622, 0.0102406
16.632, -72.1083, 0.545505, -0.915446, 0.00900147
16.8128, -72.2574, 0.54702, -0.734669, 0.00776236
16.9936, -72.3739, 0.548311, -0.553889, 0.00652325
17.1744, -72.4577, 0.549379, -0.37311, 0.00528416
17.3551, -72.5088, 0.550222, -0.192331, 0.0040451
17.5359, -72.5272, 0.550841, -0.0115551, 0.00280607
17.7167, -72.513, 0.551237, 0.169225, 0.00156704
17.8975, -72.466, 0.551408, 0.350004, 0.000328029
18.0635, -72.3942, 0.548594, 0.516018, 0.00108776
18.2295, -72.2947, 0.545951, 0.682032, 0.00254547
18.3955, -72.1677, 0.54647, 0.84805, 0.00363323
18.5616, -72.0131, 0.549967, 1.01407, 0.00435103
18.7276, -71.831, 0.54805, 1.18009, 0.00580875
18.8936, -71.6213, 0.549111, 1.3461, 0.00689651
19.0596, -71.384, 0.552966, 1.51212, 0.00761431
19.2257, -71.1192, 0.551775, 1.67814, 0.00907203
19.3917, -70.8268, 0.553378, 1.84416, 0.0101598
19.5577, -70.5069, 0.55759, 2.01018, 0.0108776
19.7237, -70.1593, 0.557125, 2.17619, 0.0123353
19.8897, -69.7843, 0.55927, 2.34221, 0.0134231
20.0558, -69.3817, 0.56384, 2.50823, 0.0141409
20.2218, -68.9514, 0.566284, 2.67425, 0.0152286
20.3878, -68.4937, 0.566787, 2.84026, 0.0166863
20.5538, -68.0083, 0.569654, 3.00628, 0.0177741
20.7198, -67.4955, 0.574701, 3.1723, 0.0184919
20.8859, -66.955, 0.577868, 3.33832, 0.0195797
21.0519, -66.387, 0.581215, 3.50433, 0.0206674
21.2179, -65.7914, 0.582928, 3.67035, 0.0221251
21.3839, -65.1683, 0.588452, 3.83637, 0.0228429
21.55, -64.5176, 0.590649, 4.00239, 0.0243007
21.716, -63.8393, 0.59478, 4.1684, 0.0253884
21.882, -63.1335, 0.599091, 4.33442, 0.0264762
22.048, -62.4001, 0.603584, 4.50044, 0.0275639
22.214, -61.6392, 0.608257, 4.66646, 0.0286517
22.3801, -60.8507, 0.614495, 4.83248, 0.0293695
22.5461, -60.0346, 0.619468, 4.99849, 0.0304573
22.7121, -59.1909, 0.624621, 5.16451, 0.031545
22.8781, -58.3197, 0.628754, 5.33053, 0.0330027
23.0441, -57.421, 0.63433, 5.49654, 0.0340905
23.2102, -56.4947, 0.640009, 5.66256, 0.0352049
23.3762, -55.5408, 0.64595, 5.82858, 0.0362927
23.5422, -54.5593, 0.653096, 5.9946, 0.0369838
23.7082, -53.5503, 0.659333, 6.16062, 0.0380716
23.8742, -52.5137, 0.664918, 6.32663, 0.0395293
24.0403, -51.4496, 0.671522, 6.49265, 0.0406437
24.2063, -50.3579, 0.678417, 6.65867, 0.0417048
24.3723, -49.2386, 0.686086, 6.82469, 0.0424226
24.5383, -48.0918, 0.692541, 6.9907, 0.0439423
24.7044, -46.9174, 0.700546, 7.15672, 0.0445981
24.8704, -45.7155, 0.708047, 7.32274, 0.0456859
25.0364, -44.486, 0.71528, 7.48875, 0.0471859
25.2024, -43.2289, 0.72325, 7.65477, 0.0482314
25.3684, -41.9443, 0.731633, 7.8208, 0.0489492
25.5345, -40.6321, 0.739856, 7.98681, 0.0500369
25.7005, -39.2923, 0.748092, 8.15283, 0.0515213
25.8665, -37.925, 0.75672, 8.31883, 0.0526995
26.0325, -36.5301, 0.765571, 8.48486, 0.0537235
26.1985, -35.1133, 0.774576, 8.50086, 0.0542456
26.3646, -33.7157, 0.783496, 8.33487, 0.053203
26.5306, -32.3457, 0.79224, 8.16885, 0.0521354
26.6966, -31.0033, 0.800807, 8.00282, 0.0510607
26.8626, -29.6885, 0.809195, 7.83681, 0.0499828
27.0287, -28.4012, 0.817403, 7.67079, 0.0489028
27.1947, -27.1414, 0.825432, 7.50478, 0.0478216
27.3607, -25.9093, 0.833282, 7.33876, 0.0467394
27.5267, -24.7047, 0.840952, 7.17274, 0.0456565
27.6927, -23.5276, 0.848442, 7.00672, 0.044573
27.8588, -22.3781, 0.855752, 6.8407, 0.0434891
28.0248, -21.2562, 0.862882, 6.67469, 0.0424049
28.1908, -20.1618, 0.869832, 6.50867, 0.0413203
28.3568, -19.0951, 0.876602, 6.34265, 0.0402356
28.5228, -18.0558, 0.883192, 6.17664, 0.0391506
28.6889, -17.0441, 0.889602, 6.01062, 0.0380654
28.8549, -16.06, 0.895831, 5.8446, 0.03698
29.0209, -15.1035, 0.901881, 5.67858, 0.0358945
29.1869, -14.1745, 0.90775, 5.51256, 0.0348089
29.3529, -13.2731, 0.913438, 5.34655, 0.0337232
29.519, -12.3992, 0.918947, 5.18053, 0.0326374
29.685, -11.5529, 0.924276, 5.01451, 0.0315514
29.851, -10.7342, 0.929424, 4.84849, 0.0304654
30.017, -9.94303, 0.934391, 4.68248, 0.0293794
30.1831, -9.17942, 0.939179, 4.51646, 0.0282932
30.3491, -8.44337, 0.943786, 4.35044, 0.027207
30.5151, -7.73489, 0.948213, 4.18442, 0.0261207
30.6811, -7.05397, 0.952459, 4.01841, 0.0250344
30.8471, -6.40061, 0.956525, 3.85239, 0.023948
31.0132, -5.77482, 0.960411, 3.68637, 0.0228616
31.1792, -5.17658, 0.964116, 3.52035, 0.0217751
31.3452, -4.6059, 0.967641, 3.35433, 0.0206886
31.5112, -4.06279, 0.970986, 3.18832, 0.019602
31.6772, -3.54726, 0.97415, 3.0223, 0.0185154
31.8433, -3.05927, 0.977134, 2.85628, 0.0174288
32.0093, -2.59885, 0.979937, 2.69026, 0.0163422
32.1753, -2.16598, 0.98256, 2.52425, 0.0152555
32.3413, -1.76068, 0.985002, 2.35823, 0.0141688
32.5074, -1.38296, 0.987264, 2.19221, 0.013082
32.6734, -1.03278, 0.989346, 2.02619, 0.0119952
32.8394, -0.710175, 0.991247, 1.86018, 0.0109085
33.0054, -0.415131, 0.992968, 1.69416, 0.00982162
33.1714, -0.147636, 0.994509, 1.52814, 0.00873479
33.3375, 0.0922852, 0.995868, 1.36212, 0.00764793
33.5035, 0.304649, 0.997048, 1.19611, 0.00656105
33.6695, 0.489441, 0.998047, 1.03009, 0.00547415
33.8355, 0.646667, 0.998866, 0.864069, 0.00438721
34.0015, 0.776352, 0.999504, 0.698052, 0.00330028
34.1676, 0.878471, 0.999961, 0.532036, 0.00221333
34.3336, 0.953003, 1.00024, 0.366017, 0.00112635
34.4996, 0.999992, 1.00034, 0.199999, 3.93632e-05
