22.9635, 0
0, 0, 0, 0.5, 0
0.122251, 0.0536537, 0.000100221, 0.377763, 0.00183087
0.244501, 0.0923648, 0.000424255, 0.255526, 0.00366174
0.366752, 0.116129, 0.000972156, 0.133289, 0.00549261
0.489002, 0.124953, 0.00174385, 0.0110522, 0.00732348
0.611253, 0.118832, 0.00273938, -0.111185, 0.00915435
0.733504, 0.0977682, 0.00395872, -0.233422, 0.0109852
0.855754, 0.0617583, 0.00540192, -0.355658, 0.0128161
0.978005, 0.0108081, 0.00706891, -0.477895, 0.014647
1.10026, -0.0550873, 0.00895974, -0.600132, 0.0164778
1.22251, -0.135924, 0.0110744, -0.722369, 0.0183087
1.34476, -0.231707, 0.0134129, -0.844606, 0.0201396
1.46701, -0.342433, 0.0159752, -0.966843, 0.0219704
1.58926, -0.468102, 0.0187613, -1.08908, 0.0238013
1.71151, -0.608713, 0.0217712, -1.21132, 0.0256322
1.83376, -0.764269, 0.025005, -1.33355, 0.027463
1.95601, -0.934768, 0.0284626, -1.45579, 0.0292939
2.07826, -1.12021, 0.032144, -1.57803, 0.0311248
2.20051, -1.3206, 0.0360493, -1.70026, 0.0329557
2.32276, -1.53593, 0.0401783, -1.8225, 0.0347865
2.44501, -1.7662, 0.0445312, -1.94474, 0.0366174
2.56726, -2.01142, 0.049108, -2.06697, 0.0384483
2.68951, -2.27158, 0.0539085, -2.18921, 0.0402791
2.81176, -2.54669, 0.0589329, -2.31145, 0.04211
2.93401, -2.83673, 0.0641811, -2.43369, 0.0439409
3.05626, -3.14173, 0.0696531, -2.55592, 0.0457717
3.17852, -3.46166, 0.075349, -2.67816, 0.0476026
3.30077, -3.79654, 0.0812687, -2.8004, 0.0494335
3.42302, -4.14636, 0.0874122, -2.92263, 0.0512643
3.54527, -4.51113, 0.0937795, -3.04487, 0.0530952
3.66752, -4.89083, 0.100371, -3.16711, 0.0549261
3.78977, -5.28549, 0.107186, -3.28934, 0.056757
3.91202, -5.69508, 0.114224, -3.41158, 0.0585878
4.03427, -6.11963, 0.121487, -3.53382, 0.0604187
4.15652, -6.55911, 0.128973, -3.65605, 0.0622496
4.27877, -7.01353, 0.136684, -3.77829, 0.0640805
4.40102, -7.4829, 0.144618, -3.90053, 0.0659113
4.52327, -7.96722, 0.152776, -4.02277, 0.0677422
4.64552, -8.46647, 0.161157, -4.145, 0.0695731
4.76777, -8.98067, 0.169763, -4.26724, 0.0714039
4.89002, -9.50982, 0.178592, -4.38948, 0.0732348
5.01227, -10.0539, 0.187646, -4.51171, 0.0750657
5.13452, -10.6129, 0.196923, -4.63395, 0.0768966
5.25678, -11.1869, 0.206424, -4.75619, 0.0787274
5.37903, -11.7758, 0.216148, -4.87843, 0.0805583
5.50128, -12.3797, 0.226097, -5.00066, 0.0823892
5.62353, -12.9985, 0.236269, -5.1229, 0.0842201
5.74578, -13.6322, 0.246665, -5.24514, 0.086051
5.86803, -14.2809, 0.257285, -5.36738, 0.0878818
5.99028, -14.9446, 0.268129, -5.48962, 0.0897128
6.11253, -15.6232, 0.279197, -5.61202, 0.0915461
6.23478, -16.3049, 0.289927, -5.51742, 0.086385
6.35703, -16.972, 0.300371, -5.39516, 0.0844816
6.47928, -17.6241, 0.310584, -5.27293, 0.0826102
6.60153, -18.2612, 0.32057, -5.15069, 0.0807508
6.72378, -18.8834, 0.330328, -5.02845, 0.078898
6.84603, -19.4907, 0.339861, -4.90621, 0.0770493
6.96828, -20.083, 0.349167, -4.78398, 0.0752035
7.09053, -20.6604, 0.358248, -4.66174, 0.0733596
7.21279, -21.2228, 0.367104, -4.53951, 0.0715174
7.33504, -21.7703, 0.375734, -4.41727, 0.0696763
7.45729, -22.3028, 0.38414, -4.29503, 0.0678362
7.57954, -22.8204, 0.39232, -4.17279, 0.0659969
7.70179, -23.3231, 0.400276, -4.05056, 0.0641584
7.82404, -23.8108, 0.408007, -3.92832, 0.0623203
7.94629, -24.2835, 0.415513, -3.80608, 0.0604828
8.06854, -24.7414, 0.422795, -3.68384, 0.0586457
8.19079, -25.1843, 0.429852, -3.56161, 0.056809
8.31304, -25.6122, 0.436685, -3.43937, 0.0549726
8.43529, -26.0252, 0.443293, -3.31714, 0.0531366
8.55754, -26.4232, 0.449677, -3.1949, 0.0513008
8.67979, -26.8063, 0.455836, -3.07266, 0.0494652
8.80204, -27.1745, 0.461771, -2.95042, 0.0476299
8.92429, -27.5277, 0.467482, -2.82819, 0.0457948
9.04654, -27.866, 0.472968, -2.70595, 0.0439598
9.16879, -28.1893, 0.47823, -2.58371, 0.042125
9.29105, -28.4977, 0.483268, -2.46148, 0.0402904
9.4133, -28.7912, 0.488081, -2.33924, 0.0384559
9.53555, -29.0697, 0.49267, -2.217, 0.0366215
9.6578, -29.3332, 0.497035, -2.09477, 0.0347873
9.78005, -29.5818, 0.501176, -1.97253, 0.0329531
9.9023, -29.8155, 0.505092, -1.85029, 0.0311191
10.0245, -30.0342, 0.508785, -1.72806, 0.0292852
10.1468, -30.238, 0.512252, -1.60582, 0.0274514
10.269, -30.4269, 0.515496, -1.48358, 0.0256177
10.3913, -30.6008, 0.518516, -1.36134, 0.023784
10.5136, -30.7597, 0.521312, -1.23911, 0.0219504
10.6358, -30.9037, 0.523883, -1.11687, 0.020117
10.7581, -31.0328, 0.52623, -0.994634, 0.0182835
10.8803, -31.1469, 0.528353, -0.872397, 0.0164502
11.0026, -31.2461, 0.530252, -0.75016, 0.0146169
11.1248, -31.3303, 0.531927, -0.627925, 0.0127836
11.2471, -31.3996, 0.533378, -0.505687, 0.0109505
11.3693, -31.454, 0.534605, -0.38345, 0.00911732
11.4916, -31.4934, 0.535607, -0.261213, 0.00728426
11.6138, -31.5178, 0.536386, -0.138976, 0.00545122
11.7361, -31.5273, 0.53694, -0.016739, 0.00361825
11.8583, -31.5219, 0.53727, 0.105498, 0.00178531
11.9806, -31.5016, 0.537376, 0.227735, -4.75682e-05
12.1028, -31.4662, 0.537259, 0.349971, -0.0018804
12.2114, -31.4222, 0.548598, 0.458594, 0.00166264
12.32, -31.3665, 0.54888, 0.567188, 0.00332527
12.4286, -31.299, 0.549342, 0.675781, 0.00498789
12.5372, -31.2197, 0.549985, 0.784376, 0.00665053
12.6458, -31.1286, 0.550808, 0.892969, 0.00831317
12.7544, -31.0257, 0.551812, 1.00156, 0.0099758
12.8631, -30.911, 0.552996, 1.11016, 0.0116384
12.9717, -30.7846, 0.554361, 1.21875, 0.0133011
13.0803, -30.6463, 0.555907, 1.32734, 0.0149637
13.1889, -30.4963, 0.557633, 1.43594, 0.0166263
13.2975, -30.3344, 0.55954, 1.54453, 0.018289
13.4061, -30.1608, 0.561627, 1.65313, 0.0199516
13.5147, -29.9753, 0.563895, 1.76172, 0.0216142
13.6233, -29.7781, 0.566344, 1.87031, 0.0232769
13.7319, -29.5691, 0.568973, 1.97891, 0.0249395
13.8405, -29.3482, 0.571782, 2.0875, 0.0266021
13.9491, -29.1156, 0.574773, 2.1961, 0.0282648
14.0577, -28.8712, 0.577943, 2.30469, 0.0299274
14.1663, -28.615, 0.581295, 2.41328, 0.03159
14.2749, -28.347, 0.584827, 2.52188, 0.0332527
14.3835, -28.0672, 0.588539, 2.63047, 0.0349153
14.4922, -27.7757, 0.592432, 2.73907, 0.0365779
14.6008, -27.4723, 0.596506, 2.84766, 0.0382406
14.7094, -27.1571, 0.60076, 2.95625, 0.0399032
14.818, -26.8301, 0.605195, 3.06485, 0.0415658
14.9266, -26.4914, 0.60981, 3.17344, 0.0432285
15.0352, -26.1408, 0.614606, 3.28203, 0.0448911
15.1438, -25.7785, 0.619583, 3.39063, 0.0465537
15.2524, -25.4043, 0.62474, 3.49922, 0.0482164
15.361, -25.0184, 0.630077, 3.60782, 0.049879
15.4696, -24.6207, 0.635596, 3.71641, 0.0515416
15.5782, -24.2112, 0.641294, 3.825, 0.0532043
15.6868, -23.7898, 0.647174, 3.9336, 0.0548669
15.7954, -23.3567, 0.653234, 4.04219, 0.0565295
15.904, -22.9118, 0.659474, 4.15079, 0.0581922
16.0126, -22.4551, 0.665895, 4.25938, 0.0598548
16.1213, -21.9866, 0.672497, 4.36797, 0.0615174
16.2299, -21.5063, 0.679279, 4.47657, 0.0631801
16.3385, -21.0143, 0.686242, 4.58516, 0.0648427
16.4471, -20.5104, 0.693385, 4.69376, 0.0665053
16.5557, -19.9947, 0.700709, 4.80235, 0.0681679
16.6643, -19.4673, 0.708214, 4.91094, 0.0698306
16.7729, -18.928, 0.715899, 5.01954, 0.0714932
16.8815, -18.3769, 0.723765, 5.12813, 0.0731559
16.9901, -17.8141, 0.731811, 5.23673, 0.0748186
17.0987, -17.2395, 0.740038, 5.34532, 0.0764812
17.2073, -16.653, 0.748445, 5.45392, 0.0781439
17.3159, -16.0548, 0.757033, 5.56253, 0.0798068
17.4245, -15.4448, 0.765802, 5.67116, 0.0814699
17.5331, -14.8286, 0.774817, 5.62973, 0.0830672
17.6417, -14.2231, 0.783754, 5.52111, 0.0814927
17.7504, -13.6293, 0.792517, 5.41251, 0.0798761
17.859, -13.0474, 0.801104, 5.30392, 0.0782449
17.9676, -12.4772, 0.809512, 5.19532, 0.0766058
18.0762, -11.9189, 0.817743, 5.08673, 0.0749624
18.1848, -11.3723, 0.825795, 4.97814, 0.0733158
18.2934, -10.8376, 0.833668, 4.86954, 0.0716669
18.402, -10.3146, 0.841362, 4.76094, 0.0700164
18.5106, -9.80344, 0.848877, 4.65235, 0.0683645
18.6192, -9.30407, 0.856212, 4.54376, 0.0667116
18.7278, -8.81648, 0.863367, 4.43516, 0.0650579
18.8364, -8.34069, 0.870343, 4.32657, 0.0634033
18.945, -7.87669, 0.877139, 4.21797, 0.0617482
19.0536, -7.42449, 0.883756, 4.10938, 0.0600926
19.1622, -6.98408, 0.890192, 4.00078, 0.0584364
19.2708, -6.55547, 0.896449, 3.89219, 0.0567799
19.3794, -6.13865, 0.902525, 3.7836, 0.0551231
19.4881, -5.73362, 0.908422, 3.675, 0.0534659
19.5967, -5.34039, 0.914139, 3.56641, 0.0518084
19.7053, -4.95895, 0.919676, 3.45781, 0.0501507
19.8139, -4.58931, 0.925032, 3.34922, 0.0484927
19.9225, -4.23145, 0.930209, 3.24063, 0.0468345
20.0311, -3.8854, 0.935205, 3.13203, 0.0451762
20.1397, -3.55114, 0.940022, 3.02344, 0.0435177
20.2483, -3.22867, 0.944658, 2.91484, 0.0418589
20.3569, -2.918, 0.949114, 2.80625, 0.0402001
20.4655, -2.61912, 0.95339, 2.69766, 0.0385411
20.5741, -2.33203, 0.957486, 2.58906, 0.036882
20.6827, -2.05674, 0.961401, 2.48047, 0.0352227
20.7913, -1.79324, 0.965137, 2.37188, 0.0335634
20.8999, -1.54154, 0.968692, 2.26328, 0.0319039
21.0085, -1.30163, 0.972066, 2.15469, 0.0302444
21.1172, -1.07351, 0.975261, 2.04609, 0.0285847
21.2258, -0.857189, 0.978275, 1.9375, 0.026925
21.3344, -0.652662, 0.981109, 1.82891, 0.0252652
21.443, -0.459923, 0.983763, 1.72031, 0.0236053
21.5516, -0.278984, 0.986237, 1.61172, 0.0219453
21.6602, -0.10984, 0.98853, 1.50312, 0.0202853
21.7688, 0.0475159, 0.990643, 1.39453, 0.0186252
21.8774, 0.193071, 0.992576, 1.28594, 0.016965
21.986, 0.326836, 0.994328, 1.17734, 0.0153048
22.0946, 0.448805, 0.9959, 1.06875, 0.0136445
22.2032, 0.558981, 0.997292, 0.960155, 0.0119841
22.3118, 0.657366, 0.998503, 0.851561, 0.0103237
22.4204, 0.743952, 0.999534, 0.742967, 0.00866331
22.529, 0.818747, 1.00039, 0.634374, 0.00700283
22.6376, 0.881742, 1.00106, 0.525778, 0.00534227
22.7463, 0.932955, 1.00155, 0.417184, 0.00368169
22.8549, 0.972368, 1.00186, 0.308592, 0.00202109
22.9635, 0.999983, 1.00198, 0.199998, 0.000360424
