32.9438, 0
0, 0, 0, 0.5, 0
0.1729, 0.071504, 0.000104203, 0.327105, 0.00129462
0.345799, 0.113111, 0.000432276, 0.154211, 0.00258923
0.518699, 0.12483, 0.00123492, -0.0186847, 0.00385295
0.691599, 0.106652, 0.00175987, -0.191579, 0.00517847
0.864498, 0.0585826, 0.00299952, -0.364474, 0.00644219
1.0374, -0.0193877, 0.00398288, -0.537369, 0.00776771
1.2103, -0.127242, 0.0054301, -0.710264, 0.00906233
1.3832, -0.264994, 0.00710119, -0.883158, 0.0103569
1.5561, -0.432635, 0.0092148, -1.05605, 0.0116207
1.729, -0.630174, 0.0113282, -1.22895, 0.0129153
1.9019, -0.857608, 0.0134575, -1.40184, 0.0142408
2.0748, -1.11493, 0.0162266, -1.57474, 0.0155045
2.2477, -1.40215, 0.0190115, -1.74763, 0.0167991
2.4206, -1.71926, 0.0220203, -1.92053, 0.0180937
2.5935, -2.06627, 0.0250663, -2.09342, 0.0194193
2.76639, -2.44317, 0.0287094, -2.26632, 0.020683
2.93929, -2.84996, 0.0322137, -2.43921, 0.0220085
3.11219, -3.28665, 0.0363936, -2.61211, 0.0232541
3.28509, -3.75323, 0.0405185, -2.785, 0.0245488
3.45799, -4.24969, 0.0448671, -2.9579, 0.0258434
3.63089, -4.77606, 0.0494397, -3.13079, 0.027138
3.80379, -5.33232, 0.054236, -3.30369, 0.0284326
3.97669, -5.91847, 0.0592562, -3.47658, 0.0297272
4.14959, -6.53452, 0.0645003, -3.64948, 0.0310219
4.32249, -7.18046, 0.0699682, -3.82237, 0.0323165
4.49539, -7.8563, 0.0757129, -3.99526, 0.0335983
4.66829, -8.56202, 0.0815754, -4.16816, 0.0349057
4.84119, -9.29764, 0.0877148, -4.34105, 0.0362003
5.01409, -10.0632, 0.094078, -4.51395, 0.0374949
5.18699, -10.8586, 0.100665, -4.68684, 0.0387896
5.35989, -11.6839, 0.107476, -4.85974, 0.0400842
5.53279, -12.5391, 0.114511, -5.03263, 0.0413788
5.70569, -13.4241, 0.121769, -5.20553, 0.0426734
5.87859, -14.3391, 0.129252, -5.37842, 0.043968
6.05149, -15.284, 0.136958, -5.55132, 0.0452626
6.22439, -16.2588, 0.144979, -5.72421, 0.0465195
6.39729, -17.2634, 0.15314, -5.8971, 0.0478081
6.57019, -18.298, 0.161498, -6.07, 0.0491087
6.74309, -19.3624, 0.170065, -6.2429, 0.0504183
6.91599, -20.4568, 0.178922, -6.41579, 0.051692
7.08889, -21.581, 0.187986, -6.58868, 0.0529724
7.26179, -22.7351, 0.197259, -6.76158, 0.0542596
7.43469, -23.9192, 0.206745, -6.93447, 0.0555542
7.60759, -25.1331, 0.216458, -7.10737, 0.0568455
7.78048, -26.3769, 0.226385, -7.28026, 0.058147
7.95338, -27.6506, 0.236569, -7.45315, 0.0594022
8.12628, -28.9542, 0.246941, -7.62604, 0.0607034
8.29918, -30.2877, 0.257543, -7.79894, 0.0619899
8.47208, -31.6511, 0.268371, -7.97181, 0.0632535
8.64498, -33.0442, 0.279408, -8.12097, 0.0640803
8.81788, -34.4335, 0.290362, -7.9489, 0.0626697
8.99078, -35.7929, 0.301083, -7.77602, 0.0613457
9.16368, -37.1225, 0.311576, -7.60314, 0.0600336
9.33658, -38.4221, 0.321843, -7.43025, 0.0587264
9.50948, -39.6919, 0.331884, -7.25737, 0.0574221
9.68238, -40.9317, 0.341699, -7.08447, 0.0561194
9.85528, -42.1417, 0.35129, -6.91157, 0.054818
10.0282, -43.3217, 0.360655, -6.73868, 0.0535175
10.2011, -44.4719, 0.369796, -6.56579, 0.0522176
10.374, -45.5922, 0.378712, -6.39289, 0.0509184
10.5469, -46.6825, 0.387404, -6.22, 0.0496195
10.7198, -47.743, 0.395871, -6.0471, 0.048321
10.8927, -48.7736, 0.404113, -5.87421, 0.0470229
11.0656, -49.7743, 0.412131, -5.70131, 0.045725
11.2385, -50.7451, 0.419925, -5.52842, 0.0444273
11.4114, -51.6861, 0.427494, -5.35553, 0.0431298
11.5843, -52.5971, 0.434839, -5.18263, 0.0418325
11.7572, -53.4782, 0.44196, -5.00974, 0.0405353
11.9301, -54.3294, 0.448856, -4.83684, 0.0392383
12.103, -55.1508, 0.455528, -4.66395, 0.0379414
12.2759, -55.9422, 0.461976, -4.49105, 0.0366446
12.4488, -56.7038, 0.4682, -4.31815, 0.0353479
12.6217, -57.4355, 0.474199, -4.14526, 0.0340514
12.7946, -58.1372, 0.479975, -3.97236, 0.0327548
12.9675, -58.8091, 0.485526, -3.79947, 0.0314584
13.1404, -59.4511, 0.490853, -3.62658, 0.030162
13.3133, -60.0632, 0.495956, -3.45368, 0.0288657
13.4862, -60.6454, 0.500835, -3.28079, 0.0275695
13.6591, -61.1977, 0.50549, -3.10789, 0.0262733
13.832, -61.7201, 0.50992, -2.935, 0.0249772
14.0049, -62.2126, 0.514127, -2.7621, 0.0236811
14.1778, -62.6752, 0.518109, -2.58921, 0.0223851
14.3507, -63.1079, 0.521868, -2.41631, 0.0210891
14.5236, -63.5107, 0.525402, -2.24342, 0.0197932
14.6965, -63.8837, 0.528712, -2.07052, 0.0184973
14.8694, -64.2267, 0.531798, -1.89763, 0.0172014
15.0423, -64.5399, 0.53466, -1.72473, 0.0159056
15.2152, -64.8232, 0.537298, -1.55184, 0.0146098
15.3881, -65.0765, 0.539712, -1.37894, 0.013314
15.561, -65.3, 0.541902, -1.20605, 0.0120182
15.7339, -65.4936, 0.543868, -1.03315, 0.0107225
15.9068, -65.6572, 0.54561, -0.860259, 0.00942682
16.0797, -65.7911, 0.547128, -0.687366, 0.00813117
16.2526, -65.8949, 0.548422, -0.514471, 0.00683552
16.4255, -65.9689, 0.549492, -0.341575, 0.0055399
16.5984, -66.0131, 0.550338, -0.168681, 0.0042443
16.7713, -66.0273, 0.550959, 0.00421494, 0.00294872
16.9442, -66.0116, 0.551357, 0.177108, 0.00165318
17.1171, -65.966, 0.551531, 0.350003, 0.00035764
17.2753, -65.8982, 0.548594, 0.508263, 0.00114105
17.4336, -65.8052, 0.548872, 0.666525, 0.00228209
17.5919, -65.6872, 0.54933, 0.824788, 0.00342313
17.7501, -65.5441, 0.549969, 0.983051, 0.00456417
17.9084, -65.376, 0.550788, 1.14131, 0.00570522
18.0667, -65.1829, 0.551788, 1.29958, 0.00684626
18.2249, -64.9647, 0.552969, 1.45784, 0.00798731
18.3832, -64.7214, 0.55433, 1.6161, 0.00912835
18.5415, -64.4531, 0.555872, 1.77437, 0.0102694
18.6997, -64.1597, 0.55502, 1.93262, 0.0118219
18.858, -63.8414, 0.559497, 2.09089, 0.0125515
19.0163, -63.4979, 0.559137, 2.24915, 0.014104
19.1745, -63.1294, 0.563845, 2.40742, 0.0148336
19.3328, -62.7359, 0.563976, 2.56568, 0.0163861
19.4911, -62.3173, 0.568915, 2.72394, 0.0171156
19.6493, -61.8737, 0.569537, 2.8822, 0.0186682
19.8076, -61.405, 0.574707, 3.04047, 0.0193977
19.9659, -60.9113, 0.577874, 3.19873, 0.0205388
20.1241, -60.3925, 0.579234, 3.35699, 0.0220913
20.2824, -59.8486, 0.582827, 3.51525, 0.0232324
20.4407, -59.2798, 0.588459, 3.67352, 0.0239619
20.5989, -58.6859, 0.590556, 3.83178, 0.0255145
20.7572, -58.0669, 0.594691, 3.99004, 0.0266555
20.9155, -57.4229, 0.599007, 4.1483, 0.0277965
21.0737, -56.7538, 0.603503, 4.30657, 0.0289376
21.232, -56.0597, 0.609712, 4.46483, 0.0296671
21.3903, -55.3405, 0.614505, 4.62309, 0.0308082
21.5485, -54.5963, 0.618076, 4.78135, 0.0323607
21.7068, -53.8271, 0.624631, 4.93962, 0.0330903
21.8651, -53.0328, 0.629966, 5.09788, 0.0342313
22.0233, -52.2134, 0.634274, 5.25614, 0.0357838
22.1816, -51.369, 0.640034, 5.4144, 0.0369249
22.3399, -50.4996, 0.647052, 5.57267, 0.0376544
22.4981, -49.6051, 0.652097, 5.73093, 0.039207
22.6564, -48.6856, 0.659345, 5.8892, 0.0399365
22.8147, -47.741, 0.664882, 6.04746, 0.0414891
22.9729, -46.7713, 0.671545, 6.20572, 0.0426301
23.1312, -45.7767, 0.67914, 6.36399, 0.0433597
23.2895, -44.7569, 0.6861, 6.52225, 0.0445007
23.4477, -43.7121, 0.692619, 6.6805, 0.0460532
23.606, -42.6423, 0.70056, 6.83877, 0.0467828
23.7643, -41.5474, 0.707571, 6.99703, 0.0483353
23.9225, -40.4275, 0.715318, 7.15529, 0.0494764
24.0808, -39.2825, 0.72322, 7.31356, 0.0506471
24.2391, -38.1125, 0.731649, 7.47183, 0.051347
24.3973, -36.9175, 0.739604, 7.63008, 0.0529684
24.5556, -35.6974, 0.748276, 7.78835, 0.053629
24.7139, -34.4522, 0.756732, 7.94659, 0.0553052
24.8721, -33.182, 0.765578, 8.10482, 0.0564983
25.0304, -31.8924, 0.774595, 8.11307, 0.0568988
25.1887, -30.6208, 0.783515, 7.95488, 0.0558069
25.3469, -29.3744, 0.792259, 7.79661, 0.054688
25.5052, -28.1529, 0.800825, 7.63836, 0.0535615
25.6635, -26.9566, 0.809213, 7.48009, 0.0524313
25.8217, -25.7852, 0.817421, 7.32183, 0.0512989
25.98, -24.639, 0.82545, 7.16356, 0.050165
26.1383, -23.5177, 0.8333, 7.0053, 0.0490301
26.2965, -22.4216, 0.84097, 6.84703, 0.0478945
26.4548, -21.3504, 0.84846, 6.68877, 0.0467582
26.6131, -20.3043, 0.85577, 6.53051, 0.0456215
26.7713, -19.2833, 0.862901, 6.37225, 0.0444843
26.9296, -18.2873, 0.869851, 6.21398, 0.0433468
27.0879, -17.3164, 0.876622, 6.05572, 0.0422091
27.2461, -16.3705, 0.883212, 5.89746, 0.0410711
27.4044, -15.4496, 0.889622, 5.73919, 0.0399329
27.5627, -14.5538, 0.895852, 5.58093, 0.0387946
27.7209, -13.6831, 0.901902, 5.42267, 0.0376561
27.8792, -12.8373, 0.907771, 5.26441, 0.0365174
28.0375, -12.0167, 0.913461, 5.10615, 0.0353786
28.1957, -11.2211, 0.91897, 4.94788, 0.0342397
28.354, -10.4505, 0.924299, 4.78962, 0.0331007
28.5123, -9.70501, 0.929447, 4.63136, 0.0319616
28.6705, -8.98454, 0.934416, 4.47309, 0.0308224
28.8288, -8.28912, 0.939204, 4.31483, 0.0296832
28.9871, -7.61875, 0.943811, 4.15657, 0.0285439
29.1453, -6.97343, 0.948239, 3.99831, 0.0274045
29.3036, -6.35315, 0.952486, 3.84004, 0.026265
29.4619, -5.75792, 0.956553, 3.68178, 0.0251255
29.6201, -5.18774, 0.960439, 3.52352, 0.0239859
29.7784, -4.64262, 0.964145, 3.36526, 0.0228463
29.9367, -4.12253, 0.967671, 3.20699, 0.0217067
30.0949, -3.62749, 0.971016, 3.04873, 0.020567
30.2532, -3.15751, 0.974181, 2.89047, 0.0194272
30.4115, -2.71257, 0.977165, 2.7322, 0.0182874
30.5697, -2.29267, 0.979969, 2.57394, 0.0171476
30.728, -1.89782, 0.982593, 2.41568, 0.0160078
30.8863, -1.52802, 0.985036, 2.25742, 0.0148679
31.0445, -1.18327, 0.987299, 2.09915, 0.013728
31.2028, -0.863571, 0.989382, 1.94089, 0.012588
31.3611, -0.568916, 0.991284, 1.78263, 0.011448
31.5194, -0.299309, 0.993005, 1.62437, 0.010308
31.6776, -0.0547485, 0.994546, 1.4661, 0.00916801
31.8359, 0.164757, 0.995907, 1.30784, 0.00802797
31.9942, 0.35923, 0.997088, 1.14958, 0.00688791
32.1524, 0.528648, 0.998088, 0.991315, 0.00574782
32.3107, 0.673012, 0.998907, 0.83305, 0.00460769
32.469, 0.792328, 0.999546, 0.674787, 0.00346756
32.6272, 0.886597, 1, 0.516525, 0.00232741
32.7855, 0.955826, 1.00028, 0.358264, 0.00118726
32.9438, 0.999992, 1.00038, 0.2, 4.70572e-05
