1.73904, 0.176885
0, 0, 0, 0.5, 0
0.011168, 0.00453119, 0.000220242, 0.500666, 0.0110517
0.022336, 0.00907252, 0.000564456, 0.501326, 0.0221014
0.0335041, 0.0136236, 0.00103267, 0.50198, 0.0331489
0.0446721, 0.0181848, 0.00162479, 0.502627, 0.0441941
0.0558401, 0.0227557, 0.00234087, 0.503268, 0.055237
0.0670081, 0.0273369, 0.00318083, 0.503901, 0.0662774
0.0781762, 0.0319277, 0.00414477, 0.504528, 0.0773152
0.0893442, 0.0365285, 0.00523255, 0.505147, 0.0883503
0.100512, 0.0411392, 0.0064442, 0.505758, 0.0993827
0.11168, 0.04576, 0.00777974, 0.506361, 0.110412
0.122848, 0.0503905, 0.00923909, 0.506956, 0.121438
0.134016, 0.0550309, 0.0108223, 0.507542, 0.132461
0.145184, 0.0596811, 0.0125293, 0.508119, 0.143481
0.156352, 0.0643413, 0.01436, 0.508686, 0.154498
0.16752, 0.0690111, 0.0163145, 0.509243, 0.16551
0.178688, 0.0736908, 0.0183928, 0.509791, 0.176519
0.189856, 0.0783803, 0.0205947, 0.510327, 0.187524
0.201024, 0.0830797, 0.0229203, 0.510852, 0.198524
0.212192, 0.0877886, 0.0253696, 0.511365, 0.20952
0.22336, 0.0925074, 0.0279425, 0.511866, 0.220512
0.234528, 0.0972359, 0.030639, 0.512354, 0.231498
0.245696, 0.101974, 0.033459, 0.512829, 0.242479
0.256865, 0.106722, 0.0364025, 0.51329, 0.253455
0.268033, 0.111479, 0.0394696, 0.513736, 0.264425
0.279201, 0.116246, 0.04266, 0.514166, 0.275389
0.290369, 0.121023, 0.0459738, 0.51458, 0.286346
0.301537, 0.125809, 0.049411, 0.514977, 0.297297
0.312705, 0.130605, 0.0529714, 0.515355, 0.308241
0.323873, 0.13541, 0.0566551, 0.515715, 0.319176
0.335041, 0.140225, 0.0604619, 0.516055, 0.330104
0.346209, 0.145049, 0.0643918, 0.516374, 0.341023
0.357377, 0.149882, 0.0684448, 0.51667, 0.351932
0.368545, 0.154725, 0.0726207, 0.516943, 0.362832
0.379713, 0.159577, 0.0769195, 0.517191, 0.373721
0.390881, 0.164438, 0.0813411, 0.517413, 0.384599
0.402049, 0.169308, 0.0858854, 0.517607, 0.395466
0.413217, 0.174188, 0.0905523, 0.517771, 0.406319
0.424385, 0.179076, 0.0953416, 0.517904, 0.417158
0.435553, 0.183974, 0.100253, 0.518003, 0.427983
0.446721, 0.18888, 0.105287, 0.518067, 0.438792
0.457889, 0.193795, 0.110443, 0.518093, 0.449583
0.469057, 0.198719, 0.115721, 0.518078, 0.460356
0.480225, 0.203652, 0.121121, 0.518021, 0.471109
0.491393, 0.208593, 0.126642, 0.517917, 0.48184
0.502561, 0.213542, 0.132285, 0.517763, 0.492547
0.513729, 0.2185, 0.138049, 0.517556, 0.503229
0.524897, 0.223466, 0.143933, 0.517293, 0.513882
0.536065, 0.228439, 0.149938, 0.516967, 0.524504
0.547233, 0.233421, 0.156064, 0.516575, 0.535093
0.558401, 0.23841, 0.162309, 0.516112, 0.545645
0.569569, 0.243407, 0.168674, 0.515571, 0.556155
0.580737, 0.248411, 0.175158, 0.514946, 0.566621
0.591905, 0.253422, 0.181761, 0.51423, 0.577037
0.603073, 0.258439, 0.188481, 0.513414, 0.587397
0.614241, 0.263463, 0.195319, 0.512491, 0.597694
0.625409, 0.268493, 0.202274, 0.511449, 0.607923
0.636577, 0.273529, 0.209344, 0.510279, 0.618073
0.647745, 0.27857, 0.21653, 0.508967, 0.628136
0.658913, 0.283616, 0.223829, 0.5075, 0.638101
0.670081, 0.288665, 0.231241, 0.505863, 0.647952
0.681249, 0.293719, 0.238764, 0.504038, 0.657676
0.692417, 0.298775, 0.246396, 0.502006, 0.667254
0.703585, 0.303833, 0.254136, 0.499745, 0.676665
0.714753, 0.308892, 0.261982, 0.497233, 0.685883
0.725921, 0.31395, 0.26993, 0.494442, 0.694879
0.737089, 0.319007, 0.277978, 0.491346, 0.703618
0.748258, 0.324061, 0.286122, 0.487911, 0.712058
0.759426, 0.329109, 0.294358, 0.484108, 0.720152
0.770594, 0.33415, 0.302681, 0.4799, 0.727842
0.781762, 0.339181, 0.311084, 0.475257, 0.735065
0.79293, 0.344197, 0.319562, 0.470148, 0.741747
0.804098, 0.349196, 0.328106, 0.464547, 0.747807
0.815266, 0.354172, 0.336707, 0.45844, 0.753157
0.826434, 0.35912, 0.345355, 0.451823, 0.757709
0.837602, 0.364032, 0.35404, 0.444711, 0.761374
0.84877, 0.368902, 0.362748, 0.437139, 0.764079
0.859938, 0.373722, 0.371468, 0.429161, 0.765763
0.871106, 0.378484, 0.380187, 0.420853, 0.766393
0.882274, 0.383179, 0.388892, 0.412301, 0.765963
0.893442, 0.387801, 0.397572, 0.403599, 0.764496
0.90461, 0.392343, 0.406216, 0.394838, 0.76204
0.915778, 0.396802, 0.414814, 0.386102, 0.758665
0.926946, 0.401172, 0.423357, 0.377461, 0.75445
0.938114, 0.405454, 0.431837, 0.368969, 0.749479
0.949282, 0.409645, 0.440248, 0.360669, 0.74384
0.96045, 0.413746, 0.448584, 0.352586, 0.737611
0.971618, 0.417758, 0.45684, 0.344738, 0.730866
0.982786, 0.421682, 0.465011, 0.337132, 0.723671
0.993954, 0.425521, 0.473093, 0.329771, 0.716085
1.00512, 0.429277, 0.481084, 0.32265, 0.708157
1.01629, 0.432952, 0.488981, 0.315763, 0.699931
1.02746, 0.436548, 0.49678, 0.309103, 0.691445
1.03863, 0.440068, 0.50448, 0.302659, 0.682731
1.04979, 0.443514, 0.512079, 0.296421, 0.673816
1.06096, 0.446888, 0.519574, 0.29038, 0.664724
1.07213, 0.450192, 0.526965, 0.284523, 0.655475
1.0833, 0.45343, 0.53425, 0.278842, 0.646088
1.09447, 0.456602, 0.541428, 0.273327, 0.636576
1.10563, 0.45971, 0.548497, 0.267969, 0.626953
1.11197, 0.460144, 0.557171, 0.27346, 0.623857
1.1183, 0.461822, 0.565451, 0.27895, 0.620757
1.12464, 0.462585, 0.574299, 0.284448, 0.61766
1.13097, 0.463628, 0.582584, 0.289939, 0.61456
1.1373, 0.464372, 0.591159, 0.29543, 0.611465
1.14364, 0.465745, 0.599619, 0.300927, 0.608365
1.14997, 0.466803, 0.608133, 0.306419, 0.60527
1.15631, 0.468177, 0.616607, 0.31191, 0.602175
1.16264, 0.469212, 0.624796, 0.3174, 0.599076
1.16897, 0.470283, 0.633487, 0.322898, 0.595981
1.17531, 0.471949, 0.641595, 0.328389, 0.592883
1.18164, 0.473017, 0.650247, 0.333887, 0.589788
1.18798, 0.474364, 0.658338, 0.339378, 0.58669
1.19431, 0.476042, 0.666622, 0.344876, 0.583592
1.20064, 0.47709, 0.674983, 0.350367, 0.580499
1.20698, 0.478769, 0.683281, 0.355858, 0.577406
1.21331, 0.480443, 0.691507, 0.361356, 0.574308
1.21965, 0.481487, 0.69981, 0.366847, 0.571215
1.22598, 0.483159, 0.707998, 0.372345, 0.568118
1.23232, 0.484833, 0.716219, 0.377836, 0.565026
1.23865, 0.486502, 0.724369, 0.383334, 0.561929
1.24498, 0.48754, 0.732595, 0.388825, 0.558837
1.25132, 0.490156, 0.740641, 0.394323, 0.555741
1.25765, 0.491504, 0.748755, 0.399821, 0.552645
1.26399, 0.492855, 0.756902, 0.405312, 0.549554
1.27032, 0.49515, 0.764911, 0.41081, 0.546458
1.27665, 0.496815, 0.772999, 0.416301, 0.543367
1.28299, 0.498791, 0.780991, 0.421799, 0.540272
1.28932, 0.500769, 0.789019, 0.42729, 0.537182
1.29566, 0.502446, 0.797282, 0.432789, 0.534091
1.30199, 0.504418, 0.805218, 0.438287, 0.530997
1.30832, 0.506393, 0.813187, 0.443778, 0.527907
1.31466, 0.508659, 0.820775, 0.449276, 0.524809
1.32099, 0.510647, 0.82894, 0.454774, 0.521719
1.32733, 0.51293, 0.836777, 0.460272, 0.518625
1.33366, 0.514899, 0.84467, 0.465763, 0.515536
1.33999, 0.516863, 0.85249, 0.471261, 0.512443
1.34633, 0.519479, 0.860535, 0.47676, 0.509354
1.35266, 0.521424, 0.868082, 0.482251, 0.506262
1.359, 0.524017, 0.875802, 0.487749, 0.503169
1.36533, 0.526312, 0.883811, 0.493247, 0.500081
1.37166, 0.528586, 0.891514, 0.498746, 0.496989
1.378, 0.531175, 0.899175, 0.504244, 0.493897
1.38433, 0.533783, 0.907106, 0.509742, 0.490809
1.39067, 0.536053, 0.914751, 0.51524, 0.487717
1.397, 0.538009, 0.922452, 0.520732, 0.484631
1.40333, 0.540909, 0.930016, 0.52623, 0.481539
1.40967, 0.543491, 0.937582, 0.531728, 0.478449
1.416, 0.545756, 0.945151, 0.537226, 0.475358
1.42234, 0.548989, 0.952921, 0.542725, 0.472271
1.42867, 0.551251, 0.960452, 0.548223, 0.469181
1.435, 0.553848, 0.968229, 0.553722, 0.466095
1.44134, 0.557056, 0.975654, 0.55922, 0.463005
1.44767, 0.559631, 0.983107, 0.564718, 0.459916
1.45401, 0.56252, 0.990516, 0.570217, 0.456826
1.46034, 0.565429, 0.998194, 0.575715, 0.453741
1.46667, 0.567999, 1.00559, 0.581213, 0.450652
1.47301, 0.570885, 1.01294, 0.586712, 0.447563
1.47934, 0.573769, 1.02027, 0.59221, 0.444475
1.48568, 0.576988, 1.02785, 0.597709, 0.44139
1.49201, 0.57987, 1.03515, 0.603207, 0.438302
1.49834, 0.583067, 1.0424, 0.608706, 0.435214
1.50468, 0.586262, 1.04964, 0.614204, 0.432127
1.51101, 0.588843, 1.05719, 0.619703, 0.429043
1.51735, 0.592369, 1.0646, 0.625208, 0.425955
1.52368, 0.59556, 1.07177, 0.630707, 0.422868
1.53001, 0.59875, 1.07893, 0.636205, 0.419781
1.53635, 0.602275, 1.08634, 0.641704, 0.416699
1.54268, 0.605479, 1.09369, 0.647209, 0.413612
1.54902, 0.608665, 1.10079, 0.652708, 0.410526
1.55535, 0.612167, 1.10785, 0.658206, 0.40744
1.56169, 0.615686, 1.11518, 0.663705, 0.404358
1.56802, 0.618552, 1.12225, 0.669204, 0.401272
1.57435, 0.622699, 1.12944, 0.674709, 0.398186
1.58069, 0.626194, 1.13643, 0.680208, 0.395101
1.58702, 0.629373, 1.14341, 0.685706, 0.392016
1.59336, 0.632886, 1.15065, 0.691205, 0.388935
1.59969, 0.636374, 1.15752, 0.69671, 0.385846
1.60602, 0.640201, 1.16469, 0.702209, 0.382766
1.61236, 0.644007, 1.17156, 0.707708, 0.379682
1.61869, 0.647511, 1.17866, 0.713213, 0.376598
1.62503, 0.651315, 1.18549, 0.718712, 0.373514
1.63136, 0.655469, 1.1928, 0.724218, 0.370434
1.63769, 0.658953, 1.19961, 0.729717, 0.367351
1.64403, 0.662752, 1.20638, 0.735215, 0.364268
1.65036, 0.666883, 1.21335, 0.740721, 0.361184
1.6567, 0.670699, 1.22037, 0.74622, 0.358106
1.66303, 0.674807, 1.22701, 0.751725, 0.355019
1.66936, 0.678601, 1.2337, 0.757224, 0.351937
1.6757, 0.683063, 1.24085, 0.76273, 0.348858
1.68203, 0.686538, 1.24753, 0.768229, 0.345776
1.68837, 0.691293, 1.25434, 0.773735, 0.342694
1.6947, 0.695082, 1.26096, 0.779233, 0.339613
1.70103, 0.699182, 1.26748, 0.784739, 0.336527
1.70737, 0.703637, 1.27454, 0.790245, 0.33345
1.7137, 0.707758, 1.28137, 0.795744, 0.330373
1.72004, 0.711854, 1.28783, 0.80125, 0.327288
1.72637, 0.716585, 1.29429, 0.806748, 0.324208
1.7327, 0.720698, 1.30101, 0.812254, 0.321127
1.73904, 0.72481, 1.3077, 0.81776, 0.318047
