25.3125, 0
0, 0, 0, 0.5, 0
0.134189, 0.0580919, 0.000101479, 0.365821, 0.00166801
0.268379, 0.0981229, -0.00404496, 0.231651, 0.00402943
0.402568, 0.12026, 0.000975922, 0.097463, 0.00500404
0.536757, 0.124334, 0.00174891, -0.036716, 0.00667205
0.670947, 0.110352, -0.0014469, -0.170886, 0.00903347
0.805136, 0.0784698, 0.00396632, -0.305074, 0.0100081
0.939326, 0.0285298, 0.00541078, -0.439253, 0.0116761
1.07351, -0.0394173, 0.00707908, -0.573432, 0.0133441
1.2077, -0.125366, 0.00897117, -0.707611, 0.0150121
1.34189, -0.229324, 0.0110871, -0.84179, 0.0166801
1.47608, -0.351287, 0.0134269, -0.975969, 0.0183481
1.61027, -0.491255, 0.0159905, -1.11015, 0.0200162
1.74446, -0.649228, 0.0187779, -1.24433, 0.0216842
1.87865, -0.825205, 0.0217892, -1.37851, 0.0233522
2.01284, -1.01919, 0.0250243, -1.51268, 0.0250202
2.14703, -1.23118, 0.0284832, -1.64686, 0.0266882
2.28122, -1.46117, 0.032166, -1.78104, 0.0283562
2.41541, -1.70917, 0.0360726, -1.91522, 0.0300242
2.5496, -1.97521, 0.037313, -2.04939, 0.0323857
2.68379, -2.25919, 0.0445572, -2.18358, 0.0333603
2.81798, -2.5612, 0.0491353, -2.31776, 0.0350283
2.95217, -2.88123, 0.0539372, -2.45194, 0.0366963
3.08636, -3.21925, 0.0589629, -2.58612, 0.0383643
3.22054, -3.57528, 0.0645112, -2.7203, 0.0399469
3.35473, -3.94932, 0.0696859, -2.85447, 0.0417003
3.48892, -4.34136, 0.0753831, -2.98865, 0.0433683
3.62311, -4.75141, 0.081471, -3.12283, 0.0449825
3.7573, -5.17947, 0.087449, -3.25701, 0.0467044
3.89149, -5.62553, 0.0938177, -3.39119, 0.0483724
4.02568, -6.08959, 0.10064, -3.52537, 0.0499549
4.15987, -6.57166, 0.107445, -3.65955, 0.051623
4.29406, -7.07174, 0.114267, -3.79373, 0.0533764
4.42825, -7.58982, 0.121531, -3.92791, 0.0550444
4.56244, -8.12592, 0.127524, -4.06208, 0.0574059
4.69663, -8.67999, 0.136983, -4.19626, 0.0582553
4.83082, -9.25209, 0.144768, -4.33044, 0.0599946
4.96501, -9.84219, 0.153014, -4.46462, 0.0616087
5.0992, -10.4503, 0.161347, -4.5988, 0.0632991
5.23339, -11.0764, 0.169895, -4.73298, 0.0649986
5.36757, -11.7205, 0.178646, -4.86716, 0.0667205
5.50176, -12.3827, 0.187909, -5.00134, 0.0682176
5.63595, -13.0628, 0.197154, -5.13552, 0.0698948
5.77014, -13.7609, 0.206625, -5.2697, 0.0715732
5.90433, -14.4771, 0.216321, -5.40387, 0.0732532
6.03852, -15.2112, 0.225687, -5.53805, 0.075754
6.17271, -15.9634, 0.236378, -5.67223, 0.0766432
6.3069, -16.7335, 0.246829, -5.80641, 0.0781527
6.44109, -17.5217, 0.257425, -5.94058, 0.0797949
6.57528, -18.3278, 0.26824, -6.07475, 0.0814222
6.70947, -19.152, 0.279269, -6.2087, 0.0829021
6.84366, -19.9782, 0.290249, -6.09056, 0.0808971
6.97785, -20.7865, 0.300989, -5.9564, 0.079173
7.11204, -21.5768, 0.311499, -5.82221, 0.0774726
7.24623, -22.3491, 0.321781, -5.68804, 0.0757819
7.38041, -23.1034, 0.331837, -5.55386, 0.0740963
7.5146, -23.8396, 0.341667, -5.41969, 0.072414
7.64879, -24.5579, 0.351272, -5.28551, 0.0707339
7.78298, -25.2582, 0.360651, -5.15133, 0.0690554
7.91717, -25.9404, 0.369805, -5.01715, 0.0673782
8.05136, -26.6046, 0.378734, -4.88297, 0.0657018
8.18555, -27.2509, 0.387438, -4.74879, 0.0640264
8.31974, -27.8791, 0.395917, -4.61461, 0.0623516
8.45393, -28.4894, 0.404172, -4.48043, 0.0606773
8.58812, -29.0816, 0.412202, -4.34626, 0.0590035
8.72231, -29.6558, 0.420007, -4.21208, 0.0573302
8.8565, -30.212, 0.427588, -4.0779, 0.0556571
8.99069, -30.7502, 0.434944, -3.94372, 0.0539843
9.12488, -31.2704, 0.442076, -3.80954, 0.0523119
9.25907, -31.7726, 0.448983, -3.67536, 0.0506396
9.39326, -32.2568, 0.455667, -3.54118, 0.0489676
9.52744, -32.723, 0.462125, -3.407, 0.0472958
9.66163, -33.1712, 0.46836, -3.27282, 0.0456242
9.79582, -33.6014, 0.47437, -3.13865, 0.0439527
9.93001, -34.0135, 0.480156, -3.00447, 0.0422814
10.0642, -34.4077, 0.485717, -2.87029, 0.0406101
10.1984, -34.7838, 0.491055, -2.73611, 0.0389391
10.3326, -35.142, 0.496168, -2.60193, 0.0372681
10.4668, -35.4822, 0.501057, -2.46775, 0.0355973
10.601, -35.8043, 0.505721, -2.33357, 0.0339265
10.7351, -36.1084, 0.510162, -2.19939, 0.0322559
10.8693, -36.3946, 0.514378, -2.06521, 0.0305853
11.0035, -36.6627, 0.51837, -1.93103, 0.0289148
11.1377, -36.9128, 0.522138, -1.79686, 0.0272444
11.2719, -37.1449, 0.525682, -1.66268, 0.0255741
11.4061, -37.359, 0.529002, -1.5285, 0.0239038
11.5403, -37.5551, 0.532097, -1.39432, 0.0222336
11.6745, -37.7332, 0.534969, -1.26014, 0.0205635
11.8087, -37.8933, 0.537616, -1.12596, 0.0188934
11.9429, -38.0354, 0.540039, -0.991783, 0.0172233
12.077, -38.1595, 0.542239, -0.857605, 0.0155534
12.2112, -38.2656, 0.544214, -0.723424, 0.0138834
12.3454, -38.3537, 0.545965, -0.589246, 0.0122135
12.4796, -38.4237, 0.547491, -0.455067, 0.0105437
12.6138, -38.4758, 0.548794, -0.320887, 0.00887386
12.748, -38.5099, 0.549873, -0.186708, 0.00720409
12.8822, -38.5259, 0.550728, -0.0525295, 0.00553438
13.0164, -38.5239, 0.551358, 0.081649, 0.0038647
13.1506, -38.504, 0.551765, 0.21583, 0.00219502
13.2847, -38.466, 0.551948, 0.350007, 0.00052543
13.405, -38.4167, 0.548597, 0.470268, 0.00150134
13.5253, -38.3529, 0.544572, 0.590527, 0.00375826
13.6456, -38.2746, 0.545123, 0.710796, 0.0052596
13.7659, -38.1819, 0.545856, 0.831064, 0.00676094
13.8861, -38.0748, 0.550802, 0.951342, 0.00750671
14.0064, -37.9531, 0.547862, 1.0716, 0.00976363
14.1267, -37.817, 0.552987, 1.19188, 0.0105094
14.247, -37.6664, 0.554351, 1.31215, 0.0120107
14.3672, -37.5013, 0.555896, 1.43242, 0.0135121
14.4875, -37.3218, 0.557621, 1.55268, 0.0150134
14.6078, -37.1278, 0.559526, 1.67295, 0.0165148
14.7281, -36.9194, 0.561612, 1.79322, 0.0180161
14.8484, -36.6965, 0.563879, 1.91349, 0.0195174
14.9686, -36.459, 0.563111, 2.03375, 0.0217744
15.0889, -36.2072, 0.568954, 2.15403, 0.0225201
15.2092, -35.9409, 0.571762, 2.2743, 0.0240215
15.3295, -35.6601, 0.571809, 2.39455, 0.0262784
15.4497, -35.3649, 0.575069, 2.51482, 0.0277797
15.57, -35.0552, 0.581271, 2.6351, 0.0285255
15.6903, -34.731, 0.582132, 2.75536, 0.0307824
15.8106, -34.3924, 0.588513, 2.87564, 0.0315282
15.9309, -34.0393, 0.592405, 2.99591, 0.0330295
16.0511, -33.6717, 0.596477, 3.11617, 0.0345309
16.1714, -33.2896, 0.598424, 3.23643, 0.0367878
16.2917, -32.8931, 0.605164, 3.35671, 0.0375335
16.412, -32.4822, 0.609778, 3.47698, 0.0390349
16.5322, -32.0567, 0.614573, 3.59725, 0.0405362
16.6525, -31.6168, 0.617466, 3.71751, 0.0428476
16.7728, -31.1625, 0.624704, 3.83778, 0.0435389
16.8931, -30.6936, 0.62828, 3.95804, 0.0457958
17.0134, -30.2103, 0.633888, 4.07831, 0.0472972
17.1336, -29.7125, 0.639677, 4.19858, 0.0487985
17.2539, -29.2003, 0.645646, 4.31885, 0.0502999
17.3742, -28.6736, 0.651695, 4.43912, 0.0518557
17.4945, -28.1325, 0.659432, 4.55939, 0.052547
17.6147, -27.5768, 0.664549, 4.67965, 0.0548584
17.735, -27.0068, 0.672453, 4.79993, 0.0555496
17.8553, -26.4222, 0.678125, 4.92019, 0.057861
17.9756, -25.8232, 0.685145, 5.04046, 0.0593943
18.0959, -25.2097, 0.692424, 5.16073, 0.0608637
18.2161, -24.5817, 0.699812, 5.28099, 0.062397
18.3364, -23.9393, 0.708164, 5.40128, 0.0630564
18.4567, -23.2824, 0.715185, 5.52153, 0.0654223
18.577, -22.6111, 0.723168, 5.6418, 0.066901
18.6972, -21.9252, 0.731286, 5.76207, 0.0684568
18.8175, -21.225, 0.739984, 5.88235, 0.0690617
18.9378, -20.5102, 0.748134, 6.0026, 0.0714595
19.0581, -19.781, 0.756806, 6.12286, 0.073097
19.1784, -19.0373, 0.765701, 6.24313, 0.0745229
19.2986, -18.2848, 0.774741, 6.21339, 0.0749377
19.4189, -17.5447, 0.78367, 6.09315, 0.073512
19.5392, -16.8191, 0.792424, 5.97289, 0.0720484
19.6595, -16.1079, 0.801001, 5.85261, 0.0705724
19.7797, -15.4112, 0.8094, 5.73235, 0.0690903
19.9, -14.7289, 0.817621, 5.61207, 0.0676043
20.0203, -14.0612, 0.825662, 5.49181, 0.0661158
20.1406, -13.4079, 0.833525, 5.37154, 0.0646256
20.2609, -12.769, 0.841209, 5.25127, 0.0631339
20.3811, -12.1446, 0.848712, 5.131, 0.0616412
20.5014, -11.5347, 0.856037, 5.01073, 0.0601476
20.6217, -10.9393, 0.863181, 4.89047, 0.0586534
20.742, -10.3583, 0.870146, 4.7702, 0.0571585
20.8622, -9.79178, 0.876931, 4.64993, 0.0556632
20.9825, -9.23973, 0.883536, 4.52966, 0.0541674
21.1028, -8.70214, 0.889961, 4.40939, 0.0526713
21.2231, -8.17902, 0.896206, 4.28912, 0.0511748
21.3434, -7.67037, 0.902272, 4.16886, 0.0496781
21.4636, -7.17618, 0.908157, 4.04859, 0.048181
21.5839, -6.69646, 0.913862, 3.92832, 0.0466838
21.7042, -6.23121, 0.919387, 3.80805, 0.0451864
21.8245, -5.78041, 0.924732, 3.68778, 0.0436888
21.9447, -5.34409, 0.929896, 3.56751, 0.042191
22.065, -4.92223, 0.934881, 3.44724, 0.0406931
22.1853, -4.51483, 0.939685, 3.32698, 0.039195
22.3056, -4.1219, 0.944309, 3.20671, 0.0376967
22.4259, -3.74344, 0.948753, 3.08644, 0.0361984
22.5461, -3.37944, 0.953017, 2.96617, 0.0347
22.6664, -3.02991, 0.957101, 2.8459, 0.0332014
22.7867, -2.69485, 0.961004, 2.72563, 0.0317028
22.907, -2.37425, 0.964727, 2.60537, 0.0302041
23.0272, -2.06811, 0.96827, 2.4851, 0.0287052
23.1475, -1.77644, 0.971632, 2.36483, 0.0272063
23.2678, -1.49924, 0.974814, 2.24456, 0.0257074
23.3881, -1.2365, 0.977816, 2.12429, 0.0242084
23.5084, -0.988228, 0.980638, 2.00402, 0.0227092
23.6286, -0.754425, 0.983279, 1.88375, 0.0212101
23.7489, -0.53508, 0.98574, 1.76349, 0.0197109
23.8692, -0.330208, 0.988021, 1.64322, 0.0182116
23.9895, -0.139793, 0.990121, 1.52295, 0.0167123
24.1097, 0.0361519, 0.992041, 1.40268, 0.0152129
24.23, 0.197632, 0.99378, 1.28241, 0.0137134
24.3503, 0.344639, 0.99534, 1.16215, 0.012214
24.4706, 0.477188, 0.996719, 1.04188, 0.0107144
24.5909, 0.595268, 0.997917, 0.921608, 0.00921489
24.7111, 0.698891, 0.998935, 0.801339, 0.00771529
24.8314, 0.788036, 0.999773, 0.681069, 0.00621562
24.9517, 0.86272, 1.00043, 0.560801, 0.00471596
25.072, 0.922943, 1.00091, 0.440533, 0.00321626
25.1922, 0.968689, 1.0012, 0.320265, 0.00171652
25.3125, 0.999977, 1.00132, 0.199995, 0.000216734
