36.0996, 0
0, 0, 0, 0.5, 0
0.188887, 0.0766063, 0.00010496, 0.311117, 0.00118505
0.377774, 0.117536, 0.000433756, 0.122233, 0.00237011
0.566661, 0.122783, 0.00098642, -0.0666507, 0.00355516
0.755548, 0.0923542, 0.00176292, -0.255534, 0.00474022
0.944435, 0.0262507, 0.00276324, -0.444417, 0.00592527
1.13332, -0.0755347, 0.00398743, -0.633301, 0.00711033
1.32221, -0.212995, 0.00543544, -0.822184, 0.00829538
1.5111, -0.386136, 0.00710732, -1.01107, 0.00948043
1.69998, -0.59495, 0.009003, -1.19995, 0.0106655
1.88887, -0.839445, 0.0111226, -1.38883, 0.0118505
2.07776, -1.11961, 0.0134659, -1.57772, 0.0130356
2.26665, -1.43546, 0.0160331, -1.7666, 0.0142207
2.45553, -1.78699, 0.0188242, -1.95548, 0.0154057
2.64442, -2.17419, 0.0218391, -2.14437, 0.0165908
2.83331, -2.59708, 0.0250779, -2.33325, 0.0177758
3.02219, -3.05564, 0.0285405, -2.52213, 0.0189609
3.21108, -3.54988, 0.0322269, -2.71102, 0.0201459
3.39997, -4.07979, 0.0361372, -2.8999, 0.021331
3.58885, -4.64538, 0.0402713, -3.08879, 0.022516
3.77774, -5.24665, 0.0446292, -3.27767, 0.0237011
3.96663, -5.8836, 0.049211, -3.46655, 0.0248861
4.15552, -6.55622, 0.0540166, -3.65544, 0.0260712
4.3444, -7.26453, 0.0590462, -3.84432, 0.0272562
4.53329, -8.00851, 0.0642995, -4.0332, 0.0284413
4.72218, -8.78817, 0.0697766, -4.22209, 0.0296264
4.91106, -9.6035, 0.0754776, -4.41097, 0.0308114
5.09995, -10.4545, 0.0814025, -4.59985, 0.0319965
5.28884, -11.3412, 0.0875512, -4.78874, 0.0331815
5.47773, -12.2636, 0.0939237, -4.97762, 0.0343666
5.66661, -13.2216, 0.10052, -5.1665, 0.0355516
5.8555, -14.2154, 0.10734, -5.35539, 0.0367367
6.04439, -15.2448, 0.114384, -5.54427, 0.0379217
6.23327, -16.3098, 0.121652, -5.73315, 0.0391068
6.42216, -17.4106, 0.129144, -5.92204, 0.0402918
6.61105, -18.547, 0.13686, -6.11092, 0.0414769
6.79994, -19.7191, 0.144799, -6.29981, 0.0426619
6.98882, -20.9269, 0.152962, -6.48869, 0.043847
7.17771, -22.1704, 0.161349, -6.67757, 0.0450321
7.3666, -23.4495, 0.16996, -6.86646, 0.0462171
7.55548, -24.7644, 0.178795, -7.05534, 0.0474022
7.74437, -26.1149, 0.187854, -7.24422, 0.0485872
7.93326, -27.501, 0.197136, -7.43311, 0.0497723
8.12215, -28.9229, 0.206642, -7.62199, 0.0509574
8.31103, -30.3804, 0.216373, -7.81088, 0.0521424
8.49992, -31.8736, 0.226327, -7.99977, 0.0533275
8.68881, -33.4025, 0.236504, -8.18866, 0.0545126
8.87769, -34.9671, 0.246906, -8.37753, 0.0556976
9.06658, -36.5673, 0.257532, -8.56644, 0.0568828
9.25547, -38.2033, 0.268381, -8.75537, 0.0580681
9.44436, -39.8745, 0.279439, -8.90604, 0.0582749
9.63324, -41.5388, 0.290322, -8.71646, 0.0569975
9.82213, -43.1673, 0.300974, -8.52756, 0.0557886
10.011, -44.7602, 0.311398, -8.33865, 0.0545891
10.1999, -46.3175, 0.321596, -8.14977, 0.0533937
10.3888, -47.839, 0.331569, -7.96088, 0.0522006
10.5777, -49.3249, 0.341316, -7.772, 0.051009
10.7666, -50.7751, 0.350839, -7.58311, 0.0498183
10.9555, -52.1896, 0.360136, -7.39423, 0.0486284
11.1443, -53.5684, 0.369209, -7.20534, 0.0474391
11.3332, -54.9116, 0.378058, -7.01646, 0.0462502
11.5221, -56.219, 0.386681, -6.82758, 0.0450617
11.711, -57.4908, 0.395081, -6.63869, 0.0438734
11.8999, -58.727, 0.403256, -6.44981, 0.0426854
12.0888, -59.9274, 0.411206, -6.26092, 0.0414977
12.2777, -61.0922, 0.418933, -6.07204, 0.0403101
12.4665, -62.2213, 0.426434, -5.88316, 0.0391227
12.6554, -63.3147, 0.433712, -5.69427, 0.0379354
12.8443, -64.3724, 0.440765, -5.50539, 0.0367483
13.0332, -65.3945, 0.447595, -5.3165, 0.0355612
13.2221, -66.3809, 0.4542, -5.12762, 0.0343743
13.411, -67.3316, 0.46058, -4.93874, 0.0331875
13.5999, -68.2466, 0.466737, -4.74986, 0.0320007
13.7888, -69.1259, 0.472669, -4.56097, 0.030814
13.9776, -69.9696, 0.478378, -4.37209, 0.0296274
14.1665, -70.7776, 0.483862, -4.18321, 0.0284409
14.3554, -71.5499, 0.489122, -3.99432, 0.0272544
14.5443, -72.2865, 0.494158, -3.80544, 0.0260679
14.7332, -72.9875, 0.49897, -3.61656, 0.0248816
14.9221, -73.6528, 0.503558, -3.42767, 0.0236952
15.111, -74.2824, 0.507921, -3.23879, 0.0225089
15.2999, -74.8763, 0.512061, -3.04991, 0.0213226
15.4887, -75.4346, 0.515976, -2.86102, 0.0201364
15.6776, -75.9571, 0.519668, -2.67214, 0.0189502
15.8665, -76.444, 0.523135, -2.48326, 0.0177641
16.0554, -76.8952, 0.526379, -2.29437, 0.016578
16.2443, -77.3108, 0.529398, -2.10549, 0.0153919
16.4332, -77.6907, 0.532193, -1.9166, 0.0142058
16.6221, -78.0348, 0.534765, -1.72772, 0.0130198
16.811, -78.3433, 0.537112, -1.53884, 0.0118338
16.9998, -78.6162, 0.539235, -1.34996, 0.0106478
17.1887, -78.8533, 0.541134, -1.16107, 0.00946186
17.3776, -79.0548, 0.542809, -0.972189, 0.00827592
17.5665, -79.2206, 0.544261, -0.783304, 0.00708999
17.7554, -79.3507, 0.545488, -0.59442, 0.00590409
17.9443, -79.4451, 0.546491, -0.405537, 0.00471821
18.1332, -79.5039, 0.54727, -0.216655, 0.00353236
18.322, -79.527, 0.547826, -0.0277712, 0.00234652
18.5109, -79.5144, 0.548157, 0.161109, 0.00116071
18.6998, -79.4661, 0.548264, 0.349995, -2.512e-05
18.8738, -79.39, 0.548593, 0.523995, 0.0010379
19.0478, -79.2837, 0.54887, 0.69799, 0.00207581
19.2218, -79.1471, 0.549328, 0.871985, 0.00311371
19.3958, -78.9803, 0.549966, 1.04598, 0.00415161
19.5698, -78.7831, 0.550785, 1.21997, 0.00518952
19.7438, -78.5557, 0.551784, 1.39397, 0.00622741
19.9178, -78.298, 0.552964, 1.56796, 0.00726532
20.0918, -78.0101, 0.554324, 1.74196, 0.00830322
20.2658, -77.6919, 0.555865, 1.91595, 0.00934113
20.4398, -77.3433, 0.557587, 2.08995, 0.010379
20.6138, -76.9646, 0.559489, 2.26394, 0.0114169
20.7878, -76.5555, 0.561572, 2.43794, 0.0124548
20.9618, -76.1162, 0.563836, 2.61193, 0.0134927
21.1358, -75.6466, 0.56628, 2.78593, 0.0145306
21.3098, -75.1467, 0.568904, 2.95992, 0.0155685
21.4838, -74.6165, 0.57171, 3.13392, 0.0166064
21.6578, -74.0561, 0.574695, 3.30791, 0.0176443
21.8318, -73.4654, 0.577862, 3.48191, 0.0186822
22.0058, -72.8444, 0.581209, 3.6559, 0.0197202
22.1798, -72.1931, 0.584736, 3.82989, 0.0207581
22.3538, -71.5116, 0.588445, 4.00389, 0.021796
22.5278, -70.7998, 0.592333, 4.17788, 0.0228339
22.7018, -70.0577, 0.596403, 4.35188, 0.0238718
22.8758, -69.2854, 0.600653, 4.52587, 0.0249097
23.0498, -68.4827, 0.605083, 4.69987, 0.0259476
23.2238, -67.6498, 0.609695, 4.87386, 0.0269855
23.3978, -66.7867, 0.614486, 5.04786, 0.0280234
23.5718, -65.8932, 0.619459, 5.22185, 0.0290613
23.7458, -64.9695, 0.624612, 5.39585, 0.0300992
23.9198, -64.0155, 0.629945, 5.56984, 0.0311371
24.0938, -63.0312, 0.635459, 5.74384, 0.032175
24.2678, -62.0167, 0.641154, 5.91783, 0.0332129
24.4418, -60.9718, 0.647029, 6.09183, 0.0342508
24.6157, -59.8967, 0.653085, 6.26582, 0.0352887
24.7897, -58.7913, 0.659322, 6.43982, 0.0363266
24.9637, -57.6557, 0.665739, 6.61381, 0.0373645
25.1377, -56.4898, 0.672336, 6.78781, 0.0384024
25.3117, -55.2936, 0.679115, 6.9618, 0.0394403
25.4857, -54.0671, 0.686074, 7.1358, 0.0404782
25.6597, -52.8103, 0.693213, 7.30979, 0.0415161
25.8337, -51.5233, 0.700533, 7.48379, 0.042554
26.0077, -50.206, 0.708034, 7.65778, 0.0435919
26.1817, -48.8584, 0.715715, 7.83177, 0.0446298
26.3557, -47.4806, 0.723577, 8.00577, 0.0456677
26.5297, -46.0725, 0.731619, 8.17977, 0.0467056
26.7037, -44.6341, 0.739842, 8.35377, 0.0477436
26.8777, -43.1654, 0.748246, 8.52777, 0.0487815
27.0517, -41.6665, 0.756719, 8.70174, 0.0502253
27.2257, -40.1372, 0.765595, 8.87578, 0.0508575
27.3997, -38.5834, 0.774558, 8.89981, 0.0517611
27.5737, -37.05, 0.783479, 8.72578, 0.0507647
27.7477, -35.5468, 0.792223, 8.55175, 0.049745
27.9217, -34.074, 0.800789, 8.37776, 0.0487191
28.0957, -32.6314, 0.809177, 8.20377, 0.0476901
28.2697, -31.2191, 0.817385, 8.02977, 0.0466592
28.4437, -29.8371, 0.825414, 7.85577, 0.0456272
28.6177, -28.4853, 0.833263, 7.68178, 0.0445943
28.7917, -27.1639, 0.840933, 7.50778, 0.0435608
28.9657, -25.8727, 0.848422, 7.33379, 0.0425268
29.1397, -24.6117, 0.855732, 7.15979, 0.0414924
29.3137, -23.3811, 0.862861, 6.9858, 0.0404577
29.4877, -22.1807, 0.869811, 6.8118, 0.0394227
29.6617, -21.0106, 0.87658, 6.63781, 0.0383875
29.8357, -19.8708, 0.88317, 6.46382, 0.0373521
30.0097, -18.7612, 0.889579, 6.28982, 0.0363165
30.1837, -17.682, 0.895808, 6.11582, 0.0352808
30.3577, -16.633, 0.901856, 5.94183, 0.0342449
30.5317, -15.6142, 0.907724, 5.76783, 0.0332089
30.7057, -14.6258, 0.913413, 5.59384, 0.0321729
30.8797, -13.6676, 0.918921, 5.41984, 0.0311367
31.0537, -12.7397, 0.924248, 5.24585, 0.0301005
31.2277, -11.8421, 0.929395, 5.07185, 0.0290641
31.4017, -10.9747, 0.934362, 4.89786, 0.0280278
31.5757, -10.1376, 0.939149, 4.72386, 0.0269913
31.7497, -9.33083, 0.943755, 4.54987, 0.0259548
31.9237, -8.5543, 0.948181, 4.37588, 0.0249182
32.0977, -7.80805, 0.952427, 4.20188, 0.0238816
32.2717, -7.09207, 0.956492, 4.02788, 0.022845
32.4457, -6.40636, 0.960377, 3.85389, 0.0218083
32.6196, -5.75093, 0.964081, 3.67989, 0.0207715
32.7936, -5.12578, 0.967605, 3.5059, 0.0197347
32.9676, -4.5309, 0.970949, 3.3319, 0.0186979
33.1416, -3.96629, 0.974112, 3.15791, 0.0176611
33.3156, -3.43195, 0.977095, 2.98392, 0.0166242
33.4896, -2.9279, 0.979897, 2.80992, 0.0155873
33.6636, -2.45412, 0.982519, 2.63593, 0.0145504
33.8376, -2.01061, 0.98496, 2.46193, 0.0135134
34.0116, -1.59737, 0.987221, 2.28794, 0.0124764
34.1856, -1.21441, 0.989302, 2.11394, 0.0114394
34.3596, -0.861725, 0.991202, 1.93995, 0.0104024
34.5336, -0.539314, 0.992922, 1.76595, 0.00936531
34.7076, -0.247185, 0.994461, 1.59196, 0.00832824
34.8816, 0.014679, 0.99582, 1.41796, 0.00729114
35.0556, 0.246246, 0.996999, 1.24397, 0.00625403
35.2296, 0.447563, 0.997997, 1.06997, 0.0052169
35.4036, 0.618599, 0.998814, 0.895976, 0.00417974
35.5776, 0.759377, 0.999451, 0.721986, 0.0031426
35.7516, 0.86985, 0.999908, 0.547988, 0.00210541
35.9256, 0.950073, 1.00018, 0.373996, 0.00106823
36.0996, 1.00001, 1.00028, 0.2, 3.10169e-05
