4.09347, 0
0, 0, 0, 0.5, 0
0.0136823, 0.006648, 0.000519038, 0.511566, 0.00725111
0.0273646, 0.0134547, 0.00113735, 0.523131, 0.0145018
0.0410469, 0.0204201, 0.00185495, 0.534694, 0.0217519
0.0547293, 0.0275442, 0.00267183, 0.546256, 0.0290016
0.0684116, 0.034827, 0.00358799, 0.557815, 0.0362507
0.0820939, 0.0422685, 0.00460342, 0.569373, 0.0434991
0.0957762, 0.0498687, 0.0057181, 0.580929, 0.0507469
0.109459, 0.0576276, 0.00693206, 0.592482, 0.057994
0.123141, 0.0655452, 0.00824525, 0.604033, 0.0652404
0.136823, 0.0736216, 0.00965769, 0.615581, 0.0724859
0.150505, 0.0818566, 0.0111694, 0.627126, 0.0797304
0.164188, 0.0902504, 0.0127803, 0.638668, 0.086974
0.17787, 0.0988029, 0.0144904, 0.650206, 0.0942164
0.191552, 0.107514, 0.0162997, 0.661741, 0.101458
0.205235, 0.116384, 0.0182082, 0.673271, 0.108698
0.218917, 0.125413, 0.0202158, 0.684796, 0.115936
0.232599, 0.1346, 0.0223227, 0.696316, 0.123173
0.246282, 0.143947, 0.0245286, 0.707831, 0.130408
0.259964, 0.153452, 0.0268336, 0.719338, 0.137641
0.273646, 0.163115, 0.0292377, 0.730839, 0.144871
0.287329, 0.172938, 0.0317409, 0.742331, 0.152099
0.301011, 0.182919, 0.034343, 0.753813, 0.159324
0.314693, 0.19306, 0.0370441, 0.765285, 0.166546
0.328376, 0.203359, 0.039844, 0.776744, 0.173764
0.342058, 0.213817, 0.0427428, 0.788189, 0.180977
0.35574, 0.224433, 0.0457403, 0.799618, 0.188185
0.369423, 0.235209, 0.0488364, 0.811026, 0.195387
0.383105, 0.246144, 0.052031, 0.822412, 0.202581
0.396787, 0.257238, 0.055324, 0.83377, 0.209767
0.410469, 0.268491, 0.058715, 0.845095, 0.216943
0.424152, 0.279903, 0.0622039, 0.856379, 0.224105
0.437834, 0.291474, 0.0657902, 0.867613, 0.231251
0.451516, 0.303205, 0.0694736, 0.878783, 0.238377
0.465199, 0.315096, 0.0732532, 0.889872, 0.245478
0.478881, 0.327147, 0.0771283, 0.900854, 0.252543
0.492563, 0.339357, 0.0810973, 0.911693, 0.259563
0.506246, 0.351729, 0.0851584, 0.922337, 0.266519
0.519928, 0.364262, 0.0893084, 0.932701, 0.273383
0.53361, 0.376958, 0.0935421, 0.942652, 0.280111
0.547293, 0.389816, 0.0978512, 0.951968, 0.286625
0.560975, 0.402839, 0.102221, 0.960266, 0.292792
0.574657, 0.416024, 0.106624, 0.966887, 0.29837
0.58834, 0.429358, 0.111019, 0.970807, 0.302964
0.602022, 0.442802, 0.115351, 0.970887, 0.306072
0.615704, 0.456276, 0.119586, 0.966742, 0.307393
0.629387, 0.469691, 0.123726, 0.959187, 0.307067
0.643069, 0.482979, 0.127793, 0.949459, 0.305482
0.656751, 0.496107, 0.131803, 0.938493, 0.302993
0.670434, 0.509061, 0.135765, 0.926841, 0.29985
0.684116, 0.521835, 0.139679, 0.914808, 0.296219
0.697798, 0.534427, 0.143544, 0.902562, 0.292207
0.71148, 0.546837, 0.147357, 0.890199, 0.287893
0.725163, 0.559065, 0.151115, 0.877774, 0.283329
0.738845, 0.571114, 0.154815, 0.86532, 0.278558
0.752527, 0.582983, 0.158456, 0.852857, 0.27361
0.76621, 0.594674, 0.162033, 0.840398, 0.268509
0.779892, 0.606188, 0.165546, 0.827951, 0.263275
0.793574, 0.617526, 0.168992, 0.81552, 0.257924
0.807257, 0.628688, 0.172368, 0.803108, 0.252469
0.820939, 0.639676, 0.175674, 0.790715, 0.246921
0.834621, 0.650491, 0.178908, 0.778343, 0.24129
0.848304, 0.661132, 0.182068, 0.765993, 0.235583
0.861986, 0.671601, 0.185153, 0.753663, 0.229806
0.875668, 0.681899, 0.188163, 0.741353, 0.223967
0.889351, 0.692025, 0.191095, 0.729063, 0.21807
0.903033, 0.701981, 0.19395, 0.716792, 0.21212
0.916715, 0.711766, 0.196725, 0.704539, 0.206121
0.930398, 0.721381, 0.199421, 0.692303, 0.200076
0.94408, 0.730827, 0.202037, 0.680085, 0.193989
0.957762, 0.740104, 0.204571, 0.667882, 0.187863
0.971444, 0.749212, 0.207024, 0.655695, 0.181699
0.985127, 0.758152, 0.209394, 0.643523, 0.175501
0.998809, 0.766924, 0.211681, 0.631365, 0.169271
1.01249, 0.775528, 0.213885, 0.619221, 0.16301
1.02617, 0.783964, 0.216004, 0.607089, 0.15672
1.03986, 0.792233, 0.21804, 0.59497, 0.150403
1.05354, 0.800335, 0.21999, 0.582863, 0.144061
1.06722, 0.808271, 0.221854, 0.570768, 0.137694
1.0809, 0.81604, 0.223633, 0.558683, 0.131305
1.09459, 0.823642, 0.225326, 0.546609, 0.124893
1.10827, 0.831078, 0.226933, 0.534545, 0.118461
1.12195, 0.838349, 0.228452, 0.52249, 0.112009
1.13563, 0.845453, 0.229884, 0.510445, 0.105538
1.14931, 0.852392, 0.231229, 0.498409, 0.0990488
1.163, 0.859166, 0.232487, 0.486382, 0.0925427
1.17668, 0.865774, 0.233656, 0.474362, 0.0860201
1.19036, 0.872217, 0.234736, 0.462351, 0.0794819
1.20404, 0.878494, 0.235729, 0.450348, 0.0729285
1.21773, 0.884607, 0.236632, 0.438352, 0.0663606
1.23141, 0.890556, 0.237447, 0.426363, 0.0597789
1.24509, 0.896339, 0.238172, 0.414381, 0.0531839
1.25877, 0.901958, 0.238807, 0.402406, 0.0465761
1.27246, 0.907413, 0.239354, 0.390437, 0.0399559
1.28614, 0.912703, 0.23981, 0.378475, 0.0333239
1.29982, 0.91783, 0.240176, 0.366518, 0.0266804
1.3135, 0.922791, 0.240452, 0.354568, 0.0200259
1.32718, 0.92759, 0.240638, 0.342623, 0.0133607
1.34087, 0.932224, 0.240733, 0.330684, 0.00668523
1.35455, 0.936694, 0.240737, 0.31875, -2.23517e-08
1.38194, 0.945317, 0.241097, 0.309066, 0.0256202
1.40933, 0.953611, 0.242135, 0.299426, 0.0512566
1.43672, 0.961683, 0.243892, 0.289749, 0.0768796
1.46411, 0.96948, 0.246346, 0.280077, 0.102504
1.4915, 0.977049, 0.249515, 0.270371, 0.128116
1.51888, 0.984295, 0.253365, 0.260707, 0.153744
1.54627, 0.991351, 0.257945, 0.250976, 0.179346
1.57366, 0.998086, 0.263206, 0.241286, 0.204964
1.60105, 1.00454, 0.269164, 0.2316, 0.230583
1.62844, 1.01076, 0.275834, 0.221886, 0.256192
1.65583, 1.01667, 0.283187, 0.212209, 0.281815
1.68322, 1.02237, 0.291264, 0.202474, 0.307415
1.71061, 1.02779, 0.300036, 0.192746, 0.333019
1.738, 1.03292, 0.309505, 0.183024, 0.358624
1.76539, 1.03781, 0.319681, 0.173279, 0.384222
1.79278, 1.04242, 0.330552, 0.163542, 0.409821
1.82017, 1.04677, 0.34213, 0.153784, 0.435413
1.84756, 1.05086, 0.354411, 0.144007, 0.460999
1.87494, 1.05467, 0.367387, 0.13424, 0.486587
1.90233, 1.05822, 0.381067, 0.124457, 0.512169
1.92972, 1.06148, 0.395441, 0.114683, 0.537755
1.95711, 1.0645, 0.410524, 0.104871, 0.563327
1.9845, 1.06723, 0.4263, 0.0950715, 0.588903
2.01189, 1.06968, 0.442772, 0.0852822, 0.614483
2.03928, 1.0719, 0.459959, 0.0754192, 0.640035
2.06667, 1.07383, 0.477839, 0.0655715, 0.665592
2.09406, 1.0755, 0.496422, 0.0556993, 0.691141
2.12145, 1.07688, 0.5157, 0.0458247, 0.716688
2.14884, 1.07799, 0.535675, 0.0359485, 0.742234
2.17623, 1.07885, 0.556359, 0.0260046, 0.767755
2.20362, 1.07942, 0.577734, 0.0160828, 0.793283
2.231, 1.07973, 0.599813, 0.00610518, 0.818791
2.25839, 1.07976, 0.622587, -0.00387573, 0.844297
2.28578, 1.07951, 0.64606, -0.0138852, 0.869791
2.31317, 1.079, 0.670235, -0.0239551, 0.895262
2.34056, 1.07821, 0.695103, -0.0340373, 0.920728
2.36795, 1.07714, 0.720672, -0.0441827, 0.946169
2.39534, 1.07578, 0.746929, -0.0543143, 0.971615
2.42273, 1.07416, 0.773891, -0.0645747, 0.99701
2.45012, 1.07225, 0.801548, -0.0748959, 1.02238
2.47751, 1.07005, 0.829894, -0.0852413, 1.04774
2.5049, 1.06758, 0.858939, -0.0957401, 1.07304
2.53229, 1.06481, 0.888675, -0.106338, 1.09829
2.55967, 1.06175, 0.919101, -0.117078, 1.12349
2.58706, 1.05839, 0.950217, -0.128046, 1.14859
2.61445, 1.05473, 0.982019, -0.139284, 1.17356
2.64184, 1.05076, 1.0145, -0.150902, 1.19837
2.66923, 1.04646, 1.04766, -0.163201, 1.22284
2.69662, 1.04181, 1.08148, -0.17671, 1.24665
2.72401, 1.03675, 1.11593, -0.193192, 1.26844
2.7514, 1.03114, 1.15082, -0.216638, 1.27127
2.77879, 1.02512, 1.18528, -0.220634, 1.24465
2.80618, 1.01912, 1.219, -0.216702, 1.21757
2.83357, 1.01327, 1.25198, -0.210693, 1.19085
2.86096, 1.00759, 1.28423, -0.203739, 1.16436
2.88835, 1.00211, 1.31576, -0.196245, 1.13801
2.91573, 0.996842, 1.34657, -0.188401, 1.11177
2.94312, 0.991792, 1.37667, -0.180311, 1.0856
2.97051, 0.986966, 1.40604, -0.17204, 1.05949
2.9979, 0.982369, 1.4347, -0.16363, 1.03343
3.02529, 0.978004, 1.46265, -0.155109, 1.0074
3.05268, 0.973873, 1.48989, -0.146499, 0.981397
3.08007, 0.969979, 1.51641, -0.137814, 0.955421
3.10746, 0.966324, 1.54222, -0.129066, 0.929466
3.13485, 0.96291, 1.56733, -0.120264, 0.90353
3.16224, 0.959737, 1.59172, -0.111417, 0.877609
3.18963, 0.956807, 1.6154, -0.102528, 0.851702
3.21702, 0.954121, 1.63837, -0.0936049, 0.825808
3.24441, 0.95168, 1.66064, -0.0846497, 0.799924
3.27179, 0.949484, 1.68219, -0.0756663, 0.77405
3.29918, 0.947535, 1.70304, -0.0666577, 0.748185
3.32657, 0.945833, 1.72318, -0.0576262, 0.722327
3.35396, 0.944379, 1.74261, -0.0485741, 0.696478
3.38135, 0.943172, 1.76133, -0.0395028, 0.670633
3.40874, 0.942215, 1.77934, -0.0304147, 0.644797
3.43613, 0.941506, 1.79665, -0.0213104, 0.618965
3.46352, 0.941048, 1.81325, -0.0121913, 0.593138
3.49091, 0.940839, 1.82914, -0.00305885, 0.567316
3.5183, 0.94088, 1.84433, 0.00608638, 0.541499
3.54569, 0.941172, 1.8588, 0.0152433, 0.515685
3.57308, 0.941715, 1.87257, 0.0244108, 0.489877
3.60047, 0.942509, 1.88564, 0.0335888, 0.464071
3.62785, 0.943555, 1.89799, 0.0427764, 0.438268
3.65524, 0.944853, 1.90965, 0.0519728, 0.412469
3.68263, 0.946402, 1.92059, 0.0611778, 0.386673
3.71002, 0.948204, 1.93083, 0.0703907, 0.36088
3.73741, 0.950258, 1.94036, 0.0796111, 0.33509
3.7648, 0.952565, 1.94918, 0.0888386, 0.309301
3.79219, 0.955125, 1.9573, 0.0980729, 0.283516
3.81958, 0.957937, 1.96471, 0.107314, 0.257732
3.84697, 0.961003, 1.97142, 0.11656, 0.231951
3.87436, 0.964322, 1.97742, 0.125813, 0.206172
3.90175, 0.967895, 1.98271, 0.13507, 0.180395
3.92914, 0.971721, 1.9873, 0.144334, 0.15462
3.95653, 0.975801, 1.99118, 0.153602, 0.128847
3.98391, 0.980136, 1.99436, 0.162875, 0.103075
4.0113, 0.984724, 1.99683, 0.172152, 0.0773043
4.03869, 0.989566, 1.99859, 0.181434, 0.0515356
4.06608, 0.994662, 1.99965, 0.19072, 0.025769
4.09347, 1.00001, 2, 0.20001, 3.57255e-06
