2.33764, 0
0, 0, 0, 0.5, 0
0.01121, 0.00431236, 0.000281229, 0.500449, 0.0110394
0.02242, 0.00863398, 0.000686995, 0.500887, 0.0220751
0.03363, 0.0129653, 0.00121718, 0.501315, 0.0331071
0.0448401, 0.0173055, 0.00187188, 0.501732, 0.0441353
0.0560501, 0.021655, 0.00265103, 0.502137, 0.0551594
0.0672601, 0.026014, 0.00355451, 0.50253, 0.0661793
0.0784701, 0.0303818, 0.00458247, 0.502912, 0.0771949
0.0896801, 0.0347592, 0.00573468, 0.503281, 0.0882058
0.10089, 0.0391454, 0.00701125, 0.503637, 0.099212
0.1121, 0.0435408, 0.00841201, 0.503979, 0.110213
0.12331, 0.0479454, 0.00993706, 0.504307, 0.121209
0.13452, 0.0523588, 0.0115862, 0.50462, 0.1322
0.14573, 0.0567814, 0.0133595, 0.504919, 0.143185
0.15694, 0.0612129, 0.015257, 0.505201, 0.154164
0.16815, 0.0656534, 0.0172785, 0.505467, 0.165137
0.17936, 0.0701028, 0.0194239, 0.505716, 0.176103
0.19057, 0.0745609, 0.0216933, 0.505947, 0.187063
0.20178, 0.0790279, 0.0240866, 0.506159, 0.198015
0.21299, 0.0835036, 0.0266037, 0.506352, 0.20896
0.2242, 0.0879881, 0.0292446, 0.506525, 0.219897
0.23541, 0.0924811, 0.0320091, 0.506677, 0.230825
0.24662, 0.0969829, 0.0348973, 0.506806, 0.241745
0.25783, 0.101493, 0.037909, 0.506913, 0.252656
0.26904, 0.106012, 0.0410441, 0.506996, 0.263557
0.28025, 0.110539, 0.0443026, 0.507054, 0.274448
0.29146, 0.115074, 0.0476844, 0.507085, 0.285328
0.30267, 0.119618, 0.0511893, 0.507088, 0.296196
0.31388, 0.124169, 0.0548173, 0.507064, 0.307053
0.32509, 0.128729, 0.0585683, 0.507008, 0.317897
0.3363, 0.133297, 0.0624421, 0.506921, 0.328727
0.34751, 0.137873, 0.0664386, 0.506801, 0.339543
0.35872, 0.142456, 0.0705577, 0.506645, 0.350343
0.369931, 0.147048, 0.0747992, 0.506453, 0.361127
0.381141, 0.151646, 0.0791629, 0.506222, 0.371894
0.392351, 0.156253, 0.0836488, 0.50595, 0.382643
0.403561, 0.160866, 0.0882565, 0.505635, 0.393372
0.414771, 0.165487, 0.0929859, 0.505274, 0.40408
0.425981, 0.170115, 0.0978368, 0.504865, 0.414765
0.437191, 0.174749, 0.102809, 0.504406, 0.425427
0.448401, 0.179391, 0.107902, 0.503892, 0.436062
0.459611, 0.184039, 0.113116, 0.503322, 0.44667
0.470821, 0.188693, 0.11845, 0.502692, 0.457248
0.482031, 0.193353, 0.123905, 0.501997, 0.467794
0.493241, 0.198019, 0.129479, 0.501235, 0.478305
0.504451, 0.202691, 0.135172, 0.5004, 0.488779
0.515661, 0.207368, 0.140985, 0.499488, 0.499211
0.526871, 0.212051, 0.146916, 0.498494, 0.5096
0.538081, 0.216738, 0.152964, 0.497413, 0.519941
0.549291, 0.221429, 0.159131, 0.496238, 0.53023
0.560501, 0.226124, 0.165414, 0.494964, 0.540462
0.571711, 0.230824, 0.171813, 0.493583, 0.550631
0.582921, 0.235526, 0.178327, 0.492087, 0.560733
0.594131, 0.240231, 0.184956, 0.49047, 0.57076
0.605341, 0.244938, 0.191699, 0.48872, 0.580704
0.616551, 0.249646, 0.198554, 0.48683, 0.590558
0.627761, 0.254356, 0.20552, 0.484789, 0.600312
0.638971, 0.259066, 0.212597, 0.482584, 0.609955
0.650181, 0.263775, 0.219782, 0.480204, 0.619476
0.661391, 0.268482, 0.227075, 0.477636, 0.62886
0.672601, 0.273188, 0.234473, 0.474865, 0.638092
0.683811, 0.277889, 0.241973, 0.471875, 0.647155
0.695021, 0.282586, 0.249575, 0.468652, 0.656029
0.706231, 0.287277, 0.257275, 0.465176, 0.66469
0.717441, 0.291959, 0.265071, 0.46143, 0.673116
0.728651, 0.296633, 0.272958, 0.457396, 0.681275
0.739861, 0.301294, 0.280934, 0.453054, 0.689136
0.751071, 0.305942, 0.288994, 0.448386, 0.696664
0.762281, 0.310574, 0.297133, 0.443374, 0.70382
0.773491, 0.315186, 0.305346, 0.438001, 0.710558
0.784701, 0.319775, 0.313628, 0.432253, 0.716834
0.795911, 0.324338, 0.321971, 0.426122, 0.722596
0.807121, 0.328871, 0.330368, 0.419601, 0.727794
0.818331, 0.333368, 0.338812, 0.412695, 0.732377
0.829541, 0.337825, 0.347295, 0.405411, 0.736292
0.840751, 0.342236, 0.355807, 0.397769, 0.739496
0.851961, 0.346596, 0.364339, 0.389797, 0.741948
0.863171, 0.350898, 0.372881, 0.381531, 0.743617
0.874381, 0.355137, 0.381425, 0.373017, 0.744485
0.885591, 0.359306, 0.38996, 0.364306, 0.744544
0.896801, 0.363402, 0.398478, 0.355449, 0.743799
0.908011, 0.367417, 0.406969, 0.346505, 0.74227
0.919221, 0.371349, 0.415425, 0.337525, 0.739984
0.930431, 0.375194, 0.423839, 0.328559, 0.736981
0.941641, 0.378949, 0.432203, 0.319651, 0.733303
0.952851, 0.382613, 0.440511, 0.310838, 0.728998
0.964061, 0.386185, 0.448758, 0.30215, 0.724117
0.975271, 0.389663, 0.456937, 0.293612, 0.718708
0.986481, 0.393049, 0.465043, 0.285241, 0.71282
0.997691, 0.396344, 0.473074, 0.277051, 0.706496
1.0089, 0.399547, 0.481025, 0.269048, 0.699779
1.02011, 0.402661, 0.488891, 0.261238, 0.692709
1.03132, 0.405686, 0.496671, 0.253621, 0.68532
1.04253, 0.408626, 0.504362, 0.246197, 0.677643
1.05374, 0.411481, 0.51196, 0.238963, 0.669708
1.06495, 0.414253, 0.519464, 0.231915, 0.66154
1.07616, 0.416945, 0.526871, 0.225047, 0.653161
1.08737, 0.419557, 0.53418, 0.218354, 0.644592
1.09858, 0.422093, 0.541389, 0.21183, 0.635851
1.10979, 0.424554, 0.548497, 0.205469, 0.626953
1.12207, 0.427787, 0.556352, 0.208414, 0.638515
1.13435, 0.431044, 0.564349, 0.211432, 0.650046
1.14663, 0.434327, 0.572489, 0.214528, 0.661545
1.15891, 0.437636, 0.580772, 0.217704, 0.673008
1.17118, 0.440973, 0.589196, 0.220965, 0.684435
1.18346, 0.444337, 0.597761, 0.224315, 0.695821
1.19574, 0.44773, 0.606467, 0.227758, 0.707165
1.20802, 0.451153, 0.615314, 0.231298, 0.718462
1.2203, 0.454607, 0.6243, 0.234942, 0.72971
1.23258, 0.458092, 0.633426, 0.238694, 0.740905
1.24486, 0.46161, 0.642689, 0.242559, 0.752043
1.25713, 0.465162, 0.652091, 0.246545, 0.763118
1.26941, 0.46875, 0.661629, 0.250657, 0.774127
1.28169, 0.472374, 0.671303, 0.254902, 0.785063
1.29397, 0.476036, 0.681112, 0.259289, 0.79592
1.30625, 0.479738, 0.691056, 0.263824, 0.806692
1.31853, 0.48348, 0.701132, 0.268516, 0.81737
1.3308, 0.487265, 0.71134, 0.273375, 0.827946
1.34308, 0.491095, 0.721678, 0.278409, 0.83841
1.35536, 0.494971, 0.732146, 0.28363, 0.848752
1.36764, 0.498896, 0.74274, 0.289048, 0.858959
1.37992, 0.50287, 0.75346, 0.294674, 0.869019
1.3922, 0.506898, 0.764303, 0.30052, 0.878915
1.40448, 0.510981, 0.775268, 0.306601, 0.888632
1.41675, 0.515122, 0.786352, 0.312927, 0.898149
1.42903, 0.519323, 0.797551, 0.319514, 0.907445
1.44131, 0.523588, 0.808864, 0.326375, 0.916497
1.45359, 0.527919, 0.820287, 0.333525, 0.925276
1.46587, 0.532321, 0.831816, 0.340976, 0.933752
1.47815, 0.536796, 0.843447, 0.348742, 0.941891
1.49043, 0.541348, 0.855175, 0.356836, 0.949656
1.5027, 0.545982, 0.866995, 0.365266, 0.957006
1.51498, 0.550701, 0.878902, 0.37404, 0.963893
1.52726, 0.555509, 0.890889, 0.383163, 0.97027
1.53954, 0.560411, 0.90295, 0.392631, 0.976085
1.55182, 0.565412, 0.915076, 0.402439, 0.981283
1.5641, 0.570516, 0.927259, 0.412572, 0.985809
1.57637, 0.575727, 0.93949, 0.423006, 0.989609
1.58865, 0.58105, 0.95176, 0.43371, 0.992634
1.60093, 0.586489, 0.964058, 0.444643, 0.994839
1.61321, 0.592047, 0.976374, 0.455756, 0.996187
1.62549, 0.597728, 0.988696, 0.466993, 0.996655
1.63777, 0.603535, 1.00101, 0.478292, 0.99623
1.65005, 0.60947, 1.01332, 0.48959, 0.994915
1.66232, 0.615533, 1.02559, 0.500825, 0.992725
1.6746, 0.621725, 1.03783, 0.511939, 0.98969
1.68688, 0.628046, 1.05002, 0.522877, 0.985849
1.69916, 0.634494, 1.06215, 0.533595, 0.981248
1.71144, 0.641069, 1.07422, 0.544057, 0.975942
1.72372, 0.647767, 1.08622, 0.554234, 0.969986
1.736, 0.654586, 1.09813, 0.564106, 0.963436
1.74827, 0.661523, 1.10996, 0.573663, 0.956347
1.76055, 0.668574, 1.12169, 0.582896, 0.948771
1.77283, 0.675736, 1.13333, 0.591806, 0.940758
1.78511, 0.683006, 1.14486, 0.600396, 0.932353
1.79739, 0.690379, 1.15628, 0.608672, 0.923597
1.80967, 0.697853, 1.16759, 0.616644, 0.914527
1.82194, 0.705424, 1.17879, 0.624321, 0.905177
1.83422, 0.713088, 1.18987, 0.631715, 0.895575
1.8465, 0.720842, 1.20082, 0.638837, 0.885749
1.85878, 0.728682, 1.21166, 0.645701, 0.875721
1.87106, 0.736607, 1.22237, 0.652317, 0.865513
1.88334, 0.744612, 1.23295, 0.658698, 0.855142
1.89562, 0.752695, 1.2434, 0.664855, 0.844625
1.90789, 0.760854, 1.25372, 0.6708, 0.833976
1.92017, 0.769085, 1.26391, 0.676544, 0.823208
1.93245, 0.777387, 1.27396, 0.682095, 0.812332
1.94473, 0.785756, 1.28388, 0.687464, 0.801357
1.95701, 0.794192, 1.29366, 0.69266, 0.790294
1.96929, 0.802691, 1.30331, 0.697692, 0.779149
1.98157, 0.811252, 1.31282, 0.702567, 0.767931
1.99384, 0.819872, 1.32219, 0.707294, 0.756644
2.00612, 0.828551, 1.33142, 0.711879, 0.745296
2.0184, 0.837286, 1.34051, 0.716329, 0.733891
2.03068, 0.846075, 1.34946, 0.72065, 0.722433
2.04296, 0.854917, 1.35826, 0.724849, 0.710927
2.05524, 0.863811, 1.36693, 0.72893, 0.699377
2.06751, 0.872756, 1.37545, 0.7329, 0.687786
2.07979, 0.881748, 1.38383, 0.736763, 0.676156
2.09207, 0.890789, 1.39207, 0.740524, 0.664491
2.10435, 0.899875, 1.40016, 0.744187, 0.652794
2.11663, 0.909007, 1.40811, 0.747756, 0.641066
2.12891, 0.918182, 1.41592, 0.751236, 0.62931
2.14119, 0.9274, 1.42358, 0.754629, 0.617527
2.15346, 0.93666, 1.4311, 0.75794, 0.60572
2.16574, 0.94596, 1.43846, 0.761171, 0.59389
2.17802, 0.955301, 1.44569, 0.764326, 0.582038
2.1903, 0.964679, 1.45277, 0.767407, 0.570166
2.20258, 0.974096, 1.4597, 0.770418, 0.558276
2.21486, 0.98355, 1.46649, 0.773361, 0.546367
2.22714, 0.99304, 1.47313, 0.776238, 0.534442
2.23941, 1.00257, 1.47962, 0.779053, 0.522501
2.25169, 1.01213, 1.48597, 0.781806, 0.510545
2.26397, 1.02172, 1.49216, 0.784501, 0.498576
2.27625, 1.03135, 1.49822, 0.787138, 0.486593
2.28853, 1.041, 1.50412, 0.789721, 0.474598
2.30081, 1.0507, 1.50988, 0.792251, 0.462591
2.31309, 1.06042, 1.51549, 0.79473, 0.450573
2.32536, 1.07017, 1.52095, 0.797159, 0.438544
2.33764, 1.07995, 1.52626, 0.79954, 0.426506
