2.01486, 0
0, 0, 0, 0.5, 0
0.0111994, 0.0047547, 5.61313e-05, 0.499308, 0.0111291
0.0223988, 0.00950258, 0.000237442, 0.498614, 0.0222567
0.0335982, 0.0142438, 0.00054387, 0.497917, 0.0333829
0.0447976, 0.0189781, 0.00097543, 0.497219, 0.0445076
0.0559971, 0.0237058, 0.00153218, 0.496518, 0.0556307
0.0671965, 0.0284265, 0.00221407, 0.495814, 0.0667521
0.0783959, 0.0331405, 0.00302104, 0.495108, 0.077872
0.0895953, 0.0378479, 0.00395319, 0.4944, 0.0889899
0.100795, 0.0425481, 0.00501039, 0.493689, 0.100106
0.111994, 0.0472418, 0.00619274, 0.492974, 0.11122
0.123194, 0.0519286, 0.00750025, 0.492257, 0.122333
0.134393, 0.0566087, 0.00893282, 0.491537, 0.133443
0.145592, 0.0612819, 0.0104905, 0.490814, 0.144551
0.156792, 0.0659484, 0.0121732, 0.490087, 0.155656
0.167991, 0.070608, 0.0139811, 0.489357, 0.16676
0.179191, 0.0752609, 0.015914, 0.488623, 0.17786
0.19039, 0.0799069, 0.017972, 0.487885, 0.188958
0.201589, 0.0845464, 0.0201551, 0.487143, 0.200054
0.212789, 0.0891789, 0.0224632, 0.486397, 0.211146
0.223988, 0.0938048, 0.0248963, 0.485647, 0.222236
0.235188, 0.0984237, 0.0274545, 0.484892, 0.233322
0.246387, 0.103036, 0.0301378, 0.484132, 0.244405
0.257586, 0.107641, 0.032946, 0.483367, 0.255484
0.268786, 0.11224, 0.0358792, 0.482597, 0.26656
0.279985, 0.116832, 0.0389374, 0.481821, 0.277631
0.291185, 0.121417, 0.0421207, 0.48104, 0.288699
0.302384, 0.125996, 0.0454288, 0.480252, 0.299762
0.313583, 0.130567, 0.0488619, 0.479457, 0.31082
0.324783, 0.135132, 0.05242, 0.478656, 0.321874
0.335982, 0.13969, 0.0561029, 0.477847, 0.332922
0.347182, 0.144242, 0.0599108, 0.47703, 0.343965
0.358381, 0.148786, 0.0638435, 0.476206, 0.355001
0.369581, 0.153324, 0.0679011, 0.475372, 0.366032
0.38078, 0.157855, 0.0720834, 0.47453, 0.377056
0.391979, 0.16238, 0.0763906, 0.473677, 0.388073
0.403179, 0.166897, 0.0808225, 0.472814, 0.399082
0.414378, 0.171408, 0.0853792, 0.47194, 0.410083
0.425578, 0.175913, 0.0900606, 0.471054, 0.421075
0.436777, 0.18041, 0.0948666, 0.470156, 0.432058
0.447976, 0.184901, 0.0997973, 0.469244, 0.443031
0.459176, 0.189385, 0.104852, 0.468317, 0.453993
0.470375, 0.193863, 0.110032, 0.467375, 0.464943
0.481575, 0.198334, 0.115336, 0.466416, 0.475881
0.492774, 0.202798, 0.120765, 0.46544, 0.486805
0.503973, 0.207256, 0.126318, 0.464444, 0.497714
0.515173, 0.211706, 0.131995, 0.463427, 0.508607
0.526372, 0.216151, 0.137797, 0.462387, 0.519483
0.537572, 0.220589, 0.143722, 0.461323, 0.530339
0.548771, 0.22502, 0.149771, 0.460233, 0.541174
0.55997, 0.229444, 0.155945, 0.459113, 0.551986
0.57117, 0.233862, 0.162242, 0.457962, 0.562773
0.582369, 0.238274, 0.168662, 0.456776, 0.573531
0.593569, 0.242679, 0.175206, 0.455552, 0.584259
0.604768, 0.247078, 0.181873, 0.454286, 0.594951
0.615968, 0.25147, 0.188663, 0.452974, 0.605605
0.627167, 0.255856, 0.195576, 0.451611, 0.616215
0.638366, 0.260236, 0.202611, 0.450192, 0.626777
0.649566, 0.26461, 0.209768, 0.44871, 0.637284
0.660765, 0.268977, 0.217047, 0.447158, 0.647728
0.671965, 0.273339, 0.224447, 0.445526, 0.6581
0.683164, 0.277694, 0.231967, 0.443806, 0.668391
0.694363, 0.282044, 0.239608, 0.441987, 0.678588
0.705563, 0.286388, 0.247367, 0.440054, 0.688675
0.716762, 0.290727, 0.255245, 0.437992, 0.698635
0.727962, 0.29506, 0.263239, 0.435782, 0.708445
0.739161, 0.299388, 0.271348, 0.433405, 0.718078
0.75036, 0.303711, 0.279571, 0.430833, 0.727502
0.76156, 0.308029, 0.287906, 0.428039, 0.736673
0.772759, 0.312343, 0.296348, 0.424986, 0.745541
0.783959, 0.316653, 0.304895, 0.421637, 0.754041
0.795158, 0.320959, 0.313542, 0.417945, 0.762092
0.806358, 0.32526, 0.322283, 0.413864, 0.769596
0.817557, 0.329557, 0.331111, 0.409341, 0.776429
0.828756, 0.333848, 0.340015, 0.40433, 0.782447
0.839956, 0.338131, 0.348985, 0.398794, 0.787484
0.851155, 0.342404, 0.358004, 0.392722, 0.791363
0.862355, 0.346659, 0.367056, 0.386137, 0.793917
0.873554, 0.35089, 0.376123, 0.379109, 0.795012
0.884753, 0.355087, 0.385182, 0.371755, 0.794576
0.895953, 0.35924, 0.394215, 0.364223, 0.792619
0.907152, 0.363339, 0.403204, 0.356671, 0.789232
0.918352, 0.367375, 0.412132, 0.34924, 0.78456
0.929551, 0.371345, 0.420988, 0.342041, 0.778781
0.94075, 0.375244, 0.429761, 0.335147, 0.772075
0.95195, 0.379071, 0.438443, 0.328598, 0.764606
0.963149, 0.382829, 0.447028, 0.32241, 0.756517
0.974349, 0.386518, 0.455511, 0.316582, 0.747925
0.985548, 0.390141, 0.463889, 0.3111, 0.738927
0.996748, 0.393701, 0.472158, 0.305947, 0.729598
1.00795, 0.397203, 0.480315, 0.3011, 0.719998
1.01915, 0.400647, 0.48836, 0.296537, 0.710177
1.03035, 0.404039, 0.49629, 0.292238, 0.700171
1.04155, 0.40738, 0.504104, 0.288181, 0.690013
1.05274, 0.410673, 0.511801, 0.284348, 0.679726
1.06394, 0.413921, 0.519379, 0.28072, 0.669331
1.07514, 0.417126, 0.526839, 0.277282, 0.658844
1.08634, 0.420291, 0.534179, 0.27402, 0.648278
1.09754, 0.423417, 0.541398, 0.270919, 0.637645
1.10874, 0.426507, 0.548497, 0.267969, 0.626953
1.1178, -nan, -nan, 0.270253, 0.625669
1.12686, -nan, -nan, 0.272653, 0.624321
1.13593, -nan, -nan, 0.275167, 0.622909
1.14499, -nan, -nan, 0.277792, 0.621434
1.15405, -nan, -nan, 0.280527, 0.619897
1.16311, -nan, -nan, 0.283371, 0.618299
1.17217, -nan, -nan, 0.286321, 0.616642
1.18123, -nan, -nan, 0.289375, 0.614926
1.19029, -nan, -nan, 0.292533, 0.613151
1.19935, -nan, -nan, 0.295791, 0.611321
1.20841, -nan, -nan, 0.299149, 0.609434
1.21748, -nan, -nan, 0.302603, 0.607493
1.22654, -nan, -nan, 0.306153, 0.605499
1.2356, -nan, -nan, 0.309796, 0.603452
1.24466, -nan, -nan, 0.313531, 0.601354
1.25372, -nan, -nan, 0.317355, 0.599205
1.26278, -nan, -nan, 0.321267, 0.597007
1.27184, -nan, -nan, 0.325265, 0.594761
1.2809, -nan, -nan, 0.329346, 0.592468
1.28996, -nan, -nan, 0.33351, 0.590128
1.29903, -nan, -nan, 0.337754, 0.587744
1.30809, -nan, -nan, 0.342076, 0.585315
1.31715, -nan, -nan, 0.346475, 0.582844
1.32621, -nan, -nan, 0.350949, 0.58033
1.33527, -nan, -nan, 0.355496, 0.577775
1.34433, -nan, -nan, 0.360114, 0.57518
1.35339, -nan, -nan, 0.364803, 0.572546
1.36245, -nan, -nan, 0.369559, 0.569874
1.37151, -nan, -nan, 0.374382, 0.567164
1.38058, -nan, -nan, 0.37927, 0.564417
1.38964, -nan, -nan, 0.384221, 0.561636
1.3987, -nan, -nan, 0.389234, 0.558819
1.40776, -nan, -nan, 0.394307, 0.555969
1.41682, -nan, -nan, 0.399439, 0.553085
1.42588, -nan, -nan, 0.404629, 0.550169
1.43494, -nan, -nan, 0.409874, 0.547222
1.444, -nan, -nan, 0.415175, 0.544244
1.45306, -nan, -nan, 0.420528, 0.541236
1.46213, -nan, -nan, 0.425933, 0.538199
1.47119, -nan, -nan, 0.431389, 0.535134
1.48025, -nan, -nan, 0.436895, 0.532041
1.48931, -nan, -nan, 0.442448, 0.52892
1.49837, -nan, -nan, 0.448048, 0.525774
1.50743, -nan, -nan, 0.453695, 0.522601
1.51649, -nan, -nan, 0.459386, 0.519404
1.52555, -nan, -nan, 0.46512, 0.516182
1.53462, -nan, -nan, 0.470897, 0.512936
1.54368, -nan, -nan, 0.476716, 0.509667
1.55274, -nan, -nan, 0.482575, 0.506375
1.5618, -nan, -nan, 0.488473, 0.503061
1.57086, -nan, -nan, 0.49441, 0.499725
1.57992, -nan, -nan, 0.500384, 0.496368
1.58898, -nan, -nan, 0.506395, 0.492991
1.59804, -nan, -nan, 0.512441, 0.489594
1.6071, -nan, -nan, 0.518523, 0.486177
1.61617, -nan, -nan, 0.524638, 0.482741
1.62523, -nan, -nan, 0.530787, 0.479286
1.63429, -nan, -nan, 0.536967, 0.475814
1.64335, -nan, -nan, 0.54318, 0.472323
1.65241, -nan, -nan, 0.549423, 0.468815
1.66147, -nan, -nan, 0.555696, 0.465291
1.67053, -nan, -nan, 0.561998, 0.461749
1.67959, -nan, -nan, 0.56833, 0.458192
1.68865, -nan, -nan, 0.574689, 0.454619
1.69772, -nan, -nan, 0.581075, 0.451031
1.70678, -nan, -nan, 0.587488, 0.447428
1.71584, -nan, -nan, 0.593927, 0.44381
1.7249, -nan, -nan, 0.600392, 0.440178
1.73396, -nan, -nan, 0.606881, 0.436532
1.74302, -nan, -nan, 0.613395, 0.432872
1.75208, -nan, -nan, 0.619932, 0.429199
1.76114, -nan, -nan, 0.626492, 0.425513
1.7702, -nan, -nan, 0.633075, 0.421815
1.77927, -nan, -nan, 0.63968, 0.418103
1.78833, -nan, -nan, 0.646307, 0.41438
1.79739, -nan, -nan, 0.652954, 0.410645
1.80645, -nan, -nan, 0.659623, 0.406898
1.81551, -nan, -nan, 0.666311, 0.40314
1.82457, -nan, -nan, 0.673019, 0.399371
1.83363, -nan, -nan, 0.679747, 0.395592
1.84269, -nan, -nan, 0.686493, 0.391801
1.85176, -nan, -nan, 0.693258, 0.388
1.86082, -nan, -nan, 0.70004, 0.384189
1.86988, -nan, -nan, 0.706841, 0.380369
1.87894, -nan, -nan, 0.713658, 0.376538
1.888, -nan, -nan, 0.720492, 0.372698
1.89706, -nan, -nan, 0.727343, 0.368849
1.90612, -nan, -nan, 0.734211, 0.36499
1.91518, -nan, -nan, 0.741093, 0.361123
1.92424, -nan, -nan, 0.747992, 0.357247
1.93331, -nan, -nan, 0.754905, 0.353363
1.94237, -nan, -nan, 0.761834, 0.34947
1.95143, -nan, -nan, 0.768776, 0.345569
1.96049, -nan, -nan, 0.775733, 0.34166
1.96955, -nan, -nan, 0.782704, 0.337744
1.97861, -nan, -nan, 0.789689, 0.333819
1.98767, -nan, -nan, 0.796687, 0.329888
1.99673, -nan, -nan, 0.803698, 0.325948
2.00579, -nan, -nan, 0.810721, 0.322002
2.01486, -nan, -nan, 0.817758, 0.318049
