4.11119, 0
0, 0, 0, 0.5, 0
0.0177058, 0.00765971, 0.000527903, 0.504403, 0.0170809
0.0354115, 0.0153981, 0.00135918, 0.508804, 0.0341593
0.0531173, 0.0232153, 0.00249386, 0.513204, 0.0512349
0.0708231, 0.0311112, 0.00393199, 0.517602, 0.0683076
0.0885289, 0.0390859, 0.00567349, 0.521999, 0.0853771
0.106235, 0.0471393, 0.00771838, 0.526393, 0.102443
0.12394, 0.0552716, 0.0100666, 0.530786, 0.119506
0.141646, 0.0634827, 0.0127183, 0.535177, 0.136565
0.159352, 0.0717726, 0.0156733, 0.539565, 0.153619
0.177058, 0.0801414, 0.0189316, 0.543951, 0.170669
0.194764, 0.0885891, 0.0224933, 0.548334, 0.187715
0.212469, 0.0971157, 0.0263583, 0.552715, 0.204755
0.230175, 0.105721, 0.0305267, 0.557092, 0.221789
0.247881, 0.114406, 0.0349983, 0.561466, 0.238818
0.265587, 0.123169, 0.0397732, 0.565837, 0.255839
0.283292, 0.132012, 0.0448514, 0.570203, 0.272854
0.300998, 0.140934, 0.0502327, 0.574565, 0.28986
0.318704, 0.149935, 0.0559173, 0.578923, 0.306858
0.33641, 0.159015, 0.0619051, 0.583275, 0.323846
0.354115, 0.168174, 0.068196, 0.587621, 0.340823
0.371821, 0.177413, 0.07479, 0.591961, 0.357789
0.389527, 0.186731, 0.0816871, 0.596294, 0.374741
0.407233, 0.196129, 0.0888871, 0.600619, 0.391679
0.424939, 0.205607, 0.0963902, 0.604935, 0.408601
0.442644, 0.215164, 0.104196, 0.609241, 0.425505
0.46035, 0.224802, 0.112305, 0.613536, 0.442387
0.478056, 0.234519, 0.120716, 0.617819, 0.459247
0.495762, 0.244317, 0.12943, 0.622087, 0.476079
0.513467, 0.254196, 0.138446, 0.626338, 0.492881
0.531173, 0.264156, 0.147765, 0.63057, 0.509647
0.548879, 0.274197, 0.157385, 0.634779, 0.526372
0.566585, 0.28432, 0.167308, 0.638963, 0.543048
0.584291, 0.294526, 0.177532, 0.643116, 0.559667
0.601996, 0.304815, 0.188056, 0.647232, 0.576217
0.619702, 0.315188, 0.198882, 0.651303, 0.592685
0.637408, 0.325647, 0.210006, 0.655321, 0.609052
0.655114, 0.336192, 0.22143, 0.659273, 0.625294
0.672819, 0.346827, 0.233151, 0.663141, 0.641381
0.690525, 0.357553, 0.245168, 0.666905, 0.657269
0.708231, 0.368375, 0.257478, 0.670534, 0.672901
0.725937, 0.379297, 0.270077, 0.673984, 0.688195
0.743643, 0.390326, 0.282961, 0.677196, 0.703032
0.761348, 0.401473, 0.296119, 0.680083, 0.717241
0.779054, 0.412751, 0.30954, 0.682515, 0.730567
0.79676, 0.424179, 0.3232, 0.684309, 0.742634
0.814466, 0.435782, 0.337065, 0.685203, 0.752899
0.832171, 0.447585, 0.351078, 0.684869, 0.760651
0.849877, 0.4596, 0.365161, 0.682983, 0.765117
0.867583, 0.471807, 0.379216, 0.679377, 0.765767
0.885289, 0.484144, 0.393152, 0.674171, 0.762614
0.902994, 0.496524, 0.406901, 0.667728, 0.756199
0.9207, 0.508866, 0.420424, 0.660468, 0.747275
0.938406, 0.521113, 0.433702, 0.652738, 0.736529
0.956112, 0.533229, 0.446726, 0.644777, 0.724483
0.973818, 0.545195, 0.459488, 0.636733, 0.711503
0.991523, 0.557002, 0.471986, 0.628695, 0.697838
1.00923, 0.568646, 0.484217, 0.620715, 0.683659
1.02693, 0.580127, 0.496178, 0.612822, 0.669089
1.04464, 0.591446, 0.507867, 0.60503, 0.65421
1.06235, 0.602606, 0.519283, 0.597345, 0.639086
1.08005, 0.613609, 0.530422, 0.58977, 0.623761
1.09776, 0.624459, 0.541284, 0.582301, 0.60827
1.11546, 0.635158, 0.551868, 0.574937, 0.592641
1.13317, 0.645711, 0.562171, 0.567674, 0.576895
1.15088, 0.656119, 0.572192, 0.560505, 0.561047
1.16858, 0.666385, 0.581932, 0.553428, 0.545112
1.18629, 0.676512, 0.591387, 0.546437, 0.529101
1.20399, 0.686502, 0.600559, 0.539527, 0.513022
1.2217, 0.696358, 0.609444, 0.532695, 0.496883
1.2394, 0.706082, 0.618044, 0.525936, 0.480691
1.25711, 0.715675, 0.626357, 0.519247, 0.464451
1.27482, 0.72514, 0.634382, 0.512623, 0.448168
1.29252, 0.734478, 0.642119, 0.506061, 0.431845
1.31023, 0.74369, 0.649567, 0.499559, 0.415487
1.32793, 0.75278, 0.656725, 0.493112, 0.399095
1.34564, 0.761747, 0.663594, 0.486718, 0.382674
1.36334, 0.770594, 0.670172, 0.480376, 0.366225
1.38105, 0.779321, 0.67646, 0.474081, 0.34975
1.39876, 0.78793, 0.682456, 0.467833, 0.333251
1.41646, 0.796421, 0.688161, 0.461628, 0.31673
1.43417, 0.804797, 0.693573, 0.455465, 0.300189
1.45187, 0.813058, 0.698694, 0.449342, 0.283628
1.46958, 0.821205, 0.703521, 0.443257, 0.267049
1.48729, 0.829239, 0.708055, 0.437208, 0.250453
1.50499, 0.83716, 0.712297, 0.431195, 0.233841
1.5227, 0.844971, 0.716244, 0.425215, 0.217214
1.5404, 0.85267, 0.719898, 0.419267, 0.200573
1.55811, 0.86026, 0.723257, 0.41335, 0.183918
1.57581, 0.867741, 0.726322, 0.407463, 0.167251
1.59352, 0.875114, 0.729093, 0.401605, 0.150571
1.61123, 0.882379, 0.731569, 0.395773, 0.13388
1.62893, 0.889537, 0.733749, 0.389969, 0.117178
1.64664, 0.896588, 0.735634, 0.384189, 0.100466
1.66434, 0.903534, 0.737224, 0.378435, 0.083744
1.68205, 0.910375, 0.738519, 0.372703, 0.0670125
1.69975, 0.91711, 0.739518, 0.366995, 0.0502719
1.71746, 0.923742, 0.74022, 0.361309, 0.033523
1.73517, 0.93027, 0.740627, 0.355644, 0.0167655
1.75287, 0.936694, 0.740737, 0.35, 3.35276e-08
1.77645, 0.944843, 0.740995, 0.339762, 0.0212453
1.80004, 0.952738, 0.741748, 0.329529, 0.0424928
1.82362, 0.960381, 0.742997, 0.319301, 0.0637425
1.8472, 0.967796, 0.744753, 0.309057, 0.0849846
1.87079, 0.974957, 0.747005, 0.298818, 0.106229
1.89437, 0.981887, 0.749762, 0.288564, 0.127467
1.91795, 0.988563, 0.753015, 0.278316, 0.148707
1.94154, 0.995024, 0.756781, 0.268035, 0.169931
1.96512, 1.00121, 0.761032, 0.25778, 0.191168
1.9887, 1.00716, 0.765788, 0.247512, 0.212398
2.01229, 1.01289, 0.771054, 0.237215, 0.233615
2.03587, 1.01837, 0.776813, 0.226926, 0.254835
2.05945, 1.02358, 0.783067, 0.216644, 0.276059
2.08304, 1.02857, 0.789829, 0.206337, 0.29727
2.10662, 1.03332, 0.79709, 0.196021, 0.318478
2.1302, 1.03783, 0.804857, 0.185684, 0.339675
2.15379, 1.04209, 0.813116, 0.175356, 0.360876
2.17737, 1.04609, 0.821874, 0.165022, 0.382075
2.20095, 1.04986, 0.831134, 0.154671, 0.403265
2.22454, 1.05339, 0.840896, 0.144302, 0.424446
2.24812, 1.05667, 0.851154, 0.133931, 0.445627
2.2717, 1.05971, 0.861916, 0.123534, 0.466795
2.29529, 1.0625, 0.873172, 0.113138, 0.487963
2.31887, 1.06505, 0.88493, 0.10272, 0.50912
2.34245, 1.06734, 0.897185, 0.0922929, 0.530273
2.36603, 1.06939, 0.909939, 0.0818484, 0.551417
2.38962, 1.0712, 0.923193, 0.0713781, 0.572548
2.4132, 1.07277, 0.936946, 0.0608855, 0.593669
2.43678, 1.07408, 0.951196, 0.0503744, 0.61478
2.46037, 1.07514, 0.96594, 0.0398572, 0.635888
2.48395, 1.07595, 0.981187, 0.0292913, 0.656972
2.50753, 1.07652, 0.996928, 0.0187099, 0.678048
2.53112, 1.07684, 1.01317, 0.00809249, 0.699106
2.5547, 1.0769, 1.0299, -0.00256142, 0.720146
2.57828, 1.07672, 1.04714, -0.0132585, 0.741164
2.60187, 1.07628, 1.06486, -0.0239891, 0.762164
2.62545, 1.07558, 1.08308, -0.0347636, 0.783142
2.64903, 1.07463, 1.1018, -0.0456056, 0.804085
2.67262, 1.07343, 1.12101, -0.0565138, 0.824994
2.6962, 1.07197, 1.14071, -0.0675087, 0.845858
2.71978, 1.07025, 1.1609, -0.0785637, 0.866689
2.74337, 1.06826, 1.18159, -0.0897501, 0.887451
2.76695, 1.06601, 1.20276, -0.101058, 0.908146
2.79053, 1.0635, 1.22442, -0.112533, 0.928749
2.81412, 1.0607, 1.24657, -0.124221, 0.949232
2.8377, 1.05763, 1.26919, -0.136185, 0.969555
2.86128, 1.05428, 1.2923, -0.148564, 0.989628
2.88487, 1.05062, 1.31587, -0.161508, 1.00934
2.90845, 1.04665, 1.3399, -0.175426, 1.02837
2.93203, 1.04233, 1.36436, -0.191248, 1.04583
2.95562, 1.0376, 1.38918, -0.211461, 1.05728
2.9792, 1.03237, 1.41402, -0.22831, 1.04415
3.00278, 1.02696, 1.43836, -0.229059, 1.02071
3.02636, 1.02161, 1.46216, -0.224811, 0.997522
3.04995, 1.01637, 1.48542, -0.218704, 0.974748
3.07353, 1.0113, 1.50814, -0.211641, 0.952248
3.09711, 1.0064, 1.53033, -0.203999, 0.929938
3.1207, 1.00168, 1.552, -0.195968, 0.907764
3.14428, 0.997155, 1.57315, -0.187659, 0.885693
3.16786, 0.99283, 1.59378, -0.179141, 0.863702
3.19145, 0.988707, 1.61389, -0.17046, 0.841774
3.21503, 0.984791, 1.63348, -0.161648, 0.8199
3.23861, 0.981084, 1.65256, -0.152729, 0.798068
3.2622, 0.977588, 1.67112, -0.143721, 0.776273
3.28578, 0.974306, 1.68917, -0.134637, 0.754509
3.30936, 0.971238, 1.70671, -0.125489, 0.732773
3.33295, 0.968387, 1.72374, -0.116284, 0.71106
3.35653, 0.965754, 1.74025, -0.10703, 0.689368
3.38011, 0.963339, 1.75625, -0.0977332, 0.667695
3.4037, 0.961144, 1.77174, -0.0883975, 0.646038
3.42728, 0.95917, 1.78672, -0.0790273, 0.624396
3.45086, 0.957417, 1.80119, -0.0696259, 0.602768
3.47445, 0.955886, 1.81515, -0.0601965, 0.581152
3.49803, 0.954578, 1.8286, -0.0507415, 0.559547
3.52161, 0.953493, 1.84155, -0.041263, 0.537953
3.5452, 0.952632, 1.85398, -0.0317632, 0.516367
3.56878, 0.951995, 1.8659, -0.0222438, 0.494791
3.59236, 0.951583, 1.87732, -0.012706, 0.473222
3.61595, 0.951396, 1.88822, -0.00315145, 0.451661
3.63953, 0.951435, 1.89862, 0.00641882, 0.430107
3.66311, 0.951699, 1.90851, 0.0160035, 0.408559
3.68669, 0.95219, 1.91789, 0.0256017, 0.387018
3.71028, 0.952907, 1.92676, 0.0352128, 0.365482
3.73386, 0.95385, 1.93513, 0.0448358, 0.343951
3.75744, 0.955022, 1.94298, 0.0544699, 0.322426
3.78103, 0.95642, 1.95033, 0.0641146, 0.300905
3.80461, 0.958046, 1.95718, 0.0737692, 0.279388
3.82819, 0.959899, 1.96351, 0.0834332, 0.257876
3.85178, 0.961981, 1.96934, 0.093106, 0.236368
3.87536, 0.964291, 1.97466, 0.102788, 0.214864
3.89894, 0.966829, 1.97947, 0.112477, 0.193363
3.92253, 0.969596, 1.98378, 0.122174, 0.171866
3.94611, 0.972592, 1.98758, 0.131878, 0.150371
3.96969, 0.975816, 1.99087, 0.141589, 0.12888
3.99328, 0.97927, 1.99366, 0.151306, 0.107392
4.01686, 0.982953, 1.99594, 0.16103, 0.0859072
4.04044, 0.986865, 1.99771, 0.17076, 0.0644245
4.06403, 0.991007, 1.99898, 0.180495, 0.0429448
4.08761, 0.995379, 1.99974, 0.190236, 0.0214669
4.11119, 0.99998, 1.99999, 0.199982, -8.16211e-06
