38.6876, 0
0, 0, 0, 0.5, 0
0.201992, 0.0805993, 0.000105445, 0.298011, 0.00110818
0.403984, 0.120393, 0.000434763, 0.0960223, 0.00221635
0.605976, 0.119402, 0.00368682, -0.105968, 0.00303947
0.807968, 0.0775931, 0.00440625, -0.307957, 0.00414764
1.00996, -0.00502014, 0.00276574, -0.509945, 0.00554089
1.21195, -0.128428, 0.00399043, -0.711933, 0.00664907
1.41394, -0.292631, 0.00543894, -0.913922, 0.00775724
1.61594, -0.497632, 0.00711128, -1.11591, 0.00886542
1.81793, -0.743441, 0.00900751, -1.3179, 0.0099736
2.01992, -1.03005, 0.0111276, -1.51989, 0.0110818
2.22191, -1.35745, 0.0134715, -1.72188, 0.01219
2.4239, -1.72566, 0.0160392, -1.92387, 0.0132981
2.6259, -2.13467, 0.0188308, -2.12586, 0.0144063
2.82789, -2.58446, 0.0239117, -2.32785, 0.0152294
3.02988, -3.07507, 0.0250854, -2.52983, 0.0166227
3.23187, -3.60647, 0.0304989, -2.73182, 0.0174458
3.43386, -4.17869, 0.0322355, -2.93381, 0.018839
3.63585, -4.7917, 0.0361463, -3.1358, 0.0199472
3.83785, -5.4455, 0.0402809, -3.33779, 0.0210554
4.03984, -6.14011, 0.0446394, -3.53978, 0.0221635
4.24183, -6.87552, 0.0492218, -3.74177, 0.0232717
4.44382, -7.65172, 0.0540279, -3.94376, 0.0243799
4.64581, -8.46873, 0.0590579, -4.14574, 0.0254881
4.84781, -9.32653, 0.0658015, -4.34774, 0.0263112
5.0498, -10.2251, 0.0697895, -4.54972, 0.0277044
5.25179, -11.1646, 0.075491, -4.75171, 0.0288126
5.45378, -12.1448, 0.0814164, -4.9537, 0.0299208
5.65577, -13.1658, 0.0875656, -5.15569, 0.031029
5.85777, -14.2276, 0.0951405, -5.35768, 0.0318521
6.05976, -15.3302, 0.10168, -5.55967, 0.0329603
6.26175, -16.4736, 0.108443, -5.76166, 0.0340684
6.46374, -17.6578, 0.115557, -5.96365, 0.0351415
6.66573, -18.8828, 0.122716, -6.16564, 0.0362626
6.86773, -20.1486, 0.130076, -6.36762, 0.037393
7.06972, -21.4552, 0.137801, -6.56961, 0.038479
7.27171, -22.8026, 0.144818, -6.7716, 0.0398944
7.4737, -24.1908, 0.152982, -6.97359, 0.0410026
7.67569, -25.6198, 0.162053, -7.17558, 0.0418257
7.87769, -27.0897, 0.17072, -7.37757, 0.0428824
8.07968, -28.6003, 0.178816, -7.57956, 0.0443271
8.28167, -30.1517, 0.187875, -7.78154, 0.0454353
8.48366, -31.7439, 0.197158, -7.98353, 0.0465435
8.68565, -33.3769, 0.207147, -8.18552, 0.0473043
8.88765, -35.0507, 0.216813, -8.38751, 0.0484082
9.08964, -36.7653, 0.22635, -8.5895, 0.049868
9.29163, -38.5207, 0.236529, -8.79149, 0.0509762
9.49362, -40.3169, 0.246931, -8.99348, 0.0520844
9.69561, -42.154, 0.257698, -9.19546, 0.0528188
9.8976, -44.0318, 0.268476, -9.39744, 0.053909
10.0996, -45.9497, 0.279462, -9.54725, 0.054474
10.3016, -47.8578, 0.290344, -9.34544, 0.0532975
10.5036, -49.7251, 0.300996, -9.14348, 0.0521692
10.7056, -51.5516, 0.31142, -8.94149, 0.0510487
10.9076, -53.3373, 0.321619, -8.7395, 0.0499317
11.1096, -55.0822, 0.331592, -8.53751, 0.0488166
11.3115, -56.7863, 0.34134, -8.33552, 0.0477027
11.5135, -58.4497, 0.350863, -8.13353, 0.0465897
11.7155, -60.0722, 0.360161, -7.93154, 0.0454773
11.9175, -61.6539, 0.369235, -7.72956, 0.0443654
12.1195, -63.1948, 0.378084, -7.52757, 0.0432539
12.3215, -64.6949, 0.386709, -7.32558, 0.0421427
12.5235, -66.1542, 0.395109, -7.12359, 0.0410318
12.7255, -67.5727, 0.403285, -6.9216, 0.0399211
12.9275, -68.9504, 0.411237, -6.71961, 0.0388105
13.1295, -70.2873, 0.418964, -6.51762, 0.0377002
13.3315, -71.5834, 0.426467, -6.31563, 0.03659
13.5335, -72.8387, 0.433746, -6.11365, 0.0354799
13.7355, -74.0532, 0.4408, -5.91165, 0.0343699
13.9374, -75.2269, 0.447631, -5.70966, 0.03326
14.1394, -76.3598, 0.454237, -5.50768, 0.0321502
14.3414, -77.452, 0.460619, -5.30569, 0.0310405
14.5434, -78.5032, 0.466777, -5.1037, 0.0299308
14.7454, -79.5138, 0.472711, -4.90171, 0.0288212
14.9474, -80.4835, 0.47842, -4.69972, 0.0277117
15.1494, -81.4124, 0.483906, -4.49773, 0.0266022
15.3514, -82.3005, 0.489167, -4.29574, 0.0254928
15.5534, -83.1478, 0.494204, -4.09375, 0.0243834
15.7554, -83.9543, 0.499018, -3.89176, 0.0232741
15.9574, -84.72, 0.503607, -3.68978, 0.0221648
16.1594, -85.4449, 0.507972, -3.48779, 0.0210555
16.3613, -86.129, 0.512113, -3.2858, 0.0199463
16.5633, -86.7723, 0.51603, -3.08381, 0.0188371
16.7653, -87.3748, 0.519723, -2.88182, 0.017728
16.9673, -87.9365, 0.523192, -2.67983, 0.0166188
17.1693, -88.4574, 0.526436, -2.47784, 0.0155097
17.3713, -88.9375, 0.529457, -2.27585, 0.0144006
17.5733, -89.3768, 0.532254, -2.07386, 0.0132916
17.7753, -89.7753, 0.534827, -1.87187, 0.0121825
17.9773, -90.133, 0.537176, -1.66989, 0.0110736
18.1793, -90.45, 0.5393, -1.4679, 0.00996459
18.3813, -90.726, 0.541201, -1.26591, 0.00885562
18.5833, -90.9614, 0.542878, -1.06392, 0.00774668
18.7852, -91.1559, 0.544331, -0.861932, 0.00663774
18.9872, -91.3096, 0.545559, -0.659945, 0.00552884
19.1892, -91.4225, 0.546564, -0.457957, 0.00441995
19.3912, -91.4946, 0.547345, -0.255965, 0.00331105
19.5932, -91.5259, 0.547902, -0.0539768, 0.0022022
19.7952, -91.5164, 0.548235, 0.148013, 0.00109334
19.9972, -91.4661, 0.548343, 0.350001, -1.54853e-05
20.1841, -91.3832, 0.548593, 0.536902, 0.000966227
20.371, -91.2654, 0.548869, 0.723804, 0.00193245
20.5579, -91.1126, 0.549326, 0.910706, 0.00289868
20.7448, -90.9249, 0.549963, 1.09761, 0.0038649
20.9317, -90.7023, 0.550781, 1.28451, 0.00483112
21.1186, -90.4448, 0.55178, 1.47141, 0.00579735
21.3055, -90.1523, 0.552959, 1.65831, 0.00676357
21.4924, -89.8249, 0.554319, 1.84521, 0.0077298
21.6793, -89.4625, 0.55586, 2.03212, 0.00869602
21.8662, -89.0653, 0.557581, 2.21902, 0.00966225
22.0531, -88.6331, 0.559482, 2.40592, 0.0106285
22.2401, -88.1659, 0.561565, 2.59282, 0.0115947
22.427, -87.6638, 0.563827, 2.77972, 0.0125609
22.6139, -87.1268, 0.566271, 2.96662, 0.0135271
22.8008, -86.5549, 0.568895, 3.15353, 0.0144934
22.9877, -85.948, 0.571699, 3.34043, 0.0154596
23.1746, -85.3062, 0.574685, 3.52733, 0.0164258
23.3615, -84.6295, 0.57785, 3.71423, 0.017392
23.5484, -83.9178, 0.581197, 3.90113, 0.0183583
23.7353, -83.1712, 0.584724, 4.08804, 0.0193245
23.9222, -82.3897, 0.588431, 4.27494, 0.0202907
24.1091, -81.5732, 0.592319, 4.46184, 0.0212569
24.296, -80.7218, 0.596388, 4.64874, 0.0222232
24.4829, -79.8354, 0.600637, 4.83564, 0.0231894
24.6698, -78.9142, 0.602309, 5.02254, 0.0247554
24.8567, -77.958, 0.609678, 5.20945, 0.0251218
25.0436, -76.9668, 0.614469, 5.39635, 0.0260881
25.2305, -75.9408, 0.619441, 5.58325, 0.0270543
25.4174, -74.8798, 0.624593, 5.77015, 0.0280205
25.6043, -73.7839, 0.629926, 5.95705, 0.0289867
25.7912, -72.653, 0.635439, 6.14396, 0.029953
25.9781, -71.4872, 0.641133, 6.33086, 0.0309192
26.165, -70.2865, 0.647008, 6.51776, 0.0318854
26.3519, -69.0508, 0.653063, 6.70466, 0.0328516
26.5389, -67.7802, 0.659299, 6.89156, 0.0338179
26.7258, -66.4747, 0.665715, 7.07846, 0.0347841
26.9127, -65.1342, 0.672312, 7.26537, 0.0357503
27.0996, -63.7588, 0.67909, 7.45227, 0.0367165
27.2865, -62.3485, 0.686048, 7.63917, 0.0376828
27.4734, -60.9032, 0.693187, 7.82607, 0.038649
27.6603, -59.423, 0.700506, 8.01298, 0.0396152
27.8472, -57.9079, 0.707109, 8.19987, 0.0412131
28.0341, -56.3579, 0.715687, 8.38678, 0.0415477
28.221, -54.7729, 0.723548, 8.57368, 0.0425139
28.4079, -53.1529, 0.73159, 8.76058, 0.0434801
28.5948, -51.4981, 0.739812, 8.94749, 0.0444464
28.7817, -49.8083, 0.748215, 9.13438, 0.0454126
28.9686, -48.0836, 0.756798, 9.3213, 0.0463789
29.1555, -46.3239, 0.765562, 9.50822, 0.0473452
29.3424, -44.535, 0.774546, 9.54505, 0.0484959
29.5293, -42.7684, 0.783524, 9.3582, 0.0475662
29.7162, -41.0368, 0.792325, 9.17129, 0.0466156
29.9031, -39.3401, 0.800949, 8.98439, 0.0456594
30.09, -37.6783, 0.809393, 8.79748, 0.0447006
30.2769, -36.0515, 0.817658, 8.61058, 0.0437403
30.4638, -34.4596, 0.825743, 8.42368, 0.042779
30.6507, -32.9027, 0.833649, 8.23677, 0.041817
30.8376, -31.3807, 0.841375, 8.04988, 0.0408545
31.0246, -29.8936, 0.848921, 7.86298, 0.0398915
31.2115, -28.4414, 0.856287, 7.67607, 0.0389282
31.3984, -27.0242, 0.863472, 7.48917, 0.0379646
31.5853, -25.6419, 0.870478, 7.30226, 0.0370008
31.7722, -24.2945, 0.877304, 7.11537, 0.0360369
31.9591, -22.9821, 0.883949, 6.92846, 0.0350727
32.146, -21.7046, 0.890414, 6.74156, 0.0341084
32.3329, -20.4621, 0.896699, 6.55466, 0.033144
32.5198, -19.2544, 0.902804, 6.36776, 0.0321795
32.7067, -18.0817, 0.908728, 6.18086, 0.0312149
32.8936, -16.944, 0.914472, 5.99395, 0.0302502
33.0805, -15.8411, 0.920036, 5.80705, 0.0292855
33.2674, -14.7733, 0.925419, 5.62015, 0.0283206
33.4543, -13.7403, 0.930622, 5.43325, 0.0273557
33.6412, -12.7423, 0.935645, 5.24635, 0.0263908
33.8281, -11.7791, 0.940488, 5.05944, 0.0254258
34.015, -10.851, 0.945149, 4.87254, 0.0244607
34.2019, -9.95775, 0.949631, 4.68564, 0.0234956
34.3888, -9.09946, 0.953932, 4.49874, 0.0225304
34.5757, -8.27608, 0.958053, 4.31184, 0.0215652
34.7626, -7.48766, 0.961994, 4.12494, 0.0206
34.9495, -6.73415, 0.965754, 3.93803, 0.0196348
35.1364, -6.01559, 0.969333, 3.75113, 0.0186695
35.3233, -5.33196, 0.972732, 3.56423, 0.0177042
35.5103, -4.68326, 0.975951, 3.37733, 0.0167388
35.6972, -4.06948, 0.978989, 3.19043, 0.0157735
35.8841, -3.49065, 0.981847, 3.00353, 0.0148081
36.071, -2.94674, 0.984525, 2.81662, 0.0138427
36.2579, -2.43777, 0.987022, 2.62972, 0.0128772
36.4448, -1.96371, 0.989339, 2.44282, 0.0119118
36.6317, -1.52462, 0.991475, 2.25592, 0.0109463
36.8186, -1.12045, 0.99343, 2.06902, 0.00998078
37.0055, -0.751205, 0.995206, 1.88212, 0.00901526
37.1924, -0.416885, 0.9968, 1.69521, 0.00804972
37.3793, -0.117523, 0.998214, 1.50831, 0.00708419
37.5662, 0.146927, 0.999448, 1.32141, 0.00611861
37.7531, 0.37645, 1.0005, 1.13451, 0.00515304
37.94, 0.571022, 1.00137, 0.947607, 0.00418745
38.1269, 0.730652, 1.00207, 0.760705, 0.00322183
38.3138, 0.85537, 1.00258, 0.573802, 0.00225621
38.5007, 0.945168, 1.00291, 0.386904, 0.0012906
38.6876, 0.999985, 1.00306, 0.199997, 0.000324929
