3.06994, 0.0437567
0, 0, 0, 0.5, 0
0.0163175, 0.00807966, 0.000107421, 0.490876, 0.0135282
0.0326351, 0.0160157, 0.000438878, 0.481742, 0.0270495
0.0489526, 0.0238014, 0.000990165, 0.472604, 0.0405688
0.0652701, 0.0314417, 0.00176453, 0.463458, 0.0540819
0.0815876, 0.0389255, 0.00275456, 0.454316, 0.0675982
0.0979052, 0.0462679, 0.00397025, 0.445159, 0.0811042
0.114223, 0.0534579, 0.0054044, 0.436001, 0.0946094
0.13054, 0.0604953, 0.00705686, 0.426842, 0.108114
0.146858, 0.0673886, 0.00893315, 0.417669, 0.121609
0.163175, 0.0741282, 0.011027, 0.408497, 0.135105
0.179493, 0.080714, 0.0133385, 0.399324, 0.1486
0.19581, 0.0871608, 0.015877, 0.390129, 0.16208
0.212128, 0.0934487, 0.0186298, 0.380941, 0.175565
0.228445, 0.0995882, 0.0216036, 0.371743, 0.189043
0.244763, 0.105578, 0.0247978, 0.362536, 0.202515
0.26108, 0.111421, 0.0282139, 0.353317, 0.215979
0.277398, 0.11711, 0.031847, 0.344095, 0.229441
0.293716, 0.122649, 0.0357007, 0.334863, 0.242895
0.310033, 0.128039, 0.039774, 0.325621, 0.256343
0.326351, 0.133276, 0.0440664, 0.31637, 0.269785
0.342668, 0.138363, 0.0485785, 0.307107, 0.283218
0.358986, 0.143297, 0.0533083, 0.297837, 0.296647
0.375303, 0.148084, 0.0582602, 0.288546, 0.310061
0.391621, 0.152715, 0.0634281, 0.279251, 0.323473
0.407938, 0.157196, 0.068816, 0.269939, 0.336872
0.424256, 0.161526, 0.0744227, 0.260611, 0.35026
0.440573, 0.165703, 0.0802481, 0.251266, 0.363637
0.456891, 0.169726, 0.08629, 0.24191, 0.377006
0.473208, 0.173597, 0.0925508, 0.232532, 0.39036
0.489526, 0.177314, 0.099029, 0.223136, 0.4037
0.505843, 0.18088, 0.105726, 0.213712, 0.417022
0.522161, 0.184289, 0.112639, 0.204272, 0.430331
0.538478, 0.187546, 0.11977, 0.194797, 0.443616
0.554796, 0.190646, 0.127116, 0.185302, 0.456886
0.571114, 0.193592, 0.13468, 0.175768, 0.470129
0.587431, 0.196382, 0.142458, 0.166203, 0.483349
0.603749, 0.199016, 0.150454, 0.156588, 0.496533
0.620066, 0.201492, 0.158663, 0.146934, 0.509688
0.636384, 0.203811, 0.167087, 0.137222, 0.522801
0.652701, 0.205971, 0.175725, 0.12745, 0.535869
0.669019, 0.207969, 0.184574, 0.117612, 0.548887
0.685336, 0.209808, 0.193637, 0.10768, 0.561833
0.701654, 0.211483, 0.20291, 0.0976518, 0.574706
0.717971, 0.212994, 0.212392, 0.0874921, 0.587474
0.734289, 0.214338, 0.222081, 0.0771759, 0.600117
0.750606, 0.215512, 0.231976, 0.0666537, 0.612589
0.766924, 0.216512, 0.242072, 0.0558626, 0.624828
0.783241, 0.217333, 0.252365, 0.0446944, 0.636723
0.799559, 0.217967, 0.262849, 0.0329528, 0.648051
0.815876, 0.218403, 0.273509, 0.0202848, 0.65832
0.832194, 0.21862, 0.28432, 0.00597197, 0.66604
0.848512, 0.218588, 0.295201, -0.00978875, 0.665314
0.864829, 0.218351, 0.305953, -0.0170971, 0.651366
0.881147, 0.218075, 0.316449, -0.0159114, 0.635148
0.897464, 0.217848, 0.326684, -0.011658, 0.619406
0.913782, 0.217702, 0.336666, -0.00603765, 0.604089
0.930099, 0.217655, 0.3464, 0.000337571, 0.58907
0.946417, 0.217716, 0.355891, 0.00718883, 0.574261
0.962734, 0.217891, 0.365142, 0.0143673, 0.559607
0.979052, 0.218186, 0.374155, 0.0217838, 0.545073
0.995369, 0.218603, 0.382931, 0.0293815, 0.530632
1.01169, 0.219146, 0.391472, 0.0371212, 0.516267
1.028, 0.219815, 0.39978, 0.0449754, 0.501964
1.04432, 0.220614, 0.407854, 0.0529241, 0.487713
1.06064, 0.221543, 0.415697, 0.0609518, 0.473507
1.07696, 0.222603, 0.423308, 0.0690468, 0.459339
1.09327, 0.223797, 0.430687, 0.0771991, 0.445204
1.10959, 0.225123, 0.437837, 0.0854021, 0.431098
1.12591, 0.226584, 0.444757, 0.0936488, 0.417018
1.14223, 0.22818, 0.451447, 0.101934, 0.402961
1.15854, 0.229911, 0.457907, 0.110255, 0.388924
1.17486, 0.231778, 0.464139, 0.118606, 0.374905
1.19118, 0.233782, 0.470142, 0.126986, 0.360904
1.2075, 0.235922, 0.475917, 0.135391, 0.346917
1.22381, 0.2382, 0.481464, 0.143818, 0.332945
1.24013, 0.240616, 0.486783, 0.152268, 0.318985
1.25645, 0.24317, 0.491874, 0.160736, 0.305037
1.27277, 0.245862, 0.496738, 0.169222, 0.291099
1.28908, 0.248692, 0.501374, 0.177725, 0.277173
1.3054, 0.251662, 0.505784, 0.186243, 0.263254
1.32172, 0.25477, 0.509966, 0.194775, 0.249345
1.33804, 0.258018, 0.513921, 0.20332, 0.235445
1.35435, 0.261406, 0.51765, 0.211878, 0.221551
1.37067, 0.264933, 0.521151, 0.220447, 0.207665
1.38699, 0.2686, 0.524427, 0.229027, 0.193785
1.40331, 0.272407, 0.527476, 0.237617, 0.179912
1.41963, 0.276355, 0.530298, 0.246217, 0.166044
1.43594, 0.280443, 0.532895, 0.254826, 0.152183
1.45226, 0.284671, 0.535265, 0.263444, 0.138326
1.46858, 0.28904, 0.537409, 0.272069, 0.124475
1.4849, 0.29355, 0.539327, 0.280703, 0.110628
1.50121, 0.298201, 0.541019, 0.289343, 0.0967859
1.51753, 0.302993, 0.542486, 0.297991, 0.082948
1.53385, 0.307926, 0.543726, 0.306644, 0.0691144
1.55017, 0.313001, 0.544741, 0.315305, 0.0552848
1.56648, 0.318216, 0.545531, 0.323971, 0.0414589
1.5828, 0.323573, 0.546094, 0.332643, 0.0276362
1.59912, 0.329072, 0.546432, 0.34132, 0.0138173
1.61544, 0.334712, 0.546545, 0.350003, 1.75089e-06
1.62998, 0.339058, 0.547154, 0.357292, 0.0125056
1.64453, 0.343513, 0.547946, 0.364583, 0.0250091
1.65907, 0.348074, 0.548921, 0.371871, 0.0375102
1.67362, 0.352743, 0.550079, 0.379156, 0.0500088
1.68816, 0.357519, 0.551419, 0.386439, 0.0625047
1.70271, 0.362401, 0.552941, 0.393719, 0.0749978
1.71725, 0.367391, 0.554646, 0.400996, 0.0874877
1.7318, 0.372487, 0.556533, 0.408269, 0.0999744
1.74634, 0.377691, 0.558603, 0.415539, 0.112458
1.76089, 0.383002, 0.560855, 0.422806, 0.124937
1.77543, 0.38842, 0.56329, 0.430068, 0.137412
1.78998, 0.393944, 0.565907, 0.437325, 0.149882
1.80452, 0.399576, 0.568706, 0.444578, 0.162348
1.81907, 0.405316, 0.571687, 0.451825, 0.174809
1.83361, 0.411162, 0.574851, 0.459067, 0.187263
1.84816, 0.417115, 0.578197, 0.466303, 0.199711
1.8627, 0.423176, 0.581726, 0.473531, 0.212152
1.87725, 0.429344, 0.585436, 0.480752, 0.224586
1.89179, 0.43562, 0.589329, 0.487964, 0.237011
1.90634, 0.442003, 0.593403, 0.495168, 0.249427
1.92088, 0.448493, 0.59766, 0.50236, 0.261832
1.93543, 0.455091, 0.602099, 0.509542, 0.274226
1.94997, 0.461797, 0.606719, 0.51671, 0.286606
1.96452, 0.46861, 0.611521, 0.523865, 0.298973
1.97906, 0.475531, 0.616505, 0.531002, 0.311322
1.99361, 0.48256, 0.621671, 0.538122, 0.323653
2.00815, 0.489698, 0.627017, 0.54522, 0.335963
2.0227, 0.496943, 0.632545, 0.552294, 0.348247
2.03724, 0.504298, 0.638254, 0.559341, 0.360504
2.05179, 0.511761, 0.644144, 0.566355, 0.372728
2.06633, 0.519333, 0.650214, 0.573331, 0.384913
2.08088, 0.527015, 0.656464, 0.580263, 0.397053
2.09542, 0.534807, 0.662893, 0.587142, 0.409139
2.10997, 0.54271, 0.6695, 0.593957, 0.421159
2.12451, 0.550725, 0.676286, 0.600694, 0.4331
2.13906, 0.558852, 0.683248, 0.607336, 0.444943
2.1536, 0.567093, 0.690385, 0.61386, 0.456664
2.16815, 0.575449, 0.697695, 0.620235, 0.46823
2.18269, 0.583924, 0.705175, 0.626418, 0.479597
2.19724, 0.592519, 0.712821, 0.632351, 0.490704
2.21178, 0.60124, 0.720627, 0.637953, 0.501463
2.22633, 0.610091, 0.728583, 0.643107, 0.511751
2.24087, 0.619078, 0.736678, 0.647652, 0.521388
2.25542, 0.628211, 0.74489, 0.651355, 0.530121
2.26996, 0.637498, 0.753191, 0.653911, 0.537602
2.28451, 0.64694, 0.761539, 0.654953, 0.543398
2.29905, 0.656529, 0.769884, 0.654133, 0.547069
2.3136, 0.666232, 0.778171, 0.651274, 0.548324
2.32814, 0.675995, 0.786358, 0.646472, 0.547159
2.34269, 0.685756, 0.794418, 0.640067, 0.543855
2.35723, 0.695458, 0.802341, 0.632483, 0.538824
2.37178, 0.70506, 0.810123, 0.624099, 0.532468
2.38632, 0.714536, 0.817765, 0.615203, 0.525117
2.40087, 0.72387, 0.825267, 0.605993, 0.517013
2.41541, 0.733054, 0.832627, 0.596599, 0.508334
2.42996, 0.742083, 0.839846, 0.587107, 0.499206
2.4445, 0.750957, 0.846921, 0.577572, 0.48972
2.45905, 0.759674, 0.853851, 0.568031, 0.479946
2.47359, 0.768235, 0.860634, 0.558506, 0.469932
2.48814, 0.776643, 0.867269, 0.549012, 0.459719
2.50268, 0.784898, 0.873755, 0.539558, 0.449336
2.51723, 0.793001, 0.880089, 0.53015, 0.438807
2.53177, 0.800955, 0.88627, 0.52079, 0.428152
2.54632, 0.808761, 0.892297, 0.511481, 0.417385
2.56086, 0.816421, 0.898168, 0.502221, 0.40652
2.57541, 0.823936, 0.903883, 0.493011, 0.395568
2.58995, 0.831307, 0.909441, 0.483851, 0.384537
2.6045, 0.838536, 0.914839, 0.474737, 0.373435
2.61904, 0.845624, 0.920078, 0.465669, 0.362269
2.63359, 0.852573, 0.925156, 0.456646, 0.351045
2.64813, 0.859383, 0.930073, 0.447666, 0.339766
2.66268, 0.866055, 0.934827, 0.438727, 0.328439
2.67722, 0.872591, 0.939419, 0.429827, 0.317066
2.69177, 0.878992, 0.943847, 0.420965, 0.30565
2.70631, 0.885258, 0.948111, 0.41214, 0.294196
2.72086, 0.891389, 0.952209, 0.403349, 0.282705
2.7354, 0.897388, 0.956143, 0.394592, 0.27118
2.74995, 0.903255, 0.95991, 0.385868, 0.259623
2.76449, 0.90899, 0.963511, 0.377174, 0.248036
2.77904, 0.914594, 0.966945, 0.368509, 0.236421
2.79358, 0.920068, 0.970211, 0.359873, 0.22478
2.80813, 0.925413, 0.97331, 0.351265, 0.213113
2.82267, 0.930628, 0.97624, 0.342683, 0.201423
2.83722, 0.935715, 0.979002, 0.334126, 0.189711
2.85176, 0.940674, 0.981595, 0.325593, 0.177977
2.86631, 0.945505, 0.984018, 0.317084, 0.166224
2.88085, 0.950209, 0.986272, 0.308597, 0.154451
2.8954, 0.954787, 0.988355, 0.300132, 0.142659
2.90994, 0.959239, 0.990269, 0.291688, 0.130851
2.92449, 0.963566, 0.992011, 0.283264, 0.119025
2.93903, 0.967767, 0.993583, 0.27486, 0.107184
2.95358, 0.971843, 0.994984, 0.266475, 0.0953281
2.96812, 0.975795, 0.996213, 0.258107, 0.0834572
2.98267, 0.979622, 0.997271, 0.249758, 0.0715725
2.99722, 0.983326, 0.998157, 0.241425, 0.0596742
3.01176, 0.986907, 0.99887, 0.233109, 0.0477632
3.02631, 0.990364, 0.999412, 0.224809, 0.0358398
3.04085, 0.993698, 0.999781, 0.216525, 0.0239046
3.0554, 0.99691, 0.999977, 0.208255, 0.0119577
3.06994, 1, 1, 0.2, 7.45058e-08
