34.1469, 0
0, 0, 0, 0.5, 0
0.178996, 0.0734793, 0.000104518, 0.321008, 0.00125053
0.357992, 0.114916, 0.000432901, 0.142017, 0.00250106
0.536988, 0.124319, 0.000985095, -0.0369744, 0.00375159
0.715984, 0.101682, 0.00176114, -0.215966, 0.00500212
0.89498, 0.0470074, 0.002761, -0.394958, 0.00625266
1.07398, -0.0397066, 0.00398472, -0.573949, 0.00750319
1.25297, -0.15846, 0.00543228, -0.752941, 0.00875372
1.43197, -0.309254, 0.00710369, -0.931933, 0.0100043
1.61096, -0.492092, 0.00899898, -1.11092, 0.0112548
1.78996, -0.70696, 0.011118, -1.28992, 0.0125053
1.96896, -0.953867, 0.013461, -1.46891, 0.0137558
2.14795, -1.23282, 0.0160277, -1.6479, 0.0150064
2.32695, -1.5438, 0.0188183, -1.82689, 0.0162569
2.50594, -1.88683, 0.0218328, -2.00588, 0.0175074
2.68494, -2.26189, 0.0250711, -2.18487, 0.018758
2.86393, -2.66899, 0.0285332, -2.36386, 0.0200085
3.04293, -3.10813, 0.0322191, -2.54286, 0.021259
3.22193, -3.57931, 0.0361289, -2.72185, 0.0225096
3.40092, -4.08253, 0.0402626, -2.90084, 0.0237601
3.57992, -4.61779, 0.0446201, -3.07983, 0.0250106
3.75891, -5.18509, 0.0492014, -3.25882, 0.0262612
3.93791, -5.78442, 0.0540066, -3.43781, 0.0275117
4.11691, -6.41579, 0.0590355, -3.61681, 0.0287622
4.2959, -7.07921, 0.0642884, -3.7958, 0.0300127
4.4749, -7.77466, 0.0697651, -3.97479, 0.0312633
4.65389, -8.50215, 0.0754656, -4.15378, 0.0325138
4.83289, -9.26168, 0.08139, -4.33277, 0.0337644
5.01189, -10.0532, 0.0875382, -4.51176, 0.0350149
5.19088, -10.8769, 0.0939102, -4.69075, 0.0362654
5.36988, -11.7325, 0.100506, -4.86975, 0.0375159
5.54887, -12.6202, 0.107326, -5.04874, 0.0387665
5.72787, -13.5399, 0.114369, -5.22773, 0.040017
5.90686, -14.4917, 0.121637, -5.40672, 0.0412675
6.08586, -15.4755, 0.129128, -5.58571, 0.0425181
6.26486, -16.4913, 0.136843, -5.7647, 0.0437686
6.44385, -17.5392, 0.144782, -5.94369, 0.0450191
6.62285, -18.6191, 0.152945, -6.12269, 0.0462697
6.80184, -19.7311, 0.161331, -6.30168, 0.0475202
6.98084, -20.875, 0.169942, -6.48067, 0.0487707
7.15984, -22.0511, 0.17943, -6.65966, 0.0496528
7.33883, -23.2591, 0.187834, -6.83865, 0.0512718
7.51783, -24.4993, 0.197116, -7.01765, 0.0525223
7.69682, -25.7714, 0.206622, -7.19664, 0.0537729
7.87582, -27.0756, 0.216352, -7.37563, 0.0550234
8.05482, -28.4118, 0.226305, -7.55462, 0.0562739
8.23381, -29.7801, 0.236482, -7.73362, 0.0575245
8.41281, -31.1804, 0.246884, -7.9126, 0.058775
8.5918, -32.6127, 0.257509, -8.0916, 0.0600256
8.7708, -34.0771, 0.268357, -8.27064, 0.0612764
8.94979, -35.5733, 0.279418, -8.42053, 0.061506
9.12879, -37.0646, 0.290302, -8.24161, 0.0601489
9.30779, -38.5238, 0.300954, -8.0626, 0.0588713
9.48678, -39.9509, 0.311378, -7.88361, 0.0576045
9.66578, -41.346, 0.321576, -7.70463, 0.0563424
9.84477, -42.7091, 0.331548, -7.52563, 0.0550828
10.0238, -44.0401, 0.341295, -7.34664, 0.0538248
10.2028, -45.3391, 0.350817, -7.16764, 0.052568
10.3818, -46.6061, 0.360114, -6.98865, 0.051312
10.5608, -47.841, 0.369187, -6.80966, 0.0500567
10.7398, -49.0439, 0.378034, -6.63067, 0.0488018
10.9188, -50.2147, 0.386657, -6.45168, 0.0475474
11.0977, -51.3535, 0.395056, -6.27269, 0.0462932
11.2767, -52.4603, 0.40323, -6.0937, 0.0450394
11.4557, -53.535, 0.41118, -5.91471, 0.0437859
11.6347, -54.5777, 0.418905, -5.73571, 0.0425325
11.8137, -55.5884, 0.426406, -5.55672, 0.0412793
11.9927, -56.567, 0.433683, -5.37773, 0.0400263
12.1717, -57.5135, 0.440735, -5.19874, 0.0387734
12.3507, -58.4281, 0.447563, -5.01975, 0.0375207
12.5297, -59.3106, 0.454167, -4.84075, 0.036268
12.7087, -60.161, 0.460547, -4.66176, 0.0350155
12.8877, -60.9795, 0.466702, -4.48277, 0.033763
13.0667, -61.7658, 0.472634, -4.30378, 0.0325107
13.2457, -62.5202, 0.478341, -4.12479, 0.0312584
13.4247, -63.2425, 0.483824, -3.9458, 0.0300062
13.6037, -63.9327, 0.489083, -3.7668, 0.028754
13.7827, -64.591, 0.494118, -3.58782, 0.0275019
13.9617, -65.2171, 0.498928, -3.40882, 0.0262499
14.1407, -65.8113, 0.503515, -3.22983, 0.0249979
14.3197, -66.3734, 0.507877, -3.05084, 0.023746
14.4987, -66.9035, 0.512016, -2.87185, 0.0224941
14.6777, -67.4015, 0.51593, -2.69286, 0.0212423
14.8567, -67.8675, 0.51962, -2.51387, 0.0199905
15.0357, -68.3014, 0.523087, -2.33487, 0.0187387
15.2147, -68.7033, 0.526329, -2.15588, 0.017487
15.3936, -69.0732, 0.529347, -1.97689, 0.0162353
15.5726, -69.4111, 0.532141, -1.7979, 0.0149836
15.7516, -69.7169, 0.534711, -1.61891, 0.013732
15.9306, -69.9906, 0.537057, -1.43992, 0.0124804
16.1096, -70.2323, 0.539179, -1.26092, 0.0112288
16.2886, -70.442, 0.541077, -1.08193, 0.00997726
16.4676, -70.6197, 0.54275, -0.902943, 0.00872576
16.6466, -70.7653, 0.5442, -0.723952, 0.00747427
16.8256, -70.8788, 0.545426, -0.544957, 0.00622277
17.0046, -70.9604, 0.546428, -0.365965, 0.0049713
17.1836, -71.0098, 0.547206, -0.186976, 0.00371988
17.3626, -71.0273, 0.54776, -0.00798458, 0.00246846
17.5416, -71.0127, 0.54809, 0.171007, 0.00121707
17.7206, -70.9661, 0.548195, 0.350001, -3.43382e-05
17.8849, -70.8951, 0.548594, 0.51426, 0.0010994
18.0491, -70.7971, 0.545913, 0.678516, 0.00257752
18.2134, -70.6722, 0.549329, 0.842779, 0.0032982
18.3776, -70.5202, 0.549968, 1.00704, 0.00439759
18.5419, -70.3413, 0.550787, 1.1713, 0.00549699
18.7062, -70.1354, 0.551786, 1.33556, 0.00659639
18.8704, -69.9026, 0.552967, 1.49982, 0.00769579
19.0347, -69.6427, 0.554328, 1.66408, 0.00879519
19.199, -69.3559, 0.555869, 1.82834, 0.00989459
19.3632, -69.0421, 0.557591, 1.9926, 0.010994
19.5275, -68.7013, 0.559494, 2.15685, 0.0120934
19.6918, -68.3335, 0.561577, 2.32111, 0.0131928
19.856, -67.9387, 0.563841, 2.48537, 0.0142922
20.0203, -67.517, 0.566286, 2.64963, 0.0153916
20.1845, -67.0682, 0.568911, 2.81389, 0.016491
20.3488, -66.5925, 0.571716, 2.97815, 0.0175904
20.5131, -66.0898, 0.574702, 3.14241, 0.0186898
20.6773, -65.5602, 0.577869, 3.30667, 0.0197892
20.8416, -65.0035, 0.581217, 3.47093, 0.0208886
21.0059, -64.4199, 0.584745, 3.63519, 0.021988
21.1701, -63.8093, 0.588453, 3.79945, 0.0230874
21.3344, -63.1717, 0.592342, 3.96371, 0.0241868
21.4986, -62.5071, 0.596412, 4.12797, 0.0252862
21.6629, -61.8155, 0.600663, 4.29223, 0.0263856
21.8272, -61.097, 0.605093, 4.45649, 0.027485
21.9914, -60.3514, 0.609705, 4.62075, 0.0285844
22.1557, -59.5789, 0.614497, 4.78501, 0.0296838
22.32, -58.7794, 0.61947, 4.94927, 0.0307832
22.4842, -57.953, 0.624623, 5.11353, 0.0318826
22.6485, -57.0995, 0.629957, 5.27779, 0.032982
22.8128, -56.2191, 0.635472, 5.44205, 0.0340814
22.977, -55.3116, 0.641167, 5.6063, 0.0351808
23.1413, -54.3773, 0.647042, 5.77056, 0.0362802
23.3055, -53.4159, 0.653099, 5.93482, 0.0373796
23.4698, -52.4275, 0.659335, 6.09908, 0.038479
23.6341, -51.4122, 0.665753, 6.26334, 0.0395783
23.7983, -50.3698, 0.672351, 6.4276, 0.0406778
23.9626, -49.3005, 0.679129, 6.59186, 0.0417772
24.1269, -48.2042, 0.686089, 6.75612, 0.0428765
24.2911, -47.081, 0.693228, 6.92038, 0.043976
24.4554, -45.9307, 0.700549, 7.08464, 0.0450753
24.6196, -44.7535, 0.70805, 7.2489, 0.0461747
24.7839, -43.5493, 0.715732, 7.41316, 0.0472742
24.9482, -42.3181, 0.723594, 7.57742, 0.0483736
25.1124, -41.0599, 0.731636, 7.74168, 0.0494729
25.2767, -39.7747, 0.73986, 7.90594, 0.0505724
25.441, -38.4626, 0.748083, 8.07019, 0.0521051
25.6052, -37.1234, 0.756848, 8.23447, 0.0527712
25.7695, -35.7573, 0.765613, 8.39876, 0.0538708
25.9338, -34.3699, 0.77458, 8.41304, 0.054826
26.098, -33.0014, 0.7835, 8.24873, 0.0537721
26.2623, -31.6599, 0.792244, 8.08446, 0.0526932
26.4265, -30.3455, 0.800811, 7.9202, 0.0516073
26.5908, -29.0579, 0.809198, 7.75594, 0.0505179
26.7551, -27.7974, 0.817407, 7.59168, 0.0494264
26.9193, -26.5639, 0.825436, 7.42742, 0.0483336
27.0836, -25.3573, 0.833286, 7.26316, 0.04724
27.2479, -24.1777, 0.840956, 7.0989, 0.0461455
27.4121, -23.0251, 0.848446, 6.93464, 0.0450505
27.5764, -21.8995, 0.855756, 6.77038, 0.0439551
27.7406, -20.8009, 0.862886, 6.60612, 0.0428593
27.9049, -19.7292, 0.869836, 6.44186, 0.0417632
28.0692, -18.6846, 0.876607, 6.2776, 0.0406668
28.2334, -17.6669, 0.883197, 6.11334, 0.0395702
28.3977, -16.6762, 0.889606, 5.94908, 0.0384735
28.562, -15.7125, 0.895836, 5.78482, 0.0373766
28.7262, -14.7757, 0.901886, 5.62056, 0.0362795
28.8905, -13.8659, 0.907755, 5.45631, 0.0351823
29.0548, -12.9832, 0.913444, 5.29204, 0.034085
29.219, -12.1274, 0.918953, 5.12779, 0.0329875
29.3833, -11.2986, 0.924281, 4.96352, 0.03189
29.5475, -10.4967, 0.929429, 4.79927, 0.0307924
29.7118, -9.72188, 0.934397, 4.635, 0.0296947
29.8761, -8.97401, 0.939185, 4.47075, 0.028597
30.0403, -8.25312, 0.943792, 4.30649, 0.0274992
30.2046, -7.5592, 0.948219, 4.14223, 0.0264013
30.3689, -6.89228, 0.952466, 3.97797, 0.0253034
30.5331, -6.25235, 0.956532, 3.81371, 0.0242054
30.6974, -5.63939, 0.960418, 3.64945, 0.0231073
30.8616, -5.0534, 0.964123, 3.48519, 0.0220092
31.0259, -4.49441, 0.967648, 3.32093, 0.0209111
31.1902, -3.96239, 0.970993, 3.15667, 0.019813
31.3544, -3.45736, 0.974157, 2.99241, 0.0187148
31.5187, -2.9793, 0.977141, 2.82815, 0.0176165
31.683, -2.52824, 0.979945, 2.66389, 0.0165183
31.8472, -2.10415, 0.982568, 2.49963, 0.0154199
32.0115, -1.70704, 0.985011, 2.33537, 0.0143216
32.1758, -1.33692, 0.987273, 2.17112, 0.0132233
32.34, -0.993767, 0.989355, 2.00685, 0.0121249
32.5043, -0.677605, 0.991256, 1.84259, 0.0110264
32.6685, -0.388428, 0.992977, 1.67833, 0.009928
32.8328, -0.126221, 0.994518, 1.51408, 0.00882956
32.9971, 0.108978, 0.995878, 1.34982, 0.00773107
33.1613, 0.317207, 0.997058, 1.18555, 0.00663255
33.3256, 0.498474, 0.998057, 1.0213, 0.00553405
33.4899, 0.652748, 0.998876, 0.857038, 0.00443551
33.6541, 0.780037, 0.999514, 0.692778, 0.00333695
33.8184, 0.880341, 0.999972, 0.528521, 0.00223838
33.9827, 0.953667, 1.00025, 0.364258, 0.00113977
34.1469, 1.00002, 1.00035, 0.200001, 4.11787e-05
