4.17002, 0
0, 0, 0, 0.5, 0
0.0202446, 0.00857351, 0.000499941, 0.502914, 0.0199656
0.0404891, 0.0172067, 0.00140534, 0.505827, 0.0399286
0.0607337, 0.0258996, 0.00271606, 0.508739, 0.0598886
0.0809782, 0.0346523, 0.00443236, 0.51165, 0.0798455
0.101223, 0.0434646, 0.00655403, 0.51456, 0.099799
0.121467, 0.0523368, 0.00908113, 0.517468, 0.119749
0.141712, 0.0612687, 0.0120136, 0.520375, 0.139695
0.161956, 0.0702604, 0.0153515, 0.523281, 0.159637
0.182201, 0.079312, 0.0190949, 0.526185, 0.179575
0.202446, 0.0884233, 0.0232435, 0.529087, 0.199508
0.22269, 0.0975946, 0.0277975, 0.531987, 0.219436
0.242935, 0.106826, 0.032757, 0.534885, 0.239359
0.263179, 0.116117, 0.0381218, 0.537782, 0.259275
0.283424, 0.125468, 0.043892, 0.540675, 0.279185
0.303668, 0.134879, 0.0500675, 0.543566, 0.299089
0.323913, 0.14435, 0.0566483, 0.546455, 0.318984
0.344158, 0.153882, 0.0636344, 0.54934, 0.338871
0.364402, 0.163473, 0.0710258, 0.552222, 0.358749
0.384647, 0.173125, 0.0788225, 0.5551, 0.378617
0.404891, 0.182837, 0.0870244, 0.557974, 0.398474
0.425136, 0.19261, 0.0956315, 0.560844, 0.418319
0.44538, 0.202443, 0.104644, 0.563708, 0.43815
0.465625, 0.212337, 0.114061, 0.566567, 0.457966
0.485869, 0.222292, 0.123884, 0.56942, 0.477765
0.506114, 0.232307, 0.134111, 0.572266, 0.497545
0.526359, 0.242384, 0.144744, 0.575104, 0.517304
0.546603, 0.252522, 0.155781, 0.577934, 0.537039
0.566848, 0.262722, 0.167223, 0.580753, 0.556746
0.587092, 0.272983, 0.17907, 0.583561, 0.576422
0.607337, 0.283307, 0.191321, 0.586355, 0.596062
0.627581, 0.293693, 0.203977, 0.589134, 0.615659
0.647826, 0.304143, 0.217037, 0.591896, 0.635207
0.66807, 0.314657, 0.230501, 0.594636, 0.654698
0.688315, 0.325235, 0.244368, 0.597351, 0.674119
0.70856, 0.33588, 0.258639, 0.600036, 0.693458
0.728804, 0.346591, 0.273312, 0.602685, 0.712697
0.749049, 0.357371, 0.288387, 0.605289, 0.731812
0.769293, 0.368222, 0.303863, 0.607838, 0.750774
0.789538, 0.379147, 0.319739, 0.610317, 0.769542
0.809782, 0.39015, 0.336012, 0.612707, 0.788061
0.830027, 0.401236, 0.35268, 0.614979, 0.806252
0.850272, 0.412413, 0.369738, 0.617096, 0.824004
0.870516, 0.423693, 0.387181, 0.619001, 0.841156
0.890761, 0.435091, 0.404996, 0.620609, 0.857464
0.911005, 0.446631, 0.423167, 0.621797, 0.872562
0.93125, 0.458347, 0.441662, 0.622381, 0.8859
0.951494, 0.47028, 0.460432, 0.622108, 0.896689
0.971739, 0.482477, 0.47939, 0.620672, 0.903933
0.991983, 0.494958, 0.498417, 0.617824, 0.906694
1.01223, 0.50769, 0.517372, 0.613531, 0.904585
1.03247, 0.520579, 0.536131, 0.608036, 0.898027
1.05272, 0.533517, 0.55461, 0.601722, 0.887958
1.07296, 0.546412, 0.572762, 0.594943, 0.875356
1.09321, 0.559205, 0.590565, 0.58795, 0.860991
1.11345, 0.57186, 0.608005, 0.5809, 0.8454
1.1337, 0.584362, 0.625076, 0.573886, 0.82894
1.15394, 0.596701, 0.641775, 0.566958, 0.811851
1.17418, 0.608874, 0.658096, 0.560142, 0.794296
1.19443, 0.620884, 0.67404, 0.553451, 0.776385
1.21467, 0.632732, 0.689602, 0.546889, 0.758198
1.23492, 0.644421, 0.704783, 0.540455, 0.739792
1.25516, 0.655955, 0.719579, 0.534145, 0.721209
1.27541, 0.667337, 0.73399, 0.527955, 0.70248
1.29565, 0.678572, 0.748015, 0.52188, 0.683631
1.3159, 0.689663, 0.761652, 0.515912, 0.664681
1.33614, 0.700614, 0.7749, 0.510047, 0.645643
1.35639, 0.711427, 0.78776, 0.504279, 0.626532
1.37663, 0.722106, 0.800229, 0.498603, 0.607356
1.39687, 0.732653, 0.812307, 0.493013, 0.588123
1.41712, 0.743072, 0.823994, 0.487504, 0.56884
1.43736, 0.753365, 0.835289, 0.482073, 0.549514
1.45761, 0.763535, 0.84619, 0.476715, 0.530148
1.47785, 0.773582, 0.856699, 0.471426, 0.510747
1.4981, 0.783511, 0.866813, 0.466203, 0.491313
1.51834, 0.793322, 0.876534, 0.461041, 0.471851
1.53859, 0.803018, 0.885859, 0.455939, 0.452363
1.55883, 0.8126, 0.89479, 0.450893, 0.432851
1.57908, 0.82207, 0.903325, 0.4459, 0.413316
1.59932, 0.831429, 0.911465, 0.440958, 0.393762
1.61956, 0.84068, 0.919208, 0.436064, 0.374189
1.63981, 0.849823, 0.926555, 0.431216, 0.354598
1.66005, 0.858859, 0.933505, 0.426413, 0.334992
1.6803, 0.867791, 0.940058, 0.421652, 0.315371
1.70054, 0.876618, 0.946213, 0.416931, 0.295735
1.72079, 0.885343, 0.951972, 0.412249, 0.276087
1.74103, 0.893967, 0.957332, 0.407603, 0.256426
1.76128, 0.90249, 0.962295, 0.402994, 0.236754
1.78152, 0.910913, 0.966859, 0.398418, 0.217072
1.80177, 0.919238, 0.971025, 0.393875, 0.197379
1.82201, 0.927465, 0.974793, 0.389364, 0.177676
1.84225, 0.935595, 0.978161, 0.384882, 0.157965
1.8625, 0.943629, 0.981131, 0.38043, 0.138245
1.88274, 0.951568, 0.983702, 0.376007, 0.118517
1.90299, 0.959412, 0.985873, 0.37161, 0.0987816
1.92323, 0.967163, 0.987645, 0.367239, 0.0790385
1.94348, 0.97482, 0.989018, 0.362894, 0.0592885
1.96372, 0.982386, 0.989991, 0.358572, 0.0395316
1.98397, 0.989859, 0.990564, 0.354275, 0.0197689
2.00421, 0.997241, 0.990737, 0.35, -1.19209e-07
2.02587, 1.00471, 0.990942, 0.338751, 0.018508
2.04753, 1.01192, 0.991542, 0.327507, 0.0370184
2.06919, 1.01889, 0.992544, 0.316255, 0.0555244
2.09084, 1.02562, 0.993949, 0.304997, 0.0740263
2.1125, 1.0321, 0.995749, 0.293743, 0.0925309
2.13416, 1.03835, 0.997957, 0.282472, 0.111025
2.15582, 1.04434, 1.00056, 0.271207, 0.129523
2.17748, 1.05008, 1.00356, 0.259936, 0.148017
2.19913, 1.0556, 1.00697, 0.24865, 0.166503
2.22079, 1.06085, 1.01077, 0.23737, 0.184991
2.24245, 1.06588, 1.01498, 0.226067, 0.203466
2.26411, 1.07065, 1.01959, 0.214771, 0.221945
2.28577, 1.07518, 1.0246, 0.203463, 0.240417
2.30742, 1.07947, 1.03001, 0.192144, 0.258882
2.32908, 1.0835, 1.03581, 0.180833, 0.277351
2.35074, 1.08729, 1.04201, 0.169512, 0.295815
2.3724, 1.09085, 1.04862, 0.158166, 0.314264
2.39406, 1.09415, 1.05563, 0.146813, 0.332708
2.41572, 1.0972, 1.06303, 0.13547, 0.351158
2.43737, 1.10001, 1.07084, 0.124105, 0.369594
2.45903, 1.10258, 1.07905, 0.112722, 0.38802
2.48069, 1.1049, 1.08765, 0.101336, 0.406444
2.50235, 1.10697, 1.09665, 0.0899349, 0.424858
2.52401, 1.10879, 1.10605, 0.0785264, 0.443268
2.54566, 1.11038, 1.11585, 0.0670931, 0.461662
2.56732, 1.1117, 1.12605, 0.0556564, 0.480054
2.58898, 1.11278, 1.13665, 0.0441997, 0.498434
2.61064, 1.11362, 1.14764, 0.0327205, 0.5168
2.6323, 1.1142, 1.15903, 0.0212381, 0.535164
2.65395, 1.11453, 1.17082, 0.00972813, 0.55351
2.67561, 1.11462, 1.18301, -0.00181937, 0.571833
2.69727, 1.11446, 1.19559, -0.0133707, 0.590153
2.71893, 1.11404, 1.20857, -0.0249591, 0.60845
2.74059, 1.11338, 1.22195, -0.0365819, 0.626726
2.76224, 1.11246, 1.23572, -0.0482281, 0.644986
2.7839, 1.11129, 1.24988, -0.0599143, 0.663221
2.80556, 1.10986, 1.26445, -0.0716517, 0.681423
2.82722, 1.10818, 1.2794, -0.083425, 0.699601
2.84888, 1.10625, 1.29475, -0.0952596, 0.71774
2.87054, 1.10406, 1.31049, -0.107163, 0.735834
2.89219, 1.10161, 1.32662, -0.11914, 0.753879
2.91385, 1.09889, 1.34314, -0.131198, 0.77187
2.93551, 1.09592, 1.36006, -0.143377, 0.789779
2.95717, 1.09268, 1.37735, -0.155679, 0.807604
2.97883, 1.08918, 1.39504, -0.168161, 0.825303
3.00048, 1.0854, 1.4131, -0.180865, 0.842844
3.02214, 1.08134, 1.43155, -0.193881, 0.860155
3.0438, 1.077, 1.45036, -0.207319, 0.877137
3.06546, 1.07236, 1.46954, -0.22146, 0.893539
3.08712, 1.06739, 1.48906, -0.236801, 0.908809
3.10877, 1.06208, 1.50888, -0.254729, 0.920798
3.13043, 1.05634, 1.52884, -0.27445, 0.917523
3.15209, 1.05033, 1.54849, -0.278208, 0.896679
3.17375, 1.04434, 1.56768, -0.273803, 0.875505
3.19541, 1.03848, 1.58642, -0.266911, 0.854979
3.21706, 1.03279, 1.60472, -0.258877, 0.834866
3.23872, 1.02727, 1.62258, -0.250195, 0.815027
3.26038, 1.02195, 1.64002, -0.241093, 0.795374
3.28204, 1.01683, 1.65704, -0.231697, 0.77586
3.3037, 1.01192, 1.67363, -0.222087, 0.756451
3.32536, 1.00721, 1.6898, -0.212311, 0.737125
3.34701, 1.00272, 1.70556, -0.202404, 0.717865
3.36867, 0.998448, 1.7209, -0.19239, 0.698661
3.39033, 0.99439, 1.73582, -0.182289, 0.679503
3.41199, 0.990553, 1.75033, -0.172113, 0.660384
3.43365, 0.986936, 1.76443, -0.161875, 0.641299
3.4553, 0.983541, 1.77811, -0.151582, 0.622243
3.47696, 0.98037, 1.79138, -0.141241, 0.603213
3.49862, 0.977423, 1.80424, -0.130859, 0.584206
3.52028, 0.974702, 1.81669, -0.12044, 0.565219
3.54194, 0.972207, 1.82872, -0.109987, 0.546249
3.56359, 0.969938, 1.84035, -0.0995053, 0.527297
3.58525, 0.967897, 1.85156, -0.0889966, 0.508359
3.60691, 0.966083, 1.86237, -0.0784635, 0.489435
3.62857, 0.964498, 1.87276, -0.0679082, 0.470523
3.65023, 0.963142, 1.88275, -0.0573329, 0.451623
3.67188, 0.962015, 1.89233, -0.0467388, 0.432732
3.69354, 0.961117, 1.90149, -0.0361275, 0.413852
3.7152, 0.96045, 1.91025, -0.0255005, 0.39498
3.73686, 0.960013, 1.9186, -0.0148585, 0.376117
3.75852, 0.959807, 1.92655, -0.00420317, 0.357261
3.78018, 0.959831, 1.93408, 0.0064652, 0.338413
3.80183, 0.960087, 1.9412, 0.0171453, 0.319571
3.82349, 0.960574, 1.94792, 0.0278366, 0.300736
3.84515, 0.961292, 1.95423, 0.0385383, 0.281907
3.86681, 0.962243, 1.96013, 0.0492502, 0.263083
3.88847, 0.963426, 1.96563, 0.0599711, 0.244265
3.91012, 0.964841, 1.97071, 0.0707008, 0.225451
3.93178, 0.966488, 1.97539, 0.0814389, 0.206642
3.95344, 0.968369, 1.97966, 0.0921848, 0.187838
3.9751, 0.970482, 1.98353, 0.102938, 0.169038
3.99676, 0.972827, 1.98699, 0.113698, 0.150242
4.01841, 0.975407, 1.99004, 0.124466, 0.13145
4.04007, 0.978219, 1.99268, 0.135239, 0.112661
4.06173, 0.981265, 1.99492, 0.146019, 0.0938767
4.08339, 0.984544, 1.99675, 0.156804, 0.0750952
4.10505, 0.988057, 1.99817, 0.167595, 0.0563169
4.1267, 0.991803, 1.99919, 0.178391, 0.0375415
4.14836, 0.995784, 1.9998, 0.189192, 0.018769
4.17002, 0.999999, 2, 0.199999, -6.03497e-07
