35.0795, 0
0, 0, 0, 0.5, 0
0.18372, 0.0750079, 0.00347504, 0.316282, 0.00084329
0.36744, 0.116212, 0.000433358, 0.132568, 0.00243676
0.551161, 0.123695, 0.000985765, -0.0511482, 0.00365513
0.734881, 0.097424, 0.00176202, -0.234864, 0.00487351
0.918601, 0.0373966, 0.00276215, -0.418581, 0.00609189
1.10232, -0.0563846, 0.00398612, -0.602296, 0.00731027
1.28604, -0.183915, 0.00543391, -0.786013, 0.00852865
1.46976, -0.345196, 0.00710554, -0.969729, 0.00974703
1.65348, -0.54023, 0.009001, -1.15345, 0.0109654
1.8372, -0.769017, 0.0111203, -1.33716, 0.0121838
2.02092, -1.03156, 0.0134635, -1.52088, 0.0134022
2.20464, -1.32785, 0.0160305, -1.70459, 0.0146205
2.38836, -1.65789, 0.0188213, -1.88831, 0.0158389
2.57208, -2.02168, 0.0243105, -2.07203, 0.0166822
2.7558, -2.41924, 0.0250745, -2.25574, 0.0182757
2.93952, -2.85054, 0.0285369, -2.43946, 0.0194941
3.12324, -3.31559, 0.0322231, -2.62317, 0.0207124
3.30696, -3.8144, 0.0361331, -2.80689, 0.0219308
3.49068, -4.34696, 0.040267, -2.99061, 0.0231492
3.6744, -4.91327, 0.0446247, -3.17432, 0.0243676
3.85812, -5.51333, 0.0492063, -3.35804, 0.0255859
4.04184, -6.14715, 0.0540117, -3.54175, 0.0268043
4.22556, -6.81472, 0.0590409, -3.72547, 0.0280227
4.40928, -7.51604, 0.064294, -3.90919, 0.0292411
4.593, -8.2511, 0.0714874, -4.0929, 0.0300844
4.77672, -9.01993, 0.0754717, -4.27662, 0.0316778
4.96044, -9.82251, 0.0813963, -4.46034, 0.0328962
5.14417, -10.6588, 0.0890545, -4.64405, 0.0337395
5.32789, -11.5289, 0.093917, -4.82777, 0.035333
5.51161, -12.4328, 0.100513, -5.01148, 0.0365514
5.69533, -13.3703, 0.107333, -5.1952, 0.0377697
5.87905, -14.3417, 0.115611, -5.37892, 0.038613
6.06277, -15.3468, 0.12281, -5.56263, 0.0398314
6.24649, -16.3856, 0.129136, -5.74635, 0.0414249
6.43021, -17.4582, 0.137879, -5.93006, 0.0422681
6.61393, -18.5646, 0.144791, -6.11378, 0.0438616
6.79765, -19.7047, 0.152954, -6.2975, 0.04508
6.98137, -20.8785, 0.16134, -6.48121, 0.0462984
7.16509, -22.0861, 0.170757, -6.66493, 0.0471146
7.34881, -23.3275, 0.178786, -6.84865, 0.0487351
7.53253, -24.6026, 0.187844, -7.03236, 0.0499535
7.71625, -25.9115, 0.197671, -7.21608, 0.0507968
7.89997, -27.2541, 0.206632, -7.3998, 0.0523903
8.08369, -28.6304, 0.216769, -7.58351, 0.0532336
8.26741, -30.0406, 0.226679, -7.76723, 0.0544249
8.45113, -31.4844, 0.236494, -7.95095, 0.0560454
8.63485, -32.9621, 0.246895, -8.13467, 0.0572639
8.81857, -34.4734, 0.257687, -8.31836, 0.0580069
9.00229, -36.0186, 0.268449, -8.50208, 0.0592252
9.18601, -37.5972, 0.279429, -8.65189, 0.0599143
9.36973, -39.1699, 0.290312, -8.46837, 0.0586008
9.55345, -40.7088, 0.300964, -8.28467, 0.0573572
9.73717, -42.214, 0.311388, -8.10095, 0.0561235
9.92089, -43.6854, 0.321586, -7.91723, 0.0548942
10.1046, -45.1231, 0.331559, -7.7335, 0.0536672
10.2883, -46.527, 0.341306, -7.54979, 0.0524418
10.472, -47.8972, 0.350828, -7.36608, 0.0512175
10.6558, -49.2336, 0.360125, -7.18236, 0.049994
10.8395, -50.5363, 0.369198, -6.99864, 0.0487711
11.0232, -51.8052, 0.378046, -6.81493, 0.0475486
11.2069, -53.0403, 0.386669, -6.63121, 0.0463265
11.3907, -54.2418, 0.395068, -6.44749, 0.0451048
11.5744, -55.4094, 0.403242, -6.26378, 0.0438833
11.7581, -56.5433, 0.411192, -6.08006, 0.0426621
11.9418, -57.6435, 0.418918, -5.89635, 0.041441
12.1255, -58.7099, 0.42642, -5.71263, 0.0402201
12.3093, -59.7425, 0.433697, -5.52891, 0.0389994
12.493, -60.7414, 0.440749, -5.3452, 0.0377788
12.6767, -61.7066, 0.447578, -5.16148, 0.0365583
12.8604, -62.6379, 0.454182, -4.97776, 0.0353379
13.0441, -63.5356, 0.460563, -4.79405, 0.0341177
13.2279, -64.3995, 0.466719, -4.61033, 0.0328975
13.4116, -65.2296, 0.472651, -4.42662, 0.0316774
13.5953, -66.026, 0.478358, -4.2429, 0.0304573
13.779, -66.7886, 0.483842, -4.05918, 0.0292374
13.9627, -67.5175, 0.489101, -3.87547, 0.0280175
14.1465, -68.2126, 0.494137, -3.69175, 0.0267976
14.3302, -68.874, 0.498948, -3.50804, 0.0255778
14.5139, -69.5016, 0.503535, -3.32432, 0.0243581
14.6976, -70.0955, 0.507898, -3.14061, 0.0231384
14.8813, -70.6556, 0.512037, -2.95689, 0.0219187
15.0651, -71.182, 0.515952, -2.77317, 0.0206991
15.2488, -71.6746, 0.519643, -2.58946, 0.0194796
15.4325, -72.1335, 0.523109, -2.40574, 0.01826
15.6162, -72.5586, 0.526352, -2.22202, 0.0170405
15.7999, -72.9499, 0.529371, -2.03831, 0.015821
15.9837, -73.3075, 0.532165, -1.85459, 0.0146016
16.1674, -73.6314, 0.534736, -1.67088, 0.0133822
16.3511, -73.9215, 0.537082, -1.48716, 0.0121628
16.5348, -74.1778, 0.539205, -1.30344, 0.0109434
16.7185, -74.4004, 0.541104, -1.11973, 0.00972407
16.9023, -74.5892, 0.542778, -0.936013, 0.00850477
17.086, -74.7443, 0.544228, -0.752295, 0.00728546
17.2697, -74.8657, 0.545455, -0.56858, 0.00606619
17.4534, -74.9532, 0.546458, -0.384862, 0.00484693
17.6371, -75.0071, 0.547236, -0.201145, 0.00362769
17.8209, -75.0272, 0.547791, -0.0174301, 0.00240848
18.0046, -75.0135, 0.548121, 0.166287, 0.00118928
18.1883, -74.966, 0.548227, 0.35, -2.9887e-05
18.3572, -74.8927, 0.548594, 0.518909, 0.00106915
18.5261, -74.7908, 0.54601, 0.687815, 0.00249447
18.695, -74.6603, 0.549328, 0.856726, 0.00320744
18.8639, -74.5014, 0.549967, 1.02563, 0.00427659
19.0329, -74.3138, 0.550786, 1.19454, 0.00534574
19.2018, -74.0978, 0.551785, 1.36345, 0.00641488
19.3707, -73.8532, 0.550405, 1.53236, 0.0078402
19.5396, -73.5801, 0.551826, 1.70127, 0.00890935
19.7085, -73.2785, 0.555867, 1.87018, 0.00962233
19.8774, -72.9483, 0.557589, 2.03909, 0.0106915
20.0463, -72.5896, 0.557172, 2.20799, 0.0121168
20.2152, -72.2024, 0.561575, 2.3769, 0.0128298
20.3842, -71.7867, 0.561639, 2.54581, 0.0142551
20.5531, -71.3424, 0.566283, 2.71472, 0.0149681
20.722, -70.8696, 0.566829, 2.88362, 0.0163934
20.8909, -70.3682, 0.569694, 3.05253, 0.0174625
21.0598, -69.8384, 0.574699, 3.22144, 0.0181755
21.2287, -69.28, 0.575967, 3.39035, 0.0196008
21.3976, -68.693, 0.579374, 3.55926, 0.02067
21.5665, -68.0775, 0.582962, 3.72817, 0.0217391
21.7354, -67.4335, 0.586731, 3.89708, 0.0228083
21.9044, -66.761, 0.59068, 4.06598, 0.0238774
22.0733, -66.06, 0.59481, 4.23489, 0.0249466
22.2422, -65.3304, 0.600658, 4.4038, 0.0256595
22.4111, -64.5723, 0.603611, 4.57271, 0.0270849
22.58, -63.7856, 0.608283, 4.74162, 0.028154
22.7489, -62.9704, 0.614492, 4.91053, 0.028867
22.9178, -62.1267, 0.618167, 5.07943, 0.0302923
23.0867, -61.2545, 0.623381, 5.24834, 0.0313614
23.2557, -60.3537, 0.628775, 5.41725, 0.0324306
23.4246, -59.4244, 0.634269, 5.58616, 0.0335254
23.5935, -58.4666, 0.640104, 5.75507, 0.0345689
23.7624, -57.4802, 0.647036, 5.92398, 0.0352819
23.9313, -56.4653, 0.653092, 6.09289, 0.036351
24.1002, -55.4219, 0.658353, 6.26179, 0.037817
24.2691, -54.3499, 0.66493, 6.4307, 0.0388455
24.438, -53.2494, 0.672344, 6.59961, 0.0395584
24.6069, -52.1204, 0.679122, 6.76852, 0.0406276
24.7759, -50.9629, 0.6854, 6.93743, 0.0420786
24.9448, -49.7768, 0.692604, 7.10634, 0.0431478
25.1137, -48.5622, 0.700541, 7.27525, 0.043835
25.2826, -47.319, 0.707587, 7.44415, 0.0452604
25.4515, -46.0474, 0.715723, 7.61307, 0.0459733
25.6204, -44.7472, 0.723189, 7.78197, 0.047465
25.7893, -43.4184, 0.731354, 7.95088, 0.0484678
25.9582, -42.0612, 0.739606, 8.11978, 0.0495883
26.1272, -40.6754, 0.748057, 8.28869, 0.0507088
26.2961, -39.261, 0.756839, 8.45761, 0.0513191
26.465, -37.8182, 0.765604, 8.62653, 0.0523883
26.6339, -36.3524, 0.774569, 8.6454, 0.0533181
26.8028, -34.9064, 0.783489, 8.4765, 0.0522927
26.9717, -33.4889, 0.792234, 8.30759, 0.051243
27.1406, -32.0999, 0.8008, 8.1387, 0.0501867
27.3095, -30.7394, 0.809188, 7.96979, 0.049127
27.4785, -29.4075, 0.817396, 7.80088, 0.0480653
27.6474, -28.1041, 0.825425, 7.63197, 0.0470025
27.8163, -26.8292, 0.833275, 7.46306, 0.0459387
27.9852, -25.5829, 0.840945, 7.29415, 0.0448742
28.1541, -24.3651, 0.848434, 7.12525, 0.0438092
28.323, -23.1758, 0.855744, 6.95634, 0.0427438
28.4919, -22.0151, 0.862874, 6.78743, 0.041678
28.6608, -20.8829, 0.869824, 6.61852, 0.040612
28.8297, -19.7792, 0.876594, 6.44961, 0.0395457
28.9987, -18.704, 0.883184, 6.2807, 0.0384792
29.1676, -17.6574, 0.889593, 6.11179, 0.0374125
29.3365, -16.6393, 0.895822, 5.94289, 0.0363457
29.5054, -15.6498, 0.901872, 5.77397, 0.0352787
29.6743, -14.6887, 0.90774, 5.60507, 0.0342117
29.8432, -13.7562, 0.913429, 5.43616, 0.0331445
30.0121, -12.8523, 0.918937, 5.26725, 0.0320772
30.181, -11.9768, 0.924266, 5.09835, 0.0310098
30.35, -11.1299, 0.929413, 4.92944, 0.0299424
30.5189, -10.3116, 0.934381, 4.76053, 0.0288748
30.6878, -9.52171, 0.939168, 4.59162, 0.0278072
30.8567, -8.7604, 0.943775, 4.42271, 0.0267396
31.0256, -8.02761, 0.948201, 4.2538, 0.0256718
31.1945, -7.32336, 0.952447, 4.08489, 0.0246041
31.3634, -6.64764, 0.956513, 3.91598, 0.0235362
31.5323, -6.00045, 0.960398, 3.74708, 0.0224684
31.7012, -5.38179, 0.964103, 3.57817, 0.0214005
31.8702, -4.79165, 0.967628, 3.40926, 0.0203325
32.0391, -4.23006, 0.970972, 3.24035, 0.0192645
32.208, -3.697, 0.974136, 3.07144, 0.0181965
32.3769, -3.19245, 0.977119, 2.90253, 0.0171285
32.5458, -2.71643, 0.979922, 2.73363, 0.0160604
32.7147, -2.26897, 0.982545, 2.56472, 0.0149923
32.8836, -1.85003, 0.984987, 2.39581, 0.0139241
33.0525, -1.45961, 0.987249, 2.2269, 0.0128559
33.2215, -1.09772, 0.98933, 2.05799, 0.0117878
33.3904, -0.764374, 0.991231, 1.88908, 0.0107195
33.5593, -0.459549, 0.992951, 1.72017, 0.00965129
33.7282, -0.183258, 0.994491, 1.55127, 0.00858303
33.8971, 0.0645218, 0.995851, 1.38236, 0.00751474
34.066, 0.283722, 0.99703, 1.21345, 0.00644643
34.2349, 0.474449, 0.998029, 1.04454, 0.00537812
34.4038, 0.636612, 0.998847, 0.875633, 0.00430978
34.5728, 0.770256, 0.999485, 0.706723, 0.00324141
34.7417, 0.875359, 0.999942, 0.537816, 0.00217305
34.9106, 0.951942, 1.00022, 0.368908, 0.00110466
35.0795, 0.999985, 1.00032, 0.199998, 3.6242e-05
