29.5851, 0
0, 0, 0, 0.5, 0
0.155873, 0.065751, -0.0039846, 0.344138, 0.00197143
0.311747, 0.107281, 0.000430309, 0.188266, 0.00287202
0.46762, 0.12448, 0.000981208, 0.0323995, 0.00430803
0.623494, 0.117382, 0.00175595, -0.123468, 0.00574404
0.779367, 0.085989, 0.00275452, -0.279334, 0.00718004
0.935241, 0.0302676, 0.000306384, -0.435197, 0.00915147
1.09111, -0.0496839, 0.00542318, -0.591068, 0.0100521
1.24699, -0.153994, 0.00358962, -0.74693, 0.0120235
1.40286, -0.282539, 0.00898719, -0.902802, 0.0129241
1.55873, -0.435409, 0.0111049, -1.05867, 0.0143601
1.71461, -0.612576, 0.0134465, -1.21454, 0.0157961
1.87048, -0.81404, 0.016012, -1.3704, 0.0172321
2.02636, -1.03982, 0.0157149, -1.52626, 0.0192035
2.18223, -1.28985, 0.0218143, -1.68214, 0.0201041
2.3381, -1.5642, 0.0250512, -1.838, 0.0215401
2.49398, -1.86287, 0.025676, -1.99387, 0.0235116
2.64985, -2.18578, 0.0321966, -2.14974, 0.0244122
2.80572, -2.53301, 0.0361051, -2.3056, 0.0258482
2.9616, -2.90454, 0.0402373, -2.46147, 0.0272842
3.11747, -3.30037, 0.0445934, -2.61734, 0.0287202
3.27334, -3.72049, 0.0491734, -2.7732, 0.0301562
3.42922, -4.16491, 0.0539772, -2.92907, 0.0315922
3.58509, -4.63362, 0.0590048, -3.08494, 0.0330282
3.74096, -5.12663, 0.0642563, -3.2408, 0.0344642
3.89684, -5.64393, 0.0698819, -3.39667, 0.0358616
4.05271, -6.18553, 0.0754307, -3.55254, 0.0373362
4.20858, -6.75144, 0.0794357, -3.7084, 0.0393077
4.36446, -7.34162, 0.0875004, -3.86427, 0.0402083
4.52033, -7.9561, 0.0939974, -4.02014, 0.0416056
4.6762, -8.59488, 0.100586, -4.17601, 0.0430416
4.83208, -9.25796, 0.107398, -4.33187, 0.0444777
4.98795, -9.94533, 0.114326, -4.48774, 0.0459523
5.14383, -10.657, 0.121592, -4.64361, 0.0473883
5.2997, -11.393, 0.129082, -4.79947, 0.0488243
5.45557, -12.1532, 0.136795, -4.95534, 0.0502603
5.61145, -12.9378, 0.144817, -5.11121, 0.0516577
5.76732, -13.7466, 0.153018, -5.26707, 0.0530711
5.92319, -14.5798, 0.161394, -5.42294, 0.0545071
6.07907, -15.4372, 0.170021, -5.57881, 0.0559271
6.23494, -16.3189, 0.178841, -5.73467, 0.0573631
6.39081, -17.225, 0.187886, -5.89054, 0.0587991
6.54669, -18.1553, 0.197183, -6.0464, 0.0602125
6.70256, -19.1099, 0.206671, -6.20227, 0.0616485
6.85843, -20.0888, 0.216399, -6.35814, 0.0630685
7.01431, -21.0921, 0.226333, -6.514, 0.0645045
7.17018, -22.1196, 0.236505, -6.66987, 0.0659179
7.32605, -23.1714, 0.246885, -6.82573, 0.0673494
7.48193, -24.2475, 0.257493, -6.98159, 0.0687614
7.6378, -25.3479, 0.268322, -7.13744, 0.0701507
7.79367, -26.4725, 0.279359, -7.28575, 0.0712269
7.94955, -27.5963, 0.290328, -7.13156, 0.0695983
8.10542, -28.6958, 0.301061, -6.97572, 0.0681244
8.26129, -29.771, 0.311566, -6.81987, 0.0666661
8.41717, -30.8219, 0.321844, -6.664, 0.0652141
8.57304, -31.8485, 0.331897, -6.50813, 0.0637658
8.72892, -32.8508, 0.341723, -6.35227, 0.0623196
8.88479, -33.8288, 0.351325, -6.1964, 0.0608751
9.04066, -34.7825, 0.360701, -6.04053, 0.0594316
9.19654, -35.7119, 0.369852, -5.88466, 0.057989
9.35241, -36.617, 0.378779, -5.7288, 0.0565472
9.50828, -37.4978, 0.387481, -5.57293, 0.0551059
9.66416, -38.3544, 0.395958, -5.41707, 0.053665
9.82003, -39.1866, 0.404211, -5.2612, 0.0522246
9.9759, -39.9945, 0.412239, -5.10533, 0.0507845
10.1318, -40.7782, 0.420043, -4.94947, 0.0493446
10.2877, -41.5375, 0.427622, -4.7936, 0.047905
10.4435, -42.2725, 0.434977, -4.63773, 0.0464656
10.5994, -42.9833, 0.442107, -4.48187, 0.0450264
10.7553, -43.6698, 0.449014, -4.326, 0.0435874
10.9111, -44.3319, 0.455696, -4.17013, 0.0421485
11.067, -44.9698, 0.462153, -4.01427, 0.0407098
11.2229, -45.5834, 0.468387, -3.8584, 0.0392712
11.3788, -46.1726, 0.474396, -3.70253, 0.0378327
11.5346, -46.7376, 0.480181, -3.54666, 0.0363943
11.6905, -47.2783, 0.485742, -3.3908, 0.0349561
11.8464, -47.7947, 0.491079, -3.23493, 0.0335179
12.0023, -48.2868, 0.496191, -3.07906, 0.0320798
12.1581, -48.7546, 0.501079, -2.9232, 0.0306417
12.314, -49.1981, 0.505744, -2.76733, 0.0292038
12.4699, -49.6173, 0.510184, -2.61146, 0.0277659
12.6258, -50.0122, 0.514399, -2.4556, 0.026328
12.7816, -50.3828, 0.518391, -2.29973, 0.0248903
12.9375, -50.7291, 0.522159, -2.14386, 0.0234525
13.0934, -51.0511, 0.525702, -1.98799, 0.0220149
13.2492, -51.3489, 0.529022, -1.83213, 0.0205772
13.4051, -51.6223, 0.532117, -1.67626, 0.0191397
13.561, -51.8714, 0.534989, -1.52039, 0.0177021
13.7169, -52.0963, 0.537636, -1.36453, 0.0162646
13.8727, -52.2968, 0.540059, -1.20866, 0.0148272
14.0286, -52.4731, 0.542258, -1.05279, 0.0133898
14.1845, -52.625, 0.544233, -0.896927, 0.0119524
14.3404, -52.7527, 0.545984, -0.74106, 0.010515
14.4962, -52.8561, 0.547511, -0.585195, 0.00907771
14.6521, -52.9351, 0.548814, -0.429328, 0.00764042
14.808, -52.9899, 0.549893, -0.273461, 0.00620316
14.9639, -53.0204, 0.550748, -0.117594, 0.00476592
15.1197, -53.0266, 0.551379, 0.0382727, 0.00332872
15.2756, -53.0084, 0.551786, 0.19414, 0.00189153
15.4315, -52.966, 0.551969, 0.350006, 0.000454391
15.573, -52.9065, 0.548595, 0.491531, 0.00127589
15.7145, -52.8268, 0.539316, 0.633049, 0.00397434
15.8561, -52.7273, 0.549333, 0.774593, 0.00382765
15.9976, -52.6076, 0.540817, 0.91611, 0.00652611
16.1392, -52.468, 0.550793, 1.05765, 0.00637942
16.2807, -52.3083, 0.551794, 1.19918, 0.0076553
16.4222, -52.1285, 0.552975, 1.34072, 0.00893119
16.5638, -51.9288, 0.554337, 1.48225, 0.0102071
16.7053, -51.7089, 0.55588, 1.62378, 0.011483
16.8468, -51.4691, 0.557603, 1.76531, 0.0127588
16.9884, -51.2092, 0.559507, 1.90684, 0.0140347
17.1299, -50.9293, 0.561591, 2.04837, 0.0153106
17.2715, -50.6294, 0.563856, 2.1899, 0.0165865
17.413, -50.3094, 0.566302, 2.33143, 0.0178624
17.5545, -49.9694, 0.568928, 2.47296, 0.0191383
17.6961, -49.6094, 0.571735, 2.61449, 0.0204141
17.8376, -49.2293, 0.574722, 2.75602, 0.02169
17.9791, -48.8292, 0.57789, 2.89755, 0.0229659
18.1207, -48.4091, 0.581238, 3.03908, 0.0242418
18.2622, -47.969, 0.584767, 3.18062, 0.0255177
18.4037, -47.5087, 0.582745, 3.32213, 0.0282161
18.5453, -47.0285, 0.586836, 3.46366, 0.029492
18.6868, -46.5283, 0.596438, 3.60521, 0.0293453
18.8284, -46.008, 0.600689, 3.74674, 0.0306212
18.9699, -45.4677, 0.605121, 3.88827, 0.0318971
19.1114, -44.9073, 0.605008, 4.02979, 0.0345955
19.253, -44.327, 0.614527, 4.17133, 0.0344489
19.3945, -43.7265, 0.615064, 4.31285, 0.0371849
19.536, -43.1061, 0.624655, 4.45439, 0.0370006
19.6776, -42.4656, 0.62999, 4.59592, 0.0382765
19.8191, -41.8051, 0.631787, 4.73744, 0.040975
19.9606, -41.1246, 0.637591, 4.87897, 0.0422884
20.1022, -40.424, 0.643762, 5.0205, 0.0435267
20.2437, -39.7034, 0.653136, 5.16205, 0.0433801
20.3853, -38.9628, 0.656383, 5.30356, 0.0461161
20.5268, -38.2021, 0.665792, 5.44511, 0.0459318
20.6683, -37.4214, 0.672391, 5.58664, 0.0472077
20.8099, -36.6207, 0.676739, 5.72815, 0.0499813
20.9514, -35.7999, 0.686131, 5.8697, 0.0497595
21.0929, -34.9591, 0.693271, 6.01123, 0.0510354
21.2345, -34.0983, 0.700593, 6.15276, 0.0523112
21.376, -33.2174, 0.706551, 6.29428, 0.0550473
21.5175, -32.3166, 0.71444, 6.43581, 0.0563231
21.6591, -31.3956, 0.72251, 6.57734, 0.057599
21.8006, -30.4547, 0.730736, 6.71887, 0.0589125
21.9422, -29.4937, 0.739162, 6.8604, 0.0602103
22.0837, -28.5127, 0.747764, 7.00192, 0.0615358
22.2252, -27.5117, 0.756898, 7.14348, 0.0612425
22.3668, -26.4906, 0.765557, 7.28498, 0.0641233
22.5083, -25.4551, 0.77471, 7.27656, 0.0645469
22.6498, -24.4352, 0.78376, 7.135, 0.0633282
22.7914, -23.4354, 0.792635, 6.99347, 0.0620796
22.9329, -22.4556, 0.801333, 6.85194, 0.0608218
23.0744, -21.4958, 0.809852, 6.71041, 0.0595594
23.216, -20.556, 0.818192, 6.56888, 0.0582943
23.3575, -19.6363, 0.826353, 6.42734, 0.0570274
23.4991, -18.7366, 0.834335, 6.28581, 0.0557593
23.6406, -17.8569, 0.842137, 6.14428, 0.0544902
23.7821, -16.9973, 0.84976, 6.00275, 0.0532203
23.9237, -16.1577, 0.857202, 5.86123, 0.0519498
24.0652, -15.3382, 0.864465, 5.71969, 0.0506789
24.2067, -14.5386, 0.871548, 5.57816, 0.0494075
24.3483, -13.7591, 0.878451, 5.43663, 0.0481358
24.4898, -12.9997, 0.885174, 5.2951, 0.0468637
24.6313, -12.2602, 0.891717, 5.15357, 0.0455915
24.7729, -11.5408, 0.89808, 5.01204, 0.0443189
24.9144, -10.8415, 0.904263, 4.87051, 0.0430463
25.056, -10.1621, 0.910265, 4.72898, 0.0417734
25.1975, -9.50282, 0.916088, 4.58745, 0.0405003
25.339, -8.86354, 0.92173, 4.44591, 0.0392272
25.4806, -8.2443, 0.927192, 4.30439, 0.0379539
25.6221, -7.64509, 0.932473, 4.16285, 0.0366804
25.7636, -7.06591, 0.937575, 4.02132, 0.0354069
25.9052, -6.50676, 0.942496, 3.87979, 0.0341333
26.0467, -5.96765, 0.947237, 3.73826, 0.0328596
26.1883, -5.44856, 0.951798, 3.59673, 0.0315858
26.3298, -4.94951, 0.956178, 3.4552, 0.0303119
26.4713, -4.47048, 0.960378, 3.31367, 0.0290379
26.6129, -4.0115, 0.964398, 3.17214, 0.0277639
26.7544, -3.57254, 0.968238, 3.03061, 0.0264898
26.8959, -3.15362, 0.971897, 2.88908, 0.0252157
27.0375, -2.75472, 0.975375, 2.74755, 0.0239415
27.179, -2.37585, 0.978674, 2.60601, 0.0226673
27.3205, -2.01703, 0.981792, 2.46448, 0.021393
27.4621, -1.67823, 0.98473, 2.32295, 0.0201187
27.6036, -1.35946, 0.987487, 2.18142, 0.0188443
27.7452, -1.06073, 0.990064, 2.03989, 0.0175699
27.8867, -0.782024, 0.99246, 1.89836, 0.0162954
28.0282, -0.523354, 0.994677, 1.75683, 0.0150209
28.1698, -0.284721, 0.996712, 1.6153, 0.0137464
28.3113, -0.0661087, 0.998568, 1.47377, 0.0124718
28.4528, 0.132473, 1.00024, 1.33224, 0.0111972
28.5944, 0.311016, 1.00174, 1.19071, 0.00992258
28.7359, 0.469521, 1.00305, 1.04917, 0.00864792
28.8774, 0.608006, 1.00419, 0.907645, 0.00737325
29.019, 0.726452, 1.00514, 0.766115, 0.00609855
29.1605, 0.824875, 1.00591, 0.624584, 0.00482382
29.3021, 0.903259, 1.0065, 0.483052, 0.00354906
29.4436, 0.961617, 1.00692, 0.341522, 0.00227428
29.5851, 0.999935, 1.00715, 0.199992, 0.00099949
