2.52249, 0.0887636
0, 0, 0, 0.5, 0
0.0114857, 0.00509935, 0.0004598, 0.501664, 0.0111008
0.0229713, 0.0102258, 0.00104415, 0.503281, 0.0222037
0.034457, 0.0153793, 0.0017529, 0.504848, 0.0333089
0.0459427, 0.0205583, 0.00258651, 0.506366, 0.0444157
0.0574283, 0.0257633, 0.00354451, 0.507831, 0.0555244
0.068914, 0.030993, 0.00462722, 0.509244, 0.0666346
0.0803997, 0.0362476, 0.00583436, 0.510601, 0.0777461
0.0918854, 0.0415259, 0.00716609, 0.511902, 0.0888587
0.103371, 0.0468277, 0.00862222, 0.513145, 0.0999723
0.114857, 0.0521524, 0.0102028, 0.514327, 0.111086
0.126342, 0.0574989, 0.011908, 0.515447, 0.122201
0.137828, 0.0628671, 0.0137375, 0.516503, 0.133315
0.149314, 0.0682561, 0.0156914, 0.517493, 0.144429
0.160799, 0.0736651, 0.0177696, 0.518415, 0.155542
0.172285, 0.0790935, 0.0199721, 0.519266, 0.166654
0.183771, 0.0845405, 0.0222989, 0.520044, 0.177764
0.195256, 0.0900055, 0.0247499, 0.520747, 0.188872
0.206742, 0.0954877, 0.0273248, 0.521371, 0.199978
0.218228, 0.100986, 0.0300239, 0.521915, 0.211079
0.229713, 0.1065, 0.0328469, 0.522375, 0.222177
0.241199, 0.112028, 0.0357937, 0.522748, 0.23327
0.252685, 0.11757, 0.0388643, 0.523032, 0.244357
0.26417, 0.123124, 0.0420585, 0.523223, 0.255437
0.275656, 0.12869, 0.0453761, 0.523317, 0.26651
0.287142, 0.134266, 0.0488172, 0.523311, 0.277573
0.298627, 0.139852, 0.0523813, 0.523202, 0.288627
0.310113, 0.145446, 0.0560686, 0.522986, 0.29967
0.321599, 0.151048, 0.0598786, 0.522657, 0.3107
0.333084, 0.156656, 0.0638112, 0.522211, 0.321716
0.34457, 0.162268, 0.0678663, 0.521646, 0.332715
0.356056, 0.167883, 0.0720435, 0.520956, 0.343697
0.367541, 0.173501, 0.0763424, 0.520135, 0.354658
0.379027, 0.179119, 0.0807629, 0.519178, 0.365597
0.390513, 0.184736, 0.0853046, 0.51808, 0.376511
0.401998, 0.19035, 0.0899672, 0.516836, 0.387398
0.413484, 0.195961, 0.0947501, 0.515439, 0.398253
0.42497, 0.201566, 0.099653, 0.513883, 0.409074
0.436455, 0.207162, 0.104675, 0.512162, 0.419857
0.447941, 0.21275, 0.109817, 0.510268, 0.430598
0.459427, 0.218326, 0.115076, 0.508195, 0.441292
0.470913, 0.223889, 0.120454, 0.505935, 0.451935
0.482398, 0.229436, 0.125948, 0.50348, 0.462521
0.493884, 0.234965, 0.131559, 0.500823, 0.473043
0.505369, 0.240474, 0.137284, 0.497956, 0.483496
0.516855, 0.245961, 0.143125, 0.49487, 0.493871
0.528341, 0.251422, 0.149078, 0.491555, 0.504163
0.539827, 0.256856, 0.155144, 0.488005, 0.51436
0.551312, 0.262259, 0.161321, 0.484208, 0.524454
0.562798, 0.26763, 0.167608, 0.480157, 0.534435
0.574284, 0.272963, 0.174003, 0.475842, 0.544291
0.585769, 0.278258, 0.180504, 0.471255, 0.554011
0.597255, 0.28351, 0.18711, 0.466386, 0.56358
0.608741, 0.288715, 0.193819, 0.461228, 0.572984
0.620226, 0.293872, 0.200629, 0.455772, 0.582209
0.631712, 0.298975, 0.207538, 0.450011, 0.591237
0.643198, 0.304022, 0.214542, 0.443938, 0.600052
0.654683, 0.309008, 0.22164, 0.437549, 0.608633
0.666169, 0.31393, 0.228829, 0.430838, 0.616964
0.677655, 0.318783, 0.236105, 0.423803, 0.625022
0.68914, 0.323564, 0.243465, 0.416443, 0.632788
0.700626, 0.328269, 0.250907, 0.408759, 0.640239
0.712112, 0.332893, 0.258425, 0.400754, 0.647357
0.723597, 0.337432, 0.266016, 0.392432, 0.654117
0.735083, 0.341883, 0.273676, 0.383803, 0.660502
0.746569, 0.346241, 0.2814, 0.374874, 0.66649
0.758054, 0.350502, 0.289185, 0.36566, 0.672064
0.76954, 0.354664, 0.297024, 0.356174, 0.677207
0.781026, 0.358721, 0.304914, 0.346435, 0.681904
0.792511, 0.362671, 0.312849, 0.33646, 0.686143
0.803997, 0.366511, 0.320824, 0.32627, 0.689915
0.815483, 0.370238, 0.328834, 0.315887, 0.693213
0.826968, 0.373848, 0.336873, 0.305334, 0.696033
0.838454, 0.37734, 0.344937, 0.294634, 0.698374
0.84994, 0.380712, 0.353021, 0.28381, 0.700238
0.861425, 0.383962, 0.361118, 0.272885, 0.701629
0.872911, 0.387087, 0.369224, 0.261881, 0.702555
0.884397, 0.390088, 0.377335, 0.25082, 0.703024
0.895882, 0.392963, 0.385444, 0.239721, 0.703048
0.907368, 0.395712, 0.393547, 0.228602, 0.70264
0.918854, 0.398333, 0.40164, 0.217482, 0.701814
0.930339, 0.400827, 0.409719, 0.206374, 0.700584
0.941825, 0.403194, 0.417778, 0.195293, 0.698967
0.953311, 0.405434, 0.425814, 0.184252, 0.696978
0.964796, 0.407547, 0.433823, 0.17326, 0.694634
0.976282, 0.409534, 0.441801, 0.162327, 0.691951
0.987768, 0.411396, 0.449744, 0.15146, 0.688946
0.999253, 0.413132, 0.457649, 0.140666, 0.685633
1.01074, 0.414744, 0.465513, 0.129951, 0.682029
1.02222, 0.416233, 0.473332, 0.119319, 0.678149
1.03371, 0.417599, 0.481104, 0.108772, 0.674005
1.0452, 0.418844, 0.488826, 0.0983152, 0.669613
1.05668, 0.419968, 0.496494, 0.0879484, 0.664985
1.06817, 0.420973, 0.504108, 0.0776738, 0.660134
1.07965, 0.42186, 0.511663, 0.0674917, 0.655071
1.09114, 0.422629, 0.519158, 0.0574025, 0.649808
1.10262, 0.423282, 0.526591, 0.0474061, 0.644355
1.11411, 0.42382, 0.53396, 0.0375023, 0.638722
1.1256, 0.424243, 0.541263, 0.0276902, 0.632918
1.13708, 0.424554, 0.548497, 0.0179688, 0.626953
1.15094, 0.428597, 0.558566, 0.0196972, 0.638891
1.16479, 0.432628, 0.568808, 0.0214808, 0.650772
1.17864, 0.436645, 0.579223, 0.0233215, 0.662596
1.1925, 0.440649, 0.58981, 0.0252212, 0.674358
1.20635, 0.444641, 0.600568, 0.0271817, 0.686058
1.22021, 0.448618, 0.611496, 0.0292052, 0.697691
1.23406, 0.452582, 0.622594, 0.0312939, 0.709256
1.24791, 0.456532, 0.63386, 0.0334499, 0.720749
1.26177, 0.460468, 0.645293, 0.0356755, 0.732167
1.27562, 0.46439, 0.656892, 0.037973, 0.743508
1.28948, 0.468297, 0.668656, 0.0403451, 0.754766
1.30333, 0.47219, 0.680584, 0.0427941, 0.76594
1.31719, 0.476069, 0.692675, 0.0453226, 0.777026
1.33104, 0.479933, 0.704927, 0.0479336, 0.788018
1.34489, 0.483781, 0.71734, 0.0506296, 0.798914
1.35875, 0.487615, 0.72991, 0.0534138, 0.809709
1.3726, 0.491433, 0.742637, 0.0562889, 0.820398
1.38646, 0.495236, 0.75552, 0.059258, 0.830976
1.40031, 0.499024, 0.768556, 0.0623245, 0.841439
1.41416, 0.502796, 0.781744, 0.0654914, 0.851781
1.42802, 0.506552, 0.795081, 0.0687621, 0.861996
1.44187, 0.510292, 0.808566, 0.0721401, 0.872079
1.45573, 0.514016, 0.822197, 0.0756286, 0.882024
1.46958, 0.517725, 0.835971, 0.0792315, 0.891823
1.48343, 0.521418, 0.849885, 0.0829521, 0.901472
1.49729, 0.525095, 0.863938, 0.086794, 0.910962
1.51114, 0.528756, 0.878127, 0.0907611, 0.920286
1.525, 0.532401, 0.892448, 0.0948571, 0.929436
1.53885, 0.536032, 0.9069, 0.0990853, 0.938406
1.55271, 0.539647, 0.921478, 0.10345, 0.947186
1.56656, 0.543247, 0.936179, 0.107954, 0.955768
1.58041, 0.546832, 0.951, 0.112602, 0.964143
1.59427, 0.550404, 0.965937, 0.117396, 0.972302
1.60812, 0.553962, 0.980987, 0.122341, 0.980236
1.62198, 0.557507, 0.996146, 0.127439, 0.987934
1.63583, 0.56104, 1.01141, 0.132694, 0.995388
1.64968, 0.564562, 1.02677, 0.138108, 1.00259
1.66354, 0.568074, 1.04223, 0.143684, 1.00952
1.67739, 0.571577, 1.05778, 0.149424, 1.01618
1.69125, 0.575072, 1.07341, 0.15533, 1.02255
1.7051, 0.578561, 1.08912, 0.161405, 1.02863
1.71895, 0.582046, 1.10491, 0.167648, 1.03439
1.73281, 0.585528, 1.12077, 0.174061, 1.03984
1.74666, 0.589009, 1.13669, 0.180643, 1.04497
1.76052, 0.592492, 1.15267, 0.187395, 1.04975
1.77437, 0.59598, 1.1687, 0.194315, 1.05419
1.78823, 0.599474, 1.18478, 0.201402, 1.05827
1.80208, 0.602977, 1.20089, 0.208654, 1.06198
1.81593, 0.606494, 1.21704, 0.216067, 1.06532
1.82979, 0.610026, 1.23321, 0.223637, 1.06828
1.84364, 0.613578, 1.24941, 0.231362, 1.07086
1.8575, 0.617153, 1.26561, 0.239235, 1.07303
1.87135, 0.620755, 1.28182, 0.247251, 1.07481
1.8852, 0.624388, 1.29803, 0.255404, 1.07619
1.89906, 0.628056, 1.31424, 0.263686, 1.07716
1.91291, 0.631763, 1.33043, 0.272091, 1.07772
1.92677, 0.635513, 1.3466, 0.280611, 1.07787
1.94062, 0.639311, 1.36274, 0.289236, 1.07762
1.95447, 0.643162, 1.37885, 0.297959, 1.07695
1.96833, 0.647069, 1.39492, 0.30677, 1.07588
1.98218, 0.651037, 1.41094, 0.315661, 1.07441
1.99604, 0.65507, 1.42691, 0.324621, 1.07254
2.00989, 0.659173, 1.44282, 0.333641, 1.07028
2.02375, 0.663349, 1.45868, 0.342713, 1.06763
2.0376, 0.667603, 1.47446, 0.351826, 1.06461
2.05145, 0.671938, 1.49017, 0.360972, 1.06121
2.06531, 0.676358, 1.5058, 0.370141, 1.05744
2.07916, 0.680866, 1.52134, 0.379326, 1.05333
2.09302, 0.685466, 1.5368, 0.388517, 1.04886
2.10687, 0.690161, 1.55217, 0.397707, 1.04406
2.12072, 0.694953, 1.56744, 0.406888, 1.03894
2.13458, 0.699846, 1.58261, 0.416053, 1.03349
2.14843, 0.704841, 1.59768, 0.425196, 1.02775
2.16229, 0.70994, 1.61264, 0.434309, 1.0217
2.17614, 0.715147, 1.62749, 0.443388, 1.01538
2.19, 0.720461, 1.64222, 0.452427, 1.00877
2.20385, 0.725886, 1.65683, 0.46142, 1.00191
2.2177, 0.731421, 1.67133, 0.470364, 0.994784
2.23156, 0.737069, 1.6857, 0.479255, 0.987418
2.24541, 0.742831, 1.69995, 0.488088, 0.979816
2.25927, 0.748706, 1.71407, 0.496861, 0.97199
2.27312, 0.754696, 1.72806, 0.50557, 0.963947
2.28697, 0.760802, 1.74191, 0.514214, 0.955697
2.30083, 0.767023, 1.75564, 0.522789, 0.947248
2.31468, 0.773359, 1.76922, 0.531294, 0.938609
2.32854, 0.779812, 1.78267, 0.539728, 0.929787
2.34239, 0.78638, 1.79597, 0.548088, 0.920791
2.35624, 0.793064, 1.80913, 0.556374, 0.911628
2.3701, 0.799864, 1.82215, 0.564586, 0.902305
2.38395, 0.806778, 1.83503, 0.572721, 0.892828
2.39781, 0.813807, 1.84775, 0.580781, 0.883205
2.41166, 0.82095, 1.86033, 0.588763, 0.873442
2.42552, 0.828207, 1.87276, 0.59667, 0.863544
2.43937, 0.835577, 1.88504, 0.604499, 0.853518
2.45322, 0.84306, 1.89716, 0.612252, 0.843368
2.46708, 0.850654, 1.90913, 0.619929, 0.833101
2.48093, 0.85836, 1.92095, 0.627529, 0.822721
2.49479, 0.866176, 1.93261, 0.635054, 0.812232
2.50864, 0.874101, 1.94412, 0.642504, 0.80164
2.52249, 0.882135, 1.95546, 0.649879, 0.790949
