37.7381, 0
0, 0, 0, 0.5, 0
0.197184, 0.0791518, 0.000105523, 0.302819, 0.00113519
0.394369, 0.119468, 0.00826117, 0.105634, 0.00144144
0.591553, 0.120814, 0.000988089, -0.0915434, 0.00340558
0.788737, 0.0833189, 0.00176516, -0.288724, 0.00454077
0.985922, 0.00694829, 0.00276604, -0.485906, 0.00567597
1.18311, -0.108303, 0.00399077, -0.683087, 0.00681116
1.38029, -0.26244, 0.00543935, -0.880268, 0.00794635
1.57747, -0.455459, 0.0071118, -1.07745, 0.00908154
1.77466, -0.687352, 0.00900804, -1.27463, 0.0102167
1.97184, -0.95813, 0.0111282, -1.47181, 0.0113519
2.16903, -1.26779, 0.0134721, -1.66899, 0.0124871
2.36621, -1.61633, 0.0160399, -1.86617, 0.0136223
2.5634, -2.00375, 0.0188315, -2.06335, 0.0147575
2.76058, -2.43005, 0.021847, -2.26054, 0.0158927
2.95777, -2.89524, 0.0250863, -2.45772, 0.0170279
3.15495, -3.39929, 0.0285495, -2.6549, 0.0181631
3.35213, -3.94224, 0.0322365, -2.85208, 0.0192983
3.54932, -4.52407, 0.0361473, -3.04926, 0.0204335
3.7465, -5.14478, 0.040282, -3.24644, 0.0215687
3.94369, -5.80436, 0.0446405, -3.44362, 0.0227039
4.14087, -6.50283, 0.0492229, -3.6408, 0.0238391
4.33806, -7.24018, 0.0540291, -3.83798, 0.0249743
4.53524, -8.01641, 0.0590592, -4.03517, 0.0261094
4.73242, -8.83152, 0.0643131, -4.23235, 0.0272446
4.92961, -9.68552, 0.0697908, -4.42953, 0.0283798
5.12679, -10.5784, 0.0754924, -4.62671, 0.029515
5.32398, -11.5101, 0.0814178, -4.82389, 0.0306502
5.52116, -12.4808, 0.0875671, -5.02107, 0.0317854
5.71835, -13.4903, 0.0939402, -5.21825, 0.0329206
5.91553, -14.5387, 0.100537, -5.41543, 0.0340558
6.11272, -15.626, 0.107358, -5.61262, 0.035191
6.3099, -16.7521, 0.114403, -5.8098, 0.0363262
6.50708, -17.9172, 0.121671, -6.00698, 0.0374614
6.70427, -19.1211, 0.129163, -6.20416, 0.0385966
6.90145, -20.3639, 0.13688, -6.40134, 0.0397318
7.09864, -21.6456, 0.14482, -6.59852, 0.040867
7.29582, -22.9662, 0.152983, -6.7957, 0.0420021
7.49301, -24.3256, 0.161371, -6.99288, 0.0431373
7.69019, -25.7239, 0.169983, -7.19006, 0.0442725
7.88737, -27.1611, 0.178818, -7.38725, 0.0454077
8.08456, -28.6372, 0.187877, -7.58443, 0.0465429
8.28174, -30.1522, 0.19716, -7.78161, 0.0476781
8.47893, -31.706, 0.206667, -7.97879, 0.0488133
8.67611, -33.2988, 0.216398, -8.17597, 0.0499485
8.8733, -34.9304, 0.226352, -8.37315, 0.0510837
9.07048, -36.6009, 0.236531, -8.57034, 0.0522189
9.26766, -38.3103, 0.246933, -8.76752, 0.0533541
9.46485, -40.0585, 0.257559, -8.9647, 0.0544893
9.66203, -41.8456, 0.268409, -9.16188, 0.0556245
9.85922, -43.6711, 0.279453, -9.312, 0.0553006
10.0564, -45.4878, 0.290236, -9.11468, 0.054092
10.2536, -47.2657, 0.300788, -8.91754, 0.0529363
10.4508, -49.0046, 0.311113, -8.72033, 0.0517885
10.648, -50.7047, 0.321212, -8.52316, 0.0506443
10.8451, -52.3659, 0.331086, -8.32597, 0.049502
11.0423, -53.9882, 0.340734, -8.12879, 0.0483611
11.2395, -55.5716, 0.350158, -7.93161, 0.0472209
11.4367, -57.1162, 0.359357, -7.73444, 0.0460815
11.6339, -58.6218, 0.368331, -7.53725, 0.0449425
11.8311, -60.0886, 0.377081, -7.34007, 0.0438039
12.0282, -61.5165, 0.385606, -7.14289, 0.0426657
12.2254, -62.9056, 0.393907, -6.94571, 0.0415277
12.4226, -64.2557, 0.401983, -6.74852, 0.0403899
12.6198, -65.567, 0.409835, -6.55134, 0.0392524
12.817, -66.8393, 0.417463, -6.35416, 0.038115
13.0142, -68.0728, 0.424866, -6.15698, 0.0369777
13.2114, -69.2675, 0.432046, -5.9598, 0.0358405
13.4085, -70.4232, 0.439001, -5.76262, 0.0347035
13.6057, -71.5401, 0.445732, -5.56544, 0.0335666
13.8029, -72.618, 0.452238, -5.36825, 0.0324297
14.0001, -73.6571, 0.458521, -5.17107, 0.0312929
14.1973, -74.6574, 0.464579, -4.97389, 0.0301562
14.3945, -75.6187, 0.470414, -4.77671, 0.0290196
14.5916, -76.5411, 0.476024, -4.57953, 0.027883
14.7888, -77.4247, 0.48141, -4.38235, 0.0267465
14.986, -78.2694, 0.486572, -4.18517, 0.0256101
15.1832, -79.0752, 0.49151, -3.98799, 0.0244737
15.3804, -79.8421, 0.496223, -3.79081, 0.0233373
15.5776, -80.5702, 0.500713, -3.59363, 0.022201
15.7747, -81.2594, 0.504979, -3.39644, 0.0210647
15.9719, -81.9096, 0.509021, -3.19926, 0.0199284
16.1691, -82.521, 0.512838, -3.00208, 0.0187922
16.3663, -83.0936, 0.516432, -2.8049, 0.017656
16.5635, -83.6272, 0.519801, -2.60772, 0.0165199
16.7607, -84.122, 0.522947, -2.41054, 0.0153837
16.9579, -84.5778, 0.525868, -2.21336, 0.0142476
17.155, -84.9948, 0.528565, -2.01618, 0.0131116
17.3522, -85.373, 0.531039, -1.81899, 0.0119755
17.5494, -85.7122, 0.533288, -1.62181, 0.0108395
17.7466, -86.0126, 0.535313, -1.42464, 0.00970346
17.9438, -86.274, 0.537115, -1.22745, 0.00856745
18.141, -86.4966, 0.538692, -1.03027, 0.00743149
18.3381, -86.6803, 0.540046, -0.833091, 0.00629553
18.5353, -86.8252, 0.541175, -0.635909, 0.00515959
18.7325, -86.9311, 0.54208, -0.438728, 0.00402367
18.9297, -86.9982, 0.542762, -0.241546, 0.00288777
19.1269, -87.0264, 0.543219, -0.0443653, 0.00175188
19.3241, -87.0157, 0.543453, 0.152815, 0.000616005
19.5213, -86.9661, 0.543462, 0.349996, -0.000519856
19.7034, -86.8857, 0.548593, 0.532166, 0.000991362
19.8856, -86.7722, 0.54625, 0.71433, 0.00228492
20.0678, -86.6255, 0.549327, 0.896497, 0.00297408
20.2499, -86.4455, 0.549965, 1.07866, 0.00396544
20.4321, -86.2325, 0.550783, 1.26083, 0.0049568
20.6143, -85.9862, 0.551782, 1.44299, 0.00594816
20.7964, -85.7067, 0.552962, 1.62516, 0.00693952
20.9786, -85.3941, 0.554322, 1.80733, 0.00793088
21.1608, -85.0483, 0.555863, 1.98949, 0.00892224
21.3429, -84.6692, 0.557584, 2.17166, 0.0099136
21.5251, -84.257, 0.559486, 2.35382, 0.010905
21.7073, -83.8117, 0.561569, 2.53599, 0.0118963
21.8894, -83.3331, 0.563832, 2.71815, 0.0128877
22.0716, -82.8213, 0.566275, 2.90032, 0.013879
22.2538, -82.2764, 0.566996, 3.08248, 0.0151726
22.4359, -81.6983, 0.569856, 3.26465, 0.016164
22.6181, -81.087, 0.572896, 3.44681, 0.0171553
22.8003, -80.4425, 0.576117, 3.62898, 0.0181467
22.9825, -79.7648, 0.579519, 3.81115, 0.019138
23.1646, -79.0539, 0.583102, 3.99331, 0.0201294
23.3468, -78.3099, 0.588438, 4.17548, 0.0208186
23.529, -77.5326, 0.592327, 4.35765, 0.0218099
23.7111, -76.7222, 0.594932, 4.53981, 0.0231035
23.8933, -75.8786, 0.599237, 4.72197, 0.0240948
24.0755, -75.0018, 0.605076, 4.90414, 0.024784
24.2576, -74.0919, 0.608388, 5.08631, 0.0260776
24.4398, -73.1487, 0.613235, 5.26847, 0.0270689
24.622, -72.1724, 0.61945, 5.45064, 0.0277581
24.8041, -71.1628, 0.62347, 5.6328, 0.0290516
24.9863, -70.1201, 0.629936, 5.81497, 0.0297408
25.1685, -69.0442, 0.634427, 5.99713, 0.0310344
25.3506, -67.9352, 0.641145, 6.1793, 0.0317235
25.5328, -66.7929, 0.646107, 6.36147, 0.0330171
25.715, -65.6174, 0.653075, 6.54363, 0.0337062
25.8971, -64.4088, 0.659312, 6.7258, 0.0346976
26.0793, -63.167, 0.665728, 6.90797, 0.035689
26.2615, -61.892, 0.671583, 7.09013, 0.0370043
26.4436, -60.5838, 0.678466, 7.27229, 0.0379739
26.6258, -59.2424, 0.685438, 7.45446, 0.038987
26.808, -57.8679, 0.692674, 7.63662, 0.0399566
26.9902, -56.4601, 0.699981, 7.81879, 0.0409915
27.1723, -55.0192, 0.707556, 8.00096, 0.0419739
27.3545, -53.5451, 0.71534, 8.18312, 0.0429307
27.5367, -52.0378, 0.723565, 8.36529, 0.0436199
27.7188, -50.4973, 0.731291, 8.54745, 0.0449888
27.901, -48.9236, 0.739609, 8.72962, 0.0459393
28.0832, -47.3168, 0.748054, 8.91178, 0.0469742
28.2653, -45.6767, 0.756817, 9.09395, 0.0475853
28.4475, -44.0035, 0.765537, 9.27609, 0.0489896
28.6297, -42.3027, 0.774543, 9.30827, 0.0494405
28.8118, -40.6236, 0.783463, 9.12613, 0.048488
28.994, -38.9777, 0.792208, 8.94396, 0.0475135
29.1762, -37.365, 0.800774, 8.76179, 0.046533
29.3583, -35.7855, 0.809161, 8.57962, 0.0455497
29.5405, -34.2392, 0.817369, 8.39746, 0.0445648
29.7227, -32.726, 0.825398, 8.21529, 0.0435788
29.9049, -31.246, 0.833247, 8.03313, 0.042592
30.087, -29.7992, 0.840915, 7.85096, 0.0416046
30.2692, -28.3856, 0.848405, 7.66879, 0.0406167
30.4514, -27.0052, 0.855714, 7.48663, 0.0396286
30.6335, -25.658, 0.862843, 7.30446, 0.0386401
30.8157, -24.3439, 0.869792, 7.1223, 0.0376514
30.9979, -23.0631, 0.87656, 6.94013, 0.0366625
31.18, -21.8154, 0.883149, 6.75797, 0.0356734
31.3622, -20.6009, 0.889558, 6.5758, 0.0346841
31.5444, -19.4196, 0.895786, 6.39363, 0.0336947
31.7265, -18.2714, 0.901834, 6.21147, 0.0327052
31.9087, -17.1565, 0.907701, 6.0293, 0.0317156
32.0909, -16.0747, 0.913389, 5.84714, 0.0307259
32.273, -15.0262, 0.918896, 5.66497, 0.0297362
32.4552, -14.0108, 0.924223, 5.48281, 0.0287463
32.6374, -13.0286, 0.929369, 5.30064, 0.0277564
32.8195, -12.0796, 0.934336, 5.11847, 0.0267664
33.0017, -11.1637, 0.939121, 4.93631, 0.0257763
33.1839, -10.2811, 0.943727, 4.75414, 0.0247862
33.366, -9.43163, 0.948152, 4.57198, 0.0237961
33.5482, -8.61536, 0.952397, 4.38981, 0.0228059
33.7304, -7.83226, 0.956461, 4.20765, 0.0218157
33.9126, -7.08235, 0.960345, 4.02548, 0.0208254
34.0947, -6.36563, 0.964048, 3.84332, 0.0198351
34.2769, -5.6821, 0.967571, 3.66115, 0.0188447
34.4591, -5.03175, 0.970914, 3.47898, 0.0178544
34.6412, -4.41459, 0.974077, 3.29682, 0.016864
34.8234, -3.83059, 0.977058, 3.11465, 0.0158735
35.0056, -3.2798, 0.97986, 2.93249, 0.0148831
35.1877, -2.76218, 0.982481, 2.75032, 0.0138926
35.3699, -2.27775, 0.984921, 2.56815, 0.0129021
35.5521, -1.82651, 0.987182, 2.38599, 0.0119116
35.7342, -1.40844, 0.989261, 2.20383, 0.010921
35.9164, -1.02358, 0.99116, 2.02166, 0.00993042
36.0986, -0.671883, 0.992879, 1.83949, 0.00893983
36.2807, -0.353378, 0.994418, 1.65733, 0.00794923
36.4629, -0.0680542, 0.995775, 1.47516, 0.0069586
36.6451, 0.184082, 0.996953, 1.29299, 0.00596795
36.8272, 0.40303, 0.99795, 1.11083, 0.0049773
37.0094, 0.588791, 0.998766, 0.928663, 0.00398661
37.1916, 0.741379, 0.999402, 0.746499, 0.00299593
37.3738, 0.860794, 0.999858, 0.564333, 0.00200522
37.5559, 0.946999, 1.00013, 0.38217, 0.00101452
37.7381, 1.00002, 1.00023, 0.200002, 2.37814e-05
