34.6164, 0
0, 0, 0, 0.5, 0
0.181374, 0.074239, 0.000104631, 0.31863, 0.00123414
0.362748, 0.115583, 0.000675212, 0.13726, 0.00244041
0.544123, 0.12403, 0.00122247, -0.04411, 0.00367455
0.725497, 0.0995815, 0.00176156, -0.22548, 0.00493654
0.906871, 0.0422401, 0.00298849, -0.40685, 0.00614282
1.08825, -0.0480019, 0.00420728, -0.58822, 0.00737695
1.26962, -0.171136, 0.00543303, -0.76959, 0.00863895
1.45099, -0.327172, 0.00731637, -0.95096, 0.00984522
1.63237, -0.516096, 0.00920665, -1.13233, 0.0110794
1.81374, -0.737922, 0.0111191, -1.3137, 0.0123414
1.99512, -0.99264, 0.0134621, -1.49507, 0.0135755
2.17649, -1.28025, 0.016029, -1.67644, 0.0148096
2.35786, -1.60077, 0.0190063, -1.85781, 0.0160159
2.53924, -1.95417, 0.0220158, -2.03918, 0.01725
2.72061, -2.34048, 0.0250727, -2.22055, 0.018512
2.90199, -2.75968, 0.0287063, -2.40192, 0.0197183
3.08336, -3.21177, 0.0324846, -2.58329, 0.0209361
3.26474, -3.69676, 0.0363865, -2.76466, 0.0221703
3.44611, -4.21465, 0.0405123, -2.94603, 0.0234044
3.62748, -4.76543, 0.0447734, -3.1274, 0.0246549
3.80886, -5.34911, 0.0494353, -3.30877, 0.0258727
3.99023, -5.96568, 0.0542325, -3.49014, 0.0271068
4.17161, -6.61515, 0.0592537, -3.67151, 0.028341
4.35298, -7.29751, 0.0644986, -3.85288, 0.0295751
4.53435, -8.01277, 0.0699674, -4.03425, 0.0308092
4.71573, -8.76093, 0.0754685, -4.21562, 0.0320875
4.8971, -9.54199, 0.0815765, -4.39699, 0.0332775
5.07848, -10.3559, 0.0877168, -4.57836, 0.0345116
5.25985, -11.2028, 0.0940191, -4.75973, 0.0357621
5.44123, -12.0825, 0.100669, -4.9411, 0.0369799
5.6226, -12.9952, 0.107551, -5.12247, 0.0381935
5.80397, -13.9407, 0.114516, -5.30384, 0.0394482
5.98535, -14.9191, 0.121776, -5.48521, 0.0406823
6.16672, -15.9304, 0.129132, -5.66658, 0.0419606
6.3481, -16.9747, 0.136967, -5.84795, 0.0431506
6.52947, -18.0518, 0.144984, -6.02932, 0.0443506
6.71084, -19.1618, 0.15308, -6.21069, 0.0456073
6.89222, -20.3047, 0.161505, -6.39206, 0.0468189
7.07359, -21.4805, 0.170112, -6.57343, 0.0480477
7.25497, -22.6892, 0.17891, -6.7548, 0.0492934
7.43634, -23.9308, 0.187955, -6.93617, 0.0505275
7.61772, -25.2053, 0.197233, -7.11754, 0.0517555
7.79909, -26.5127, 0.206752, -7.2989, 0.0529679
7.98046, -27.8529, 0.216467, -7.48027, 0.0541988
8.16184, -29.2261, 0.226389, -7.66165, 0.0554478
8.34321, -30.6322, 0.236573, -7.84301, 0.0566498
8.52459, -32.0712, 0.246958, -8.02438, 0.0578733
8.70596, -33.543, 0.257557, -8.20575, 0.0591142
8.88733, -35.0478, 0.268385, -8.38711, 0.0603372
9.06871, -36.5852, 0.279429, -8.53636, 0.0610493
9.25008, -38.1172, 0.290378, -8.35571, 0.0597192
9.43146, -39.6162, 0.301095, -8.17438, 0.0584591
9.61283, -41.0824, 0.311584, -7.993, 0.0572092
9.79421, -42.5157, 0.321848, -7.81164, 0.0559639
9.97558, -43.9161, 0.331885, -7.63028, 0.054721
10.157, -45.2836, 0.341698, -7.4489, 0.0534796
10.3383, -46.6181, 0.351285, -7.26753, 0.0522393
10.5197, -47.9198, 0.360648, -7.08617, 0.0509999
10.7011, -49.1886, 0.369785, -6.9048, 0.0497611
10.8825, -50.4245, 0.378698, -6.72342, 0.0485228
11.0638, -51.6276, 0.387387, -6.54205, 0.0472848
11.2452, -52.7977, 0.395851, -6.36068, 0.0460472
11.4266, -53.9349, 0.40409, -6.17931, 0.0448099
11.6079, -55.0392, 0.412106, -5.99794, 0.0435728
11.7893, -56.1106, 0.419896, -5.81658, 0.0423359
11.9707, -57.1492, 0.427463, -5.6352, 0.0410992
12.1521, -58.1548, 0.434805, -5.45384, 0.0398626
12.3334, -59.1275, 0.441923, -5.27247, 0.0386262
12.5148, -60.0674, 0.448817, -5.09109, 0.0373899
12.6962, -60.9743, 0.455486, -4.90973, 0.0361537
12.8776, -61.8484, 0.461931, -4.72836, 0.0349176
13.0589, -62.6895, 0.468152, -4.54698, 0.0336816
13.2403, -63.4978, 0.474149, -4.36561, 0.0324457
13.4217, -64.2732, 0.479922, -4.18425, 0.0312099
13.6031, -65.0156, 0.485471, -4.00288, 0.0299741
13.7844, -65.7252, 0.490795, -3.8215, 0.0287384
13.9658, -66.4019, 0.495896, -3.64014, 0.0275027
14.1472, -67.0456, 0.500772, -3.45876, 0.0262672
14.3286, -67.6565, 0.505424, -3.2774, 0.0250316
14.5099, -68.2345, 0.509852, -3.09603, 0.0237961
14.6913, -68.7796, 0.514056, -2.91466, 0.0225607
14.8727, -69.2918, 0.518036, -2.73329, 0.0213253
15.0541, -69.7711, 0.521792, -2.55192, 0.0200899
15.2354, -70.2175, 0.525323, -2.37055, 0.0188546
15.4168, -70.631, 0.528631, -2.18918, 0.0176193
15.5982, -71.0116, 0.531715, -2.00781, 0.016384
15.7796, -71.3593, 0.534574, -1.82644, 0.0151488
15.9609, -71.6742, 0.53721, -1.64507, 0.0139136
16.1423, -71.9561, 0.539621, -1.46369, 0.0126784
16.3237, -72.2051, 0.541809, -1.28233, 0.0114432
16.5051, -72.4213, 0.543773, -1.10096, 0.0102081
16.6864, -72.6045, 0.545512, -0.919584, 0.00897299
16.8678, -72.7548, 0.547027, -0.738216, 0.00773793
17.0492, -72.8723, 0.548319, -0.556844, 0.00650285
17.2305, -72.9568, 0.549386, -0.375476, 0.00526783
17.4119, -73.0085, 0.55023, -0.194108, 0.00403282
17.5933, -73.0272, 0.550849, -0.0127376, 0.00279782
17.7747, -73.0131, 0.551245, 0.168631, 0.00156285
17.956, -72.9661, 0.551416, 0.350005, 0.000327863
18.1226, -72.8939, 0.548594, 0.5166, 0.00108396
18.2893, -72.7939, 0.548871, 0.683199, 0.00216792
18.4559, -72.6662, 0.549329, 0.849799, 0.00325188
18.6225, -72.5108, 0.549967, 1.0164, 0.00433584
18.7891, -72.3276, 0.550786, 1.183, 0.0054198
18.9557, -72.1166, 0.551786, 1.3496, 0.00650376
19.1223, -71.8779, 0.552966, 1.5162, 0.00758772
19.2889, -71.6114, 0.554327, 1.6828, 0.00867168
19.4555, -71.3172, 0.555868, 1.8494, 0.00975564
19.6221, -70.9952, 0.55759, 2.016, 0.0108396
19.7887, -70.6454, 0.559493, 2.1826, 0.0119236
19.9553, -70.2679, 0.561576, 2.3492, 0.0130075
20.1219, -69.8626, 0.56384, 2.5158, 0.0140915
20.2885, -69.4296, 0.566284, 2.6824, 0.0151754
20.4551, -68.9688, 0.568909, 2.84899, 0.0162594
20.6217, -68.4803, 0.571715, 3.01559, 0.0173434
20.7883, -67.964, 0.574701, 3.18219, 0.0184273
20.9549, -67.42, 0.577867, 3.34879, 0.0195113
21.1215, -66.8482, 0.581215, 3.51539, 0.0205952
21.2881, -66.2486, 0.584743, 3.68199, 0.0216792
21.4547, -65.6213, 0.588451, 3.84859, 0.0227632
21.6213, -64.9663, 0.59234, 4.01519, 0.0238471
21.7879, -64.2834, 0.59641, 4.18179, 0.0249311
21.9545, -63.5729, 0.60066, 4.34839, 0.026015
22.1211, -62.8345, 0.605091, 4.51499, 0.027099
22.2877, -62.0684, 0.609702, 4.68159, 0.028183
22.4543, -61.2746, 0.614494, 4.84819, 0.0292669
22.6209, -60.453, 0.619467, 5.01479, 0.0303509
22.7875, -59.6036, 0.62462, 5.18139, 0.0314348
22.9541, -58.7265, 0.629954, 5.34799, 0.0325188
23.1207, -57.8217, 0.635468, 5.51459, 0.0336028
23.2873, -56.889, 0.641163, 5.68119, 0.0346867
23.454, -55.9286, 0.647039, 5.84779, 0.0357707
23.6206, -54.9405, 0.653095, 6.01439, 0.0368546
23.7872, -53.9246, 0.659332, 6.18099, 0.0379386
23.9538, -52.881, 0.665749, 6.34759, 0.0390226
24.1204, -51.8096, 0.672347, 6.51419, 0.0401065
24.287, -50.7104, 0.679126, 6.68079, 0.0411905
24.4536, -49.5835, 0.686085, 6.84739, 0.0422744
24.6202, -48.4288, 0.693225, 7.01399, 0.0433584
24.7868, -47.2464, 0.700545, 7.18059, 0.0444424
24.9534, -46.0362, 0.708046, 7.34719, 0.0455263
25.12, -44.7982, 0.715727, 7.51379, 0.0466103
25.2866, -43.5325, 0.723589, 7.68039, 0.0476943
25.4532, -42.2391, 0.731632, 7.84699, 0.0487782
25.6198, -40.9179, 0.739855, 8.01359, 0.0498622
25.7864, -39.5689, 0.748259, 8.18019, 0.0509461
25.953, -38.1922, 0.756844, 8.3468, 0.0520302
26.1196, -36.7877, 0.765609, 8.51341, 0.0531142
26.2862, -35.3611, 0.774575, 8.53004, 0.0540569
26.4528, -33.9538, 0.783495, 8.36341, 0.0530174
26.6194, -32.5744, 0.792239, 8.19679, 0.0519533
26.786, -31.2226, 0.800805, 8.03019, 0.0508825
26.9526, -29.8986, 0.809193, 7.86358, 0.0498082
27.1192, -28.6024, 0.817402, 7.69699, 0.048732
27.2858, -27.334, 0.825431, 7.53039, 0.0476545
27.4524, -26.0933, 0.83328, 7.36379, 0.046576
27.619, -24.8803, 0.84095, 7.19719, 0.0454969
27.7856, -23.6951, 0.84844, 7.03059, 0.0444172
27.9522, -22.5377, 0.85575, 6.86399, 0.0433371
28.1188, -21.408, 0.86288, 6.69739, 0.0422566
28.2854, -20.3061, 0.86983, 6.53079, 0.0411758
28.452, -19.2319, 0.876601, 6.36419, 0.0400948
28.6187, -18.1855, 0.88319, 6.19759, 0.0390136
28.7853, -17.1668, 0.8896, 6.03099, 0.0379322
28.9519, -16.1759, 0.89583, 5.86439, 0.0368506
29.1185, -15.2128, 0.901879, 5.69779, 0.0357689
29.2851, -14.2774, 0.907748, 5.53119, 0.0346871
29.4517, -13.3697, 0.913437, 5.36459, 0.0336052
29.6183, -12.4898, 0.918946, 5.19799, 0.0325231
29.7849, -11.6377, 0.924274, 5.03139, 0.031441
29.9515, -10.8134, 0.929422, 4.86479, 0.0303588
30.1181, -10.0167, 0.934389, 4.69819, 0.0292765
30.2847, -9.24788, 0.939177, 4.53159, 0.0281941
30.4513, -8.50677, 0.943784, 4.36499, 0.0271117
30.6179, -7.79344, 0.948211, 4.19839, 0.0260292
30.7845, -7.10786, 0.952457, 4.03179, 0.0249466
30.9511, -6.45002, 0.956523, 3.86519, 0.0238641
31.1177, -5.81995, 0.960409, 3.69859, 0.0227814
31.2843, -5.21763, 0.964114, 3.53199, 0.0216987
31.4509, -4.64307, 0.967639, 3.36539, 0.020616
31.6175, -4.09626, 0.970983, 3.19879, 0.0195332
31.7841, -3.5772, 0.974148, 3.03219, 0.0184504
31.9507, -3.08591, 0.977131, 2.86559, 0.0173676
32.1173, -2.62237, 0.979935, 2.69899, 0.0162847
32.2839, -2.18658, 0.982557, 2.5324, 0.0152018
32.4505, -1.77856, 0.985, 2.36579, 0.0141189
32.6171, -1.39828, 0.987262, 2.19919, 0.013036
32.7837, -1.04577, 0.989344, 2.0326, 0.011953
32.9503, -0.721008, 0.991245, 1.866, 0.01087
33.1169, -0.424011, 0.992965, 1.6994, 0.00978695
33.2835, -0.154762, 0.994506, 1.53279, 0.00870389
33.4501, 0.086731, 0.995866, 1.3662, 0.00762084
33.6167, 0.300461, 0.997045, 1.1996, 0.00653773
33.7834, 0.486435, 0.998044, 1.033, 0.00545464
33.95, 0.644661, 0.998863, 0.866398, 0.00437151
34.1166, 0.775124, 0.999501, 0.699798, 0.00328836
34.2832, 0.877838, 0.999958, 0.533197, 0.00220519
34.4498, 0.952797, 1.00024, 0.3666, 0.00112203
34.6164, 0.999992, 1.00033, 0.199998, 3.88188e-05
