1.74162, 0
0, 0, 0, 0.5, 0
0.0111969, 0.00476531, 5.90404e-05, 0.499348, 0.0111298
0.0223937, 0.0095243, 0.000243157, 0.498694, 0.0222584
0.0335906, 0.014277, 0.000552435, 0.498037, 0.0333853
0.0447874, 0.0190233, 0.000986867, 0.497378, 0.0445109
0.0559843, 0.0237633, 0.00154631, 0.496717, 0.055635
0.0671812, 0.028497, 0.00223086, 0.496053, 0.0667574
0.078378, 0.0332244, 0.00304052, 0.495387, 0.0778782
0.0895749, 0.0379454, 0.00397528, 0.494718, 0.0889972
0.100772, 0.0426602, 0.00503513, 0.494046, 0.100114
0.111969, 0.0473686, 0.00622006, 0.493371, 0.11123
0.123165, 0.0520706, 0.00753009, 0.492694, 0.122343
0.134362, 0.0567663, 0.00896515, 0.492013, 0.133455
0.145559, 0.0614558, 0.0105253, 0.491328, 0.144564
0.156756, 0.0661389, 0.0122105, 0.49064, 0.155671
0.167953, 0.0708157, 0.0140208, 0.489949, 0.166775
0.17915, 0.0754862, 0.015956, 0.489254, 0.177877
0.190347, 0.0801504, 0.0180164, 0.488554, 0.188977
0.201543, 0.0848082, 0.0202017, 0.487851, 0.200074
0.21274, 0.0894597, 0.0225121, 0.487144, 0.211168
0.223937, 0.094105, 0.0249475, 0.486431, 0.222259
0.235134, 0.0987439, 0.0275079, 0.485714, 0.233346
0.246331, 0.103377, 0.0301932, 0.484993, 0.244431
0.257528, 0.108003, 0.0330036, 0.484265, 0.255512
0.268725, 0.112623, 0.0359389, 0.483533, 0.26659
0.279922, 0.117236, 0.0389992, 0.482794, 0.277663
0.291118, 0.121844, 0.0421844, 0.482049, 0.288733
0.302315, 0.126445, 0.0454945, 0.481299, 0.299798
0.313512, 0.13104, 0.0489296, 0.480541, 0.310858
0.324709, 0.135628, 0.0524895, 0.479776, 0.321914
0.335906, 0.14021, 0.0561743, 0.479003, 0.332965
0.347103, 0.144786, 0.0599839, 0.478223, 0.34401
0.3583, 0.149356, 0.0639184, 0.477434, 0.35505
0.369496, 0.153919, 0.0679778, 0.476636, 0.366083
0.380693, 0.158476, 0.0721618, 0.475828, 0.37711
0.39189, 0.163026, 0.0764706, 0.475011, 0.388129
0.403087, 0.167571, 0.0809042, 0.474183, 0.399141
0.414284, 0.172109, 0.0854625, 0.473343, 0.410146
0.425481, 0.176641, 0.0901454, 0.472491, 0.421142
0.436678, 0.181166, 0.0949529, 0.471626, 0.432128
0.447874, 0.185686, 0.099885, 0.470747, 0.443105
0.459071, 0.190199, 0.104942, 0.469853, 0.454071
0.470268, 0.194705, 0.110123, 0.468943, 0.465025
0.481465, 0.199206, 0.115428, 0.468016, 0.475967
0.492662, 0.2037, 0.120858, 0.467071, 0.486896
0.503859, 0.208188, 0.126412, 0.466105, 0.49781
0.515056, 0.21267, 0.132091, 0.465118, 0.508709
0.526252, 0.217146, 0.137893, 0.464108, 0.519589
0.537449, 0.221615, 0.14382, 0.463072, 0.530452
0.548646, 0.226078, 0.14987, 0.462009, 0.541293
0.559843, 0.230535, 0.156044, 0.460916, 0.552112
0.57104, 0.234986, 0.162342, 0.459791, 0.562905
0.582237, 0.23943, 0.168764, 0.458629, 0.573671
0.593434, 0.243869, 0.175308, 0.457429, 0.584406
0.60463, 0.248301, 0.181976, 0.456186, 0.595107
0.615827, 0.252728, 0.188767, 0.454895, 0.60577
0.627024, 0.257148, 0.19568, 0.453552, 0.61639
0.638221, 0.261562, 0.202716, 0.452151, 0.626962
0.649418, 0.265971, 0.209874, 0.450684, 0.63748
0.660615, 0.270373, 0.217153, 0.449146, 0.647936
0.671812, 0.274769, 0.224553, 0.447526, 0.658322
0.683008, 0.27916, 0.232074, 0.445815, 0.668627
0.694205, 0.283545, 0.239714, 0.444002, 0.678839
0.705402, 0.287924, 0.247474, 0.442072, 0.688943
0.716599, 0.292298, 0.255351, 0.440008, 0.69892
0.727796, 0.296666, 0.263345, 0.437794, 0.70875
0.738993, 0.301029, 0.271455, 0.435406, 0.718404
0.75019, 0.305387, 0.279677, 0.432819, 0.72785
0.761387, 0.309739, 0.288011, 0.430001, 0.737046
0.772583, 0.314087, 0.296453, 0.426918, 0.745939
0.78378, 0.318429, 0.304999, 0.42353, 0.754466
0.794977, 0.322767, 0.313646, 0.419789, 0.762545
0.806174, 0.327099, 0.322386, 0.415645, 0.770076
0.817371, 0.331425, 0.331212, 0.411046, 0.776934
0.828568, 0.335743, 0.340115, 0.405945, 0.782974
0.839765, 0.340052, 0.349082, 0.400304, 0.788027
0.850961, 0.344346, 0.358099, 0.394111, 0.791912
0.862158, 0.348621, 0.367149, 0.387394, 0.794458
0.873355, 0.352869, 0.376212, 0.380228, 0.79553
0.884552, 0.357079, 0.385267, 0.372734, 0.795058
0.895749, 0.361242, 0.394296, 0.36507, 0.793053
0.906946, 0.365348, 0.40328, 0.357397, 0.789611
0.918143, 0.369389, 0.412204, 0.349862, 0.784883
0.929339, 0.37336, 0.421055, 0.342574, 0.77905
0.940536, 0.377259, 0.429823, 0.335605, 0.772294
0.951733, 0.381085, 0.4385, 0.328994, 0.764782
0.96293, 0.38484, 0.44708, 0.322756, 0.756657
0.974127, 0.388526, 0.455558, 0.316884, 0.748034
0.985324, 0.392146, 0.463931, 0.311365, 0.73901
0.996521, 0.395702, 0.472195, 0.306179, 0.72966
1.00772, 0.399199, 0.480349, 0.301303, 0.720044
1.01891, 0.40264, 0.488389, 0.296714, 0.710209
1.03011, 0.406026, 0.496315, 0.29239, 0.700193
1.04131, 0.409363, 0.504125, 0.28831, 0.690027
1.0525, 0.412651, 0.511818, 0.284455, 0.679735
1.0637, 0.415894, 0.519393, 0.280805, 0.669336
1.0749, 0.419095, 0.526849, 0.277346, 0.658846
1.0861, 0.422255, 0.534185, 0.274062, 0.648278
1.09729, 0.425376, 0.541401, 0.27094, 0.637644
1.10849, 0.42846, 0.548497, 0.267969, 0.626953
1.11482, 0.429023, 0.557106, 0.273456, 0.623856
1.12115, 0.430025, 0.566262, 0.278951, 0.620762
1.12748, 0.431766, 0.57499, 0.284446, 0.617664
1.13381, 0.433119, 0.583735, 0.289941, 0.614567
1.14015, 0.433731, 0.592872, 0.295436, 0.611473
1.14648, 0.43505, 0.60124, 0.30093, 0.608372
1.15281, 0.436405, 0.610011, 0.306418, 0.60528
1.15914, 0.437366, 0.618718, 0.311913, 0.602183
1.16547, 0.438742, 0.627712, 0.317408, 0.59909
1.1718, 0.440472, 0.636313, 0.322903, 0.595994
1.17813, 0.441782, 0.644591, 0.328397, 0.592893
1.18447, 0.443154, 0.653531, 0.333892, 0.589801
1.1908, 0.444878, 0.662077, 0.339387, 0.586705
1.19713, 0.446245, 0.670981, 0.344882, 0.583614
1.20346, 0.447966, 0.679491, 0.350377, 0.580518
1.20979, 0.448914, 0.688053, 0.355872, 0.577423
1.21612, 0.450639, 0.696607, 0.36136, 0.574333
1.22245, 0.453119, 0.704913, 0.366862, 0.571233
1.22878, 0.453684, 0.713536, 0.37235, 0.568143
1.23512, 0.455782, 0.721921, 0.377845, 0.565048
1.24145, 0.457879, 0.730286, 0.38334, 0.561954
1.24778, 0.459997, 0.738896, 0.388842, 0.558859
1.25411, 0.461319, 0.747296, 0.394337, 0.555764
1.26044, 0.462647, 0.755758, 0.399825, 0.552675
1.26677, 0.465146, 0.764277, 0.405327, 0.549581
1.2731, 0.466849, 0.772588, 0.410822, 0.546487
1.27944, 0.468936, 0.780846, 0.416317, 0.543394
1.28577, 0.471021, 0.789086, 0.421812, 0.540301
1.2921, 0.472719, 0.797342, 0.427308, 0.537208
1.29843, 0.475217, 0.805851, 0.432803, 0.534119
1.30476, 0.476912, 0.814071, 0.438298, 0.531027
1.31109, 0.479755, 0.822088, 0.4438, 0.527929
1.31742, 0.481477, 0.830613, 0.449296, 0.524841
1.32375, 0.483552, 0.838744, 0.454791, 0.521749
1.33009, 0.486011, 0.846822, 0.460286, 0.518657
1.33642, 0.487728, 0.855292, 0.465782, 0.51557
1.34275, 0.490539, 0.862958, 0.471276, 0.512474
1.34908, 0.492222, 0.871052, 0.476772, 0.509382
1.35541, 0.494699, 0.879318, 0.482274, 0.50629
1.36174, 0.497566, 0.88761, 0.48777, 0.503204
1.36807, 0.499599, 0.895275, 0.493265, 0.500109
1.37441, 0.502109, 0.903906, 0.498761, 0.497027
1.38074, 0.504933, 0.911725, 0.504263, 0.493931
1.38707, 0.507763, 0.919604, 0.509758, 0.490841
1.3934, 0.510206, 0.927501, 0.515253, 0.487751
1.39973, 0.512293, 0.935756, 0.520749, 0.484665
1.40606, 0.515111, 0.943502, 0.526251, 0.48157
1.41239, 0.517965, 0.951649, 0.531747, 0.478485
1.41873, 0.520402, 0.959474, 0.537243, 0.475396
1.42506, 0.523631, 0.96747, 0.542745, 0.472306
1.43139, 0.52645, 0.975224, 0.548241, 0.469217
1.43772, 0.528881, 0.982995, 0.553736, 0.466128
1.44405, 0.532106, 0.990937, 0.559239, 0.463039
1.45038, 0.53492, 0.998636, 0.564734, 0.45995
1.45671, 0.53811, 1.0062, 0.570237, 0.456857
1.46304, 0.540566, 1.01424, 0.575733, 0.453773
1.46938, 0.543375, 1.02188, 0.581228, 0.450685
1.47571, 0.546567, 1.02948, 0.586724, 0.447597
1.48204, 0.549782, 1.03731, 0.592226, 0.444509
1.48837, 0.552586, 1.0449, 0.597722, 0.441422
1.4947, 0.555798, 1.0527, 0.603225, 0.438334
1.50103, 0.558984, 1.06022, 0.60872, 0.435247
1.50736, 0.562578, 1.06795, 0.614223, 0.432159
1.5137, 0.565761, 1.07543, 0.619719, 0.429073
1.52003, 0.56858, 1.08319, 0.625222, 0.425986
1.52636, 0.572146, 1.0906, 0.630718, 0.422899
1.53269, 0.575378, 1.09863, 0.636221, 0.419817
1.53902, 0.57891, 1.10567, 0.641716, 0.416727
1.54535, 0.582494, 1.11329, 0.647219, 0.41364
1.55168, 0.586076, 1.12089, 0.652722, 0.410554
1.55801, 0.589626, 1.12813, 0.658225, 0.407464
1.56435, 0.593243, 1.13611, 0.663721, 0.404387
1.57068, 0.597176, 1.14329, 0.669224, 0.401297
1.57701, 0.599957, 1.15062, 0.67472, 0.398212
1.58334, 0.603121, 1.15791, 0.680215, 0.395128
1.58967, 0.607497, 1.16567, 0.685719, 0.392047
1.596, 0.611422, 1.17277, 0.691221, 0.388958
1.60233, 0.614992, 1.18023, 0.696725, 0.385873
1.60867, 0.61815, 1.18744, 0.70222, 0.382789
1.615, 0.622488, 1.19479, 0.707724, 0.379705
1.62133, 0.626028, 1.20193, 0.71322, 0.376621
1.62766, 0.629977, 1.20928, 0.718723, 0.373537
1.63399, 0.633923, 1.21661, 0.724226, 0.370453
1.64032, 0.637845, 1.22366, 0.729722, 0.36737
1.64665, 0.641788, 1.23095, 0.735225, 0.364287
1.65298, 0.646116, 1.2382, 0.740728, 0.361203
1.65932, 0.650056, 1.24545, 0.746231, 0.35812
1.66565, 0.653964, 1.25236, 0.751734, 0.355033
1.67198, 0.657877, 1.25932, 0.75723, 0.351951
1.67831, 0.662198, 1.26649, 0.762734, 0.348868
1.68464, 0.666904, 1.2736, 0.768237, 0.345786
1.69097, 0.670836, 1.28077, 0.77374, 0.342704
1.6973, 0.674766, 1.28793, 0.779244, 0.339622
1.70364, 0.679057, 1.29476, 0.78474, 0.33654
1.70997, 0.683724, 1.30146, 0.790243, 0.333454
1.7163, 0.688036, 1.30853, 0.795746, 0.330373
1.72263, 0.692345, 1.31557, 0.801249, 0.327292
1.72896, 0.696653, 1.32259, 0.806753, 0.324211
1.73529, 0.701731, 1.32953, 0.812256, 0.32113
1.74162, 0.706035, 1.33652, 0.81776, 0.318049
