2.7418, 0.32542
0, 0, 0, 0.5, 0
0.0140813, 0.0056306, -0.000139648, 0.4967, 0.0135623
0.0281625, 0.0112156, -8.65381e-05, 0.493398, 0.0271197
0.0422438, 0.016755, 0.000159397, 0.490095, 0.0406719
0.056325, 0.0222488, 0.000598187, 0.486792, 0.0542186
0.0704063, 0.027697, 0.0012298, 0.483487, 0.0677597
0.0844875, 0.0330997, 0.00205419, 0.48018, 0.0812946
0.0985688, 0.038457, 0.00307138, 0.476873, 0.094823
0.11265, 0.0437687, 0.0042814, 0.473564, 0.108345
0.126731, 0.0490351, 0.0056842, 0.470254, 0.121859
0.140813, 0.0542561, 0.00727983, 0.466941, 0.135365
0.154894, 0.0594317, 0.00906822, 0.463628, 0.148864
0.168975, 0.0645621, 0.0110494, 0.460312, 0.162353
0.183056, 0.0696472, 0.0132234, 0.456995, 0.175833
0.197138, 0.0746872, 0.0155902, 0.453675, 0.189303
0.211219, 0.0796821, 0.0181497, 0.450353, 0.202762
0.2253, 0.0846319, 0.0209019, 0.447029, 0.21621
0.239381, 0.0895367, 0.023847, 0.443703, 0.229645
0.253463, 0.0943967, 0.0269847, 0.440374, 0.243067
0.267544, 0.0992118, 0.0303152, 0.437042, 0.256475
0.281625, 0.103982, 0.0338385, 0.433706, 0.269867
0.295706, 0.108708, 0.0375544, 0.430368, 0.283242
0.309788, 0.11339, 0.041463, 0.427026, 0.296598
0.323869, 0.118027, 0.0455642, 0.423679, 0.309935
0.33795, 0.12262, 0.0498581, 0.420329, 0.323251
0.352031, 0.127169, 0.0543446, 0.416974, 0.336542
0.366113, 0.131674, 0.0590237, 0.413614, 0.349808
0.380194, 0.136135, 0.0638954, 0.410249, 0.363046
0.394275, 0.140554, 0.0689596, 0.406877, 0.376252
0.408356, 0.144929, 0.0742163, 0.403499, 0.389423
0.422438, 0.149261, 0.0796653, 0.400114, 0.402557
0.436519, 0.153551, 0.0853067, 0.39672, 0.415648
0.4506, 0.1578, 0.0911404, 0.393318, 0.428692
0.464681, 0.162006, 0.0971663, 0.389906, 0.441683
0.478763, 0.166172, 0.103384, 0.386483, 0.454615
0.492844, 0.170297, 0.109794, 0.383048, 0.467479
0.506925, 0.174383, 0.116396, 0.379599, 0.480267
0.521006, 0.17843, 0.123189, 0.376135, 0.49297
0.535088, 0.18244, 0.130174, 0.372654, 0.505572
0.549169, 0.186413, 0.137349, 0.369152, 0.518061
0.56325, 0.190351, 0.144715, 0.365629, 0.530418
0.577331, 0.194256, 0.152272, 0.36208, 0.542622
0.591413, 0.19813, 0.160018, 0.358501, 0.554646
0.605494, 0.201976, 0.167952, 0.354888, 0.566458
0.619575, 0.205796, 0.176074, 0.351237, 0.578019
0.633656, 0.209594, 0.184382, 0.34754, 0.589279
0.647738, 0.213376, 0.192874, 0.34379, 0.600178
0.661819, 0.217147, 0.201547, 0.33998, 0.61064
0.6759, 0.220914, 0.210398, 0.336099, 0.620571
0.689981, 0.224685, 0.219421, 0.332137, 0.629852
0.704063, 0.228471, 0.228608, 0.328085, 0.638339
0.718144, 0.232284, 0.237951, 0.323932, 0.64586
0.732225, 0.236137, 0.247433, 0.319673, 0.652213
0.746306, 0.240042, 0.257038, 0.315309, 0.657178
0.760388, 0.244013, 0.266738, 0.310853, 0.660533
0.774469, 0.248056, 0.276504, 0.306333, 0.662091
0.78855, 0.252174, 0.286297, 0.301794, 0.66173
0.802631, 0.25636, 0.29608, 0.297298, 0.659425
0.816713, 0.260601, 0.305813, 0.292909, 0.655257
0.830794, 0.264882, 0.315461, 0.28869, 0.649395
0.844875, 0.269183, 0.324994, 0.284695, 0.642055
0.858956, 0.273488, 0.334389, 0.280958, 0.633474
0.873038, 0.277782, 0.343628, 0.2775, 0.62387
0.887119, 0.282058, 0.352699, 0.274329, 0.61344
0.9012, 0.286306, 0.361591, 0.271443, 0.602346
0.915281, 0.290525, 0.3703, 0.268834, 0.590721
0.929363, 0.29471, 0.378819, 0.266489, 0.578671
0.943444, 0.298863, 0.387146, 0.264395, 0.566278
0.957525, 0.302983, 0.395278, 0.262535, 0.553609
0.971606, 0.307072, 0.403213, 0.260896, 0.540717
0.985688, 0.311131, 0.410951, 0.259461, 0.527643
0.999769, 0.315163, 0.418491, 0.258219, 0.514419
1.01385, 0.31917, 0.425831, 0.257155, 0.501073
1.02793, 0.323154, 0.432972, 0.256257, 0.487625
1.04201, 0.327116, 0.439912, 0.255515, 0.474093
1.05609, 0.331061, 0.446653, 0.254918, 0.460489
1.07018, 0.334988, 0.453194, 0.254458, 0.446827
1.08426, 0.338902, 0.459535, 0.254124, 0.433115
1.09834, 0.342803, 0.465675, 0.25391, 0.419362
1.11242, 0.346693, 0.471615, 0.253808, 0.405572
1.1265, 0.350575, 0.477355, 0.253812, 0.391753
1.14058, 0.354449, 0.482895, 0.253915, 0.377909
1.15466, 0.358319, 0.488235, 0.254112, 0.364043
1.16874, 0.362185, 0.493375, 0.254397, 0.35016
1.18283, 0.366048, 0.498315, 0.254766, 0.33626
1.19691, 0.369911, 0.503055, 0.255214, 0.322348
1.21099, 0.373774, 0.507596, 0.255738, 0.308424
1.22507, 0.377639, 0.511937, 0.256333, 0.294491
1.23915, 0.381507, 0.516079, 0.256996, 0.28055
1.25323, 0.38538, 0.520021, 0.257723, 0.266602
1.26731, 0.389257, 0.523764, 0.258512, 0.25265
1.28139, 0.393141, 0.527307, 0.25936, 0.238692
1.29548, 0.397033, 0.530652, 0.260264, 0.224731
1.30956, 0.400932, 0.533797, 0.261221, 0.210767
1.32364, 0.404841, 0.536744, 0.26223, 0.196801
1.33772, 0.40876, 0.539492, 0.263287, 0.182833
1.3518, 0.41269, 0.542041, 0.264392, 0.168864
1.36588, 0.416632, 0.544392, 0.265542, 0.154894
1.37996, 0.420586, 0.546544, 0.266734, 0.140924
1.39404, 0.424554, 0.548497, 0.267969, 0.126953
1.40752, 0.428299, 0.550278, 0.27032, 0.140222
1.421, 0.432075, 0.552237, 0.272672, 0.153492
1.43448, 0.435883, 0.554375, 0.275023, 0.166761
1.44795, 0.439723, 0.556692, 0.277374, 0.18003
1.46143, 0.443595, 0.559188, 0.279726, 0.193299
1.47491, 0.447498, 0.561863, 0.282077, 0.206568
1.48839, 0.451433, 0.564717, 0.284428, 0.219837
1.50186, 0.4554, 0.567749, 0.28678, 0.233105
1.51534, 0.459398, 0.570961, 0.289131, 0.246374
1.52882, 0.463428, 0.574351, 0.291482, 0.259642
1.5423, 0.46749, 0.57792, 0.293833, 0.272911
1.55577, 0.471583, 0.581668, 0.296185, 0.286179
1.56925, 0.475708, 0.585595, 0.298536, 0.299447
1.58273, 0.479865, 0.5897, 0.300887, 0.312715
1.59621, 0.484053, 0.593985, 0.303238, 0.325982
1.60968, 0.488273, 0.598448, 0.305589, 0.33925
1.62316, 0.492525, 0.603091, 0.307941, 0.352517
1.63664, 0.496809, 0.607912, 0.310292, 0.365784
1.65012, 0.501124, 0.612912, 0.312643, 0.37905
1.66359, 0.505471, 0.61809, 0.314994, 0.392316
1.67707, 0.50985, 0.623448, 0.317345, 0.405582
1.69055, 0.51426, 0.628985, 0.319695, 0.418848
1.70403, 0.518702, 0.6347, 0.322046, 0.432113
1.7175, 0.523176, 0.640594, 0.324397, 0.445377
1.73098, 0.527681, 0.646667, 0.326748, 0.458641
1.74446, 0.532218, 0.652919, 0.329098, 0.471904
1.75794, 0.536787, 0.65935, 0.331448, 0.485166
1.77141, 0.541387, 0.66596, 0.333799, 0.498427
1.78489, 0.546019, 0.672748, 0.336149, 0.511687
1.79837, 0.550683, 0.679716, 0.338499, 0.524945
1.81185, 0.555379, 0.686862, 0.340848, 0.538202
1.82532, 0.560106, 0.694187, 0.343198, 0.551456
1.8388, 0.564865, 0.701691, 0.345547, 0.564707
1.85228, 0.569655, 0.709374, 0.347895, 0.577955
1.86576, 0.574477, 0.717236, 0.350243, 0.591198
1.87923, 0.579331, 0.725276, 0.35259, 0.604435
1.89271, 0.584216, 0.733496, 0.354936, 0.617663
1.90619, 0.589133, 0.741894, 0.35728, 0.630879
1.91967, 0.594082, 0.750471, 0.359621, 0.644075
1.93314, 0.599062, 0.759227, 0.361959, 0.65724
1.94662, 0.604073, 0.768162, 0.364288, 0.670348
1.9601, 0.609114, 0.777276, 0.366602, 0.683341
1.97358, 0.614185, 0.786569, 0.368874, 0.696029
1.98705, 0.619276, 0.79604, 0.370976, 0.707468
2.00053, 0.624322, 0.805661, 0.371926, 0.710554
2.01401, 0.629258, 0.815225, 0.371028, 0.700651
2.02749, 0.634164, 0.824617, 0.36967, 0.688084
2.04096, 0.639053, 0.833828, 0.368164, 0.675036
2.05444, 0.643927, 0.842858, 0.366569, 0.661833
2.06792, 0.648784, 0.851706, 0.364907, 0.648567
2.0814, 0.653623, 0.860374, 0.363192, 0.635271
2.09487, 0.658443, 0.86886, 0.361431, 0.621959
2.10835, 0.663243, 0.877166, 0.359632, 0.608639
2.12183, 0.668022, 0.885291, 0.3578, 0.595314
2.13531, 0.672779, 0.893236, 0.355937, 0.581987
2.14878, 0.677513, 0.901, 0.354049, 0.568659
2.16226, 0.682225, 0.908584, 0.352136, 0.555332
2.17574, 0.686912, 0.915988, 0.350203, 0.542005
2.18922, 0.691576, 0.923212, 0.34825, 0.528679
2.20269, 0.696214, 0.930256, 0.34628, 0.515354
2.21617, 0.700828, 0.93712, 0.344293, 0.50203
2.22965, 0.705417, 0.943803, 0.342292, 0.488708
2.24313, 0.70998, 0.950307, 0.340277, 0.475387
2.2566, 0.714517, 0.956632, 0.33825, 0.462067
2.27008, 0.719028, 0.962776, 0.336211, 0.448748
2.28356, 0.723513, 0.968741, 0.334161, 0.435431
2.29704, 0.727971, 0.974526, 0.332101, 0.422115
2.31051, 0.732402, 0.980131, 0.330031, 0.4088
2.32399, 0.736806, 0.985556, 0.327953, 0.395486
2.33747, 0.741183, 0.990802, 0.325866, 0.382173
2.35095, 0.745533, 0.995869, 0.323771, 0.368861
2.36442, 0.749855, 1.00076, 0.321669, 0.35555
2.3779, 0.754149, 1.00546, 0.31956, 0.34224
2.39138, 0.758416, 1.00999, 0.317445, 0.328931
2.40486, 0.762655, 1.01434, 0.315323, 0.315623
2.41833, 0.766866, 1.01851, 0.313195, 0.302315
2.43181, 0.771049, 1.0225, 0.311062, 0.289009
2.44529, 0.775204, 1.02631, 0.308923, 0.275703
2.45877, 0.77933, 1.02994, 0.30678, 0.262398
2.47224, 0.783428, 1.03339, 0.304631, 0.249094
2.48572, 0.787497, 1.03666, 0.302478, 0.23579
2.4992, 0.791538, 1.03975, 0.30032, 0.222487
2.51268, 0.795551, 1.04266, 0.298158, 0.209185
2.52615, 0.799534, 1.0454, 0.295992, 0.195883
2.53963, 0.803489, 1.04795, 0.293823, 0.182582
2.55311, 0.807415, 1.05033, 0.291649, 0.169281
2.56659, 0.811312, 1.05252, 0.289472, 0.155981
2.58006, 0.81518, 1.05454, 0.287291, 0.142682
2.59354, 0.819018, 1.05638, 0.285107, 0.129383
2.60702, 0.822828, 1.05803, 0.28292, 0.116084
2.6205, 0.826609, 1.05951, 0.28073, 0.102787
2.63398, 0.83036, 1.06081, 0.278537, 0.0894889
2.64745, 0.834082, 1.06193, 0.276341, 0.076192
2.66093, 0.837775, 1.06287, 0.274143, 0.0628952
2.67441, 0.841439, 1.06363, 0.271942, 0.0495992
2.68788, 0.845073, 1.06421, 0.269738, 0.0363034
2.70136, 0.848677, 1.06462, 0.267532, 0.0230079
2.71484, 0.852252, 1.06484, 0.265323, 0.0097127
2.72832, 0.855798, 1.06488, 0.263112, -0.00358193
2.7418, 0.859314, 1.06475, 0.260899, -0.0168762
