2.42747, 0
0, 0, 0, 0.5, 0
0.0115504, 0.00624308, 0.000354011, 0.494427, 0.0100954
0.0231008, 0.0124215, 0.000824731, 0.488854, 0.0201905
0.0346512, 0.0185353, 0.00141214, 0.483282, 0.0302853
0.0462016, 0.0245845, 0.00211626, 0.47771, 0.0403799
0.057752, 0.0305691, 0.00293709, 0.472139, 0.0504742
0.0693024, 0.036489, 0.00387463, 0.466568, 0.0605681
0.0808528, 0.0423443, 0.00492888, 0.460999, 0.0706617
0.0924032, 0.048135, 0.00609979, 0.45543, 0.0807549
0.103954, 0.0538611, 0.00738744, 0.449861, 0.0908478
0.115504, 0.0595226, 0.00879179, 0.444293, 0.10094
0.127054, 0.0651194, 0.0103128, 0.438726, 0.111032
0.138605, 0.0706517, 0.0119506, 0.43316, 0.121124
0.150155, 0.0761192, 0.013705, 0.427595, 0.131215
0.161706, 0.0815221, 0.0155762, 0.42203, 0.141306
0.173256, 0.0868605, 0.017564, 0.416466, 0.151396
0.184806, 0.0921341, 0.0196685, 0.410904, 0.161486
0.196357, 0.0973432, 0.0218897, 0.405342, 0.171576
0.207907, 0.102488, 0.0242276, 0.399781, 0.181664
0.219458, 0.107567, 0.0266822, 0.394222, 0.191753
0.231008, 0.112583, 0.0292535, 0.388663, 0.20184
0.242558, 0.117533, 0.0319414, 0.383106, 0.211927
0.254109, 0.122419, 0.0347461, 0.37755, 0.222013
0.265659, 0.12724, 0.0376674, 0.371995, 0.232099
0.27721, 0.131997, 0.0407054, 0.366442, 0.242184
0.28876, 0.136689, 0.0438601, 0.36089, 0.252268
0.30031, 0.141316, 0.0471314, 0.35534, 0.262351
0.311861, 0.145879, 0.0505194, 0.349792, 0.272433
0.323411, 0.150377, 0.0540241, 0.344245, 0.282515
0.334962, 0.15481, 0.0576454, 0.3387, 0.292595
0.346512, 0.159179, 0.0613834, 0.333157, 0.302675
0.358062, 0.163483, 0.065238, 0.327616, 0.312753
0.369613, 0.167722, 0.0692093, 0.322077, 0.32283
0.381163, 0.171897, 0.0732972, 0.316541, 0.332906
0.392714, 0.176007, 0.0775018, 0.311007, 0.34298
0.404264, 0.180052, 0.081823, 0.305476, 0.353053
0.415814, 0.184033, 0.0862608, 0.299948, 0.363124
0.427365, 0.187948, 0.0908153, 0.294423, 0.373194
0.438915, 0.1918, 0.0954863, 0.288901, 0.383262
0.450466, 0.195586, 0.100274, 0.283383, 0.393328
0.462016, 0.199308, 0.105178, 0.277869, 0.403392
0.473566, 0.202965, 0.110199, 0.272358, 0.413454
0.485117, 0.206558, 0.115336, 0.266853, 0.423513
0.496667, 0.210085, 0.12059, 0.261352, 0.43357
0.508218, 0.213548, 0.125961, 0.255856, 0.443624
0.519768, 0.216946, 0.131448, 0.250366, 0.453674
0.531318, 0.22028, 0.137051, 0.244883, 0.463722
0.542869, 0.223548, 0.142771, 0.239406, 0.473765
0.554419, 0.226752, 0.148608, 0.233936, 0.483805
0.56597, 0.229891, 0.15456, 0.228475, 0.493839
0.57752, 0.232965, 0.16063, 0.223023, 0.503869
0.58907, 0.235974, 0.166815, 0.217581, 0.513894
0.600621, 0.238919, 0.173117, 0.212149, 0.523912
0.612171, 0.241798, 0.179536, 0.20673, 0.533924
0.623722, 0.244612, 0.18607, 0.201325, 0.543928
0.635272, 0.247362, 0.192721, 0.195936, 0.553923
0.646822, 0.250046, 0.199487, 0.190564, 0.563908
0.658373, 0.252665, 0.20637, 0.185211, 0.573882
0.669923, 0.255219, 0.213369, 0.179881, 0.583844
0.681474, 0.257708, 0.220483, 0.174577, 0.593791
0.693024, 0.260132, 0.227713, 0.169302, 0.603721
0.704574, 0.26249, 0.235059, 0.164062, 0.613631
0.716125, 0.264782, 0.24252, 0.158862, 0.623518
0.727675, 0.267009, 0.250095, 0.153708, 0.633377
0.739226, 0.269169, 0.257786, 0.148612, 0.643203
0.750776, 0.271263, 0.26559, 0.143582, 0.652989
0.762326, 0.273291, 0.273509, 0.138634, 0.662727
0.773877, 0.275252, 0.28154, 0.133785, 0.672404
0.785427, 0.277145, 0.289683, 0.12906, 0.682005
0.796978, 0.278971, 0.297937, 0.124491, 0.691509
0.808528, 0.280727, 0.3063, 0.120121, 0.700887
0.820078, 0.282413, 0.314769, 0.11601, 0.710097
0.831629, 0.284029, 0.323341, 0.112238, 0.719082
0.843179, 0.285571, 0.332011, 0.108923, 0.727755
0.85473, 0.287038, 0.340771, 0.106228, 0.73599
0.86628, 0.28843, 0.34961, 0.104375, 0.743601
0.87783, 0.289747, 0.358511, 0.103661, 0.750322
0.889381, 0.290993, 0.367451, 0.104418, 0.755806
0.900931, 0.292185, 0.376403, 0.106922, 0.759677
0.912482, 0.29335, 0.385338, 0.111252, 0.761651
0.924032, 0.294525, 0.394233, 0.11719, 0.761669
0.935582, 0.295749, 0.403075, 0.124326, 0.759907
0.947133, 0.29705, 0.411855, 0.132219, 0.756675
0.958683, 0.298446, 0.420569, 0.140526, 0.752287
0.970234, 0.299946, 0.429211, 0.149018, 0.747009
0.981784, 0.301553, 0.43778, 0.157555, 0.741046
0.993334, 0.303269, 0.446271, 0.166058, 0.734548
1.00488, 0.305093, 0.454681, 0.174484, 0.727627
1.01644, 0.307022, 0.463007, 0.182812, 0.720366
1.02799, 0.309055, 0.471246, 0.191033, 0.712826
1.03954, 0.311191, 0.479397, 0.199145, 0.705055
1.05109, 0.313426, 0.487458, 0.207151, 0.69709
1.06264, 0.315759, 0.495426, 0.215055, 0.688959
1.07419, 0.318189, 0.5033, 0.222861, 0.680686
1.08574, 0.320714, 0.511078, 0.230576, 0.67229
1.09729, 0.323332, 0.51876, 0.238205, 0.663784
1.10884, 0.326042, 0.526343, 0.245754, 0.655184
1.12039, 0.328842, 0.533828, 0.253228, 0.646498
1.13194, 0.331732, 0.541213, 0.260631, 0.637736
1.14349, 0.33471, 0.548497, 0.267969, 0.628906
1.15633, 0.33888, 0.556617, 0.272685, 0.640512
1.16917, 0.343099, 0.564888, 0.277468, 0.652079
1.18201, 0.347368, 0.573311, 0.282324, 0.663604
1.19485, 0.351688, 0.581884, 0.287254, 0.675084
1.20769, 0.35606, 0.590608, 0.292262, 0.686518
1.22053, 0.360484, 0.599481, 0.297352, 0.697901
1.23337, 0.364962, 0.608504, 0.302528, 0.70923
1.24621, 0.369494, 0.617674, 0.307796, 0.720502
1.25905, 0.374081, 0.626993, 0.313158, 0.731712
1.27189, 0.378724, 0.636458, 0.318621, 0.742857
1.28473, 0.383424, 0.646069, 0.32419, 0.75393
1.29757, 0.388183, 0.655826, 0.329871, 0.764927
1.31041, 0.393001, 0.665726, 0.335668, 0.775841
1.32325, 0.39788, 0.67577, 0.34159, 0.786667
1.33609, 0.402821, 0.685956, 0.347643, 0.797396
1.34893, 0.407826, 0.696282, 0.353835, 0.80802
1.36177, 0.412895, 0.706748, 0.360173, 0.818531
1.37461, 0.418032, 0.717352, 0.366666, 0.828918
1.38745, 0.423236, 0.728091, 0.373324, 0.839171
1.40029, 0.428511, 0.738966, 0.380155, 0.849275
1.41313, 0.433858, 0.749972, 0.38717, 0.859218
1.42597, 0.439279, 0.761109, 0.394381, 0.868983
1.4388, 0.444777, 0.772374, 0.401798, 0.878553
1.45164, 0.450353, 0.783764, 0.409433, 0.887907
1.46448, 0.456011, 0.795277, 0.417299, 0.897021
1.47732, 0.461752, 0.806908, 0.425408, 0.905872
1.49016, 0.467581, 0.818655, 0.433774, 0.91443
1.503, 0.473498, 0.830513, 0.442409, 0.922661
1.51584, 0.479509, 0.842477, 0.451324, 0.930529
1.52868, 0.485616, 0.854544, 0.460532, 0.937994
1.54152, 0.491823, 0.866706, 0.47004, 0.945009
1.55436, 0.498133, 0.878958, 0.479855, 0.951524
1.5672, 0.504551, 0.891293, 0.489981, 0.957482
1.58004, 0.511079, 0.903702, 0.500414, 0.962824
1.59288, 0.517723, 0.916176, 0.511144, 0.967486
1.60572, 0.524485, 0.928708, 0.522154, 0.971403
1.61856, 0.531371, 0.941284, 0.533417, 0.974508
1.6314, 0.538382, 0.953895, 0.544893, 0.976739
1.64424, 0.545524, 0.966528, 0.556533, 0.978039
1.65708, 0.552798, 0.97917, 0.568277, 0.978362
1.66992, 0.560207, 0.991807, 0.580052, 0.977677
1.68276, 0.567752, 1.00443, 0.591784, 0.975968
1.6956, 0.575434, 1.01701, 0.603393, 0.973241
1.70844, 0.583253, 1.02956, 0.614801, 0.969519
1.72128, 0.591207, 1.04204, 0.625939, 0.964843
1.73412, 0.599294, 1.05446, 0.636744, 0.95927
1.74696, 0.607511, 1.06679, 0.647168, 0.952866
1.7598, 0.615854, 1.07904, 0.657174, 0.945702
1.77264, 0.624319, 1.09118, 0.666738, 0.937856
1.78548, 0.632901, 1.10321, 0.675848, 0.929399
1.79832, 0.641596, 1.11513, 0.684502, 0.920402
1.81116, 0.650398, 1.12693, 0.692703, 0.910929
1.824, 0.659301, 1.1386, 0.700463, 0.901041
1.83684, 0.668301, 1.15014, 0.707796, 0.89079
1.84968, 0.677393, 1.16154, 0.71472, 0.880222
1.86252, 0.686571, 1.1728, 0.721254, 0.869379
1.87536, 0.695832, 1.18392, 0.727418, 0.858296
1.8882, 0.70517, 1.19489, 0.733232, 0.847003
1.90104, 0.714581, 1.20572, 0.738716, 0.835529
1.91388, 0.724061, 1.2164, 0.743889, 0.823896
1.92672, 0.733607, 1.22692, 0.74877, 0.812124
1.93956, 0.743214, 1.23729, 0.753375, 0.80023
1.9524, 0.75288, 1.24751, 0.757721, 0.788229
1.96524, 0.762601, 1.25757, 0.761823, 0.776134
1.97808, 0.772374, 1.26747, 0.765697, 0.763957
1.99092, 0.782196, 1.27722, 0.769354, 0.751707
2.00376, 0.792065, 1.28681, 0.772808, 0.739392
2.0166, 0.801977, 1.29624, 0.77607, 0.72702
2.02944, 0.811931, 1.30551, 0.779151, 0.714598
2.04228, 0.821924, 1.31462, 0.782061, 0.702131
2.05512, 0.831954, 1.32356, 0.78481, 0.689623
2.06796, 0.84202, 1.33235, 0.787405, 0.67708
2.08079, 0.852118, 1.34097, 0.789855, 0.664506
2.09363, 0.862247, 1.34944, 0.792168, 0.651903
2.10647, 0.872406, 1.35774, 0.79435, 0.639274
2.11931, 0.882593, 1.36587, 0.796408, 0.626623
2.13215, 0.892806, 1.37385, 0.798348, 0.613951
2.14499, 0.903044, 1.38166, 0.800175, 0.601261
2.15783, 0.913305, 1.38931, 0.801896, 0.588555
2.17067, 0.923588, 1.39679, 0.803514, 0.575834
2.18351, 0.933891, 1.40411, 0.805035, 0.5631
2.19635, 0.944214, 1.41127, 0.806463, 0.550355
2.20919, 0.954556, 1.41826, 0.807801, 0.537598
2.22203, 0.964914, 1.42509, 0.809054, 0.524832
2.23487, 0.975288, 1.43175, 0.810226, 0.512057
2.24771, 0.985677, 1.43825, 0.811319, 0.499275
2.26055, 0.996081, 1.44459, 0.812337, 0.486486
2.27339, 1.0065, 1.45076, 0.813283, 0.473691
2.28623, 1.01693, 1.45677, 0.81416, 0.46089
2.29907, 1.02736, 1.46261, 0.81497, 0.448084
2.31191, 1.03781, 1.46829, 0.815716, 0.435274
2.32475, 1.04827, 1.4738, 0.8164, 0.42246
2.33759, 1.05874, 1.47915, 0.817025, 0.409643
2.35043, 1.06922, 1.48433, 0.817593, 0.396822
2.36327, 1.0797, 1.48935, 0.818105, 0.383999
2.37611, 1.09019, 1.4942, 0.818564, 0.371174
2.38895, 1.10069, 1.49889, 0.818971, 0.358346
2.40179, 1.11119, 1.50341, 0.819329, 0.345517
2.41463, 1.12169, 1.50777, 0.819638, 0.332686
2.42747, 1.1322, 1.51197, 0.819901, 0.319854
