4.14962, 0
0, 0, 0, 0.5, 0
0.0202053, 0.00852945, 0.000455683, 0.502322, 0.0200026
0.0404106, 0.0171065, 0.00131672, 0.504643, 0.0400024
0.0606158, 0.0257312, 0.0025833, 0.506964, 0.0599992
0.0808211, 0.0344035, 0.00425527, 0.509283, 0.0799928
0.101026, 0.0431234, 0.00633266, 0.511601, 0.0999831
0.121232, 0.051891, 0.00881546, 0.513918, 0.11997
0.141437, 0.0607063, 0.0117037, 0.516233, 0.139952
0.161642, 0.0695693, 0.0149974, 0.518548, 0.159931
0.181848, 0.0784799, 0.0186964, 0.52086, 0.179905
0.202053, 0.0874384, 0.0228008, 0.523171, 0.199874
0.222258, 0.0964447, 0.0273107, 0.52548, 0.219838
0.242463, 0.105499, 0.0322258, 0.527788, 0.239797
0.262669, 0.114601, 0.0375464, 0.530093, 0.259749
0.282874, 0.12375, 0.0432723, 0.532396, 0.279695
0.303079, 0.132948, 0.0494035, 0.534697, 0.299634
0.323285, 0.142194, 0.0559401, 0.536995, 0.319565
0.34349, 0.151488, 0.062882, 0.53929, 0.339487
0.363695, 0.16083, 0.0702292, 0.541583, 0.3594
0.3839, 0.17022, 0.0779816, 0.543871, 0.379303
0.404106, 0.179658, 0.0861393, 0.546156, 0.399195
0.424311, 0.189145, 0.0947022, 0.548437, 0.419074
0.444516, 0.19868, 0.10367, 0.550713, 0.438939
0.464721, 0.208264, 0.113043, 0.552984, 0.45879
0.484927, 0.217896, 0.122822, 0.555249, 0.478622
0.505132, 0.227577, 0.133005, 0.557508, 0.498436
0.525337, 0.237308, 0.143594, 0.55976, 0.518228
0.545543, 0.247087, 0.154587, 0.562003, 0.537996
0.565748, 0.256917, 0.165985, 0.564238, 0.557735
0.585953, 0.266796, 0.177788, 0.566461, 0.577443
0.606158, 0.276725, 0.189995, 0.568672, 0.597114
0.626364, 0.286705, 0.202607, 0.57087, 0.616742
0.646569, 0.296736, 0.215624, 0.57305, 0.636321
0.666774, 0.306819, 0.229044, 0.575212, 0.655841
0.68698, 0.316955, 0.242868, 0.57735, 0.675292
0.707185, 0.327145, 0.257095, 0.579461, 0.69466
0.72739, 0.337389, 0.271725, 0.581538, 0.713926
0.747595, 0.347691, 0.286758, 0.583575, 0.733069
0.767801, 0.358051, 0.302191, 0.585561, 0.752059
0.788006, 0.368473, 0.318025, 0.587484, 0.770854
0.808211, 0.378962, 0.334256, 0.589325, 0.789401
0.828417, 0.389521, 0.350884, 0.591061, 0.807622
0.848622, 0.40016, 0.367902, 0.592657, 0.825409
0.868827, 0.410889, 0.385307, 0.594062, 0.842603
0.889032, 0.421724, 0.403086, 0.595203, 0.858969
0.909238, 0.432689, 0.421225, 0.595971, 0.874153
0.929443, 0.443815, 0.439695, 0.596206, 0.887625
0.949648, 0.455148, 0.458449, 0.595686, 0.898622
0.969853, 0.466733, 0.477407, 0.594144, 0.906175
0.990059, 0.478599, 0.496455, 0.59135, 0.909335
1.01026, 0.490723, 0.515453, 0.587259, 0.907648
1.03047, 0.503021, 0.534273, 0.582073, 0.901446
1.05067, 0.515389, 0.552825, 0.576135, 0.891624
1.07088, 0.527733, 0.571055, 0.569772, 0.879165
1.09109, 0.539993, 0.588937, 0.563223, 0.864861
1.11129, 0.552131, 0.606456, 0.556636, 0.849273
1.1315, 0.564127, 0.623604, 0.5501, 0.832778
1.1517, 0.575974, 0.640376, 0.543661, 0.815629
1.17191, 0.587667, 0.65677, 0.537345, 0.797997
1.19211, 0.599207, 0.672782, 0.531162, 0.779998
1.21232, 0.610596, 0.688411, 0.525114, 0.761716
1.23252, 0.621838, 0.703654, 0.5192, 0.74321
1.25273, 0.632936, 0.718512, 0.513415, 0.724524
1.27293, 0.643893, 0.732981, 0.507755, 0.705692
1.29314, 0.654714, 0.747062, 0.502213, 0.686738
1.31334, 0.665402, 0.760753, 0.496782, 0.667683
1.33355, 0.67596, 0.774053, 0.491457, 0.648541
1.35375, 0.686391, 0.786962, 0.486232, 0.629326
1.37396, 0.6967, 0.799479, 0.481101, 0.610047
1.39416, 0.706888, 0.811603, 0.476058, 0.590712
1.41437, 0.716959, 0.823333, 0.4711, 0.571329
1.43457, 0.726915, 0.83467, 0.46622, 0.551903
1.45478, 0.736759, 0.845611, 0.461415, 0.532438
1.47499, 0.746492, 0.856158, 0.456681, 0.512939
1.49519, 0.756117, 0.86631, 0.452013, 0.49341
1.5154, 0.765636, 0.876065, 0.44741, 0.473853
1.5356, 0.775051, 0.885425, 0.442866, 0.45427
1.55581, 0.784364, 0.894388, 0.43838, 0.434666
1.57601, 0.793576, 0.902954, 0.433948, 0.415039
1.59622, 0.802689, 0.911122, 0.429568, 0.395394
1.61642, 0.811704, 0.918894, 0.425237, 0.375731
1.63663, 0.820623, 0.926267, 0.420954, 0.356052
1.65683, 0.829448, 0.933242, 0.416715, 0.336358
1.67704, 0.838178, 0.93982, 0.41252, 0.31665
1.69724, 0.846817, 0.945998, 0.408365, 0.296929
1.71745, 0.855364, 0.951778, 0.40425, 0.277196
1.73765, 0.863821, 0.957159, 0.400173, 0.257451
1.75786, 0.87219, 0.962141, 0.396131, 0.237696
1.77806, 0.88047, 0.966724, 0.392125, 0.217931
1.79827, 0.888663, 0.970907, 0.388152, 0.198157
1.81848, 0.89677, 0.974691, 0.38421, 0.178374
1.83868, 0.904792, 0.978074, 0.3803, 0.158582
1.85889, 0.91273, 0.981058, 0.376419, 0.138783
1.87909, 0.920583, 0.983642, 0.372567, 0.118976
1.8993, 0.928354, 0.985826, 0.368742, 0.0991625
1.9195, 0.936043, 0.987609, 0.364944, 0.0793421
1.93971, 0.943651, 0.988992, 0.361172, 0.0595154
1.95991, 0.951177, 0.989975, 0.357424, 0.0396828
1.98012, 0.958624, 0.990556, 0.353701, 0.0198442
2.00032, 0.965991, 0.990737, 0.35, 3.37139e-07
2.02182, 0.973397, 0.990937, 0.339336, 0.0186605
2.04331, 0.980578, 0.991539, 0.328663, 0.0373164
2.0648, 0.98752, 0.992538, 0.317995, 0.0559747
2.08629, 0.994236, 0.993939, 0.307319, 0.0746288
2.10779, 1.00074, 0.995749, 0.296625, 0.0932723
2.12928, 1.00701, 0.99796, 0.285924, 0.111912
2.15077, 1.01303, 1.00056, 0.275241, 0.130562
2.17227, 1.01883, 1.00357, 0.26454, 0.149202
2.19376, 1.02441, 1.00698, 0.253824, 0.167833
2.21525, 1.02975, 1.01078, 0.243114, 0.186467
2.23674, 1.03485, 1.01499, 0.2324, 0.205099
2.25824, 1.03972, 1.01959, 0.221683, 0.223729
2.27973, 1.04438, 1.02461, 0.210943, 0.242347
2.30122, 1.04879, 1.03001, 0.200211, 0.260968
2.32272, 1.05298, 1.03582, 0.189458, 0.279578
2.34421, 1.05694, 1.04203, 0.178696, 0.298182
2.3657, 1.06067, 1.04864, 0.167933, 0.316787
2.3872, 1.06416, 1.05565, 0.157163, 0.335386
2.40869, 1.06742, 1.06306, 0.146378, 0.353977
2.43018, 1.07045, 1.07087, 0.135587, 0.372565
2.45167, 1.07325, 1.07907, 0.124783, 0.391145
2.47317, 1.07582, 1.08768, 0.113961, 0.409714
2.49466, 1.07815, 1.09668, 0.103137, 0.428283
2.51615, 1.08025, 1.10609, 0.0922837, 0.446834
2.53765, 1.08212, 1.11589, 0.0814318, 0.465387
2.55914, 1.08375, 1.1261, 0.070556, 0.483925
2.58063, 1.08515, 1.1367, 0.0596718, 0.502458
2.60212, 1.08631, 1.14769, 0.0487688, 0.52098
2.62362, 1.08724, 1.15909, 0.0378389, 0.539486
2.64511, 1.08794, 1.17088, 0.026897, 0.557985
2.6666, 1.0884, 1.18307, 0.015925, 0.576467
2.6881, 1.08862, 1.19566, 0.00492305, 0.59493
2.70959, 1.08861, 1.20865, -0.00610775, 0.613377
2.73108, 1.08836, 1.22203, -0.0171617, 0.631809
2.75258, 1.08788, 1.23581, -0.0282583, 0.650216
2.77407, 1.08715, 1.24998, -0.0393924, 0.6686
2.79556, 1.08618, 1.26455, -0.0505549, 0.686967
2.81705, 1.08497, 1.27951, -0.0617888, 0.70529
2.83855, 1.08353, 1.29487, -0.0730796, 0.723579
2.86004, 1.08183, 1.31061, -0.0844196, 0.741836
2.88153, 1.07989, 1.32675, -0.0958505, 0.760037
2.90303, 1.07771, 1.34328, -0.107377, 0.778178
2.92452, 1.07528, 1.3602, -0.119027, 0.79624
2.94601, 1.07259, 1.37751, -0.130804, 0.814219
2.9675, 1.06965, 1.3952, -0.142766, 0.832075
2.989, 1.06645, 1.41328, -0.154968, 0.849768
3.01049, 1.06299, 1.43173, -0.167481, 0.867242
3.03198, 1.05925, 1.45055, -0.18049, 0.884352
3.05348, 1.05523, 1.46974, -0.194216, 0.900886
3.07497, 1.05089, 1.48927, -0.209266, 0.916211
3.09646, 1.04621, 1.5091, -0.227125, 0.927961
3.11795, 1.04111, 1.52904, -0.246337, 0.923368
3.13945, 1.03575, 1.54867, -0.24992, 0.902568
3.16094, 1.03042, 1.56784, -0.246039, 0.881458
3.18243, 1.02519, 1.58657, -0.239764, 0.860907
3.20393, 1.02012, 1.60485, -0.232363, 0.840731
3.22542, 1.01521, 1.62271, -0.224312, 0.820803
3.24691, 1.01048, 1.64014, -0.215839, 0.801051
3.26841, 1.00593, 1.65714, -0.20707, 0.781428
3.2899, 1.00158, 1.67373, -0.198083, 0.761904
3.31139, 0.99742, 1.68989, -0.188926, 0.742459
3.33288, 0.993459, 1.70564, -0.179636, 0.723078
3.35438, 0.989699, 1.72098, -0.170237, 0.703749
3.37587, 0.986142, 1.73589, -0.160749, 0.684464
3.39736, 0.98279, 1.7504, -0.151184, 0.665217
3.41886, 0.979644, 1.76449, -0.141555, 0.646002
3.44035, 0.976705, 1.77817, -0.131869, 0.626814
3.46184, 0.973975, 1.79143, -0.122136, 0.607652
3.48333, 0.971455, 1.80429, -0.112359, 0.588512
3.50483, 0.969146, 1.81673, -0.102544, 0.569391
3.52632, 0.967048, 1.82876, -0.0926948, 0.550287
3.54781, 0.965161, 1.84039, -0.0828153, 0.531199
3.56931, 0.963488, 1.8516, -0.0729084, 0.512126
3.5908, 0.962028, 1.8624, -0.0629765, 0.493066
3.61229, 0.960781, 1.87279, -0.0530215, 0.474017
3.63378, 0.959749, 1.88278, -0.0430458, 0.454979
3.65528, 0.958931, 1.89235, -0.0330511, 0.435952
3.67677, 0.958328, 1.90152, -0.0230384, 0.416933
3.69826, 0.95794, 1.91027, -0.0130097, 0.397924
3.71976, 0.957769, 1.91862, -0.00296551, 0.378922
3.74125, 0.957813, 1.92656, 0.00709262, 0.359928
3.76274, 0.958074, 1.93409, 0.0171641, 0.340941
3.78424, 0.958551, 1.94122, 0.0272478, 0.32196
3.80573, 0.959245, 1.94793, 0.0373429, 0.302986
3.82722, 0.960156, 1.95424, 0.0474491, 0.284017
3.84871, 0.961285, 1.96014, 0.0575653, 0.265054
3.87021, 0.962631, 1.96563, 0.067691, 0.246096
3.8917, 0.964195, 1.97072, 0.0778258, 0.227142
3.91319, 0.965976, 1.9754, 0.0879692, 0.208193
3.93469, 0.967976, 1.97967, 0.0981207, 0.189249
3.95618, 0.970194, 1.98353, 0.10828, 0.170309
3.97767, 0.972631, 1.98699, 0.118447, 0.151372
3.99916, 0.975286, 1.99004, 0.12862, 0.132439
4.02066, 0.97816, 1.99268, 0.1388, 0.11351
4.04215, 0.981252, 1.99492, 0.148986, 0.0945846
4.06364, 0.984564, 1.99675, 0.159179, 0.0756618
4.08514, 0.988095, 1.99817, 0.169377, 0.0567423
4.10663, 0.991845, 1.99919, 0.17958, 0.0378259
4.12812, 0.995814, 1.9998, 0.189789, 0.0189124
4.14962, 1, 2, 0.200003, 1.55717e-06
