28.8941, 0
0, 0, 0, 0.5, 0
0.152368, 0.0646155, 0.00430431, 0.347633, 0.000906228
0.304737, 0.105978, 0.00454537, 0.195272, 0.00237526
0.457105, 0.124122, 0.0050103, 0.0429111, 0.0038443
0.609473, 0.119054, 0.00569903, -0.10945, 0.00531334
0.761841, 0.0907335, 0.00275331, -0.261806, 0.00734519
0.91421, 0.039271, 0.00774801, -0.414172, 0.00825142
1.06658, -0.0354437, 0.00910826, -0.566534, 0.00972046
1.21895, -0.133373, 0.0106923, -0.718895, 0.0111895
1.37131, -0.254517, 0.0125003, -0.871256, 0.0126585
1.52368, -0.398908, 0.0111025, -1.02361, 0.0146904
1.67605, -0.566452, 0.0167876, -1.17598, 0.0155966
1.82842, -0.757273, 0.016009, -1.32833, 0.0176285
1.98079, -0.971247, 0.0219703, -1.4807, 0.0185347
2.13316, -1.20849, 0.0218109, -1.63306, 0.0205665
2.28552, -1.4689, 0.0280483, -1.78542, 0.0214728
2.43789, -1.75255, 0.0316333, -1.93778, 0.0229012
2.59026, -2.05941, 0.0350217, -2.09015, 0.0244108
2.74263, -2.38949, 0.0388441, -2.24251, 0.0258799
2.895, -2.74279, 0.0428904, -2.39487, 0.0273489
3.04737, -3.1193, 0.0471605, -2.54723, 0.028818
3.19973, -3.51902, 0.0516544, -2.69959, 0.030287
3.3521, -3.94196, 0.0563722, -2.85195, 0.031756
3.50447, -4.38811, 0.0614807, -3.00431, 0.0331845
3.65684, -4.85749, 0.0664792, -3.15667, 0.0346941
3.80921, -5.35007, 0.0720231, -3.30904, 0.0361225
3.96158, -5.86587, 0.0774816, -3.4614, 0.0376322
4.11394, -6.40488, 0.0834608, -3.61376, 0.0390606
4.26631, -6.96712, 0.0895154, -3.76612, 0.0405297
4.41868, -7.55256, 0.0957938, -3.91848, 0.0419987
4.57105, -8.16122, 0.102172, -4.07084, 0.0435083
4.72342, -8.79309, 0.108905, -4.2232, 0.0449774
4.87579, -9.44818, 0.115972, -4.37556, 0.0464058
5.02815, -10.1265, 0.123146, -4.52792, 0.0478749
5.18052, -10.828, 0.130543, -4.68029, 0.0493439
5.33289, -11.5527, 0.138165, -4.83265, 0.0508129
5.48526, -12.3007, 0.14601, -4.98501, 0.052282
5.63763, -13.0719, 0.154126, -5.13737, 0.0537273
5.78999, -13.8662, 0.162446, -5.28973, 0.0551794
5.94236, -14.6838, 0.170821, -5.44209, 0.0567297
6.09473, -15.5246, 0.17963, -5.59445, 0.0581581
6.2471, -16.3887, 0.188594, -5.74681, 0.0596272
6.39947, -17.2759, 0.197832, -5.89917, 0.0610556
6.55184, -18.1864, 0.207238, -6.05153, 0.0625246
6.7042, -19.12, 0.216867, -6.2039, 0.0639937
6.85657, -20.0769, 0.226739, -6.35626, 0.0654389
7.00894, -21.057, 0.236838, -6.50861, 0.0668673
7.16131, -22.0603, 0.247137, -6.66097, 0.0683195
7.31368, -23.0869, 0.257644, -6.81333, 0.0698054
7.46605, -24.1366, 0.268393, -6.96568, 0.0712133
7.61841, -25.2096, 0.279346, -7.11317, 0.0723355
7.77078, -26.2822, 0.290231, -6.9633, 0.0706482
7.92315, -27.3315, 0.300881, -6.81096, 0.069139
8.07552, -28.3577, 0.311301, -6.6586, 0.0676462
8.22789, -29.3607, 0.321495, -6.50624, 0.0661604
8.38026, -30.3404, 0.331463, -6.35388, 0.0646784
8.53262, -31.2969, 0.341205, -6.20152, 0.0631987
8.68499, -32.2302, 0.350722, -6.04917, 0.0617207
8.83736, -33.1403, 0.360014, -5.89681, 0.0602438
8.98973, -34.0272, 0.369081, -5.74445, 0.0587679
9.1421, -34.8909, 0.377923, -5.59209, 0.0572927
9.29447, -35.7313, 0.38654, -5.43972, 0.0558181
9.44683, -36.5486, 0.394933, -5.28736, 0.054344
9.5992, -37.3426, 0.403101, -5.135, 0.0528702
9.75157, -38.1134, 0.411044, -4.98264, 0.0513968
9.90394, -38.861, 0.418763, -4.83028, 0.0499238
10.0563, -39.5854, 0.426258, -4.67792, 0.048451
10.2087, -40.2865, 0.433528, -4.52556, 0.0469784
10.361, -40.9645, 0.440574, -4.3732, 0.045506
10.5134, -41.6192, 0.447395, -4.22084, 0.0440338
10.6658, -42.2507, 0.453992, -4.06847, 0.0425618
10.8181, -42.859, 0.460365, -3.91611, 0.0410899
10.9705, -43.4441, 0.466514, -3.76375, 0.0396181
11.1229, -44.0059, 0.472438, -3.61139, 0.0381464
11.2753, -44.5446, 0.478139, -3.45903, 0.0366749
11.4276, -45.06, 0.483615, -3.30667, 0.0352035
11.58, -45.5523, 0.488866, -3.15431, 0.0337321
11.7324, -46.0213, 0.493894, -3.00195, 0.0322609
11.8847, -46.4671, 0.498698, -2.84959, 0.0307898
12.0371, -46.8896, 0.503277, -2.69722, 0.0293187
12.1895, -47.289, 0.507632, -2.54486, 0.0278476
12.3418, -47.6652, 0.511763, -2.3925, 0.0263767
12.4942, -48.0181, 0.51567, -2.24014, 0.0249058
12.6466, -48.3478, 0.519353, -2.08778, 0.0234349
12.7989, -48.6543, 0.522811, -1.93542, 0.0219642
12.9513, -48.9376, 0.526046, -1.78306, 0.0204934
13.1037, -49.1977, 0.529057, -1.6307, 0.0190227
13.256, -49.4345, 0.531843, -1.47833, 0.0175521
13.4084, -49.6482, 0.534405, -1.32597, 0.0160815
13.5608, -49.8386, 0.536744, -1.17361, 0.0146109
13.7131, -50.0058, 0.538858, -1.02125, 0.0131404
13.8655, -50.1498, 0.540748, -0.86889, 0.0116699
14.0179, -50.2706, 0.542414, -0.716528, 0.0101995
14.1703, -50.3682, 0.543856, -0.564168, 0.00872905
14.3226, -50.4425, 0.545074, -0.411806, 0.00725866
14.475, -50.4937, 0.546068, -0.259445, 0.00578831
14.6274, -50.5216, 0.546838, -0.107085, 0.00431799
14.7797, -50.5263, 0.547384, 0.0452757, 0.0028477
14.9321, -50.5078, 0.547706, 0.197637, 0.00137743
15.0845, -50.4661, 0.547804, 0.35, -9.28311e-05
15.2226, -50.4082, 0.548595, 0.48809, 0.00130767
15.3607, -50.3313, 0.548874, 0.626179, 0.00261534
15.4987, -50.2353, 0.549334, 0.764269, 0.00392301
15.6368, -50.1202, 0.549974, 0.902359, 0.00523069
15.7749, -49.986, 0.550794, 1.04045, 0.00653836
15.913, -49.8328, 0.551795, 1.17854, 0.00784603
16.0511, -49.6605, 0.552977, 1.31663, 0.00915371
16.1892, -49.4692, 0.55434, 1.45472, 0.0104614
16.3273, -49.2588, 0.555882, 1.59281, 0.011769
16.4654, -49.0293, 0.557606, 1.7309, 0.0130767
16.6035, -48.7807, 0.55951, 1.86899, 0.0143844
16.7416, -48.5131, 0.561595, 2.00708, 0.0156921
16.8797, -48.2264, 0.56386, 2.14517, 0.0169997
17.0178, -47.9206, 0.566306, 2.28326, 0.0183074
17.1559, -47.5957, 0.568932, 2.42135, 0.0196151
17.294, -47.2518, 0.571739, 2.55944, 0.0209228
17.4321, -46.8888, 0.574727, 2.69753, 0.0222304
17.5702, -46.5068, 0.577895, 2.83561, 0.0235381
17.7083, -46.1057, 0.581244, 2.9737, 0.0248458
17.8464, -45.6855, 0.584773, 3.11179, 0.0261534
17.9845, -45.2462, 0.588483, 3.24988, 0.0274611
18.1226, -44.7879, 0.592374, 3.38797, 0.0287688
18.2607, -44.3105, 0.596445, 3.52606, 0.0300765
18.3988, -43.814, 0.600697, 3.66415, 0.0313841
18.5369, -43.2985, 0.605129, 3.80224, 0.0326918
18.675, -42.7639, 0.609742, 3.94033, 0.0339995
18.813, -42.2102, 0.614535, 4.07842, 0.0353071
18.9511, -41.6374, 0.619509, 4.21651, 0.0366148
19.0892, -41.0456, 0.624664, 4.3546, 0.0379225
19.2273, -40.4347, 0.629999, 4.49269, 0.0392302
19.3654, -39.8048, 0.635515, 4.63078, 0.0405378
19.5035, -39.1558, 0.641211, 4.76887, 0.0418455
19.6416, -38.4877, 0.647088, 4.90696, 0.0431532
19.7797, -37.8005, 0.653146, 5.04505, 0.0444609
19.9178, -37.0943, 0.659384, 5.18314, 0.0457685
20.0559, -36.3689, 0.665803, 5.32123, 0.0470762
20.194, -35.6246, 0.672402, 5.45932, 0.0483839
20.3321, -34.8611, 0.679182, 5.59741, 0.0496915
20.4702, -34.0786, 0.686142, 5.7355, 0.0509992
20.6083, -33.277, 0.693283, 5.87359, 0.0523069
20.7464, -32.4564, 0.700605, 6.01168, 0.0536146
20.8845, -31.6167, 0.708107, 6.14977, 0.0549222
21.0226, -30.7579, 0.71579, 6.28786, 0.0562299
21.1607, -29.88, 0.723653, 6.42595, 0.0575376
21.2988, -28.9831, 0.731697, 6.56404, 0.0588452
21.4369, -28.0671, 0.739922, 6.70213, 0.060153
21.575, -27.132, 0.748327, 6.84022, 0.0614606
21.7131, -26.1779, 0.756913, 6.97831, 0.0627683
21.8512, -25.2046, 0.765679, 7.11644, 0.0640763
21.9893, -24.218, 0.774659, 7.10453, 0.0652276
22.1274, -23.2464, 0.783581, 6.96641, 0.06398
22.2654, -22.2939, 0.792328, 6.82832, 0.0627011
22.4035, -21.3605, 0.800898, 6.69022, 0.0614125
22.5416, -20.4461, 0.80929, 6.55213, 0.0601192
22.6797, -19.5509, 0.817502, 6.41404, 0.058823
22.8178, -18.6746, 0.825536, 6.27595, 0.0575249
22.9559, -17.8175, 0.83339, 6.13786, 0.0562255
23.094, -16.9794, 0.841065, 5.99977, 0.054925
23.2321, -16.1604, 0.84856, 5.86168, 0.0536237
23.3702, -15.3605, 0.855875, 5.72359, 0.0523218
23.5083, -14.5796, 0.863011, 5.5855, 0.0510193
23.6464, -13.8178, 0.869966, 5.44741, 0.0497164
23.7845, -13.0751, 0.876742, 5.30932, 0.0484132
23.9226, -12.3514, 0.883338, 5.17123, 0.0471096
24.0607, -11.6468, 0.889753, 5.03314, 0.0458058
24.1988, -10.9613, 0.895989, 4.89505, 0.0445017
24.3369, -10.2948, 0.902044, 4.75696, 0.0431975
24.475, -9.64746, 0.90792, 4.61888, 0.041893
24.6131, -9.01915, 0.913615, 4.48078, 0.0405883
24.7512, -8.40989, 0.91913, 4.34269, 0.0392836
24.8893, -7.81973, 0.924465, 4.20461, 0.0379786
25.0274, -7.24863, 0.929619, 4.06651, 0.0366736
25.1655, -6.69659, 0.934594, 3.92842, 0.0353684
25.3036, -6.16363, 0.939388, 3.79033, 0.0340631
25.4417, -5.64973, 0.944001, 3.65225, 0.0327578
25.5797, -5.15491, 0.948435, 3.51416, 0.0314523
25.7178, -4.67916, 0.952688, 3.37607, 0.0301468
25.8559, -4.22247, 0.956761, 3.23798, 0.0288412
25.994, -3.78485, 0.960654, 3.09989, 0.0275355
26.1321, -3.3663, 0.964366, 2.9618, 0.0262297
26.2702, -2.96682, 0.967898, 2.82371, 0.0249239
26.4083, -2.58642, 0.97125, 2.68562, 0.0236181
26.5464, -2.22507, 0.974422, 2.54753, 0.0223121
26.6845, -1.88281, 0.977413, 2.40944, 0.0210062
26.8226, -1.55961, 0.980223, 2.27135, 0.0197001
26.9607, -1.25549, 0.982854, 2.13326, 0.0183941
27.0988, -0.970421, 0.985304, 1.99517, 0.017088
27.2369, -0.704445, 0.987573, 1.85708, 0.0157818
27.375, -0.457512, 0.989662, 1.71899, 0.0144756
27.5131, -0.229668, 0.991571, 1.5809, 0.0131694
27.6512, -0.0208893, 0.9933, 1.44281, 0.0118631
27.7893, 0.168831, 0.994848, 1.30472, 0.0105568
27.9274, 0.339466, 0.996215, 1.16663, 0.00925048
28.0655, 0.491039, 0.997403, 1.02854, 0.00794412
28.2036, 0.623543, 0.99841, 0.890451, 0.00663774
28.3417, 0.736973, 0.999236, 0.752359, 0.0053313
28.4798, 0.831337, 0.999882, 0.61427, 0.00402486
28.6179, 0.906635, 1.00035, 0.476181, 0.00271839
28.756, 0.96286, 1.00063, 0.338092, 0.00141191
28.8941, 1.00001, 1.00074, 0.200002, 0.000105391
