4.14476, 0
0, 0, 0, 0.5, 0
0.0201968, 0.00851942, 0.00044429, 0.502173, 0.0200105
0.0403935, 0.0170834, 0.00129406, 0.504344, 0.0400184
0.0605903, 0.0256919, 0.00254919, 0.506515, 0.0600231
0.080787, 0.034345, 0.00420976, 0.508685, 0.0800247
0.100984, 0.0430427, 0.00627585, 0.510853, 0.100023
0.121181, 0.051785, 0.00874725, 0.513021, 0.120017
0.141377, 0.0605719, 0.0116241, 0.515187, 0.140008
0.161574, 0.0694035, 0.0149064, 0.517352, 0.159994
0.181771, 0.0782798, 0.0185941, 0.519515, 0.179976
0.201968, 0.0872008, 0.0226871, 0.521677, 0.199954
0.222164, 0.0961665, 0.0271856, 0.523837, 0.219925
0.242361, 0.105177, 0.0320894, 0.525995, 0.239892
0.262558, 0.114232, 0.0373986, 0.528151, 0.259852
0.282755, 0.123332, 0.0431131, 0.530305, 0.279806
0.302951, 0.132478, 0.049233, 0.532456, 0.299752
0.323148, 0.141668, 0.0557582, 0.534605, 0.31969
0.343345, 0.150903, 0.0626888, 0.536752, 0.339621
0.363542, 0.160183, 0.0700245, 0.538895, 0.359541
0.383738, 0.169508, 0.0777656, 0.541035, 0.379452
0.403935, 0.178878, 0.085912, 0.543171, 0.399351
0.424132, 0.188294, 0.0944636, 0.545303, 0.419237
0.444329, 0.197755, 0.10342, 0.54743, 0.43911
0.464525, 0.207262, 0.112782, 0.549553, 0.458967
0.484722, 0.216814, 0.122549, 0.55167, 0.478808
0.504919, 0.226412, 0.132721, 0.55378, 0.498629
0.525116, 0.236056, 0.143298, 0.555884, 0.518428
0.545313, 0.245747, 0.15428, 0.557979, 0.538202
0.565509, 0.255484, 0.165667, 0.560066, 0.557949
0.585706, 0.265268, 0.177459, 0.562142, 0.577663
0.605903, 0.275099, 0.189655, 0.564206, 0.597341
0.6261, 0.284977, 0.202256, 0.566256, 0.616976
0.646296, 0.294904, 0.215261, 0.56829, 0.636561
0.666493, 0.30488, 0.22867, 0.570305, 0.656088
0.68669, 0.314905, 0.242483, 0.572298, 0.675545
0.706887, 0.324981, 0.256699, 0.574264, 0.694919
0.727083, 0.335109, 0.271318, 0.576197, 0.714192
0.74728, 0.345291, 0.286339, 0.578091, 0.733341
0.767477, 0.355529, 0.301762, 0.579935, 0.752337
0.787674, 0.365825, 0.317585, 0.581717, 0.771138
0.80787, 0.376185, 0.333806, 0.583421, 0.789692
0.828067, 0.386613, 0.350423, 0.585021, 0.80792
0.848264, 0.397117, 0.367431, 0.586485, 0.825715
0.868461, 0.407709, 0.384826, 0.587764, 0.84292
0.888657, 0.418403, 0.402596, 0.588787, 0.859301
0.908854, 0.429223, 0.420727, 0.589449, 0.874506
0.929051, 0.440202, 0.43919, 0.589595, 0.888012
0.949248, 0.451384, 0.45794, 0.589011, 0.899063
0.969445, 0.462816, 0.476898, 0.587439, 0.906694
0.989641, 0.474528, 0.49595, 0.584655, 0.909955
1.00984, 0.486498, 0.514959, 0.580611, 0.908374
1.03003, 0.498648, 0.533795, 0.575499, 0.902264
1.05023, 0.510872, 0.552365, 0.569653, 0.892506
1.07043, 0.523078, 0.570616, 0.563394, 0.880083
1.09063, 0.535203, 0.588518, 0.556956, 0.865796
1.11082, 0.54721, 0.606057, 0.550486, 0.850209
1.13102, 0.55908, 0.623224, 0.54407, 0.833706
1.15122, 0.570802, 0.640016, 0.537755, 0.816542
1.17141, 0.582374, 0.656428, 0.531565, 0.798892
1.19161, 0.593796, 0.672458, 0.52551, 0.780871
1.21181, 0.60507, 0.688103, 0.519593, 0.762565
1.232, 0.616199, 0.703363, 0.513811, 0.744034
1.2522, 0.627187, 0.718236, 0.50816, 0.725324
1.2724, 0.638037, 0.732721, 0.502634, 0.706466
1.29259, 0.648754, 0.746816, 0.497227, 0.687486
1.31279, 0.65934, 0.760521, 0.491932, 0.668406
1.33299, 0.669799, 0.773835, 0.486745, 0.649239
1.35318, 0.680135, 0.786756, 0.481657, 0.629998
1.37338, 0.690351, 0.799286, 0.476664, 0.610694
1.39358, 0.700448, 0.811421, 0.471761, 0.591334
1.41377, 0.710432, 0.823163, 0.466941, 0.571927
1.43397, 0.720303, 0.83451, 0.462202, 0.552476
1.45417, 0.730065, 0.845462, 0.457537, 0.532987
1.47436, 0.739719, 0.856019, 0.452943, 0.513465
1.49456, 0.749268, 0.86618, 0.448417, 0.493912
1.51476, 0.758714, 0.875945, 0.443955, 0.474332
1.53495, 0.768058, 0.885313, 0.439553, 0.454727
1.55515, 0.777303, 0.894284, 0.435209, 0.435099
1.57535, 0.786451, 0.902858, 0.430919, 0.415451
1.59554, 0.795502, 0.911034, 0.426682, 0.395784
1.61574, 0.804458, 0.918812, 0.422494, 0.3761
1.63594, 0.813321, 0.926193, 0.418353, 0.356399
1.65613, 0.822092, 0.933175, 0.414258, 0.336684
1.67633, 0.830773, 0.939758, 0.410206, 0.316955
1.69653, 0.839364, 0.945943, 0.406195, 0.297213
1.71672, 0.847867, 0.951728, 0.402223, 0.27746
1.73692, 0.856282, 0.957115, 0.39829, 0.257696
1.75712, 0.864612, 0.962101, 0.394393, 0.23792
1.77731, 0.872857, 0.966689, 0.39053, 0.218136
1.79751, 0.881017, 0.970877, 0.386701, 0.198342
1.81771, 0.889094, 0.974664, 0.382905, 0.178539
1.83791, 0.897089, 0.978052, 0.379139, 0.158729
1.8581, 0.905003, 0.98104, 0.375403, 0.138911
1.8783, 0.912835, 0.983627, 0.371696, 0.119085
1.8985, 0.920588, 0.985814, 0.368016, 0.0992527
1.91869, 0.928262, 0.9876, 0.364363, 0.0794141
1.93889, 0.935857, 0.988985, 0.360736, 0.059569
1.95909, 0.943375, 0.98997, 0.357133, 0.0397182
1.97928, 0.950815, 0.990554, 0.353555, 0.0198617
1.99948, 0.958179, 0.990737, 0.35, 4.28408e-08
2.02093, 0.965574, 0.990937, 0.339479, 0.018696
2.04238, 0.972735, 0.991534, 0.328963, 0.0373943
2.06384, 0.979676, 0.992535, 0.318436, 0.0560865
2.08529, 0.986413, 0.993949, 0.307884, 0.074765
2.10674, 0.992898, 0.995749, 0.297352, 0.0934544
2.1282, 0.999161, 0.997953, 0.28681, 0.112139
2.14965, 1.0052, 1.00056, 0.27626, 0.130818
2.1711, 1.01102, 1.00357, 0.265702, 0.149493
2.19255, 1.01661, 1.00698, 0.255137, 0.168164
2.21401, 1.02196, 1.01078, 0.244577, 0.186838
2.23546, 1.0271, 1.01499, 0.233999, 0.205501
2.25691, 1.032, 1.0196, 0.223427, 0.224168
2.27837, 1.03668, 1.02461, 0.212838, 0.242825
2.29982, 1.04114, 1.03002, 0.202233, 0.261474
2.32127, 1.04535, 1.03582, 0.191648, 0.280133
2.34272, 1.04935, 1.04204, 0.181025, 0.298771
2.36418, 1.05312, 1.04864, 0.170412, 0.317415
2.38563, 1.05667, 1.05566, 0.159766, 0.33604
2.40708, 1.05998, 1.06306, 0.14914, 0.354676
2.42854, 1.06307, 1.07087, 0.138485, 0.373296
2.44999, 1.06592, 1.07908, 0.127822, 0.391911
2.47144, 1.06854, 1.08768, 0.117161, 0.410527
2.49289, 1.07094, 1.09669, 0.106476, 0.429129
2.51435, 1.07311, 1.1061, 0.0957783, 0.447725
2.5358, 1.07505, 1.1159, 0.0850617, 0.466309
2.55725, 1.07677, 1.12611, 0.0743286, 0.484884
2.5787, 1.07825, 1.13671, 0.0635815, 0.503451
2.60016, 1.07949, 1.14771, 0.0528226, 0.52201
2.62161, 1.08051, 1.1591, 0.0420332, 0.540553
2.64306, 1.0813, 1.1709, 0.0312246, 0.559084
2.66452, 1.08185, 1.18309, 0.0203939, 0.577602
2.68597, 1.08217, 1.19568, 0.00955135, 0.596113
2.70742, 1.08226, 1.20867, -0.00134614, 0.614592
2.72887, 1.08211, 1.22205, -0.0122562, 0.633063
2.75033, 1.08173, 1.23583, -0.0232059, 0.651511
2.77178, 1.08112, 1.25, -0.0341963, 0.669935
2.79323, 1.08027, 1.26457, -0.0452358, 0.688329
2.81469, 1.07918, 1.27954, -0.0563167, 0.706698
2.83614, 1.07785, 1.29489, -0.0674698, 0.725024
2.85759, 1.07628, 1.31064, -0.0786828, 0.743313
2.87904, 1.07447, 1.32679, -0.0899755, 0.761553
2.9005, 1.07242, 1.34332, -0.10136, 0.779736
2.92195, 1.07012, 1.36024, -0.112869, 0.79784
2.9434, 1.06758, 1.37755, -0.124519, 0.815854
2.96486, 1.06478, 1.39524, -0.136358, 0.833745
2.98631, 1.06172, 1.41332, -0.148428, 0.85148
3.00776, 1.05841, 1.43178, -0.160833, 0.868981
3.02921, 1.05482, 1.4506, -0.173707, 0.88614
3.05067, 1.05095, 1.46979, -0.187338, 0.902702
3.07212, 1.04677, 1.48933, -0.202313, 0.918045
3.09357, 1.04225, 1.50916, -0.220166, 0.929724
3.11503, 1.03731, 1.5291, -0.239248, 0.924796
3.13648, 1.03211, 1.54872, -0.242796, 0.904001
3.15793, 1.02694, 1.56789, -0.239045, 0.882903
3.17938, 1.02187, 1.58661, -0.232923, 0.862347
3.20084, 1.01695, 1.60489, -0.22568, 0.842155
3.22229, 1.01219, 1.62274, -0.217788, 0.822207
3.24374, 1.00761, 1.64017, -0.209474, 0.802432
3.26519, 1.00321, 1.65717, -0.200862, 0.782783
3.28665, 0.998994, 1.67375, -0.192031, 0.763232
3.3081, 0.994971, 1.68992, -0.183031, 0.743758
3.32955, 0.991142, 1.70566, -0.173896, 0.724347
3.35101, 0.987511, 1.721, -0.164653, 0.704988
3.37246, 0.984078, 1.73591, -0.155318, 0.685673
3.39391, 0.980847, 1.75042, -0.145908, 0.666394
3.41536, 0.977818, 1.7645, -0.136432, 0.647147
3.43682, 0.974994, 1.77818, -0.1269, 0.627929
3.45827, 0.972374, 1.79145, -0.117319, 0.608734
3.47972, 0.969961, 1.8043, -0.107695, 0.589561
3.50118, 0.967754, 1.81674, -0.0980323, 0.570408
3.52263, 0.965755, 1.82877, -0.0883354, 0.551271
3.54408, 0.963964, 1.8404, -0.0786081, 0.532151
3.56553, 0.962382, 1.85161, -0.0688529, 0.513044
3.58699, 0.96101, 1.86241, -0.0590725, 0.49395
3.60844, 0.959848, 1.8728, -0.0492693, 0.474869
3.62989, 0.958896, 1.88278, -0.0394449, 0.455798
3.65135, 0.958155, 1.89236, -0.0296012, 0.436737
3.6728, 0.957626, 1.90152, -0.0197397, 0.417685
3.69425, 0.957309, 1.91028, -0.00986174, 0.398641
3.7157, 0.957203, 1.91862, 3.15011e-05, 0.379606
3.73716, 0.95731, 1.92656, 0.0099391, 0.360578
3.75861, 0.95763, 1.9341, 0.0198598, 0.341557
3.78006, 0.958162, 1.94122, 0.0297931, 0.322542
3.80151, 0.958908, 1.94793, 0.0397378, 0.303534
3.82297, 0.959867, 1.95424, 0.0496936, 0.284531
3.84442, 0.96104, 1.96014, 0.0596594, 0.265534
3.86587, 0.962427, 1.96564, 0.069635, 0.246541
3.88733, 0.964028, 1.97072, 0.0796198, 0.227554
3.90878, 0.965843, 1.9754, 0.0896132, 0.208571
3.93023, 0.967873, 1.97967, 0.0996147, 0.189592
3.95168, 0.970117, 1.98353, 0.109624, 0.170617
3.97314, 0.972577, 1.98699, 0.119641, 0.151646
3.99459, 0.975251, 1.99004, 0.129664, 0.132679
4.01604, 0.97814, 1.99268, 0.139694, 0.113716
4.0375, 0.981244, 1.99492, 0.149731, 0.0947559
4.05895, 0.984564, 1.99675, 0.159774, 0.0757986
4.0804, 0.9881, 1.99817, 0.169822, 0.0568445
4.10185, 0.991851, 1.99919, 0.179876, 0.0378938
4.12331, 0.995817, 1.9998, 0.189936, 0.0189457
4.14476, 1, 2, 0.2, 3.27826e-07
