37.9512, 0
0, 0, 0, 0.5, 0
0.198263, 0.0794794, 0.000105315, 0.30174, 0.00112902
0.396526, 0.119661, 0.00325065, 0.103478, 0.00196136
0.59479, 0.120512, 0.000987489, -0.09478, 0.00338705
0.793053, 0.0820627, 0.00176437, -0.29304, 0.00451607
0.991316, 0.00431189, 0.00276505, -0.4913, 0.00564509
1.18958, -0.112746, 0.00398957, -0.68956, 0.0067741
1.38784, -0.269116, 0.00543796, -0.88782, 0.00790312
1.58611, -0.464795, 0.0071102, -1.08608, 0.00903214
1.78437, -0.69978, 0.00900627, -1.28434, 0.0101612
1.98263, -0.974065, 0.0111261, -1.4826, 0.0112902
2.1809, -1.28766, 0.0157567, -1.68086, 0.0121225
2.37916, -1.64058, 0.0160375, -1.87912, 0.0135482
2.57742, -2.03279, 0.0188289, -2.07738, 0.0146772
2.77569, -2.46431, 0.0218442, -2.27564, 0.0158062
2.97395, -2.93514, 0.0250833, -2.4739, 0.0169353
3.17221, -3.44528, 0.0285463, -2.67216, 0.0180643
3.37047, -3.99472, 0.0322331, -2.87042, 0.0191933
3.56874, -4.58346, 0.0380188, -3.06868, 0.0200256
3.767, -5.21153, 0.0402782, -3.26694, 0.0214513
3.96526, -5.87889, 0.046394, -3.4652, 0.0222837
4.16353, -6.58558, 0.0492187, -3.66346, 0.0237094
4.36179, -7.33155, 0.0556646, -3.86172, 0.0245417
4.56005, -8.11684, 0.0606356, -4.05998, 0.0256707
4.75832, -8.94145, 0.0643083, -4.25824, 0.0270964
4.95658, -9.80536, 0.0697859, -4.4565, 0.0282254
5.15484, -10.7086, 0.0754873, -4.65476, 0.0293544
5.35311, -11.6511, 0.0814125, -4.85302, 0.0304835
5.55137, -12.6329, 0.0875616, -5.05128, 0.0316125
5.74963, -13.6541, 0.0939345, -5.24954, 0.0327415
5.9479, -14.7145, 0.1017, -5.4478, 0.0335738
6.14616, -15.8143, 0.108549, -5.64606, 0.0346798
6.34442, -16.9533, 0.115448, -5.84432, 0.0358319
6.54269, -18.1317, 0.121665, -6.04258, 0.0372576
6.74095, -19.3494, 0.130091, -6.24084, 0.0380899
6.93921, -20.6063, 0.137748, -6.4391, 0.0392189
7.13748, -21.9026, 0.144812, -6.63736, 0.0406446
7.33574, -23.2382, 0.152976, -6.83562, 0.0417736
7.534, -24.6131, 0.161364, -7.03388, 0.0429027
7.73227, -26.0273, 0.170615, -7.23214, 0.043735
7.93053, -27.4809, 0.179463, -7.4304, 0.0448275
8.12879, -28.9737, 0.187869, -7.62866, 0.0462897
8.32705, -30.5058, 0.197152, -7.82692, 0.0474187
8.52532, -32.0773, 0.206659, -8.02518, 0.0485477
8.72358, -33.688, 0.216762, -8.22344, 0.049357
8.92185, -35.3381, 0.226344, -8.42171, 0.0508058
9.12011, -37.0275, 0.236814, -8.61996, 0.0515554
9.31837, -38.7561, 0.246924, -8.81823, 0.0530638
9.51663, -40.5241, 0.25755, -9.0165, 0.0541929
9.7149, -42.3314, 0.2684, -9.21475, 0.0553219
9.91316, -44.1774, 0.279455, -9.36475, 0.0555045
10.1114, -46.0145, 0.290338, -9.16647, 0.0543014
10.3097, -47.8122, 0.30099, -8.96823, 0.0531513
10.508, -49.5706, 0.311415, -8.76996, 0.0520094
10.7062, -51.2897, 0.321613, -8.5717, 0.0508712
10.9045, -52.9695, 0.331586, -8.37344, 0.0497349
11.1027, -54.61, 0.341335, -8.17518, 0.0485999
11.301, -56.2112, 0.350858, -7.97692, 0.0474659
11.4993, -57.7731, 0.360156, -7.77866, 0.0463325
11.6975, -59.2956, 0.36923, -7.5804, 0.0451996
11.8958, -60.7789, 0.378079, -7.38214, 0.0440671
12.0941, -62.2228, 0.386704, -7.18388, 0.042935
12.2923, -63.6275, 0.395104, -6.98562, 0.0418031
12.4906, -64.9928, 0.40328, -6.78736, 0.0406715
12.6888, -66.3188, 0.411231, -6.5891, 0.03954
12.8871, -67.6056, 0.418958, -6.39084, 0.0384087
13.0854, -68.853, 0.426461, -6.19258, 0.0372776
13.2836, -70.0611, 0.43374, -5.99432, 0.0361465
13.4819, -71.2299, 0.440794, -5.79606, 0.0350156
13.6802, -72.3594, 0.447624, -5.5978, 0.0338848
13.8784, -73.4496, 0.45423, -5.39954, 0.0327541
14.0767, -74.5004, 0.460612, -5.20128, 0.0316235
14.275, -75.512, 0.46677, -5.00302, 0.0304929
14.4732, -76.4843, 0.472704, -4.80476, 0.0293624
14.6715, -77.4172, 0.478413, -4.6065, 0.028232
14.8697, -78.3109, 0.483898, -4.40824, 0.0271016
15.068, -79.1652, 0.48916, -4.20998, 0.0259713
15.2663, -79.9802, 0.494197, -4.01172, 0.0248411
15.4645, -80.756, 0.49901, -3.81346, 0.0237108
15.6628, -81.4924, 0.503599, -3.6152, 0.0225807
15.8611, -82.1895, 0.507963, -3.41694, 0.0214505
16.0593, -82.8473, 0.512104, -3.21868, 0.0203204
16.2576, -83.4658, 0.516021, -3.02042, 0.0191904
16.4558, -84.045, 0.519714, -2.82216, 0.0180603
16.6541, -84.5848, 0.523182, -2.6239, 0.0169303
16.8524, -85.0854, 0.526427, -2.42564, 0.0158003
17.0506, -85.5467, 0.529448, -2.22738, 0.0146704
17.2489, -85.9686, 0.532244, -2.02912, 0.0135405
17.4472, -86.3513, 0.534817, -1.83086, 0.0124105
17.6454, -86.6946, 0.537166, -1.6326, 0.0112807
17.8437, -86.9986, 0.53929, -1.43434, 0.0101508
18.042, -87.2634, 0.541191, -1.23608, 0.00902096
18.2402, -87.4888, 0.542867, -1.03782, 0.00789115
18.4385, -87.6749, 0.54432, -0.83956, 0.00676135
18.6367, -87.8217, 0.545548, -0.641302, 0.00563159
18.835, -87.9292, 0.546553, -0.443039, 0.00450181
19.0333, -87.9974, 0.547333, -0.244782, 0.00337208
19.2315, -88.0262, 0.54789, -0.0465198, 0.00224233
19.4298, -88.0158, 0.548222, 0.151738, 0.00111263
19.6281, -87.966, 0.548331, 0.35, -1.70837e-05
19.8113, -87.8852, 0.548593, 0.533229, 0.000985593
19.9945, -87.7707, 0.548869, 0.716457, 0.00197118
20.1778, -87.6226, 0.549326, 0.899686, 0.00295678
20.361, -87.441, 0.549964, 1.08291, 0.00394237
20.5442, -87.2258, 0.550782, 1.26614, 0.00492796
20.7274, -86.977, 0.551781, 1.44937, 0.00591355
20.9107, -86.6946, 0.55296, 1.6326, 0.00689915
21.0939, -86.3787, 0.55432, 1.81583, 0.00788474
21.2771, -86.0292, 0.555861, 1.99906, 0.00887033
21.4604, -85.6461, 0.557582, 2.18228, 0.00985592
21.6436, -85.2295, 0.559484, 2.36551, 0.0108415
21.8268, -84.7792, 0.561566, 2.54874, 0.0118271
22.0101, -84.2954, 0.563829, 2.73197, 0.0128127
22.1933, -83.7781, 0.566273, 2.9152, 0.0137983
22.3765, -83.2271, 0.568897, 3.09843, 0.0147839
22.5598, -82.6426, 0.571702, 3.28166, 0.0157695
22.743, -82.0245, 0.574687, 3.46488, 0.0167551
22.9262, -81.3729, 0.577853, 3.64811, 0.0177407
23.1094, -80.6876, 0.581199, 3.83134, 0.0187262
23.2927, -79.9688, 0.584726, 4.01457, 0.0197118
23.4759, -79.2164, 0.588434, 4.1978, 0.0206974
23.6591, -78.4305, 0.592322, 4.38103, 0.021683
23.8424, -77.611, 0.596391, 4.56425, 0.0226686
24.0256, -76.7579, 0.60064, 4.74748, 0.0236542
24.2088, -75.8712, 0.605071, 4.93071, 0.0246398
24.3921, -74.951, 0.609681, 5.11394, 0.0256254
24.5753, -73.9971, 0.614472, 5.29717, 0.026611
24.7585, -73.0097, 0.619444, 5.4804, 0.0275966
24.9418, -71.9888, 0.624597, 5.66363, 0.0285822
25.125, -70.9342, 0.62993, 5.84685, 0.0295678
25.3082, -69.8461, 0.635443, 6.03008, 0.0305534
25.4915, -68.7244, 0.641137, 6.21331, 0.031539
25.6747, -67.5692, 0.647012, 6.39654, 0.0325245
25.8579, -66.3804, 0.653067, 6.57977, 0.0335101
26.0411, -65.158, 0.659303, 6.763, 0.0344957
26.2244, -63.902, 0.66572, 6.94623, 0.0354813
26.4076, -62.6124, 0.672317, 7.12945, 0.0364669
26.5908, -61.2893, 0.679095, 7.31268, 0.0374525
26.7741, -59.9326, 0.686053, 7.49591, 0.0384381
26.9573, -58.5423, 0.693192, 7.67914, 0.0394237
27.1405, -57.1185, 0.700511, 7.86237, 0.0404093
27.3238, -55.6611, 0.708012, 8.0456, 0.0413949
27.507, -54.1701, 0.715692, 8.22883, 0.0423805
27.6902, -52.6455, 0.723553, 8.41206, 0.0433661
27.8735, -51.0874, 0.731595, 8.59529, 0.0443517
28.0567, -49.4957, 0.739818, 8.77852, 0.0453373
28.2399, -47.8704, 0.748221, 8.96175, 0.0463229
28.4232, -46.2115, 0.756804, 9.14499, 0.0473085
28.6064, -44.5191, 0.765569, 9.32828, 0.0482945
28.7896, -42.7987, 0.774555, 9.36151, 0.0494851
28.9728, -41.1002, 0.783535, 9.17822, 0.0485366
29.1561, -39.4353, 0.79234, 8.995, 0.0475673
29.3393, -37.8039, 0.800967, 8.81175, 0.0465922
29.5225, -36.2061, 0.809414, 8.62852, 0.0456144
29.7058, -34.6419, 0.817683, 8.44528, 0.0446349
29.889, -33.1112, 0.825771, 8.26206, 0.0436545
30.0722, -31.6141, 0.83368, 8.07883, 0.0426733
30.2555, -30.1506, 0.841409, 7.8956, 0.0416915
30.4387, -28.7207, 0.848959, 7.71237, 0.0407093
30.6219, -27.3244, 0.856328, 7.52914, 0.0397268
30.8052, -25.9616, 0.863517, 7.34591, 0.038744
30.9884, -24.6324, 0.870526, 7.16268, 0.0377609
31.1716, -23.3367, 0.877355, 6.97945, 0.0367777
31.3548, -22.0747, 0.884004, 6.79623, 0.0357943
31.5381, -20.8462, 0.890472, 6.613, 0.0348107
31.7213, -19.6513, 0.89676, 6.42977, 0.033827
31.9045, -18.4899, 0.902868, 6.24654, 0.0328432
32.0878, -17.3621, 0.908796, 6.06331, 0.0318593
32.271, -16.2679, 0.914544, 5.88008, 0.0308753
32.4542, -15.2073, 0.920111, 5.69685, 0.0298913
32.6375, -14.1803, 0.925498, 5.51362, 0.0289071
32.8207, -13.1868, 0.930704, 5.3304, 0.0279229
33.0039, -12.2269, 0.93573, 5.14717, 0.0269387
33.1872, -11.3005, 0.940576, 4.96394, 0.0259543
33.3704, -10.4078, 0.945242, 4.78071, 0.0249699
33.5536, -9.54858, 0.949727, 4.59748, 0.0239855
33.7369, -8.72295, 0.954031, 4.41426, 0.0230011
33.9201, -7.93093, 0.958156, 4.23103, 0.0220166
34.1033, -7.17245, 0.9621, 4.0478, 0.021032
34.2865, -6.44756, 0.965863, 3.86457, 0.0200474
34.4698, -5.75624, 0.969446, 3.68134, 0.0190628
34.653, -5.09849, 0.972849, 3.49811, 0.0180782
34.8362, -4.47431, 0.976071, 3.31488, 0.0170935
35.0195, -3.8837, 0.979113, 3.13166, 0.0161088
35.2027, -3.32667, 0.981974, 2.94843, 0.0151241
35.3859, -2.80321, 0.984655, 2.7652, 0.0141393
35.5692, -2.31334, 0.987156, 2.58197, 0.0131546
35.7524, -1.85703, 0.989476, 2.39874, 0.0121698
35.9356, -1.4343, 0.991616, 2.21551, 0.011185
36.1189, -1.04511, 0.993575, 2.03229, 0.0102001
36.3021, -0.689522, 0.995354, 1.84906, 0.00921529
36.4853, -0.367516, 0.996952, 1.66583, 0.00823041
36.6685, -0.0790634, 0.99837, 1.4826, 0.00724553
36.8518, 0.175804, 0.999607, 1.29937, 0.00626062
37.035, 0.397095, 1.00066, 1.11614, 0.0052757
37.2182, 0.584824, 1.00154, 0.932912, 0.00429077
37.4015, 0.738968, 1.00224, 0.749686, 0.00330584
37.5847, 0.859566, 1.00275, 0.566458, 0.00232087
37.7679, 0.946556, 1.00309, 0.383228, 0.00133589
37.9512, 0.999992, 1.00324, 0.199999, 0.000350911
