33.1879, 0
0, 0, 0, 0.5, 0
0.174137, 0.0719093, 0.00010426, 0.325868, 0.00128542
0.348274, 0.113489, 0.000432409, 0.151736, 0.00257084
0.522411, 0.124751, 0.000984361, -0.0223963, 0.00385626
0.696548, 0.105689, 0.00176016, -0.196528, 0.00514168
0.870684, 0.0562809, -0.000301591, -0.370658, 0.00681839
1.04482, -0.0233985, 0.00421593, -0.544793, 0.00768211
1.21896, -0.133433, 0.00543059, -0.718925, 0.00899795
1.3931, -0.273785, 0.00710173, -0.893057, 0.0102834
1.56723, -0.444477, 0.00620785, -1.06719, 0.0119601
1.74137, -0.645457, 0.0111155, -1.24132, 0.0128542
1.91551, -0.876797, 0.0108056, -1.41545, 0.0145309
2.08964, -1.13844, 0.0134403, -1.58958, 0.0158163
2.26378, -1.43039, 0.0188151, -1.76372, 0.0167105
2.43792, -1.75268, 0.0218293, -1.93785, 0.0179959
2.61205, -2.10529, 0.0250673, -2.11198, 0.0192813
2.78619, -2.48823, 0.0287089, -2.28611, 0.0205363
2.96033, -2.90149, 0.0323893, -2.46025, 0.0218217
3.13446, -3.34507, 0.0361244, -2.63438, 0.0231376
3.3086, -3.81899, 0.0381503, -2.80851, 0.0248143
3.48274, -4.32321, 0.0425757, -2.98264, 0.0260997
3.65687, -4.85775, 0.0491961, -3.15677, 0.0269938
3.83101, -5.42264, 0.0520979, -3.3309, 0.0286706
4.00515, -6.01782, 0.0591724, -3.50504, 0.0295343
4.17929, -6.64333, 0.0644197, -3.67917, 0.0308197
4.35342, -7.29917, 0.0697587, -3.8533, 0.0321355
4.52756, -7.98534, 0.0755857, -4.02743, 0.0333905
4.7017, -8.70184, 0.0798207, -4.20156, 0.0350977
4.87583, -9.44864, 0.0876472, -4.3757, 0.0359614
5.04997, -10.2258, 0.0940137, -4.54983, 0.0372468
5.22411, -11.0332, 0.0991404, -4.72396, 0.0389539
5.39824, -11.871, 0.107418, -4.8981, 0.0398176
5.57238, -12.7391, 0.114456, -5.07223, 0.0411031
5.74652, -13.6375, 0.121808, -5.24636, 0.0423581
5.92065, -14.5663, 0.128034, -5.42049, 0.0440956
6.09479, -15.5253, 0.136959, -5.59462, 0.0449415
6.26893, -16.5147, 0.144847, -5.76876, 0.0462447
6.44306, -17.5344, 0.153044, -5.94289, 0.0475124
6.6172, -18.5845, 0.161468, -6.11702, 0.0487754
6.79134, -19.6648, 0.169187, -6.29115, 0.0505227
6.96548, -20.7755, 0.178849, -6.46528, 0.0513686
7.13961, -21.9165, 0.187918, -6.63942, 0.0526414
7.31375, -23.0879, 0.197231, -6.81355, 0.0538964
7.48789, -24.2895, 0.206706, -6.98768, 0.0551945
7.66202, -25.5215, 0.215936, -7.16181, 0.0569498
7.83616, -26.7838, 0.226372, -7.33594, 0.0577527
8.0103, -28.0764, 0.236542, -7.51007, 0.0590241
8.18443, -29.3993, 0.246925, -7.68421, 0.0603095
8.35857, -30.7526, 0.25754, -7.85833, 0.0615709
8.53271, -32.1362, 0.26837, -8.03246, 0.0628308
8.70684, -33.55, 0.279411, -8.18255, 0.0636268
8.88098, -34.9597, 0.290364, -8.00831, 0.0622204
9.05512, -36.3391, 0.301085, -7.83419, 0.0609061
9.22925, -37.6881, 0.311577, -7.66006, 0.0596034
9.40339, -39.0069, 0.321843, -7.48594, 0.0583057
9.57753, -40.2953, 0.331884, -7.3118, 0.0570106
9.75167, -41.5534, 0.341699, -7.13767, 0.0557172
9.9258, -42.7811, 0.351288, -6.96354, 0.0544252
10.0999, -43.9786, 0.360654, -6.78941, 0.053134
10.2741, -45.1457, 0.369794, -6.61528, 0.0518434
10.4482, -46.2825, 0.378709, -6.44115, 0.0505534
10.6223, -47.389, 0.3874, -6.26701, 0.0492638
10.7965, -48.4652, 0.395866, -6.09288, 0.0479746
10.9706, -49.511, 0.404108, -5.91875, 0.0466857
11.1448, -50.5265, 0.412126, -5.74462, 0.045397
11.3189, -51.5117, 0.419919, -5.57049, 0.0441086
11.493, -52.4666, 0.427488, -5.39635, 0.0428203
11.6672, -53.3911, 0.434832, -5.22223, 0.0415323
11.8413, -54.2853, 0.441953, -5.04809, 0.0402444
12.0154, -55.1492, 0.448848, -4.87396, 0.0389566
12.1896, -55.9828, 0.45552, -4.69983, 0.0376689
12.3637, -56.7861, 0.461967, -4.5257, 0.0363814
12.5379, -57.559, 0.468191, -4.35156, 0.0350939
12.712, -58.3016, 0.47419, -4.17743, 0.0338065
12.8861, -59.0139, 0.479965, -4.0033, 0.0325192
13.0603, -59.6958, 0.485515, -3.82917, 0.031232
13.2344, -60.3475, 0.490842, -3.65503, 0.0299449
13.4085, -60.9688, 0.495944, -3.4809, 0.0286578
13.5827, -61.5598, 0.500823, -3.30677, 0.0273708
13.7568, -62.1204, 0.505477, -3.13264, 0.0260839
13.931, -62.6508, 0.509907, -2.95851, 0.024797
14.1051, -63.1508, 0.514113, -2.78437, 0.0235101
14.2792, -63.6205, 0.518095, -2.61024, 0.0222233
14.4534, -64.0599, 0.521853, -2.43611, 0.0209365
14.6275, -64.4689, 0.525387, -2.26198, 0.0196498
14.8016, -64.8477, 0.528696, -2.08784, 0.0183631
14.9758, -65.1961, 0.531782, -1.91371, 0.0170765
15.1499, -65.5142, 0.534644, -1.73958, 0.0157898
15.324, -65.802, 0.537281, -1.56545, 0.0145032
15.4982, -66.0594, 0.539695, -1.39132, 0.0132167
15.6723, -66.2865, 0.541884, -1.21718, 0.0119301
15.8465, -66.4833, 0.54385, -1.04305, 0.0106437
16.0206, -66.6498, 0.545591, -0.86892, 0.00935716
16.1947, -66.7859, 0.547109, -0.694787, 0.00807071
16.3689, -66.8917, 0.548402, -0.520658, 0.0067843
16.543, -66.9673, 0.549471, -0.346522, 0.00549787
16.7171, -67.0124, 0.550317, -0.172393, 0.00421151
16.8913, -67.0273, 0.550938, 0.00174087, 0.00292513
17.0654, -67.0118, 0.551336, 0.175872, 0.00163879
17.2396, -66.966, 0.551509, 0.350005, 0.000352462
17.399, -66.8975, 0.545464, 0.509476, 0.00153681
17.5585, -66.8036, 0.548872, 0.668959, 0.00226468
17.718, -66.6842, 0.54933, 0.828439, 0.00339702
17.8775, -66.5393, 0.549969, 0.987918, 0.00452936
18.037, -66.369, 0.550788, 1.1474, 0.0056617
18.1965, -66.1733, 0.551788, 1.30688, 0.00679404
18.3559, -65.9522, 0.552968, 1.46636, 0.00792638
18.5154, -65.7056, 0.55433, 1.62584, 0.00905872
18.6749, -65.4336, 0.555871, 1.78532, 0.0101911
18.8344, -65.1362, 0.557594, 1.9448, 0.0113234
18.9939, -64.8133, 0.557011, 2.10427, 0.0128602
19.1534, -64.465, 0.559159, 2.26375, 0.0139926
19.3128, -64.0912, 0.563844, 2.42323, 0.0147204
19.4723, -63.692, 0.566289, 2.58271, 0.0158528
19.6318, -63.2674, 0.568914, 2.74219, 0.0169851
19.7913, -62.8174, 0.57172, 2.90167, 0.0181174
19.9508, -62.3419, 0.574706, 3.06115, 0.0192498
20.1103, -61.841, 0.577873, 3.22063, 0.0203821
20.2697, -61.3146, 0.579252, 3.38011, 0.0219189
20.4292, -60.7628, 0.584749, 3.53959, 0.0226468
20.5887, -60.1856, 0.588458, 3.69907, 0.0237791
20.7482, -59.5829, 0.590572, 3.85855, 0.025316
20.9077, -58.9548, 0.596417, 4.01803, 0.0260438
21.0672, -58.3013, 0.599021, 4.17751, 0.0275806
21.2266, -57.6223, 0.603517, 4.33699, 0.028713
21.3861, -56.918, 0.609711, 4.49647, 0.0294408
21.5456, -56.1881, 0.61305, 4.65594, 0.0309777
21.7051, -55.4329, 0.618087, 4.81542, 0.03211
21.8646, -54.6522, 0.623305, 4.9749, 0.0332423
22.0241, -53.846, 0.629964, 5.13439, 0.0339702
22.1835, -53.0145, 0.634197, 5.29386, 0.0355362
22.343, -52.1575, 0.641174, 5.45334, 0.0362349
22.5025, -51.275, 0.645983, 5.61282, 0.0377717
22.662, -50.3672, 0.653106, 5.77231, 0.0384996
22.8215, -49.4339, 0.659343, 5.93178, 0.0396319
22.981, -48.4751, 0.664888, 6.09126, 0.0411687
23.1404, -47.4909, 0.671551, 6.25074, 0.0423011
23.2999, -46.4813, 0.679138, 6.41022, 0.0430289
23.4594, -45.4463, 0.685418, 6.5697, 0.0445657
23.6189, -44.3858, 0.692622, 6.72918, 0.0456981
23.7784, -43.2999, 0.700008, 6.88866, 0.0468304
23.9379, -42.1886, 0.707518, 7.04813, 0.048009
24.0973, -41.0518, 0.715289, 7.20761, 0.0491243
24.2568, -39.8896, 0.72318, 7.36709, 0.0503028
24.4163, -38.7019, 0.731305, 7.52657, 0.0514275
24.5758, -37.4888, 0.73987, 7.68606, 0.0520877
24.7353, -36.2503, 0.748071, 7.84553, 0.0537213
24.8948, -34.9864, 0.75674, 8.00501, 0.0548387
25.0542, -33.697, 0.765624, 8.16451, 0.0554847
25.2137, -32.3878, 0.774592, 8.17397, 0.0564661
25.3732, -31.0969, 0.783512, 8.01446, 0.0553815
25.5327, -29.8314, 0.792256, 7.85502, 0.0542713
25.6922, -28.5914, 0.800822, 7.69554, 0.0531532
25.8517, -27.3768, 0.80921, 7.53605, 0.0520315
26.0111, -26.1877, 0.817418, 7.37657, 0.0509077
26.1706, -25.0239, 0.825447, 7.2171, 0.0497824
26.3301, -23.8856, 0.833297, 7.05762, 0.0486561
26.4896, -22.7728, 0.840967, 6.89814, 0.0475291
26.6491, -21.6853, 0.848457, 6.73866, 0.0464014
26.8086, -20.6234, 0.855768, 6.57918, 0.0452733
26.968, -19.5868, 0.862898, 6.4197, 0.0441448
27.1275, -18.5757, 0.869848, 6.26022, 0.043016
27.287, -17.59, 0.876619, 6.10074, 0.0418869
27.4465, -16.6297, 0.883209, 5.94126, 0.0407576
27.606, -15.6949, 0.889619, 5.78178, 0.039628
27.7655, -14.7856, 0.895849, 5.6223, 0.0384983
27.9249, -13.9016, 0.901899, 5.46282, 0.0373685
28.0844, -13.0431, 0.907768, 5.30334, 0.0362385
28.2439, -12.21, 0.913458, 5.14386, 0.0351084
28.4034, -11.4024, 0.918967, 4.98439, 0.0339781
28.5629, -10.6202, 0.924295, 4.82491, 0.0328478
28.7224, -9.86339, 0.929444, 4.66543, 0.0317174
28.8819, -9.13205, 0.934412, 4.50595, 0.0305869
29.0413, -8.42614, 0.9392, 4.34647, 0.0294563
29.2008, -7.74566, 0.943808, 4.18699, 0.0283256
29.3603, -7.09062, 0.948235, 4.02751, 0.0271949
29.5198, -6.46101, 0.952482, 3.86803, 0.0260641
29.6793, -5.85685, 0.956549, 3.70855, 0.0249333
29.8388, -5.27811, 0.960435, 3.54907, 0.0238024
29.9982, -4.72482, 0.964141, 3.38959, 0.0226715
30.1577, -4.19694, 0.967666, 3.23011, 0.0215405
30.3172, -3.69452, 0.971012, 3.07063, 0.0204095
30.4767, -3.21752, 0.974176, 2.91115, 0.0192784
30.6362, -2.76595, 0.977161, 2.75167, 0.0181473
30.7957, -2.33982, 0.979965, 2.59219, 0.0170162
30.9551, -1.93913, 0.982588, 2.43271, 0.015885
31.1146, -1.56387, 0.985032, 2.27323, 0.0147538
31.2741, -1.21405, 0.987294, 2.11375, 0.0136226
31.4336, -0.889641, 0.989377, 1.95427, 0.0124913
31.5931, -0.590691, 0.991279, 1.79479, 0.01136
31.7526, -0.317177, 0.993, 1.63531, 0.0102287
31.912, -0.0690842, 0.994541, 1.47584, 0.00909737
32.0715, 0.153572, 0.995902, 1.31636, 0.007966
32.231, 0.350784, 0.997082, 1.15687, 0.00683461
32.3905, 0.522575, 0.998082, 0.997396, 0.00570322
32.55, 0.66893, 0.998901, 0.837917, 0.0045718
32.7095, 0.789841, 0.99954, 0.678436, 0.00344034
32.8689, 0.88533, 0.999999, 0.51896, 0.0023089
33.0284, 0.955383, 1.00028, 0.359479, 0.00117741
33.1879, 0.999985, 1.00037, 0.199998, 4.59066e-05
