33.7905, 0
0, 0, 0, 0.5, 0
0.17719, 0.0728983, 0.000104423, 0.322815, 0.00126327
0.35438, 0.114398, 0.000432711, 0.145629, 0.00252655
0.531571, 0.124509, 0.000984784, -0.0315573, 0.00378982
0.708761, 0.103218, 0.00176074, -0.208743, 0.0050531
0.885951, 0.0505315, 0.00276054, -0.385929, 0.00631637
1.06314, -0.0335487, 0.00398417, -0.563114, 0.00757964
1.24033, -0.149025, 0.00543164, -0.7403, 0.00884292
1.41752, -0.295898, 0.00710296, -0.917485, 0.0101062
1.59471, -0.474162, 0.00899808, -1.09467, 0.0113695
1.7719, -0.683827, 0.0111171, -1.27186, 0.0126327
1.94909, -0.924884, 0.0134599, -1.44904, 0.013896
2.12628, -1.19734, 0.0160266, -1.62623, 0.0151593
2.30347, -1.50119, 0.0188171, -1.80341, 0.0164226
2.48066, -1.83643, 0.0218314, -1.9806, 0.0176858
2.65785, -2.20307, 0.0250696, -2.15779, 0.0189491
2.83504, -2.60111, 0.0285316, -2.33497, 0.0202124
3.01223, -3.03054, 0.0322175, -2.51216, 0.0214757
3.18942, -3.49137, 0.0361272, -2.68934, 0.0227389
3.36661, -3.98359, 0.0402608, -2.86653, 0.0240022
3.5438, -4.50721, 0.0446181, -3.04371, 0.0252655
3.72099, -5.06222, 0.0491994, -3.2209, 0.0265288
3.89818, -5.64863, 0.0540044, -3.39809, 0.027792
4.07537, -6.26644, 0.0590333, -3.57527, 0.0290553
4.25256, -6.91564, 0.0642861, -3.75246, 0.0303186
4.42975, -7.59623, 0.0697627, -3.92964, 0.0315819
4.60694, -8.30823, 0.0754631, -4.10683, 0.0328451
4.78413, -9.05161, 0.0813874, -4.28401, 0.0341084
4.96133, -9.8264, 0.0875355, -4.4612, 0.0353717
5.13852, -10.6326, 0.0939074, -4.63839, 0.036635
5.31571, -11.4701, 0.100503, -4.81557, 0.0378982
5.4929, -12.3391, 0.107323, -4.99276, 0.0391615
5.67009, -13.2395, 0.114366, -5.16994, 0.0404248
5.84728, -14.1712, 0.121634, -5.34713, 0.041688
6.02447, -15.1344, 0.129125, -5.52431, 0.0429513
6.20166, -16.129, 0.13684, -5.7015, 0.0442146
6.37885, -17.1549, 0.144779, -5.87869, 0.0454779
6.55604, -18.2122, 0.152941, -6.05587, 0.0467411
6.73323, -19.301, 0.161328, -6.23306, 0.0480044
6.91042, -20.4211, 0.169938, -6.41024, 0.0492677
7.08761, -21.5726, 0.178772, -6.58743, 0.050531
7.2648, -22.7556, 0.18783, -6.76462, 0.0517943
7.44199, -23.9699, 0.197112, -6.9418, 0.0530575
7.61918, -25.2156, 0.206618, -7.11899, 0.0543208
7.79637, -26.4927, 0.216347, -7.29617, 0.0555841
7.97356, -27.8012, 0.226301, -7.47336, 0.0568473
8.15075, -29.1411, 0.236478, -7.65055, 0.0581107
8.32794, -30.5124, 0.246879, -7.82774, 0.059374
8.50513, -31.9151, 0.257652, -8.00491, 0.0602017
8.68232, -33.3492, 0.268353, -8.1821, 0.0619004
8.85951, -34.8145, 0.279414, -8.33242, 0.0621412
9.0367, -36.2752, 0.290298, -8.15494, 0.0607637
9.21389, -37.7044, 0.30095, -7.97773, 0.0594724
9.39108, -39.1023, 0.311375, -7.80055, 0.0581926
9.56827, -40.4688, 0.321573, -7.62335, 0.0569173
9.74546, -41.8039, 0.331545, -7.44617, 0.0556448
9.92265, -43.1076, 0.341292, -7.26899, 0.054374
10.0998, -44.3799, 0.350814, -7.0918, 0.0531042
10.277, -45.6208, 0.360112, -6.91462, 0.0518354
10.4542, -46.8303, 0.369184, -6.73742, 0.0505671
10.6314, -48.0084, 0.378032, -6.56024, 0.0492995
10.8086, -49.1551, 0.386655, -6.38305, 0.0480322
10.9858, -50.2704, 0.395053, -6.20587, 0.0467652
11.163, -51.3543, 0.403227, -6.02868, 0.0454986
11.3402, -52.4069, 0.411177, -5.8515, 0.0442322
11.5174, -53.428, 0.418902, -5.67431, 0.0429661
11.6946, -54.4177, 0.426403, -5.49713, 0.0417001
11.8717, -55.3761, 0.43368, -5.31994, 0.0404342
12.0489, -56.303, 0.440733, -5.14275, 0.0391685
12.2261, -57.1986, 0.447561, -4.96557, 0.037903
12.4033, -58.0627, 0.454165, -4.78838, 0.0366376
12.5805, -58.8955, 0.460544, -4.6112, 0.0353722
12.7577, -59.6968, 0.4667, -4.43401, 0.034107
12.9349, -60.4668, 0.472631, -4.25683, 0.0328419
13.1121, -61.2054, 0.478338, -4.07964, 0.0315768
13.2893, -61.9126, 0.483821, -3.90246, 0.0303118
13.4665, -62.5883, 0.48908, -3.72527, 0.0290469
13.6436, -63.2327, 0.494115, -3.54809, 0.027782
13.8208, -63.8457, 0.498926, -3.3709, 0.0265172
13.998, -64.4273, 0.503512, -3.19371, 0.0252524
14.1752, -64.9775, 0.507875, -3.01653, 0.0239878
14.3524, -65.4963, 0.512013, -2.83934, 0.0227231
14.5296, -65.9837, 0.515927, -2.66216, 0.0214585
14.7068, -66.4397, 0.519617, -2.48497, 0.0201939
14.884, -66.8643, 0.523084, -2.30778, 0.0189294
15.0612, -67.2575, 0.526326, -2.1306, 0.0176649
15.2384, -67.6194, 0.529344, -1.95341, 0.0164004
15.4155, -67.9498, 0.532138, -1.77623, 0.015136
15.5927, -68.2488, 0.534707, -1.59904, 0.0138716
15.7699, -68.5165, 0.537054, -1.42186, 0.0126072
15.9471, -68.7527, 0.539175, -1.24467, 0.0113429
16.1243, -68.9576, 0.541073, -1.06749, 0.0100786
16.3015, -69.131, 0.542747, -0.8903, 0.00881428
16.4787, -69.273, 0.544197, -0.713113, 0.00755
16.6559, -69.3837, 0.545423, -0.535928, 0.00628576
16.8331, -69.463, 0.546424, -0.358742, 0.00502153
17.0103, -69.5108, 0.547202, -0.181555, 0.00375733
17.1874, -69.5273, 0.547756, -0.00436896, 0.00249314
17.3646, -69.5124, 0.548086, 0.172815, 0.00122899
17.5418, -69.4661, 0.548191, 0.35, -3.51461e-05
17.7043, -69.3959, 0.540375, 0.512475, 0.00215347
17.8668, -69.2995, 0.548871, 0.674966, 0.00222281
18.0293, -69.1767, 0.549329, 0.837449, 0.00333421
18.1918, -69.0274, 0.549968, 0.999932, 0.00444561
18.3543, -68.8517, 0.550787, 1.16242, 0.00555702
18.5167, -68.6496, 0.551786, 1.3249, 0.00666842
18.6792, -68.4212, 0.552967, 1.48738, 0.00777982
18.8417, -68.1663, 0.554327, 1.64986, 0.00889122
19.0042, -67.885, 0.555869, 1.81235, 0.0100026
19.1667, -67.5773, 0.557591, 1.97483, 0.011114
19.3292, -67.2432, 0.559494, 2.13731, 0.0122254
19.4917, -66.8827, 0.561577, 2.2998, 0.0133368
19.6542, -66.4958, 0.563841, 2.46228, 0.0144482
19.8166, -66.0826, 0.566285, 2.62476, 0.0155596
19.9791, -65.6429, 0.56891, 2.78724, 0.016671
20.1416, -65.1768, 0.571716, 2.94973, 0.0177824
20.3041, -64.6843, 0.574702, 3.11221, 0.0188938
20.4666, -64.1654, 0.577868, 3.27469, 0.0200053
20.6291, -63.6201, 0.581216, 3.43718, 0.0211167
20.7916, -63.0484, 0.584744, 3.59966, 0.0222281
20.9541, -62.4503, 0.588452, 3.76214, 0.0233395
21.1165, -61.8258, 0.592341, 3.92462, 0.0244509
21.279, -61.1749, 0.596411, 4.08711, 0.0255623
21.4415, -60.4976, 0.600661, 4.24959, 0.0266737
21.604, -59.7939, 0.605092, 4.41207, 0.0277851
21.7665, -59.0638, 0.609704, 4.57456, 0.0288965
21.929, -58.3073, 0.614496, 4.73704, 0.0300079
22.0915, -57.5244, 0.619468, 4.89952, 0.0311193
22.2539, -56.7151, 0.624621, 5.06201, 0.0322307
22.4164, -55.8794, 0.629955, 5.22449, 0.0333421
22.5789, -55.0173, 0.63547, 5.38697, 0.0344535
22.7414, -54.1287, 0.641165, 5.54946, 0.0355649
22.9039, -53.2138, 0.64704, 5.71194, 0.0366763
23.0664, -52.2725, 0.653096, 5.87442, 0.0377877
23.2289, -51.3048, 0.659333, 6.0369, 0.0388991
23.3913, -50.3107, 0.66575, 6.19939, 0.0400105
23.5538, -49.2902, 0.672348, 6.36187, 0.0411219
23.7163, -48.2432, 0.679127, 6.52435, 0.0422333
23.8788, -47.1699, 0.686086, 6.68684, 0.0433447
24.0413, -46.0702, 0.693226, 6.84932, 0.0444561
24.2038, -44.9441, 0.6991, 7.01179, 0.0466096
24.3663, -43.7915, 0.70677, 7.17428, 0.047721
24.5288, -42.6126, 0.715728, 7.33677, 0.0477903
24.6912, -41.4073, 0.72359, 7.49925, 0.0489017
24.8537, -40.1756, 0.731633, 7.66174, 0.0500132
25.0162, -38.9174, 0.739856, 7.82422, 0.0511246
25.1787, -37.6329, 0.747798, 7.98669, 0.0533552
25.3412, -36.322, 0.756844, 8.14919, 0.0533474
25.5037, -34.9846, 0.765609, 8.31171, 0.054459
25.6662, -33.6265, 0.774625, 8.3242, 0.0560712
25.8287, -32.2872, 0.78365, 8.16166, 0.0550052
25.9911, -30.9742, 0.792499, 7.99918, 0.0539145
26.1536, -29.6876, 0.80117, 7.8367, 0.0528167
26.3161, -28.4275, 0.809663, 7.67421, 0.0517153
26.4786, -27.1937, 0.817976, 7.51173, 0.0506119
26.6411, -25.9864, 0.82611, 7.34925, 0.0495072
26.8036, -24.8054, 0.834065, 7.18676, 0.0484015
26.9661, -23.6509, 0.841839, 7.02428, 0.0472951
27.1285, -22.5227, 0.849434, 6.8618, 0.0461881
27.291, -21.421, 0.856849, 6.69932, 0.0450808
27.4535, -20.3456, 0.864084, 6.53683, 0.043973
27.616, -19.2967, 0.871139, 6.37435, 0.0428649
27.7785, -18.2741, 0.878014, 6.21187, 0.0417566
27.941, -17.278, 0.884709, 6.04938, 0.040648
28.1035, -16.3082, 0.891224, 5.8869, 0.0395393
28.266, -15.3649, 0.897558, 5.72441, 0.0384303
28.4284, -14.448, 0.903713, 5.56194, 0.0373213
28.5909, -13.5574, 0.909687, 5.39945, 0.0362121
28.7534, -12.6933, 0.915481, 5.23697, 0.0351028
28.9159, -11.8555, 0.921094, 5.07448, 0.0339933
29.0784, -11.0442, 0.926528, 4.912, 0.0328838
29.2409, -10.2593, 0.931781, 4.74952, 0.0317742
29.4034, -9.50073, 0.936853, 4.58704, 0.0306646
29.5658, -8.7686, 0.941746, 4.42455, 0.0295548
29.7283, -8.06286, 0.946458, 4.26207, 0.028445
29.8908, -7.38353, 0.95099, 4.09959, 0.0273351
30.0533, -6.73061, 0.955341, 3.9371, 0.0262252
30.2158, -6.10408, 0.959512, 3.77462, 0.0251152
30.3783, -5.50396, 0.963503, 3.61214, 0.0240052
30.5408, -4.93023, 0.967313, 3.44966, 0.0228951
30.7033, -4.38291, 0.970943, 3.28717, 0.021785
30.8657, -3.86199, 0.974393, 3.12469, 0.0206748
31.0282, -3.36747, 0.977662, 2.96221, 0.0195646
31.1907, -2.89935, 0.980751, 2.79972, 0.0184544
31.3532, -2.45763, 0.983659, 2.63724, 0.0173441
31.5157, -2.04231, 0.986387, 2.47476, 0.0162338
31.6782, -1.6534, 0.988935, 2.31228, 0.0151235
31.8407, -1.29089, 0.991302, 2.14979, 0.0140131
32.0032, -0.954781, 0.993489, 1.98731, 0.0129028
32.1656, -0.645065, 0.995495, 1.82483, 0.0117924
32.3281, -0.361755, 0.997321, 1.66234, 0.0106819
32.4906, -0.104851, 0.998966, 1.49986, 0.00957148
32.6531, 0.125664, 1.00043, 1.33738, 0.008461
32.8156, 0.329765, 1.00172, 1.17489, 0.00735048
32.9781, 0.507462, 1.00282, 1.01241, 0.00623997
33.1406, 0.658768, 1.00374, 0.849926, 0.00512942
33.303, 0.783676, 1.00449, 0.687446, 0.00401888
33.4655, 0.882164, 1.00505, 0.524961, 0.0029083
33.628, 0.954269, 1.00543, 0.36248, 0.00179771
33.7905, 0.999962, 1.00563, 0.199996, 0.000687104
