26.4079, 0
0, 0, 0, 0.5, 0
0.139752, 0.060114, 0.000439317, 0.360257, 0.00155241
0.279504, 0.100696, 0.000758258, 0.220514, 0.00315404
0.419256, 0.121745, 0.000977478, 0.0807712, 0.0048049
0.559008, 0.123269, 0.00175095, -0.0589715, 0.00640654
0.69876, 0.105262, 0.00274828, -0.198714, 0.00800817
0.838512, 0.0677266, 0.00396942, -0.338457, 0.0096098
0.978264, 0.0106651, 0.00571045, -0.4782, 0.0111622
1.11802, -0.0659313, 0.0070832, -0.617943, 0.0128131
1.25777, -0.162053, 0.00925814, -0.757686, 0.0143655
1.39752, -0.277709, 0.0110923, -0.897428, 0.0160163
1.53727, -0.41289, 0.0137012, -1.03717, 0.0175687
1.67702, -0.567602, 0.0159968, -1.17691, 0.0192196
1.81678, -0.741843, 0.0187847, -1.31666, 0.0208212
1.95653, -0.935612, 0.0220444, -1.4564, 0.0223736
2.09628, -1.14891, 0.0250322, -1.59614, 0.0240245
2.23603, -1.38174, 0.0287258, -1.73589, 0.0255769
2.37578, -1.6341, 0.0321749, -1.87563, 0.0272278
2.51554, -1.90599, 0.0363024, -2.01537, 0.0287802
2.65529, -2.1974, 0.0404265, -2.15511, 0.0303818
2.79504, -2.50835, 0.0445678, -2.29486, 0.0320327
2.93479, -2.83883, 0.0491464, -2.4346, 0.0336343
3.07454, -3.18883, 0.0542546, -2.57434, 0.0351579
3.2143, -3.55836, 0.0591611, -2.71409, 0.0367883
3.35405, -3.94743, 0.0645091, -2.85383, 0.0383612
3.4938, -4.35602, 0.0699722, -2.99357, 0.0399628
3.63355, -4.78414, 0.0756591, -3.13331, 0.0415644
3.7733, -5.23179, 0.0815698, -3.27306, 0.0431661
3.91306, -5.69898, 0.0877043, -3.4128, 0.0447677
4.05281, -6.18569, 0.0940627, -3.55254, 0.0463693
4.19256, -6.69193, 0.100564, -3.69229, 0.0479998
4.33231, -7.2177, 0.107505, -3.83203, 0.0495522
4.47206, -7.76299, 0.114481, -3.97177, 0.0511742
4.61182, -8.32782, 0.121783, -4.11151, 0.0527554
4.75157, -8.91218, 0.129258, -4.25126, 0.0543571
4.89132, -9.51607, 0.136913, -4.391, 0.0559791
5.03107, -10.1395, 0.144839, -4.53074, 0.0575808
5.17082, -10.7824, 0.153054, -4.67048, 0.0591461
5.31058, -11.4449, 0.161421, -4.81023, 0.0607477
5.45033, -12.1269, 0.169957, -4.94997, 0.0623857
5.59008, -12.8284, 0.178847, -5.08971, 0.0639381
5.72983, -13.5495, 0.18791, -5.22945, 0.0655193
5.86958, -14.2901, 0.197158, -5.3692, 0.0671304
6.00934, -15.0502, 0.206651, -5.50894, 0.0687225
6.14909, -15.8299, 0.216386, -5.64868, 0.0702896
6.28884, -16.629, 0.226307, -5.78842, 0.071897
6.42859, -17.4478, 0.236449, -5.92817, 0.0735116
6.56834, -18.286, 0.246835, -6.06791, 0.0750893
6.7081, -19.1438, 0.257434, -6.20765, 0.0766814
6.84785, -20.0211, 0.268263, -6.34738, 0.0782095
6.9876, -20.9179, 0.279296, -6.48653, 0.0795628
7.12735, -21.8161, 0.290271, -6.35762, 0.0776534
7.2671, -22.6948, 0.301007, -6.21789, 0.0760013
7.40686, -23.554, 0.311515, -6.07815, 0.0743706
7.54661, -24.3937, 0.321795, -5.93841, 0.0727483
7.68636, -25.2139, 0.331848, -5.79867, 0.0711307
7.82611, -26.0145, 0.341676, -5.65893, 0.0695161
7.96586, -26.7955, 0.351278, -5.51919, 0.0679034
8.10562, -27.5571, 0.360656, -5.37944, 0.0662922
8.24537, -28.2991, 0.369807, -5.23971, 0.0646823
8.38512, -29.0216, 0.378735, -5.09996, 0.0630731
8.52487, -29.7246, 0.387437, -4.96022, 0.0614647
8.66462, -30.408, 0.395914, -4.82047, 0.0598568
8.80438, -31.0719, 0.404167, -4.68074, 0.0582495
8.94413, -31.7163, 0.412195, -4.54099, 0.0566426
9.08388, -32.3412, 0.419999, -4.40125, 0.0550361
9.22363, -32.9465, 0.427578, -4.2615, 0.0534298
9.36338, -33.5323, 0.434933, -4.12176, 0.0518239
9.50314, -34.0985, 0.442063, -3.98202, 0.0502182
9.64289, -34.6453, 0.448969, -3.84228, 0.0486127
9.78264, -35.1725, 0.45565, -3.70253, 0.0470074
9.92239, -35.6801, 0.462108, -3.56279, 0.0454023
10.0621, -36.1683, 0.468341, -3.42305, 0.0437974
10.2019, -36.6369, 0.474349, -3.28331, 0.0421926
10.3416, -37.086, 0.480134, -3.14356, 0.0405879
10.4814, -37.5155, 0.485694, -3.00382, 0.0389834
10.6212, -37.9255, 0.49103, -2.86408, 0.037379
10.7609, -38.316, 0.496141, -2.72434, 0.0357746
10.9007, -38.687, 0.501029, -2.58459, 0.0341704
11.0404, -39.0384, 0.505692, -2.44485, 0.0325663
11.1802, -39.3703, 0.510131, -2.30511, 0.0309622
11.3199, -39.6827, 0.514346, -2.16536, 0.0293583
11.4597, -39.9756, 0.518337, -2.02562, 0.0277544
11.5994, -40.2489, 0.522104, -1.88588, 0.0261506
11.7392, -40.5027, 0.525646, -1.74613, 0.0245468
11.8789, -40.737, 0.528965, -1.60639, 0.0229431
12.0187, -40.9517, 0.532059, -1.46665, 0.0213395
12.1584, -41.1469, 0.534929, -1.32691, 0.0197359
12.2982, -41.3226, 0.537575, -1.18716, 0.0181324
12.4379, -41.4787, 0.539997, -1.04742, 0.0165289
12.5777, -41.6153, 0.542195, -0.907679, 0.0149255
12.7174, -41.7324, 0.544169, -0.767936, 0.0133221
12.8572, -41.83, 0.545919, -0.628194, 0.0117187
12.9969, -41.908, 0.547444, -0.488451, 0.0101154
13.1367, -41.9665, 0.548746, -0.348708, 0.00851216
13.2764, -42.0055, 0.549823, -0.208964, 0.00690892
13.4162, -42.0249, 0.550677, -0.0692227, 0.00530574
13.5559, -42.0248, 0.551306, 0.0705214, 0.00370256
13.6957, -42.0052, 0.551712, 0.210263, 0.00209944
13.8354, -41.966, 0.551893, 0.350006, 0.000496341
13.9612, -41.9142, 0.548596, 0.475717, 0.00143631
14.0869, -41.8465, 0.548876, 0.601433, 0.00287262
14.2126, -41.7629, 0.549336, 0.72715, 0.00430894
14.3383, -41.6636, 0.549977, 0.852867, 0.00574525
14.4641, -41.5485, 0.550799, 0.978583, 0.00718157
14.5898, -41.4175, 0.551801, 1.1043, 0.00861787
14.7155, -41.2708, 0.552984, 1.23002, 0.0100542
14.8412, -41.1082, 0.550787, 1.35573, 0.0121744
14.967, -40.9299, 0.555891, 1.48145, 0.0129268
15.0927, -40.7358, 0.557616, 1.60717, 0.0143631
15.2184, -40.5258, 0.559521, 1.73288, 0.0157994
15.3441, -40.3, 0.561606, 1.8586, 0.0172358
15.4699, -40.0584, 0.563872, 1.98432, 0.0186721
15.5956, -39.8011, 0.566319, 2.11003, 0.0201084
15.7213, -39.5279, 0.568947, 2.23575, 0.0215447
15.847, -39.2389, 0.571754, 2.36147, 0.022981
15.9728, -38.9341, 0.574743, 2.48718, 0.0244173
16.0985, -38.6135, 0.577912, 2.6129, 0.0258536
16.2242, -38.2771, 0.581262, 2.73862, 0.0272899
16.3499, -37.9249, 0.584792, 2.86433, 0.0287263
16.4757, -37.5568, 0.588503, 2.99005, 0.0301626
16.6014, -37.173, 0.592394, 3.11577, 0.0315989
16.7271, -36.7734, 0.596466, 3.24148, 0.0330352
16.8528, -36.3579, 0.600719, 3.3672, 0.0344715
16.9786, -35.9267, 0.603054, 3.49291, 0.0365918
17.1043, -35.4797, 0.609766, 3.61863, 0.0373441
17.23, -35.0168, 0.61456, 3.74435, 0.0387804
17.3557, -34.5381, 0.619535, 3.87007, 0.0402168
17.4815, -34.0437, 0.62469, 3.99578, 0.0416531
17.6072, -33.5334, 0.630027, 4.1215, 0.0430894
17.7329, -33.0073, 0.635543, 4.24722, 0.0445257
17.8586, -32.4654, 0.64124, 4.37293, 0.045962
17.9844, -31.9077, 0.647118, 4.49865, 0.0473983
18.1101, -31.3343, 0.653177, 4.62437, 0.0488346
18.2358, -30.745, 0.659416, 4.75008, 0.0502709
18.3615, -30.1398, 0.665835, 4.8758, 0.0517072
18.4873, -29.5189, 0.672435, 5.00152, 0.0531436
18.613, -28.8822, 0.679216, 5.12723, 0.0545799
18.7387, -28.2297, 0.686177, 5.25295, 0.0560162
18.8644, -27.5614, 0.693319, 5.37867, 0.0574525
18.9902, -26.8772, 0.700642, 5.50438, 0.0588888
19.1159, -26.1773, 0.707508, 5.63009, 0.0610091
19.2416, -25.4615, 0.715828, 5.75582, 0.0617615
19.3673, -24.73, 0.723692, 5.88153, 0.0631978
19.4931, -23.9826, 0.731295, 6.00724, 0.0654325
19.6188, -23.2195, 0.739628, 6.13295, 0.066853
19.7445, -22.4405, 0.748162, 6.25867, 0.0681906
19.8702, -21.6457, 0.756955, 6.3844, 0.068943
19.996, -20.8351, 0.765722, 6.51012, 0.0703794
20.1217, -20.0144, 0.774713, 6.4858, 0.0716734
20.2474, -19.2069, 0.783639, 6.36011, 0.0703074
20.3731, -18.4151, 0.79239, 6.23441, 0.0689059
20.4989, -17.6392, 0.800964, 6.10868, 0.0674927
20.6246, -16.8791, 0.809361, 5.98296, 0.0660738
20.7503, -16.1348, 0.817579, 5.85725, 0.0646515
20.876, -15.4063, 0.825617, 5.73153, 0.0632269
21.0018, -14.6936, 0.833477, 5.60582, 0.0618006
21.1275, -13.9967, 0.841157, 5.4801, 0.0603731
21.2532, -13.3156, 0.848658, 5.35438, 0.0589446
21.3789, -12.6504, 0.855978, 5.22866, 0.0575153
21.5047, -12.0009, 0.86312, 5.10295, 0.0560854
21.6304, -11.3672, 0.870081, 4.97723, 0.054655
21.7561, -10.7494, 0.876863, 4.85152, 0.0532242
21.8818, -10.1473, 0.883464, 4.7258, 0.0517929
22.0076, -9.56108, 0.889886, 4.60008, 0.0503613
22.1333, -8.99063, 0.896128, 4.47437, 0.0489294
22.259, -8.436, 0.902189, 4.34865, 0.0474973
22.3847, -7.89717, 0.908071, 4.22293, 0.0460649
22.5105, -7.37414, 0.913772, 4.09722, 0.0446323
22.6362, -6.86693, 0.919294, 3.9715, 0.0431995
22.7619, -6.37551, 0.924635, 3.84578, 0.0417666
22.8876, -5.89991, 0.929796, 3.72006, 0.0403335
23.0134, -5.44011, 0.934777, 3.59435, 0.0389003
23.1391, -4.99611, 0.939577, 3.46863, 0.0374669
23.2648, -4.56791, 0.944198, 3.34291, 0.0360334
23.3905, -4.15553, 0.948638, 3.2172, 0.0345999
23.5163, -3.75896, 0.952898, 3.09148, 0.0331662
23.642, -3.37818, 0.956977, 2.96576, 0.0317324
23.7677, -3.01321, 0.960877, 2.84005, 0.0302985
23.8934, -2.66405, 0.964596, 2.71433, 0.0288646
24.0192, -2.33069, 0.968135, 2.58861, 0.0274305
24.1449, -2.01314, 0.971493, 2.4629, 0.0259965
24.2706, -1.7114, 0.974672, 2.33718, 0.0245623
24.3963, -1.42546, 0.97767, 2.21146, 0.0231281
24.5221, -1.15532, 0.980487, 2.08575, 0.0216938
24.6478, -0.900997, 0.983124, 1.96003, 0.0202594
24.7735, -0.662483, 0.985581, 1.83431, 0.0188251
24.8992, -0.439758, 0.987858, 1.7086, 0.0173906
25.025, -0.232853, 0.989954, 1.58288, 0.0159561
25.1507, -0.0417557, 0.99187, 1.45716, 0.0145216
25.2764, 0.133549, 0.993606, 1.33145, 0.013087
25.4021, 0.293045, 0.995161, 1.20573, 0.0116524
25.5279, 0.436722, 0.996536, 1.08001, 0.0102177
25.6536, 0.564617, 0.99773, 0.954297, 0.00878301
25.7793, 0.676689, 0.998744, 0.82858, 0.00734827
25.905, 0.772957, 0.999578, 0.702865, 0.00591352
26.0308, 0.853424, 1.00023, 0.577149, 0.00447872
26.1565, 0.918083, 1.0007, 0.451431, 0.00304388
26.2822, 0.966934, 1.001, 0.325714, 0.00160901
26.4079, 0.999977, 1.00111, 0.199997, 0.000174112
