2.22384, 0.273536
0, 0, 0, 0.5, 0
0.00965118, 0.00424386, 0.000180658, 0.500978, 0.00952728
0.0193024, 0.00850079, 0.000452888, 0.501945, 0.0190541
0.0289535, 0.0127694, 0.000817091, 0.502902, 0.0285803
0.0386047, 0.0170512, 0.00127281, 0.503846, 0.0381059
0.0482559, 0.021345, 0.00182035, 0.504779, 0.0476309
0.0579071, 0.0256516, 0.00245943, 0.5057, 0.0571553
0.0675583, 0.02997, 0.00319042, 0.506608, 0.0666788
0.0772095, 0.034301, 0.00401288, 0.507503, 0.0762017
0.0868606, 0.0386436, 0.00492721, 0.508386, 0.0857237
0.0965118, 0.0429987, 0.00593308, 0.509254, 0.0952448
0.106163, 0.0473654, 0.00703071, 0.510108, 0.104765
0.115814, 0.051744, 0.00821992, 0.510947, 0.114284
0.125465, 0.0561346, 0.00950072, 0.511771, 0.123803
0.135117, 0.0605369, 0.0108731, 0.512579, 0.13332
0.144768, 0.0649508, 0.0123371, 0.513371, 0.142836
0.154419, 0.0693761, 0.0138928, 0.514146, 0.15235
0.16407, 0.0738128, 0.0155399, 0.514904, 0.161864
0.173721, 0.0782612, 0.0172785, 0.515643, 0.171376
0.183372, 0.0827205, 0.0191087, 0.516363, 0.180886
0.193024, 0.0871911, 0.0210304, 0.517064, 0.190395
0.202675, 0.0916726, 0.0230435, 0.517744, 0.199902
0.212326, 0.096165, 0.0251481, 0.518404, 0.209407
0.221977, 0.100668, 0.0273442, 0.519041, 0.21891
0.231628, 0.105182, 0.0296316, 0.519656, 0.228411
0.24128, 0.109706, 0.0320103, 0.520246, 0.23791
0.250931, 0.114241, 0.0344805, 0.520813, 0.247407
0.260582, 0.118785, 0.0370419, 0.521353, 0.2569
0.270233, 0.12334, 0.0396946, 0.521867, 0.266391
0.279884, 0.127905, 0.0424386, 0.522352, 0.275879
0.289535, 0.132479, 0.0452737, 0.522808, 0.285364
0.299187, 0.137063, 0.0482, 0.523235, 0.294845
0.308838, 0.141655, 0.0512174, 0.523629, 0.304323
0.318489, 0.146257, 0.0543259, 0.52399, 0.313796
0.32814, 0.150868, 0.0575254, 0.524316, 0.323265
0.337791, 0.155488, 0.0608158, 0.524605, 0.332729
0.347443, 0.160116, 0.0641972, 0.524856, 0.342189
0.357094, 0.164752, 0.0676694, 0.525068, 0.351642
0.366745, 0.169396, 0.0712323, 0.525237, 0.36109
0.376396, 0.174047, 0.074886, 0.525362, 0.370531
0.386047, 0.178706, 0.0786302, 0.52544, 0.379965
0.395698, 0.183371, 0.0824651, 0.52547, 0.389391
0.40535, 0.188044, 0.0863903, 0.525448, 0.398809
0.415001, 0.192722, 0.0904059, 0.525372, 0.408217
0.424652, 0.197406, 0.0945116, 0.525238, 0.417616
0.434303, 0.202096, 0.0987075, 0.525043, 0.427003
0.443954, 0.206791, 0.102993, 0.524785, 0.436379
0.453606, 0.21149, 0.107369, 0.52446, 0.445741
0.463257, 0.216193, 0.111834, 0.524062, 0.455088
0.472908, 0.2209, 0.116389, 0.523588, 0.464419
0.482559, 0.225609, 0.121033, 0.523033, 0.473733
0.49221, 0.230321, 0.125767, 0.522392, 0.483026
0.501861, 0.235035, 0.130589, 0.52166, 0.492298
0.511513, 0.239749, 0.1355, 0.520829, 0.501545
0.521164, 0.244464, 0.140499, 0.519894, 0.510765
0.530815, 0.249178, 0.145586, 0.518848, 0.519955
0.540466, 0.253891, 0.150761, 0.517682, 0.52911
0.550117, 0.258601, 0.156023, 0.516388, 0.538228
0.559768, 0.263308, 0.161372, 0.514957, 0.547302
0.56942, 0.26801, 0.166807, 0.513378, 0.556328
0.579071, 0.272706, 0.172328, 0.511639, 0.565298
0.588722, 0.277395, 0.177934, 0.50973, 0.574206
0.598373, 0.282076, 0.183624, 0.507635, 0.583042
0.608024, 0.286746, 0.189398, 0.505341, 0.591796
0.617676, 0.291405, 0.195255, 0.50283, 0.600457
0.627327, 0.29605, 0.201193, 0.500087, 0.609011
0.636978, 0.30068, 0.207211, 0.49709, 0.61744
0.646629, 0.305291, 0.213309, 0.493821, 0.625726
0.65628, 0.309882, 0.219483, 0.490255, 0.633845
0.665931, 0.31445, 0.225733, 0.486371, 0.641771
0.675583, 0.318992, 0.232056, 0.482145, 0.649472
0.685234, 0.323505, 0.238449, 0.47755, 0.656911
0.694885, 0.327985, 0.24491, 0.472564, 0.664044
0.704536, 0.332429, 0.251435, 0.467164, 0.670822
0.714187, 0.336833, 0.25802, 0.461332, 0.67719
0.723839, 0.341191, 0.26466, 0.455054, 0.683083
0.73349, 0.3455, 0.27135, 0.448326, 0.688436
0.743141, 0.349755, 0.278085, 0.441154, 0.693177
0.752792, 0.35395, 0.284858, 0.433559, 0.697237
0.762443, 0.358082, 0.291661, 0.425576, 0.70055
0.772094, 0.362145, 0.298487, 0.417256, 0.703063
0.781746, 0.366135, 0.305328, 0.408665, 0.704737
0.791397, 0.370049, 0.312177, 0.399876, 0.705552
0.801048, 0.373883, 0.319024, 0.390969, 0.70551
0.810699, 0.377636, 0.325862, 0.382021, 0.704633
0.82035, 0.381306, 0.332684, 0.373106, 0.702961
0.830002, 0.384893, 0.339482, 0.364283, 0.700544
0.839653, 0.388397, 0.34625, 0.355602, 0.697445
0.849304, 0.391819, 0.352982, 0.3471, 0.693725
0.858955, 0.395161, 0.359673, 0.338804, 0.689449
0.868606, 0.398423, 0.366317, 0.330729, 0.684676
0.878257, 0.401608, 0.372912, 0.322883, 0.679464
0.887909, 0.404718, 0.379453, 0.315268, 0.673862
0.89756, 0.407754, 0.385937, 0.307883, 0.667917
0.907211, 0.41072, 0.392361, 0.300721, 0.661668
0.916862, 0.413617, 0.398722, 0.293776, 0.655151
0.926513, 0.416447, 0.405018, 0.287037, 0.648395
0.936165, 0.419212, 0.411247, 0.280496, 0.641429
0.945816, 0.421913, 0.417407, 0.274143, 0.634275
0.955467, 0.424554, 0.423497, 0.267969, 0.626953
0.968151, 0.429275, 0.432189, 0.266359, 0.638582
0.980834, 0.433955, 0.44103, 0.264829, 0.65017
0.993518, 0.438596, 0.450018, 0.263386, 0.661713
1.0062, 0.443197, 0.459153, 0.262035, 0.673208
1.01889, 0.447759, 0.468434, 0.260783, 0.684649
1.03157, 0.452281, 0.47786, 0.259639, 0.696032
1.04425, 0.456763, 0.487431, 0.258611, 0.70735
1.05694, 0.461206, 0.497145, 0.257709, 0.718598
1.06962, 0.465609, 0.507002, 0.256943, 0.729767
1.0823, 0.469974, 0.516999, 0.256325, 0.740849
1.09499, 0.474299, 0.527135, 0.255867, 0.751835
1.10767, 0.478586, 0.53741, 0.255583, 0.762713
1.12035, 0.482834, 0.54782, 0.255489, 0.773472
1.13304, 0.487045, 0.558364, 0.255602, 0.784096
1.14572, 0.491218, 0.569039, 0.25594, 0.794571
1.15841, 0.495355, 0.579843, 0.256523, 0.804878
1.17109, 0.499455, 0.590772, 0.257374, 0.814995
1.18377, 0.50352, 0.601823, 0.258515, 0.8249
1.19646, 0.507551, 0.612992, 0.259974, 0.834564
1.20914, 0.511549, 0.624274, 0.261777, 0.843958
1.22182, 0.515517, 0.635665, 0.263954, 0.853047
1.23451, 0.519456, 0.647158, 0.266533, 0.861791
1.24719, 0.523369, 0.658748, 0.269545, 0.870148
1.25988, 0.527259, 0.670426, 0.273019, 0.87807
1.27256, 0.531131, 0.682184, 0.276983, 0.885505
1.28524, 0.534989, 0.694015, 0.281461, 0.892401
1.29793, 0.53884, 0.705907, 0.286472, 0.898699
1.31061, 0.54269, 0.717851, 0.292027, 0.904343
1.32329, 0.546547, 0.729836, 0.298129, 0.909279
1.33598, 0.550422, 0.741851, 0.304771, 0.913457
1.34866, 0.554323, 0.753883, 0.311932, 0.916835
1.36134, 0.558262, 0.765921, 0.319582, 0.91938
1.37403, 0.562249, 0.777954, 0.327679, 0.921072
1.38671, 0.566297, 0.789971, 0.33617, 0.921905
1.3994, 0.570415, 0.801962, 0.345, 0.921885
1.41208, 0.574615, 0.813916, 0.354108, 0.921033
1.42476, 0.578905, 0.825826, 0.363433, 0.919378
1.43745, 0.583294, 0.837683, 0.372916, 0.916959
1.45013, 0.587788, 0.84948, 0.382505, 0.913823
1.46281, 0.592394, 0.861209, 0.392149, 0.910017
1.4755, 0.597114, 0.872866, 0.401809, 0.905592
1.48818, 0.601953, 0.884445, 0.411449, 0.900598
1.50087, 0.606913, 0.89594, 0.42104, 0.895082
1.51355, 0.611995, 0.907348, 0.430559, 0.889092
1.52623, 0.6172, 0.918664, 0.439988, 0.882668
1.53892, 0.622527, 0.929884, 0.449314, 0.875851
1.5516, 0.627977, 0.941006, 0.458527, 0.868677
1.56428, 0.633548, 0.952025, 0.46762, 0.861178
1.57697, 0.63924, 0.96294, 0.476589, 0.853384
1.58965, 0.645051, 0.973747, 0.485431, 0.845321
1.60233, 0.65098, 0.984445, 0.494146, 0.837013
1.61502, 0.657024, 0.99503, 0.502734, 0.828481
1.6277, 0.663184, 1.0055, 0.511196, 0.819745
1.64039, 0.669456, 1.01586, 0.519535, 0.810823
1.65307, 0.67584, 1.02609, 0.527752, 0.801728
1.66575, 0.682334, 1.03621, 0.535851, 0.792476
1.67844, 0.688935, 1.04621, 0.543836, 0.783079
1.69112, 0.695643, 1.05608, 0.551708, 0.773548
1.7038, 0.702456, 1.06583, 0.559473, 0.763892
1.71649, 0.709373, 1.07545, 0.567133, 0.754122
1.72917, 0.716391, 1.08495, 0.574691, 0.744246
1.74186, 0.72351, 1.09432, 0.582152, 0.73427
1.75454, 0.730728, 1.10357, 0.589518, 0.724203
1.76722, 0.738044, 1.11268, 0.596793, 0.71405
1.77991, 0.745456, 1.12166, 0.603981, 0.703816
1.79259, 0.752963, 1.13051, 0.611083, 0.693507
1.80527, 0.760564, 1.13923, 0.618103, 0.683128
1.81796, 0.768258, 1.14782, 0.625044, 0.672683
1.83064, 0.776043, 1.15627, 0.631909, 0.662176
1.84332, 0.783919, 1.16459, 0.6387, 0.65161
1.85601, 0.791884, 1.17277, 0.64542, 0.640989
1.86869, 0.799938, 1.18082, 0.652072, 0.630317
1.88138, 0.808079, 1.18873, 0.658657, 0.619595
1.89406, 0.816307, 1.19651, 0.665178, 0.608826
1.90674, 0.824621, 1.20414, 0.671637, 0.598014
1.91943, 0.833019, 1.21164, 0.678037, 0.58716
1.93211, 0.8415, 1.21901, 0.684378, 0.576266
1.94479, 0.850065, 1.22623, 0.690664, 0.565335
1.95748, 0.858712, 1.23331, 0.696895, 0.554368
1.97016, 0.867441, 1.24026, 0.703075, 0.543366
1.98285, 0.87625, 1.24706, 0.709203, 0.532332
1.99553, 0.885139, 1.25373, 0.715282, 0.521267
2.00821, 0.894108, 1.26025, 0.721313, 0.510173
2.0209, 0.903155, 1.26664, 0.727298, 0.49905
2.03358, 0.91228, 1.27288, 0.733239, 0.4879
2.04626, 0.921482, 1.27898, 0.739136, 0.476724
2.05895, 0.930762, 1.28494, 0.74499, 0.465523
2.07163, 0.940117, 1.29075, 0.750804, 0.454299
2.08432, 0.949548, 1.29643, 0.756578, 0.443051
2.097, 0.959053, 1.30196, 0.762313, 0.431782
2.10968, 0.968633, 1.30734, 0.768011, 0.420492
2.12237, 0.978288, 1.31259, 0.773672, 0.409181
2.13505, 0.988015, 1.31769, 0.779297, 0.39785
2.14773, 0.997816, 1.32265, 0.784888, 0.386501
2.16042, 1.00769, 1.32746, 0.790446, 0.375134
2.1731, 1.01763, 1.33213, 0.79597, 0.36375
2.18578, 1.02765, 1.33665, 0.801463, 0.352348
2.19847, 1.03774, 1.34103, 0.806925, 0.340931
2.21115, 1.0479, 1.34527, 0.812356, 0.329497
2.22384, 1.05812, 1.34936, 0.817758, 0.318049
