4.07716, 0
0, 0, 0, 0.5, 0
0.0127829, 0.00641907, 9.95638e-05, 0.510213, 0.00768691
0.0255658, 0.0129687, 0.000297388, 0.520426, 0.0153738
0.0383486, 0.0196489, 0.000593489, 0.530639, 0.0230607
0.0511315, 0.0264596, 0.000987837, 0.540851, 0.0307476
0.0639144, 0.0334009, 0.00148046, 0.551064, 0.0384344
0.0766973, 0.0404728, 0.00207133, 0.561277, 0.0461213
0.0894802, 0.0476752, 0.00276048, 0.57149, 0.0538081
0.102263, 0.0550081, 0.00354787, 0.581703, 0.061495
0.115046, 0.0624716, 0.00443356, 0.591915, 0.0691818
0.127829, 0.0700657, 0.00541749, 0.602128, 0.0768686
0.140612, 0.0777903, 0.00649968, 0.612341, 0.0845554
0.153395, 0.0856455, 0.00768015, 0.622553, 0.0922421
0.166177, 0.0936312, 0.00895887, 0.632766, 0.0999289
0.17896, 0.101747, 0.0103359, 0.642979, 0.107616
0.191743, 0.109994, 0.0118111, 0.653191, 0.115302
0.204526, 0.118372, 0.0133846, 0.663404, 0.122989
0.217309, 0.12688, 0.0150564, 0.673616, 0.130676
0.230092, 0.135518, 0.0168265, 0.683828, 0.138362
0.242875, 0.144287, 0.0186948, 0.694041, 0.146049
0.255658, 0.153187, 0.0206613, 0.704253, 0.153735
0.26844, 0.162217, 0.0227262, 0.714465, 0.161422
0.281223, 0.171378, 0.0248893, 0.724677, 0.169108
0.294006, 0.180669, 0.0271506, 0.73489, 0.176795
0.306789, 0.190091, 0.0295102, 0.745102, 0.184481
0.319572, 0.199643, 0.0319681, 0.755313, 0.192167
0.332355, 0.209326, 0.0345243, 0.765525, 0.199853
0.345138, 0.21914, 0.0371787, 0.775737, 0.207539
0.357921, 0.229084, 0.0399314, 0.785948, 0.215225
0.370704, 0.239158, 0.0427823, 0.796159, 0.222911
0.383486, 0.249363, 0.0457315, 0.806371, 0.230597
0.396269, 0.259699, 0.048779, 0.816581, 0.238283
0.409052, 0.270165, 0.0519247, 0.826792, 0.245968
0.421835, 0.280762, 0.0551687, 0.837002, 0.253653
0.434618, 0.29149, 0.0585109, 0.847212, 0.261338
0.447401, 0.302348, 0.0619514, 0.857421, 0.269023
0.460184, 0.313336, 0.0654902, 0.86763, 0.276707
0.472967, 0.324455, 0.0691272, 0.877837, 0.284391
0.485749, 0.335705, 0.0728625, 0.888044, 0.292074
0.498532, 0.347085, 0.0766961, 0.89825, 0.299756
0.511315, 0.358596, 0.0806279, 0.908454, 0.307437
0.524098, 0.370237, 0.0846579, 0.918655, 0.315117
0.536881, 0.382009, 0.0887862, 0.928853, 0.322794
0.549664, 0.393911, 0.0930128, 0.939045, 0.330468
0.562447, 0.405944, 0.0973375, 0.949229, 0.338136
0.57523, 0.418108, 0.10176, 0.959397, 0.345794
0.588013, 0.430402, 0.106282, 0.969532, 0.353431
0.600795, 0.442827, 0.1109, 0.979577, 0.361011
0.613578, 0.455384, 0.115615, 0.989207, 0.368325
0.626361, 0.468073, 0.120386, 0.992302, 0.371409
0.639144, 0.480733, 0.125076, 0.982675, 0.365894
0.651927, 0.493251, 0.129685, 0.972028, 0.359304
0.66471, 0.505627, 0.134212, 0.961355, 0.352434
0.677493, 0.517864, 0.138653, 0.950723, 0.345413
0.690276, 0.529963, 0.143007, 0.940137, 0.338292
0.703058, 0.541925, 0.14727, 0.929589, 0.331097
0.715841, 0.553751, 0.151443, 0.919073, 0.323846
0.728624, 0.565442, 0.155524, 0.908584, 0.316551
0.741407, 0.576998, 0.159513, 0.898118, 0.309221
0.75419, 0.58842, 0.163409, 0.887671, 0.30186
0.766973, 0.599707, 0.167211, 0.877241, 0.294474
0.779756, 0.610861, 0.170919, 0.866826, 0.287067
0.792539, 0.621882, 0.174533, 0.856424, 0.279641
0.805322, 0.632769, 0.178053, 0.846032, 0.272198
0.818104, 0.643523, 0.181477, 0.835651, 0.264742
0.830887, 0.654144, 0.184807, 0.825279, 0.257272
0.84367, 0.664632, 0.188041, 0.814915, 0.249791
0.856453, 0.674987, 0.19118, 0.804558, 0.2423
0.869236, 0.68521, 0.194224, 0.794208, 0.2348
0.882019, 0.695301, 0.197172, 0.783863, 0.22729
0.894802, 0.705259, 0.200024, 0.773525, 0.219774
0.907585, 0.715084, 0.20278, 0.763191, 0.21225
0.920367, 0.724778, 0.20544, 0.752862, 0.20472
0.93315, 0.734339, 0.208004, 0.742537, 0.197183
0.945933, 0.743769, 0.210472, 0.732217, 0.189641
0.958716, 0.753066, 0.212843, 0.7219, 0.182094
0.971499, 0.762231, 0.215118, 0.711587, 0.174542
0.984282, 0.771264, 0.217297, 0.701277, 0.166986
0.997065, 0.780166, 0.219379, 0.690969, 0.159425
1.00985, 0.788936, 0.221365, 0.680665, 0.151861
1.02263, 0.797574, 0.223254, 0.670364, 0.144292
1.03541, 0.80608, 0.225047, 0.660065, 0.136721
1.0482, 0.814454, 0.226742, 0.649769, 0.129146
1.06098, 0.822697, 0.228341, 0.639474, 0.121567
1.07376, 0.830808, 0.229844, 0.629182, 0.113986
1.08654, 0.838787, 0.231249, 0.618892, 0.106402
1.09933, 0.846635, 0.232557, 0.608604, 0.0988159
1.11211, 0.854352, 0.233769, 0.598318, 0.0912269
1.12489, 0.861936, 0.234884, 0.588033, 0.0836355
1.13768, 0.86939, 0.235901, 0.577751, 0.0760418
1.15046, 0.876711, 0.236822, 0.567469, 0.0684459
1.16324, 0.883902, 0.237645, 0.55719, 0.0608481
1.17603, 0.890961, 0.238372, 0.546912, 0.0532482
1.18881, 0.897888, 0.239001, 0.536635, 0.0456463
1.20159, 0.904684, 0.239533, 0.526359, 0.0380427
1.21437, 0.911349, 0.239969, 0.516085, 0.0304373
1.22716, 0.917882, 0.240306, 0.505812, 0.0228304
1.23994, 0.924284, 0.240547, 0.49554, 0.0152217
1.25272, 0.930555, 0.240691, 0.48527, 0.00761166
1.26551, 0.936694, 0.240737, 0.475, -2.79397e-08
1.29362, 0.94987, 0.241089, 0.461751, 0.0247991
1.32174, 0.962649, 0.242126, 0.44851, 0.0496025
1.34985, 0.975089, 0.243877, 0.435236, 0.0743885
1.37797, 0.987129, 0.246312, 0.421971, 0.0991794
1.40609, 0.998807, 0.249449, 0.408689, 0.123961
1.4342, 1.0101, 0.253278, 0.395405, 0.148741
1.46232, 1.02104, 0.257815, 0.382091, 0.173506
1.49044, 1.0316, 0.263041, 0.368777, 0.19827
1.51855, 1.04178, 0.268964, 0.35545, 0.223028
1.54667, 1.05159, 0.275584, 0.342111, 0.247778
1.57479, 1.06102, 0.282898, 0.328761, 0.272523
1.6029, 1.07007, 0.290905, 0.315401, 0.297263
1.63102, 1.07876, 0.299617, 0.30201, 0.321986
1.65914, 1.08706, 0.309013, 0.288623, 0.346711
1.68725, 1.09499, 0.319111, 0.27521, 0.371422
1.71537, 1.10253, 0.329897, 0.261792, 0.39613
1.74349, 1.1097, 0.341381, 0.24835, 0.420825
1.7716, 1.1165, 0.353565, 0.234878, 0.445504
1.79972, 1.12291, 0.366437, 0.221396, 0.470178
1.82784, 1.12894, 0.380001, 0.207899, 0.494842
1.85595, 1.13461, 0.394267, 0.19436, 0.519485
1.88407, 1.13988, 0.409216, 0.180819, 0.544126
1.91219, 1.14477, 0.424862, 0.167244, 0.568748
1.9403, 1.14928, 0.441198, 0.153646, 0.593358
1.96842, 1.15341, 0.458225, 0.140022, 0.617953
1.99653, 1.15715, 0.475946, 0.12636, 0.642527
2.02465, 1.16051, 0.494357, 0.112666, 0.667084
2.05277, 1.16349, 0.51346, 0.0989306, 0.691617
2.08088, 1.16608, 0.533249, 0.0851668, 0.716134
2.109, 1.16828, 0.553729, 0.0713547, 0.740624
2.13712, 1.17009, 0.574896, 0.057502, 0.765091
2.16523, 1.17151, 0.596751, 0.0435936, 0.789527
2.19335, 1.17255, 0.619295, 0.0296235, 0.813927
2.22147, 1.17318, 0.642521, 0.0156085, 0.838301
2.24958, 1.17342, 0.666433, 0.00151494, 0.862631
2.2777, 1.17326, 0.69103, -0.0126589, 0.886913
2.30582, 1.1727, 0.716306, -0.0269034, 0.911154
2.33393, 1.17175, 0.742265, -0.0412565, 0.935331
2.36205, 1.17038, 0.768902, -0.0557207, 0.959442
2.39017, 1.16861, 0.796217, -0.0703097, 0.983477
2.41828, 1.16643, 0.824206, -0.0850525, 1.00742
2.4464, 1.16383, 0.852866, -0.0999686, 1.03125
2.47452, 1.16081, 0.882196, -0.115098, 1.05495
2.50263, 1.15735, 0.912188, -0.130477, 1.07849
2.53075, 1.15347, 0.94284, -0.146182, 1.10181
2.55887, 1.14913, 0.974144, -0.162301, 1.12485
2.58698, 1.14433, 1.00609, -0.178945, 1.1475
2.6151, 1.13906, 1.03867, -0.196362, 1.16958
2.64321, 1.13328, 1.07185, -0.214874, 1.19073
2.67133, 1.12696, 1.10561, -0.235127, 1.21021
2.69945, 1.12003, 1.13987, -0.258358, 1.22592
2.72756, 1.11239, 1.17444, -0.28557, 1.23036
2.75568, 1.10404, 1.20883, -0.305586, 1.21215
2.7838, 1.09536, 1.24253, -0.310448, 1.18464
2.81191, 1.08665, 1.27544, -0.308236, 1.15664
2.84003, 1.07805, 1.30757, -0.302834, 1.12906
2.86815, 1.06963, 1.33894, -0.295687, 1.10187
2.89626, 1.06143, 1.36954, -0.287455, 1.07499
2.92438, 1.05348, 1.39939, -0.278482, 1.04834
2.9525, 1.04578, 1.42849, -0.268975, 1.02188
2.98061, 1.03836, 1.45685, -0.259064, 0.995568
3.00873, 1.03121, 1.48448, -0.248836, 0.969378
3.03685, 1.02437, 1.51136, -0.238354, 0.943288
3.06496, 1.01781, 1.53752, -0.227665, 0.917283
3.09308, 1.01156, 1.56295, -0.216801, 0.89135
3.1212, 1.00562, 1.58764, -0.205789, 0.865479
3.14931, 0.999994, 1.61162, -0.194652, 0.839663
3.17743, 0.994679, 1.63486, -0.183404, 0.813894
3.20554, 0.989681, 1.65738, -0.17206, 0.788168
3.23366, 0.985004, 1.67918, -0.160631, 0.762479
3.26178, 0.980649, 1.70026, -0.149127, 0.736824
3.28989, 0.976619, 1.72062, -0.137554, 0.7112
3.31801, 0.972915, 1.74025, -0.125921, 0.685603
3.34613, 0.969538, 1.75917, -0.114233, 0.660031
3.37424, 0.966491, 1.77737, -0.102494, 0.634482
3.40236, 0.963775, 1.79485, -0.0907098, 0.608954
3.43048, 0.961391, 1.81161, -0.0788833, 0.583446
3.45859, 0.95934, 1.82766, -0.0670181, 0.557955
3.48671, 0.957623, 1.84299, -0.0551173, 0.532482
3.51483, 0.956241, 1.8576, -0.0431834, 0.507023
3.54294, 0.955195, 1.8715, -0.0312189, 0.48158
3.57106, 0.954486, 1.88468, -0.0192256, 0.456149
3.59918, 0.954114, 1.89715, -0.00720581, 0.430732
3.62729, 0.95408, 1.9089, 0.00483909, 0.405326
3.65541, 0.954386, 1.91994, 0.0169075, 0.379931
3.68353, 0.955031, 1.93027, 0.0289979, 0.354546
3.71164, 0.956017, 1.93988, 0.0411087, 0.329172
3.73976, 0.957343, 1.94878, 0.0532393, 0.303807
3.76788, 0.959011, 1.95697, 0.0653885, 0.27845
3.79599, 0.96102, 1.96444, 0.0775549, 0.253103
3.82411, 0.963372, 1.9712, 0.0897378, 0.227763
3.85222, 0.966067, 1.97725, 0.101937, 0.20243
3.88034, 0.969105, 1.98258, 0.11415, 0.177105
3.90846, 0.972486, 1.98721, 0.126378, 0.151787
3.93657, 0.976211, 1.99112, 0.138619, 0.126475
3.96469, 0.980281, 1.99432, 0.150873, 0.10117
3.99281, 0.984695, 1.99681, 0.16314, 0.07587
4.02092, 0.989455, 1.99858, 0.175418, 0.0505759
4.04904, 0.99456, 1.99965, 0.187708, 0.0252872
4.07716, 1.00001, 2.00001, 0.200008, 4.22448e-06
