35.5365, 0
0, 0, 0, 0.5, 0
0.186035, 0.0757186, 0.000104817, 0.313968, 0.00120322
0.37207, 0.116816, 0.000433559, 0.127938, 0.00240644
0.558105, 0.123315, 0.000986075, -0.058094, 0.00360966
0.744141, 0.095202, 0.00176246, -0.244125, 0.00481287
0.930176, 0.0324842, 0.00276266, -0.430156, 0.00601609
1.11621, -0.0648433, 0.00398671, -0.616188, 0.00721932
1.30225, -0.196781, 0.0054346, -0.802219, 0.00842253
1.48828, -0.363325, 0.00710634, -0.98825, 0.00962575
1.67432, -0.564479, 0.00900192, -1.17428, 0.010829
1.86035, -0.800243, 0.0111214, -1.36031, 0.0120322
2.04639, -1.07061, 0.0134646, -1.54634, 0.0132354
2.23242, -1.37559, 0.0160317, -1.73238, 0.0144386
2.41846, -1.71518, 0.0188226, -1.91841, 0.0156418
2.60449, -2.08937, 0.0218374, -2.10444, 0.0168451
2.79053, -2.49818, 0.0250761, -2.29047, 0.0180483
2.97656, -2.94159, 0.0285385, -2.4765, 0.0192515
3.1626, -3.41961, 0.0322248, -2.66253, 0.0204547
3.34863, -3.93224, 0.036135, -2.84856, 0.0216579
3.53467, -4.47947, 0.040269, -3.03459, 0.0228612
3.7207, -5.06132, 0.0446268, -3.22063, 0.0240644
3.90674, -5.67777, 0.0492085, -3.40666, 0.0252676
4.09277, -6.32883, 0.054014, -3.59269, 0.0264708
4.27881, -7.0145, 0.0590433, -3.77872, 0.027674
4.46484, -7.73478, 0.0642965, -3.96475, 0.0288773
4.65088, -8.48967, 0.0697735, -4.15078, 0.0300805
4.83691, -9.27917, 0.0754744, -4.33681, 0.0312837
5.02295, -10.1033, 0.0813991, -4.52284, 0.0324869
5.20898, -10.962, 0.0875477, -4.70887, 0.0336901
5.39502, -11.8553, 0.0939201, -4.89491, 0.0348934
5.58105, -12.7832, 0.100516, -5.08094, 0.0360966
5.76709, -13.7458, 0.107336, -5.26697, 0.0372998
5.95312, -14.7429, 0.11438, -5.453, 0.038503
6.13916, -15.7747, 0.121648, -5.63903, 0.0397062
6.3252, -16.841, 0.12914, -5.82506, 0.0409094
6.51123, -17.942, 0.136855, -6.01109, 0.0421127
6.69727, -19.0776, 0.144794, -6.19713, 0.0433159
6.8833, -20.2478, 0.152958, -6.38316, 0.0445191
7.06934, -21.4526, 0.161344, -6.56919, 0.0457223
7.25537, -22.692, 0.169955, -6.75522, 0.0469255
7.44141, -23.966, 0.17879, -6.94125, 0.0481288
7.62744, -25.2746, 0.187848, -7.12728, 0.049332
7.81348, -26.6178, 0.197131, -7.31331, 0.0505352
7.99951, -27.9957, 0.206637, -7.49935, 0.0517384
8.18555, -29.4081, 0.216367, -7.68538, 0.0529417
8.37158, -30.8552, 0.226321, -7.87141, 0.0541449
8.55762, -32.3368, 0.236499, -8.05744, 0.0553481
8.74365, -33.8531, 0.2469, -8.24348, 0.0565513
8.92969, -35.404, 0.257525, -8.42951, 0.0577545
9.11572, -36.9895, 0.268375, -8.61558, 0.058958
9.30176, -38.6092, 0.279433, -8.76559, 0.0591666
9.48779, -40.2226, 0.290317, -8.57949, 0.0578707
9.67383, -41.8014, 0.300968, -8.39348, 0.0566429
9.85986, -43.3456, 0.311392, -8.20745, 0.0554249
10.0459, -44.8552, 0.32159, -8.02142, 0.054211
10.2319, -46.3301, 0.331563, -7.83537, 0.0529995
10.418, -47.7705, 0.34131, -7.64934, 0.0517894
10.604, -49.1762, 0.350832, -7.46332, 0.0505805
10.79, -50.5473, 0.360129, -7.27728, 0.0493722
10.9761, -51.8839, 0.369202, -7.09126, 0.0481646
11.1621, -53.1858, 0.37805, -6.90522, 0.0469574
11.3481, -54.4531, 0.386674, -6.71919, 0.0457506
11.5342, -55.6858, 0.395073, -6.53316, 0.0445441
11.7202, -56.8839, 0.403247, -6.34713, 0.0433379
11.9062, -58.0474, 0.411197, -6.1611, 0.0421319
12.0923, -59.1762, 0.418923, -5.97506, 0.040926
12.2783, -60.2705, 0.426425, -5.78903, 0.0397204
12.4644, -61.3302, 0.433702, -5.603, 0.0385149
12.6504, -62.3552, 0.440755, -5.41697, 0.0373095
12.8364, -63.3457, 0.447584, -5.23094, 0.0361042
13.0225, -64.3015, 0.454188, -5.04491, 0.034899
13.2085, -65.2227, 0.460569, -4.85888, 0.033694
13.3945, -66.1094, 0.466725, -4.67284, 0.032489
13.5806, -66.9614, 0.472657, -4.48682, 0.0312841
13.7666, -67.7788, 0.478365, -4.30078, 0.0300793
13.9526, -68.5615, 0.483848, -4.11475, 0.0288745
14.1387, -69.3097, 0.489108, -3.92872, 0.0276698
14.3247, -70.0233, 0.494143, -3.74269, 0.0264652
14.5107, -70.7023, 0.498955, -3.55666, 0.0252606
14.6968, -71.3466, 0.503542, -3.37062, 0.024056
14.8828, -71.9564, 0.507905, -3.18459, 0.0228515
15.0688, -72.5315, 0.512045, -2.99856, 0.021647
15.2549, -73.0721, 0.51596, -2.81253, 0.0204426
15.4409, -73.578, 0.519651, -2.6265, 0.0192382
15.627, -74.0493, 0.523118, -2.44047, 0.0180339
15.813, -74.486, 0.526361, -2.25444, 0.0168296
15.999, -74.8881, 0.529379, -2.06841, 0.0156253
16.1851, -75.2556, 0.532174, -1.88238, 0.014421
16.3711, -75.5885, 0.534745, -1.69635, 0.0132168
16.5571, -75.8868, 0.537092, -1.51031, 0.0120126
16.7432, -76.1504, 0.539215, -1.32428, 0.0108084
16.9292, -76.3795, 0.541113, -1.13825, 0.00960426
17.1152, -76.5739, 0.542788, -0.95222, 0.00840013
17.3013, -76.7338, 0.544239, -0.766186, 0.00719601
17.4873, -76.859, 0.545465, -0.580157, 0.00599193
17.6733, -76.9496, 0.546468, -0.394126, 0.00478786
17.8594, -77.0057, 0.547247, -0.208094, 0.0035838
18.0454, -77.0271, 0.547802, -0.0220649, 0.00237978
18.2314, -77.0139, 0.548132, 0.163967, 0.00117576
18.4175, -76.9661, 0.548239, 0.349998, -2.82404e-05
18.5887, -76.8915, 0.548593, 0.521187, 0.00105492
18.7599, -76.7876, 0.548871, 0.692374, 0.00210984
18.9311, -76.6544, 0.549328, 0.863562, 0.00316476
19.1022, -76.492, 0.549966, 1.03475, 0.00421968
19.2734, -76.3002, 0.550785, 1.20594, 0.0052746
19.4446, -76.0791, 0.551785, 1.37712, 0.00632952
19.6158, -75.8287, 0.552965, 1.54831, 0.00738444
19.787, -75.549, 0.554325, 1.7195, 0.00843936
19.9582, -75.24, 0.555866, 1.89068, 0.00949428
20.1294, -74.9016, 0.557588, 2.06187, 0.0105492
20.3006, -74.534, 0.559491, 2.23306, 0.0116041
20.4718, -74.1371, 0.561574, 2.40425, 0.012659
20.643, -73.7108, 0.563837, 2.57543, 0.013714
20.8141, -73.2553, 0.566281, 2.74662, 0.0147689
20.9853, -72.7704, 0.568906, 2.91781, 0.0158238
21.1565, -72.2563, 0.571711, 3.08899, 0.0168787
21.3277, -71.7128, 0.574697, 3.26018, 0.0179336
21.4989, -71.1401, 0.577864, 3.43137, 0.0189886
21.6701, -70.538, 0.581211, 3.60256, 0.0200435
21.8413, -69.9066, 0.584739, 3.77374, 0.0210984
22.0125, -69.2459, 0.588447, 3.94493, 0.0221533
22.1837, -68.556, 0.592336, 4.11612, 0.0232082
22.3549, -67.8367, 0.596405, 4.2873, 0.0242632
22.526, -67.0881, 0.600655, 4.45849, 0.0253181
22.6972, -66.3102, 0.605086, 4.62968, 0.026373
22.8684, -65.503, 0.609697, 4.80086, 0.0274279
23.0396, -64.6664, 0.614489, 4.97205, 0.0284828
23.2108, -63.8006, 0.619462, 5.14324, 0.0295378
23.382, -62.9055, 0.624615, 5.31443, 0.0305927
23.5532, -61.9811, 0.629948, 5.48561, 0.0316476
23.7244, -61.0273, 0.635463, 5.6568, 0.0327025
23.8956, -60.0443, 0.641157, 5.82799, 0.0337575
24.0668, -59.0319, 0.647033, 5.99918, 0.0348124
24.238, -57.9903, 0.653089, 6.17036, 0.0358673
24.4091, -56.9193, 0.659325, 6.34155, 0.0369222
24.5803, -55.8191, 0.665743, 6.51274, 0.0379771
24.7515, -54.6895, 0.67234, 6.68392, 0.0390321
24.9227, -53.5306, 0.679119, 6.85511, 0.040087
25.0939, -52.3424, 0.686078, 7.0263, 0.0411419
25.2651, -51.1249, 0.693217, 7.19748, 0.0421968
25.4363, -49.8782, 0.700537, 7.36867, 0.0432517
25.6075, -48.6021, 0.708038, 7.53986, 0.0443066
25.7787, -47.2967, 0.715719, 7.71105, 0.0453616
25.9499, -45.9619, 0.723581, 7.88224, 0.0464165
26.121, -44.5979, 0.731624, 8.05342, 0.0474714
26.2922, -43.2046, 0.739847, 8.22461, 0.0485264
26.4634, -41.782, 0.748251, 8.3958, 0.0495813
26.6346, -40.33, 0.756835, 8.56699, 0.0506362
26.8058, -38.8488, 0.7656, 8.7382, 0.0516913
26.977, -37.3439, 0.774564, 8.7594, 0.0526093
27.1482, -35.859, 0.783485, 8.58817, 0.0515969
27.3194, -34.4035, 0.792229, 8.41698, 0.050561
27.4906, -32.9772, 0.800795, 8.24581, 0.0495185
27.6618, -31.5803, 0.809183, 8.07461, 0.0484727
27.833, -30.2126, 0.817391, 7.90342, 0.0474251
28.0041, -28.8743, 0.82542, 7.73223, 0.0463763
28.1753, -27.5653, 0.83327, 7.56104, 0.0453265
28.3465, -26.2855, 0.840939, 7.38986, 0.0442762
28.5177, -25.0351, 0.848429, 7.21867, 0.0432253
28.6889, -23.814, 0.855739, 7.04749, 0.042174
28.8601, -22.6222, 0.862868, 6.8763, 0.0411224
29.0313, -21.4597, 0.869818, 6.70511, 0.0400705
29.2025, -20.3265, 0.876588, 6.53393, 0.0390183
29.3737, -19.2226, 0.883177, 6.36274, 0.037966
29.5449, -18.148, 0.889587, 6.19155, 0.0369135
29.716, -17.1027, 0.895816, 6.02036, 0.0358608
29.8872, -16.0868, 0.901865, 5.84918, 0.034808
30.0584, -15.1001, 0.907733, 5.67799, 0.0337551
30.2296, -14.1427, 0.913422, 5.5068, 0.0327021
30.4008, -13.2147, 0.91893, 5.33561, 0.031649
30.572, -12.3159, 0.924258, 5.16443, 0.0305958
30.7432, -11.4465, 0.929405, 4.99324, 0.0295425
30.9144, -10.6063, 0.934372, 4.82205, 0.0284891
31.0856, -9.79548, 0.939159, 4.65087, 0.0274357
31.2568, -9.01396, 0.943766, 4.47968, 0.0263822
31.4279, -8.26173, 0.948192, 4.30849, 0.0253287
31.5991, -7.53881, 0.952438, 4.1373, 0.0242751
31.7703, -6.8452, 0.956503, 3.96612, 0.0232215
31.9415, -6.18088, 0.960389, 3.79493, 0.0221678
32.1127, -5.54589, 0.964093, 3.62374, 0.0211141
32.2839, -4.94019, 0.967618, 3.45255, 0.0200603
32.4551, -4.36379, 0.970962, 3.28137, 0.0190065
32.6263, -3.8167, 0.974125, 3.11018, 0.0179527
32.7975, -3.29893, 0.977108, 2.93899, 0.0168989
32.9687, -2.81047, 0.979911, 2.7678, 0.015845
33.1399, -2.3513, 0.982533, 2.59662, 0.014791
33.311, -1.92142, 0.984975, 2.42543, 0.0137371
33.4822, -1.52087, 0.987236, 2.25425, 0.0126831
33.6534, -1.14961, 0.989318, 2.08306, 0.0116291
33.8246, -0.807671, 0.991218, 1.91187, 0.0105751
33.9958, -0.495018, 0.992938, 1.74068, 0.00952108
34.167, -0.211685, 0.994478, 1.5695, 0.00846702
34.3382, 0.0423279, 0.995837, 1.39831, 0.00741294
34.5094, 0.267059, 0.997016, 1.22712, 0.00635883
34.6806, 0.462486, 0.998014, 1.05593, 0.00530471
34.8518, 0.628593, 0.998832, 0.884747, 0.00425057
35.0229, 0.765404, 0.99947, 0.71356, 0.00319642
35.1941, 0.872902, 0.999927, 0.542374, 0.00214226
35.3653, 0.951096, 1.0002, 0.371187, 0.00108807
35.5365, 0.999992, 1.0003, 0.199999, 3.38724e-05
