36.2112, 0
0, 0, 0, 0.5, 0
0.189452, 0.0767831, 0.000104977, 0.310552, 0.00118152
0.378904, 0.117673, 0.000433807, 0.121103, 0.00236304
0.568356, 0.122664, 0.000986522, -0.0683451, 0.00354456
0.757808, 0.0917726, 0.00176303, -0.257793, 0.00472608
0.94726, 0.0249875, 0.00276339, -0.447242, 0.0059076
1.13671, -0.0776908, 0.0039876, -0.63669, 0.00708912
1.32616, -0.216255, 0.00543562, -0.826139, 0.00827064
1.51562, -0.390713, 0.00710749, -1.01559, 0.00945216
1.70507, -0.601068, 0.00900325, -1.20504, 0.0106337
1.89452, -0.84731, 0.0111228, -1.39448, 0.0118152
2.08397, -1.12944, 0.0134662, -1.58393, 0.0129967
2.27343, -1.44747, 0.0160335, -1.77338, 0.0141782
2.46288, -1.80138, 0.0188245, -1.96283, 0.0153598
2.65233, -2.19119, 0.0218395, -2.15228, 0.0165413
2.84178, -2.61689, 0.0250782, -2.34173, 0.0177228
3.03123, -3.07848, 0.0285409, -2.53118, 0.0189043
3.22069, -3.57596, 0.0322273, -2.72062, 0.0200858
3.41014, -4.10934, 0.0361376, -2.91007, 0.0212674
3.59959, -4.6786, 0.0402718, -3.09952, 0.0224489
3.78904, -5.28376, 0.0446297, -3.28897, 0.0236304
3.97849, -5.92481, 0.0492116, -3.47842, 0.0248119
4.16795, -6.60174, 0.0540172, -3.66786, 0.0259934
4.3574, -7.31457, 0.0590467, -3.85731, 0.027175
4.54685, -8.0633, 0.0643001, -4.04676, 0.0283565
4.7363, -8.84791, 0.0697773, -4.23621, 0.029538
4.92575, -9.66841, 0.0754783, -4.42566, 0.0307195
5.11521, -10.5248, 0.0814032, -4.61511, 0.031901
5.30466, -11.4171, 0.0875519, -4.80456, 0.0330826
5.49411, -12.3453, 0.0939244, -4.994, 0.0342641
5.68356, -13.3093, 0.100521, -5.18345, 0.0354456
5.87301, -14.3093, 0.107341, -5.3729, 0.0366271
6.06247, -15.3452, 0.114385, -5.56235, 0.0378086
6.25192, -16.4169, 0.121653, -5.7518, 0.0389902
6.44137, -17.5245, 0.129145, -5.94125, 0.0401717
6.63082, -18.6681, 0.13686, -6.1307, 0.0413532
6.82027, -19.8475, 0.1448, -6.32014, 0.0425347
7.00973, -21.0628, 0.152963, -6.50959, 0.0437163
7.19918, -22.314, 0.16135, -6.69904, 0.0448978
7.38863, -23.6011, 0.169961, -6.88849, 0.0460793
7.57808, -24.9241, 0.178796, -7.07794, 0.0472608
7.76754, -26.2829, 0.187855, -7.26739, 0.0484423
7.95699, -27.6777, 0.197137, -7.45684, 0.0496239
8.14644, -29.1084, 0.206643, -7.64629, 0.0508054
8.33589, -30.5749, 0.216374, -7.83573, 0.0519869
8.52534, -32.0774, 0.226328, -8.02519, 0.0531685
8.7148, -33.6157, 0.236506, -8.21464, 0.05435
8.90425, -35.1899, 0.246907, -8.4041, 0.0555316
9.0937, -36.8, 0.257533, -8.59353, 0.056713
9.28315, -38.446, 0.268382, -8.78302, 0.0578948
9.4726, -40.1276, 0.27944, -8.93358, 0.0580992
9.66206, -41.802, 0.290323, -8.74355, 0.0568271
9.85151, -43.4405, 0.300975, -8.55409, 0.055622
10.041, -45.0432, 0.311399, -8.36465, 0.0544262
10.2304, -46.6099, 0.321597, -8.1752, 0.0532345
10.4199, -48.1408, 0.33157, -7.98573, 0.0520449
10.6093, -49.6357, 0.341317, -7.79629, 0.0508569
10.7988, -51.0948, 0.35084, -7.60684, 0.0496698
10.9882, -52.518, 0.360137, -7.41739, 0.0484834
11.1777, -53.9053, 0.36921, -7.22794, 0.0472977
11.3671, -55.2567, 0.378059, -7.0385, 0.0461124
11.5566, -56.5722, 0.386683, -6.84905, 0.0449274
11.746, -57.8518, 0.395082, -6.65959, 0.0437427
11.9355, -59.0955, 0.403257, -6.47015, 0.0425583
12.1249, -60.3034, 0.411207, -6.2807, 0.0413741
12.3144, -61.4753, 0.418934, -6.09125, 0.04019
12.5038, -62.6114, 0.426436, -5.9018, 0.0390062
12.6933, -63.7116, 0.433713, -5.71236, 0.0378225
12.8827, -64.7758, 0.440767, -5.5229, 0.0366389
13.0722, -65.8042, 0.447596, -5.33345, 0.0354554
13.2616, -66.7967, 0.454201, -5.14401, 0.034272
13.4511, -67.7533, 0.460582, -4.95456, 0.0330887
13.6405, -68.674, 0.466738, -4.76511, 0.0319055
13.83, -69.5588, 0.472671, -4.57566, 0.0307224
14.0195, -70.4077, 0.478379, -4.38621, 0.0295393
14.2089, -71.2208, 0.483864, -4.19677, 0.0283563
14.3984, -71.9979, 0.489124, -4.00732, 0.0271733
14.5878, -72.7391, 0.49416, -3.81787, 0.0259904
14.7773, -73.4445, 0.498971, -3.62842, 0.0248076
14.9667, -74.114, 0.503559, -3.43897, 0.0236248
15.1562, -74.7475, 0.507923, -3.24952, 0.022442
15.3456, -75.3452, 0.512063, -3.06008, 0.0212593
15.5351, -75.907, 0.515978, -2.87063, 0.0200766
15.7245, -76.4329, 0.51967, -2.68118, 0.018894
15.914, -76.9229, 0.523137, -2.49173, 0.0177114
16.1034, -77.377, 0.526381, -2.30228, 0.0165288
16.2929, -77.7953, 0.5294, -2.11283, 0.0153463
16.4823, -78.1776, 0.532196, -1.92339, 0.0141638
16.6718, -78.5241, 0.534767, -1.73393, 0.0129813
16.8612, -78.8346, 0.537114, -1.54449, 0.0117988
17.0507, -79.1092, 0.539237, -1.35504, 0.0106163
17.2401, -79.348, 0.541137, -1.16559, 0.00943394
17.4296, -79.5509, 0.542812, -0.976142, 0.00825153
17.619, -79.7179, 0.544263, -0.786693, 0.00706915
17.8085, -79.849, 0.54549, -0.597245, 0.0058868
17.9979, -79.9442, 0.546494, -0.407795, 0.00470445
18.1874, -80.0035, 0.547273, -0.218346, 0.00352212
18.3769, -80.0269, 0.547828, -0.0289006, 0.00233983
18.5663, -80.0145, 0.54816, 0.160548, 0.00115755
18.7558, -79.9661, 0.548267, 0.349996, -2.47248e-05
18.9303, -79.8897, 0.548593, 0.524551, 0.0010346
19.1049, -79.7829, 0.54887, 0.699102, 0.00206919
19.2794, -79.6457, 0.549328, 0.873654, 0.00310379
19.454, -79.478, 0.549966, 1.0482, 0.00413838
19.6285, -79.2797, 0.550785, 1.22275, 0.00517298
19.8031, -79.0511, 0.551784, 1.39731, 0.00620758
19.9776, -78.7919, 0.552964, 1.57186, 0.00724217
20.1522, -78.5023, 0.554324, 1.74641, 0.00827677
20.3267, -78.1823, 0.555865, 1.92096, 0.00931136
20.5013, -77.8317, 0.557587, 2.09551, 0.010346
20.6759, -77.4507, 0.559489, 2.27006, 0.0113806
20.8504, -77.0392, 0.561572, 2.44461, 0.0124152
21.025, -76.5973, 0.563835, 2.61916, 0.0134497
21.1995, -76.1248, 0.566279, 2.79371, 0.0144843
21.3741, -75.6219, 0.568904, 2.96827, 0.0155189
21.5486, -75.0886, 0.571709, 3.14282, 0.0165535
21.7232, -74.5248, 0.574695, 3.31737, 0.0175881
21.8977, -73.9305, 0.577861, 3.49192, 0.0186227
22.0723, -73.3057, 0.581208, 3.66647, 0.0196573
22.2468, -72.6505, 0.584736, 3.84102, 0.0206919
22.4214, -71.9648, 0.588444, 4.01557, 0.0217265
22.5959, -71.2486, 0.592333, 4.19012, 0.0227611
22.7705, -70.502, 0.596402, 4.36467, 0.0237957
22.9451, -69.7249, 0.600652, 4.53923, 0.0248303
23.1196, -68.9173, 0.605083, 4.71378, 0.0258649
23.2942, -68.0793, 0.609694, 4.88833, 0.0268995
23.4687, -67.2107, 0.614486, 5.06288, 0.0279341
23.6433, -66.3118, 0.619458, 5.23743, 0.0289687
23.8178, -65.3823, 0.624611, 5.41198, 0.0300033
23.9924, -64.4224, 0.629944, 5.58653, 0.0310379
24.1669, -63.432, 0.635459, 5.76108, 0.0320725
24.3415, -62.4112, 0.641153, 5.93563, 0.0331071
24.516, -61.3598, 0.647029, 6.11018, 0.0341417
24.6906, -60.278, 0.653084, 6.28474, 0.0351763
24.8651, -59.1658, 0.659321, 6.45929, 0.0362109
25.0397, -58.0231, 0.665738, 6.63384, 0.0372455
25.2143, -56.8499, 0.672336, 6.80839, 0.0382801
25.3888, -55.6462, 0.679114, 6.98294, 0.0393147
25.5634, -54.4121, 0.686073, 7.15749, 0.0403492
25.7379, -53.1475, 0.693212, 7.33204, 0.0413839
25.9125, -51.8524, 0.700532, 7.50659, 0.0424185
26.087, -50.5268, 0.708033, 7.68115, 0.043453
26.2616, -49.1708, 0.715714, 7.8557, 0.0444876
26.4361, -47.7844, 0.723576, 8.03025, 0.0455223
26.6107, -46.3674, 0.731618, 8.2048, 0.0465568
26.7852, -44.92, 0.739841, 8.37935, 0.0475914
26.9598, -43.4421, 0.748245, 8.55391, 0.0486261
27.1344, -41.9338, 0.756829, 8.72846, 0.0496607
27.3089, -40.3949, 0.765594, 8.90305, 0.0506955
27.4835, -38.8313, 0.774557, 8.92763, 0.0515962
27.658, -37.2882, 0.783478, 8.75302, 0.0506027
27.8326, -35.7755, 0.792222, 8.57846, 0.0495864
28.0071, -34.2934, 0.800788, 8.4039, 0.0485636
28.1817, -32.8417, 0.809176, 8.22935, 0.0475379
28.3562, -31.4204, 0.817384, 8.0548, 0.0465103
28.5308, -30.0297, 0.825413, 7.88025, 0.0454815
28.7053, -28.6694, 0.833262, 7.7057, 0.0444519
28.8799, -27.3395, 0.840931, 7.53115, 0.0434216
29.0544, -26.0402, 0.848421, 7.3566, 0.0423909
29.229, -24.7713, 0.85573, 7.18204, 0.0413598
29.4036, -23.5329, 0.86286, 7.00749, 0.0403284
29.5781, -22.3249, 0.869809, 6.83294, 0.0392966
29.7527, -21.1474, 0.876578, 6.65839, 0.0382647
29.9272, -20.0004, 0.883168, 6.48384, 0.0372326
30.1018, -18.8839, 0.889577, 6.30929, 0.0362003
30.2763, -17.7978, 0.895805, 6.13474, 0.0351679
30.4509, -16.7422, 0.901854, 5.96018, 0.0341353
30.6254, -15.7171, 0.907722, 5.78563, 0.0331027
30.8, -14.7224, 0.91341, 5.61108, 0.0320699
30.9745, -13.7582, 0.918918, 5.43653, 0.031037
31.1491, -12.8244, 0.924246, 5.26198, 0.0300041
31.3237, -11.9212, 0.929393, 5.08743, 0.028971
31.4982, -11.0484, 0.93436, 4.91288, 0.027938
31.6728, -10.2061, 0.939146, 4.73833, 0.0269048
31.8473, -9.39418, 0.943752, 4.56378, 0.0258716
32.0219, -8.6128, 0.948178, 4.38923, 0.0248383
32.1964, -7.86188, 0.952424, 4.21468, 0.023805
32.371, -7.14143, 0.956489, 4.04012, 0.0227716
32.5455, -6.45145, 0.960373, 3.86557, 0.0217382
32.7201, -5.79192, 0.964078, 3.69102, 0.0207048
32.8946, -5.16286, 0.967602, 3.51647, 0.0196713
33.0692, -4.56429, 0.970945, 3.34192, 0.0186378
33.2437, -3.99619, 0.974108, 3.16737, 0.0176042
33.4183, -3.45854, 0.977091, 2.99282, 0.0165707
33.5928, -2.95136, 0.979893, 2.81827, 0.0155371
33.7674, -2.47466, 0.982515, 2.64372, 0.0145034
33.942, -2.02842, 0.984957, 2.46917, 0.0134698
34.1165, -1.61266, 0.987217, 2.29462, 0.0124361
34.2911, -1.22736, 0.989298, 2.12006, 0.0114024
34.4656, -0.872528, 0.991198, 1.94551, 0.0103686
34.6402, -0.548164, 0.992918, 1.77096, 0.00933488
34.8147, -0.254272, 0.994457, 1.59641, 0.00830111
34.9893, 0.00915527, 0.995816, 1.42186, 0.00726732
35.1638, 0.242111, 0.996994, 1.24731, 0.00623351
35.3384, 0.444595, 0.997992, 1.07276, 0.00519968
35.5129, 0.616623, 0.998809, 0.898205, 0.00416583
35.6875, 0.758179, 0.999446, 0.723657, 0.00313199
35.8621, 0.869247, 0.999903, 0.549103, 0.0020981
36.0366, 0.949867, 1.00018, 0.374552, 0.0010642
36.2112, 1.00002, 1.00027, 0.200003, 3.03082e-05
