27.8975, 0
0, 0, 0, 0.5, 0
0.147312, 0.0628067, 0.000102692, 0.352696, 0.00151945
0.294625, 0.103912, 0.000429233, 0.205391, 0.0030389
0.441937, 0.123434, 0.0123545, 0.0580697, 0.00291576
0.589249, 0.121027, 0.00175378, -0.0892182, 0.0060778
0.736562, 0.0971431, 0.0136428, -0.23654, 0.00595466
0.883874, 0.051341, 0.00397368, -0.383827, 0.00911669
1.03119, -0.0160525, 0.00541939, -0.531132, 0.0106361
1.1785, -0.105144, 0.00708891, -0.678436, 0.0121556
1.32581, -0.215937, 0.00898229, -0.82574, 0.013675
1.47312, -0.348328, 0.0207806, -0.973062, 0.0135519
1.62044, -0.502619, 0.0134405, -1.12035, 0.0167139
1.76775, -0.678417, 0.0252025, -1.26767, 0.0165908
1.91506, -0.876101, 0.0187941, -1.41496, 0.0197528
2.06237, -1.0953, 0.0305198, -1.56228, 0.0196297
2.20969, -1.33638, 0.025043, -1.70957, 0.0227917
2.357, -1.59907, 0.0285032, -1.85687, 0.0243112
2.50431, -1.88346, 0.0321872, -2.00418, 0.0258306
2.65162, -2.18955, 0.0360951, -2.15148, 0.0273501
2.79893, -2.51734, 0.0402268, -2.29879, 0.0288695
2.94625, -2.86683, 0.0445823, -2.44609, 0.030389
3.09356, -3.23795, 0.0561811, -2.59341, 0.0302658
3.24087, -3.63091, 0.0539649, -2.7407, 0.0334279
3.38818, -4.04543, 0.0655274, -2.88802, 0.0333047
3.5355, -4.48173, 0.0705363, -3.03532, 0.0348242
3.68281, -4.93972, 0.075769, -3.18263, 0.0363436
3.83012, -5.41946, 0.075416, -3.32992, 0.0395057
3.97743, -5.92085, 0.0813384, -3.47722, 0.0410251
4.12475, -6.44388, 0.0928102, -3.62454, 0.040902
4.27206, -6.98868, 0.0989383, -3.77185, 0.0424214
4.41937, -7.55521, 0.100449, -3.91914, 0.0455835
4.56668, -8.14335, 0.111866, -4.06646, 0.0454603
4.71399, -8.75329, 0.114308, -4.21374, 0.0486224
4.86131, -9.38483, 0.125689, -4.36107, 0.0484992
5.00862, -10.0381, 0.132936, -4.50837, 0.0500187
5.15593, -10.7131, 0.140407, -4.65567, 0.0515381
5.30324, -11.4098, 0.144712, -4.80296, 0.0547002
5.45056, -12.1282, 0.156021, -4.95028, 0.054577
5.59787, -12.8683, 0.161257, -5.09757, 0.0577391
5.74518, -13.6301, 0.1726, -5.24489, 0.0575725
5.89249, -14.4135, 0.181184, -5.3922, 0.059092
6.03981, -15.2187, 0.189934, -5.5395, 0.0606548
6.18712, -16.0456, 0.197034, -5.68679, 0.0638169
6.33443, -16.8942, 0.208338, -5.83411, 0.063593
6.48174, -17.7645, 0.21778, -5.98141, 0.0651444
6.62906, -18.6565, 0.227461, -6.12872, 0.0666892
6.77637, -19.5702, 0.237454, -6.27602, 0.0680965
6.92368, -20.5056, 0.246791, -6.42332, 0.0714142
7.07099, -21.4626, 0.257941, -6.57063, 0.0711534
7.2183, -22.4414, 0.268537, -6.71791, 0.0725913
7.36562, -23.4419, 0.279334, -6.86411, 0.0738612
7.51293, -24.4428, 0.290067, -6.7206, 0.0720334
7.66024, -25.422, 0.300563, -6.57331, 0.0704705
7.80755, -26.3794, 0.31083, -6.426, 0.0689255
7.95487, -27.3152, 0.32087, -6.27872, 0.0673882
8.10218, -28.2293, 0.330684, -6.1314, 0.0658547
8.24949, -29.1217, 0.340273, -5.9841, 0.0643238
8.3968, -29.9924, 0.349636, -5.8368, 0.0627947
8.54412, -30.8414, 0.358774, -5.68949, 0.0612669
8.69143, -31.6686, 0.367687, -5.54219, 0.05974
8.83874, -32.4742, 0.376375, -5.39489, 0.058214
8.98605, -33.2581, 0.384838, -5.24758, 0.0566886
9.13336, -34.0203, 0.393076, -5.10028, 0.0551637
9.28068, -34.7608, 0.40109, -4.95297, 0.0536392
9.42799, -35.4796, 0.40888, -4.80567, 0.0521152
9.5753, -36.1766, 0.416445, -4.65836, 0.0505914
9.72261, -36.852, 0.423785, -4.51106, 0.0490679
9.86993, -37.5057, 0.430902, -4.36375, 0.0475446
10.0172, -38.1377, 0.437793, -4.21645, 0.0460216
10.1646, -38.748, 0.444461, -4.06915, 0.0444988
10.3119, -39.3366, 0.450904, -3.92184, 0.0429761
10.4592, -39.9035, 0.457122, -3.77454, 0.0414536
10.6065, -40.4486, 0.463117, -3.62723, 0.0399313
10.7538, -40.9721, 0.468887, -3.47993, 0.038409
10.9011, -41.4739, 0.474433, -3.33262, 0.0368869
11.0484, -41.954, 0.479755, -3.18532, 0.0353649
11.1957, -42.4124, 0.484853, -3.03802, 0.033843
11.3431, -42.8491, 0.489726, -2.89071, 0.0323212
11.4904, -43.2641, 0.494375, -2.7434, 0.0307994
11.6377, -43.6574, 0.4988, -2.5961, 0.0292778
11.785, -44.0289, 0.503001, -2.4488, 0.0277562
11.9323, -44.3788, 0.506978, -2.30149, 0.0262348
12.0796, -44.707, 0.510731, -2.15419, 0.0247133
12.2269, -45.0135, 0.514259, -2.00688, 0.0231919
12.3742, -45.2983, 0.517564, -1.85958, 0.0216706
12.5215, -45.5614, 0.520644, -1.71228, 0.0201494
12.6689, -45.8028, 0.5235, -1.56497, 0.0186281
12.8162, -46.0225, 0.526132, -1.41766, 0.017107
12.9635, -46.2205, 0.52854, -1.27036, 0.0155859
13.1108, -46.3967, 0.530724, -1.12306, 0.0140648
13.2581, -46.5513, 0.532684, -0.975751, 0.0125437
13.4054, -46.6842, 0.53442, -0.828449, 0.0110228
13.5527, -46.7954, 0.535932, -0.681142, 0.00950178
13.7, -46.8849, 0.537219, -0.533838, 0.00798087
13.8474, -46.9527, 0.538283, -0.386534, 0.00645998
13.9947, -46.9988, 0.539122, -0.23923, 0.00493913
14.142, -47.0232, 0.539738, -0.0919251, 0.0034183
14.2893, -47.0259, 0.54013, 0.0553789, 0.00189751
14.4366, -47.0069, 0.540297, 0.202684, 0.000376741
14.5839, -46.9661, 0.540241, 0.34999, -0.00114402
14.7171, -46.9106, 0.548694, 0.483129, 0.00135671
14.8502, -46.8374, 0.549072, 0.616258, 0.00271342
14.9833, -46.7465, 0.54963, 0.749386, 0.00407012
15.1165, -46.6379, 0.550369, 0.882515, 0.00542684
15.2496, -46.5115, 0.551289, 1.01564, 0.00678354
15.3827, -46.3675, 0.552389, 1.14877, 0.00814025
15.5159, -46.2057, 0.55367, 1.2819, 0.00949696
15.649, -46.0261, 0.555131, 1.41503, 0.0108537
15.7821, -45.8289, 0.556773, 1.54816, 0.0122104
15.9153, -45.6139, 0.558596, 1.68129, 0.0135671
16.0484, -45.3812, 0.560599, 1.81442, 0.0149238
16.1815, -45.1308, 0.562783, 1.94755, 0.0162805
16.3147, -44.8626, 0.565148, 2.08067, 0.0176372
16.4478, -44.5768, 0.567693, 2.2138, 0.0189939
16.581, -44.2732, 0.570419, 2.34693, 0.0203506
16.7141, -43.9518, 0.573325, 2.48006, 0.0217073
16.8472, -43.6128, 0.576413, 2.61319, 0.0230641
16.9804, -43.256, 0.57968, 2.74632, 0.0244208
17.1135, -42.8815, 0.583129, 2.87945, 0.0257775
17.2466, -42.4893, 0.586758, 3.01257, 0.0271342
17.3798, -42.0794, 0.590567, 3.1457, 0.0284909
17.5129, -41.6517, 0.594557, 3.27883, 0.0298476
17.646, -41.2063, 0.598728, 3.41196, 0.0312043
17.7792, -40.7432, 0.60308, 3.54509, 0.032561
17.9123, -40.2624, 0.607612, 3.67822, 0.0339177
18.0454, -39.7638, 0.612325, 3.81135, 0.0352744
18.1786, -39.2475, 0.617218, 3.94448, 0.0366311
18.3117, -38.7135, 0.622292, 4.0776, 0.0379879
18.4449, -38.1618, 0.627547, 4.21073, 0.0393446
18.578, -37.5923, 0.632982, 4.34386, 0.0407013
18.7111, -37.0051, 0.638598, 4.47699, 0.042058
18.8443, -36.4002, 0.644394, 4.61012, 0.0434147
18.9774, -35.7776, 0.650371, 4.74325, 0.0447714
19.1105, -35.1372, 0.656529, 4.87638, 0.0461281
19.2437, -34.4791, 0.662867, 5.00951, 0.0474848
19.3768, -33.8033, 0.669387, 5.14263, 0.0488415
19.5099, -33.1098, 0.676086, 5.27576, 0.0501982
19.6431, -32.3985, 0.682966, 5.40889, 0.0515549
19.7762, -31.6696, 0.690027, 5.54202, 0.0529117
19.9093, -30.9229, 0.697269, 5.67515, 0.0542684
20.0425, -30.1584, 0.704691, 5.80828, 0.0556251
20.1756, -29.3763, 0.712294, 5.94141, 0.0569818
20.3088, -28.5764, 0.720077, 6.07453, 0.0583385
20.4419, -27.7588, 0.728041, 6.20767, 0.0596952
20.575, -26.9235, 0.736186, 6.34079, 0.0610519
20.7082, -26.0704, 0.744511, 6.47392, 0.0624086
20.8413, -25.1997, 0.753017, 6.60706, 0.0637654
20.9744, -24.3112, 0.761703, 6.74019, 0.0651222
21.1076, -23.405, 0.770571, 6.8733, 0.0664787
21.2407, -22.4866, 0.779444, 6.85645, 0.0663566
21.3738, -21.5827, 0.788099, 6.72331, 0.0650809
21.507, -20.6964, 0.796591, 6.59019, 0.0637979
21.6401, -19.8279, 0.80492, 6.45707, 0.0625087
21.7732, -18.9771, 0.813083, 6.32394, 0.0612142
21.9064, -18.144, 0.821078, 6.19081, 0.0599152
22.0395, -17.3286, 0.828905, 6.05768, 0.0586124
22.1727, -16.531, 0.836562, 5.92455, 0.0573062
22.3058, -15.7511, 0.844049, 5.79142, 0.0559969
22.4389, -14.9889, 0.851364, 5.65829, 0.0546851
22.5721, -14.2445, 0.858507, 5.52516, 0.0533708
22.7052, -13.5177, 0.865478, 5.39203, 0.0520544
22.8383, -12.8087, 0.872275, 5.2589, 0.0507361
22.9715, -12.1174, 0.878899, 5.12577, 0.049416
23.1046, -11.4439, 0.885349, 4.99264, 0.0480944
23.2377, -10.788, 0.891624, 4.85952, 0.0467712
23.3709, -10.1499, 0.897725, 4.72639, 0.0454467
23.504, -9.52953, 0.903651, 4.59326, 0.044121
23.6371, -8.92687, 0.909402, 4.46013, 0.0427941
23.7703, -8.34193, 0.914977, 4.327, 0.0414661
23.9034, -7.77471, 0.920377, 4.19387, 0.0401372
24.0366, -7.22522, 0.9256, 4.06074, 0.0388073
24.1697, -6.69344, 0.930648, 3.92761, 0.0374766
24.3028, -6.17941, 0.935519, 3.79448, 0.036145
24.436, -5.68308, 0.940214, 3.66135, 0.0348127
24.5691, -5.2045, 0.944732, 3.52823, 0.0334796
24.7022, -4.74363, 0.949074, 3.39509, 0.0321459
24.8354, -4.30047, 0.953239, 3.26197, 0.0308115
24.9685, -3.87506, 0.957226, 3.12884, 0.0294766
25.1016, -3.46735, 0.961037, 2.99571, 0.028141
25.2348, -3.07739, 0.96467, 2.86258, 0.0268049
25.3679, -2.70514, 0.968126, 2.72945, 0.0254683
25.501, -2.35061, 0.971405, 2.59632, 0.0241312
25.6342, -2.01381, 0.974506, 2.46319, 0.0227937
25.7673, -1.69473, 0.97743, 2.33006, 0.0214556
25.9005, -1.39338, 0.980176, 2.19693, 0.0201172
26.0336, -1.10975, 0.982744, 2.06381, 0.0187784
26.1667, -0.843845, 0.985134, 1.93068, 0.0174391
26.2999, -0.595661, 0.987347, 1.79755, 0.0160995
26.433, -0.365211, 0.989381, 1.66442, 0.0147596
26.5661, -0.152473, 0.991238, 1.53129, 0.0134192
26.6993, 0.0425377, 0.992916, 1.39816, 0.0120786
26.8324, 0.219807, 0.994417, 1.26503, 0.0107377
26.9655, 0.379368, 0.995739, 1.1319, 0.00939638
27.0987, 0.52121, 0.996883, 0.998775, 0.00805485
27.2318, 0.645321, 0.997848, 0.865645, 0.00671302
27.3649, 0.751713, 0.998636, 0.732518, 0.00537094
27.4981, 0.84037, 0.999244, 0.599388, 0.00402856
27.6312, 0.911312, 0.999675, 0.466258, 0.00268594
27.7644, 0.964523, 0.999927, 0.33313, 0.00134309
27.8975, 1.00001, 1, 0.200001, -3.84171e-09
