4.38024, 0
0, 0, 0, 0.5, 0
0.0208119, 0.00909369, 0.000781536, 0.507276, 0.019439
0.0416237, 0.0183396, 0.00196865, 0.51455, 0.0388758
0.0624356, 0.0277377, 0.00356115, 0.521823, 0.0583105
0.0832475, 0.0372881, 0.00555917, 0.529095, 0.0777427
0.104059, 0.0469907, 0.00796268, 0.536365, 0.0971724
0.124871, 0.0568456, 0.0107717, 0.543634, 0.116599
0.145683, 0.0668527, 0.013986, 0.5509, 0.136024
0.166495, 0.0770121, 0.0176059, 0.558165, 0.155445
0.187307, 0.0873237, 0.0216312, 0.565427, 0.174862
0.208119, 0.0977878, 0.0260619, 0.572687, 0.194276
0.228931, 0.108404, 0.030898, 0.579945, 0.213686
0.249742, 0.119173, 0.0361395, 0.5872, 0.233092
0.270554, 0.130094, 0.0417864, 0.594453, 0.252493
0.291366, 0.141167, 0.0478387, 0.601702, 0.27189
0.312178, 0.152393, 0.0542963, 0.608948, 0.29128
0.33299, 0.163772, 0.0611592, 0.61619, 0.310665
0.353802, 0.175303, 0.0684275, 0.623428, 0.330044
0.374614, 0.186986, 0.0761011, 0.630662, 0.349415
0.395425, 0.198822, 0.0841798, 0.63789, 0.368778
0.416237, 0.210811, 0.0926639, 0.645114, 0.388133
0.437049, 0.222953, 0.101553, 0.652331, 0.407478
0.457861, 0.235247, 0.110847, 0.659542, 0.426812
0.478673, 0.247695, 0.120547, 0.666745, 0.446135
0.499485, 0.260295, 0.130651, 0.67394, 0.465444
0.520297, 0.273048, 0.141161, 0.681126, 0.484737
0.541108, 0.285955, 0.152075, 0.688301, 0.504014
0.56192, 0.299015, 0.163394, 0.695464, 0.523271
0.582732, 0.312229, 0.175118, 0.702613, 0.542506
0.603544, 0.325597, 0.187246, 0.709746, 0.561716
0.624356, 0.339119, 0.199778, 0.716861, 0.580895
0.645168, 0.352795, 0.212715, 0.723954, 0.60004
0.66598, 0.366626, 0.226055, 0.731022, 0.619144
0.686791, 0.380613, 0.239799, 0.73806, 0.638199
0.707603, 0.394756, 0.253946, 0.745062, 0.657196
0.728415, 0.409056, 0.268496, 0.75202, 0.676122
0.749227, 0.423514, 0.283447, 0.758925, 0.694962
0.770039, 0.438131, 0.298799, 0.765763, 0.713693
0.790851, 0.45291, 0.314551, 0.772517, 0.732286
0.811663, 0.467853, 0.3307, 0.779162, 0.750704
0.832475, 0.482963, 0.347244, 0.785666, 0.768888
0.853286, 0.498246, 0.364179, 0.791978, 0.786759
0.874098, 0.513709, 0.381498, 0.798026, 0.804196
0.89491, 0.529363, 0.399192, 0.8037, 0.821016
0.915722, 0.545224, 0.417244, 0.808828, 0.836929
0.936534, 0.561316, 0.435626, 0.81314, 0.851477
0.957346, 0.577673, 0.454287, 0.816215, 0.863932
0.978158, 0.594332, 0.473144, 0.817459, 0.873247
0.998969, 0.611312, 0.492066, 0.816226, 0.878209
1.01978, 0.628566, 0.510897, 0.81218, 0.878047
1.04059, 0.645969, 0.529504, 0.805603, 0.87301
1.06141, 0.663371, 0.547811, 0.797207, 0.864144
1.08222, 0.680655, 0.565787, 0.787698, 0.852596
1.10303, 0.697751, 0.583421, 0.777579, 0.839242
1.12384, 0.714621, 0.600708, 0.767158, 0.824662
1.14465, 0.731246, 0.617646, 0.756612, 0.809228
1.16546, 0.747621, 0.634231, 0.746045, 0.793177
1.18628, 0.763744, 0.650461, 0.735512, 0.776668
1.20709, 0.779615, 0.666333, 0.725045, 0.759806
1.2279, 0.79524, 0.681845, 0.714662, 0.742666
1.24871, 0.81062, 0.696994, 0.704371, 0.725303
1.26952, 0.825759, 0.711778, 0.694173, 0.707756
1.29034, 0.840663, 0.726193, 0.68407, 0.690056
1.31115, 0.855334, 0.74024, 0.674058, 0.672225
1.33196, 0.869775, 0.753915, 0.664135, 0.654283
1.35277, 0.883991, 0.767217, 0.654298, 0.636244
1.37358, 0.897984, 0.780143, 0.644541, 0.61812
1.39439, 0.911758, 0.792695, 0.634862, 0.599921
1.41521, 0.925315, 0.804868, 0.625257, 0.581655
1.43602, 0.938657, 0.816663, 0.615721, 0.563329
1.45683, 0.951787, 0.828078, 0.606252, 0.544949
1.47764, 0.964707, 0.839113, 0.596845, 0.526519
1.49845, 0.97742, 0.849765, 0.587498, 0.508045
1.51927, 0.989927, 0.860035, 0.578207, 0.489531
1.54008, 1.00223, 0.869921, 0.56897, 0.470978
1.56089, 1.01433, 0.879423, 0.559784, 0.452391
1.5817, 1.02623, 0.888539, 0.550647, 0.433771
1.60251, 1.03793, 0.89727, 0.541557, 0.415122
1.62333, 1.04944, 0.905615, 0.53251, 0.396445
1.64414, 1.06074, 0.913572, 0.523506, 0.377742
1.66495, 1.07186, 0.921142, 0.514541, 0.359015
1.68576, 1.08277, 0.928323, 0.505615, 0.340265
1.70657, 1.0935, 0.935116, 0.496726, 0.321494
1.72738, 1.10403, 0.94152, 0.487872, 0.302702
1.7482, 1.11438, 0.947534, 0.479052, 0.283892
1.76901, 1.12453, 0.953158, 0.470264, 0.265063
1.78982, 1.1345, 0.958391, 0.461507, 0.246217
1.81063, 1.14428, 0.963234, 0.452779, 0.227356
1.83144, 1.15387, 0.967685, 0.44408, 0.208478
1.85226, 1.16327, 0.971745, 0.435409, 0.189587
1.87307, 1.17249, 0.975413, 0.426764, 0.170681
1.89388, 1.18153, 0.978688, 0.418144, 0.151763
1.91469, 1.19038, 0.981571, 0.409549, 0.132831
1.9355, 1.19904, 0.984062, 0.400977, 0.113888
1.95632, 1.20753, 0.986159, 0.392429, 0.0949326
1.97713, 1.21583, 0.987862, 0.383902, 0.0759665
1.99794, 1.22396, 0.989172, 0.375396, 0.0569895
2.01875, 1.2319, 0.990088, 0.366911, 0.038003
2.03956, 1.23966, 0.99061, 0.358446, 0.0190061
2.06037, 1.24724, 0.990737, 0.35, 7.82311e-08
2.08357, 1.2552, 0.990951, 0.33448, 0.0172433
2.10677, 1.26276, 0.991535, 0.318987, 0.0345097
2.12997, 1.26998, 0.992536, 0.303474, 0.0517584
2.15317, 1.27683, 0.993932, 0.287964, 0.0690098
2.17637, 1.28334, 0.995742, 0.272435, 0.0862449
2.19957, 1.28949, 0.997945, 0.25691, 0.103483
2.22277, 1.29526, 1.00054, 0.241389, 0.120725
2.24596, 1.30067, 1.00353, 0.225872, 0.13797
2.26916, 1.30575, 1.00695, 0.210318, 0.155182
2.29236, 1.31044, 1.01074, 0.194789, 0.172416
2.31556, 1.31478, 1.01494, 0.179245, 0.189637
2.33876, 1.31877, 1.01955, 0.163687, 0.206846
2.36196, 1.32237, 1.02454, 0.148152, 0.224074
2.38516, 1.32562, 1.02993, 0.132603, 0.241292
2.40835, 1.32853, 1.03574, 0.117026, 0.258483
2.43155, 1.33106, 1.04193, 0.101455, 0.275679
2.45475, 1.33323, 1.04852, 0.0858896, 0.292881
2.47795, 1.33505, 1.05552, 0.0702989, 0.31006
2.50115, 1.3365, 1.06292, 0.0547153, 0.327245
2.52435, 1.33759, 1.0707, 0.0391236, 0.344423
2.54755, 1.33831, 1.07889, 0.0235249, 0.361594
2.57075, 1.33868, 1.08749, 0.00790638, 0.378748
2.59394, 1.33868, 1.09647, -0.00770342, 0.395909
2.61714, 1.33832, 1.10585, -0.0233307, 0.413055
2.64034, 1.33759, 1.11563, -0.0389608, 0.430198
2.66354, 1.33651, 1.12581, -0.054605, 0.447327
2.68674, 1.33507, 1.13639, -0.070273, 0.464436
2.70994, 1.33325, 1.14735, -0.0859287, 0.481555
2.73314, 1.33107, 1.15873, -0.101615, 0.498647
2.75634, 1.32854, 1.17049, -0.117318, 0.515723
2.77953, 1.32563, 1.18266, -0.133034, 0.532788
2.80273, 1.32236, 1.19521, -0.148761, 0.549841
2.82593, 1.31873, 1.20817, -0.164514, 0.566871
2.84913, 1.31473, 1.22152, -0.18028, 0.583889
2.87233, 1.31037, 1.23526, -0.196079, 0.600877
2.89553, 1.30563, 1.24939, -0.211883, 0.617859
2.91873, 1.30053, 1.26392, -0.22773, 0.634801
2.94192, 1.29507, 1.27885, -0.243618, 0.651706
2.96512, 1.28923, 1.29416, -0.259529, 0.668588
2.98832, 1.28302, 1.30987, -0.275496, 0.685418
3.01152, 1.27645, 1.32596, -0.291512, 0.702202
3.03472, 1.2695, 1.34245, -0.307592, 0.718922
3.05792, 1.26218, 1.35932, -0.32374, 0.735578
3.08112, 1.25448, 1.37657, -0.339969, 0.752155
3.10432, 1.2464, 1.39422, -0.356324, 0.768609
3.12751, 1.23794, 1.41224, -0.372821, 0.784919
3.15071, 1.2291, 1.43063, -0.389516, 0.801028
3.17391, 1.21987, 1.4494, -0.406466, 0.816864
3.19711, 1.21024, 1.46853, -0.42384, 0.832235
3.22031, 1.2002, 1.48801, -0.441917, 0.84677
3.24351, 1.18972, 1.5078, -0.46139, 0.859332
3.26671, 1.17877, 1.52782, -0.483564, 0.863135
3.2899, 1.16743, 1.54762, -0.489246, 0.842633
3.3131, 1.15617, 1.56692, -0.480398, 0.821245
3.3363, 1.14516, 1.58574, -0.468616, 0.801272
3.3595, 1.13444, 1.6041, -0.455713, 0.781993
3.3827, 1.12402, 1.62202, -0.442223, 0.763119
3.4059, 1.11392, 1.63951, -0.428375, 0.744508
3.4291, 1.10415, 1.65657, -0.414281, 0.72608
3.4523, 1.0947, 1.6732, -0.400012, 0.707789
3.47549, 1.08559, 1.68941, -0.385611, 0.689602
3.49869, 1.07681, 1.7052, -0.371104, 0.671498
3.52189, 1.06837, 1.72057, -0.356515, 0.653461
3.54509, 1.06027, 1.73552, -0.341857, 0.63548
3.56829, 1.05251, 1.75005, -0.327142, 0.617546
3.59149, 1.04509, 1.76417, -0.312377, 0.599651
3.61469, 1.03802, 1.77787, -0.297572, 0.581792
3.63789, 1.03129, 1.79116, -0.282729, 0.563962
3.66108, 1.0249, 1.80404, -0.267856, 0.546159
3.68428, 1.01886, 1.8165, -0.252954, 0.52838
3.70748, 1.01316, 1.82855, -0.238027, 0.510622
3.73068, 1.00781, 1.84019, -0.223077, 0.492882
3.75388, 1.00281, 1.85142, -0.208108, 0.475159
3.77708, 0.998159, 1.86224, -0.19312, 0.457452
3.80028, 0.993853, 1.87265, -0.178116, 0.439759
3.82347, 0.989895, 1.88264, -0.163096, 0.422079
3.84667, 0.986286, 1.89223, -0.148062, 0.40441
3.86987, 0.983025, 1.90141, -0.133016, 0.386753
3.89307, 0.980114, 1.91018, -0.117958, 0.369105
3.91627, 0.977552, 1.91853, -0.102889, 0.351467
3.93947, 0.97534, 1.92648, -0.0878099, 0.333838
3.96267, 0.973479, 1.93402, -0.0727212, 0.316217
3.98587, 0.971967, 1.94115, -0.0576233, 0.298603
4.00906, 0.970805, 1.94788, -0.0425175, 0.280996
4.03226, 0.969994, 1.95419, -0.0274037, 0.263396
4.05546, 0.969534, 1.9601, -0.0122828, 0.245803
4.07866, 0.969424, 1.9656, 0.0028452, 0.228215
4.10186, 0.969666, 1.97069, 0.0179793, 0.210633
4.12506, 0.970258, 1.97537, 0.0331197, 0.193056
4.14826, 0.971202, 1.97964, 0.0482664, 0.175484
4.17145, 0.972498, 1.98351, 0.0634178, 0.157918
4.19465, 0.974145, 1.98697, 0.078575, 0.140355
4.21785, 0.976143, 1.99002, 0.0937369, 0.122797
4.24105, 0.978494, 1.99267, 0.108904, 0.105242
4.26425, 0.981196, 1.99491, 0.124075, 0.087692
4.28745, 0.984251, 1.99674, 0.13925, 0.0701451
4.31065, 0.987657, 1.99816, 0.15443, 0.0526021
4.33385, 0.991416, 1.99918, 0.169613, 0.0350624
4.35704, 0.995527, 1.99979, 0.1848, 0.0175258
4.38024, 0.99999, 1.99999, 0.199991, -7.48783e-06
