3.3094, 0
0, 0, 0, 0.5, 0
0.0166871, 0.00839986, 0.00017235, 0.49387, 0.0155202
0.0333742, 0.0166975, 0.000603512, 0.487741, 0.0310404
0.0500613, 0.0248928, 0.00129388, 0.481611, 0.0465606
0.0667485, 0.0329858, 0.00224322, 0.475481, 0.0620807
0.0834356, 0.0409765, 0.00345148, 0.469351, 0.0776009
0.100123, 0.0488649, 0.00491878, 0.463222, 0.0931211
0.11681, 0.0566511, 0.006645, 0.457092, 0.108641
0.133497, 0.064335, 0.00863026, 0.450962, 0.124161
0.150184, 0.0719166, 0.0108745, 0.444833, 0.139681
0.166871, 0.0793958, 0.0133778, 0.438703, 0.155202
0.183558, 0.0867728, 0.01614, 0.432573, 0.170722
0.200245, 0.0940475, 0.0191611, 0.426444, 0.186242
0.216932, 0.10122, 0.0224414, 0.420314, 0.201762
0.23362, 0.10829, 0.0259806, 0.414184, 0.217282
0.250307, 0.115258, 0.0297789, 0.408055, 0.232802
0.266994, 0.122123, 0.033836, 0.401925, 0.248322
0.283681, 0.128887, 0.0381522, 0.395796, 0.263842
0.300368, 0.135548, 0.0427274, 0.389666, 0.279362
0.317055, 0.142106, 0.0475615, 0.383536, 0.294882
0.333742, 0.148563, 0.0526547, 0.377407, 0.310402
0.350429, 0.154917, 0.0580069, 0.371277, 0.325922
0.367117, 0.161169, 0.063618, 0.365148, 0.341442
0.383804, 0.167318, 0.0694881, 0.359018, 0.356961
0.400491, 0.173365, 0.0756173, 0.352888, 0.372481
0.417178, 0.17931, 0.0820054, 0.346759, 0.388001
0.433865, 0.185153, 0.0886525, 0.340629, 0.403521
0.450552, 0.190893, 0.0955586, 0.3345, 0.419041
0.467239, 0.196531, 0.102724, 0.32837, 0.43456
0.483926, 0.202067, 0.110148, 0.322241, 0.45008
0.500613, 0.207501, 0.117831, 0.316111, 0.4656
0.517301, 0.212832, 0.125773, 0.309982, 0.481119
0.533988, 0.218061, 0.133974, 0.303853, 0.496639
0.550675, 0.223187, 0.142434, 0.297723, 0.512158
0.567362, 0.228212, 0.151153, 0.291594, 0.527678
0.584049, 0.233134, 0.160131, 0.285464, 0.543197
0.600736, 0.237953, 0.169368, 0.279335, 0.558717
0.617423, 0.242671, 0.178864, 0.273206, 0.574236
0.63411, 0.247286, 0.188619, 0.267076, 0.589755
0.650797, 0.251799, 0.198633, 0.260947, 0.605274
0.667485, 0.25621, 0.208906, 0.254818, 0.620793
0.684172, 0.260518, 0.219438, 0.248689, 0.636312
0.700859, 0.264724, 0.230229, 0.24256, 0.651831
0.717546, 0.268828, 0.241279, 0.236431, 0.66735
0.734233, 0.272829, 0.252588, 0.230302, 0.682868
0.75092, 0.276728, 0.264156, 0.224173, 0.698386
0.767607, 0.280525, 0.275983, 0.218044, 0.713905
0.784294, 0.28422, 0.288069, 0.211915, 0.729423
0.800982, 0.287812, 0.300414, 0.205787, 0.74494
0.817669, 0.291302, 0.313018, 0.199658, 0.760458
0.834356, 0.29469, 0.325881, 0.19353, 0.775975
0.851043, 0.297975, 0.339002, 0.187402, 0.791492
0.86773, 0.301158, 0.352383, 0.181274, 0.807008
0.884417, 0.304239, 0.366023, 0.175146, 0.822524
0.901104, 0.307217, 0.379922, 0.169019, 0.83804
0.917791, 0.310094, 0.39408, 0.162891, 0.853554
0.934478, 0.312868, 0.408497, 0.156765, 0.869068
0.951166, 0.315539, 0.423172, 0.150638, 0.884581
0.967853, 0.318108, 0.438107, 0.144513, 0.900092
0.98454, 0.320575, 0.453301, 0.138388, 0.915601
1.00123, 0.32294, 0.468754, 0.132264, 0.931109
1.01791, 0.325203, 0.484466, 0.126141, 0.946613
1.0346, 0.327363, 0.500437, 0.12002, 0.962114
1.05129, 0.32942, 0.516666, 0.113903, 0.977607
1.06798, 0.331376, 0.533155, 0.10779, 0.993091
1.08466, 0.333229, 0.549902, 0.101683, 1.00856
1.10135, 0.334979, 0.566909, 0.0955907, 1.024
1.11804, 0.336627, 0.584174, 0.0895272, 1.03937
1.13472, 0.338171, 0.601698, 0.0835459, 1.05457
1.15141, 0.339607, 0.619477, 0.0780269, 1.06874
1.1681, 0.340884, 0.637402, 0.0784645, 1.06966
1.18479, 0.342163, 0.65513, 0.0851738, 1.05614
1.20147, 0.343569, 0.672611, 0.0922028, 1.04138
1.21816, 0.345102, 0.689843, 0.0991705, 1.02637
1.23485, 0.346759, 0.706826, 0.106058, 1.01125
1.25153, 0.348536, 0.723557, 0.112872, 0.996061
1.26822, 0.350431, 0.740036, 0.119622, 0.980831
1.28491, 0.352442, 0.756261, 0.12632, 0.965566
1.30159, 0.354569, 0.772232, 0.132973, 0.950277
1.31828, 0.356809, 0.787949, 0.139587, 0.934967
1.33497, 0.359161, 0.803411, 0.146168, 0.919639
1.35166, 0.361625, 0.818618, 0.15272, 0.9043
1.36834, 0.3642, 0.83357, 0.159245, 0.888946
1.38503, 0.366885, 0.848266, 0.165749, 0.873582
1.40172, 0.369681, 0.862706, 0.172231, 0.858209
1.4184, 0.372585, 0.87689, 0.178696, 0.842827
1.43509, 0.375599, 0.890817, 0.185144, 0.827439
1.45178, 0.37872, 0.904488, 0.191577, 0.812044
1.46847, 0.381951, 0.917902, 0.197997, 0.796642
1.48515, 0.385289, 0.93106, 0.204404, 0.781236
1.50184, 0.388734, 0.943961, 0.2108, 0.765824
1.51853, 0.392287, 0.956605, 0.217185, 0.750408
1.53521, 0.395948, 0.968992, 0.223561, 0.734988
1.5519, 0.399715, 0.981121, 0.229927, 0.719563
1.56859, 0.403589, 0.992994, 0.236285, 0.704136
1.58528, 0.407569, 1.00461, 0.242636, 0.688705
1.60196, 0.411656, 1.01597, 0.248979, 0.673271
1.61865, 0.415849, 1.02707, 0.255315, 0.657834
1.63534, 0.420149, 1.03791, 0.261645, 0.642395
1.65202, 0.424554, 1.0485, 0.267969, 0.626953
1.6686, 0.429131, 1.05887, 0.284247, 0.623836
1.68517, 0.433977, 1.06918, 0.300526, 0.620726
1.70175, 0.439093, 1.07945, 0.316803, 0.617601
1.71832, 0.444477, 1.08965, 0.33308, 0.614482
1.73489, 0.450134, 1.09982, 0.349353, 0.61134
1.75147, 0.456058, 1.10992, 0.365628, 0.608205
1.76804, 0.462253, 1.11997, 0.3819, 0.605057
1.78461, 0.468717, 1.12997, 0.398171, 0.601908
1.80119, 0.475451, 1.13992, 0.414441, 0.598747
1.81776, 0.482455, 1.14982, 0.430708, 0.595575
1.83434, 0.489728, 1.15966, 0.446976, 0.592403
1.85091, 0.497272, 1.16946, 0.463239, 0.589212
1.86748, 0.505084, 1.1792, 0.479503, 0.586022
1.88406, 0.513164, 1.18888, 0.495767, 0.582831
1.90063, 0.521517, 1.19851, 0.512026, 0.579616
1.9172, 0.530138, 1.2081, 0.528283, 0.576395
1.93378, 0.539028, 1.21762, 0.54454, 0.573167
1.95035, 0.548187, 1.22709, 0.560795, 0.569934
1.96692, 0.557617, 1.23651, 0.577046, 0.56668
1.9835, 0.567315, 1.24588, 0.593297, 0.563423
2.00007, 0.577283, 1.25519, 0.609545, 0.560155
2.01665, 0.58752, 1.26445, 0.62579, 0.55687
2.03322, 0.598026, 1.27365, 0.642033, 0.553576
2.04979, 0.608802, 1.2828, 0.658273, 0.550267
2.06637, 0.619847, 1.29189, 0.674511, 0.546946
2.08294, 0.63116, 1.30093, 0.690746, 0.543612
2.09951, 0.642743, 1.3099, 0.706978, 0.540267
2.11609, 0.654595, 1.31883, 0.723206, 0.536901
2.13266, 0.666715, 1.3277, 0.739432, 0.53352
2.14924, 0.679105, 1.33652, 0.755653, 0.53012
2.16581, 0.691763, 1.34528, 0.771871, 0.526705
2.18238, 0.70469, 1.35398, 0.788085, 0.523274
2.19896, 0.717886, 1.36262, 0.804295, 0.519819
2.21553, 0.731351, 1.37121, 0.8205, 0.516343
2.2321, 0.745084, 1.37974, 0.8367, 0.512843
2.24868, 0.759085, 1.3882, 0.852897, 0.509327
2.26525, 0.773355, 1.39662, 0.869086, 0.505778
2.28183, 0.787893, 1.40497, 0.88527, 0.502204
2.2984, 0.802699, 1.41327, 0.901447, 0.4986
2.31497, 0.817774, 1.4215, 0.917618, 0.494969
2.33155, 0.833116, 1.42967, 0.93378, 0.4913
2.34812, 0.848726, 1.43778, 0.949937, 0.487605
2.36469, 0.864604, 1.44584, 0.966082, 0.483861
2.38127, 0.880749, 1.45382, 0.98222, 0.480083
2.39784, 0.897162, 1.46175, 0.998347, 0.476263
2.41441, 0.913842, 1.46961, 1.01446, 0.472384
2.43099, 0.930789, 1.47741, 1.03056, 0.468456
2.44756, 0.948002, 1.48514, 1.04665, 0.464475
2.46414, 0.965482, 1.4928, 1.06272, 0.460426
2.48071, 0.983229, 1.5004, 1.07878, 0.456306
2.49728, 1.00124, 1.50793, 1.09481, 0.452111
2.51386, 1.01952, 1.51538, 1.11082, 0.447826
2.53043, 1.03806, 1.52277, 1.1268, 0.443439
2.547, 1.05687, 1.53008, 1.14275, 0.438942
2.56358, 1.07594, 1.53732, 1.15867, 0.434307
2.58015, 1.09528, 1.54448, 1.17454, 0.429535
2.59673, 1.11487, 1.55156, 1.19035, 0.42458
2.6133, 1.13473, 1.55855, 1.2061, 0.419416
2.62987, 1.15485, 1.56546, 1.22177, 0.414005
2.64645, 1.17523, 1.57227, 1.23733, 0.4083
2.66302, 1.19587, 1.57899, 1.25274, 0.402198
2.67959, 1.21675, 1.5856, 1.26795, 0.395622
2.69617, 1.23789, 1.5921, 1.28286, 0.388392
2.71274, 1.25927, 1.59847, 1.2973, 0.380271
2.72932, 1.28089, 1.6047, 1.31094, 0.370863
2.74589, 1.30272, 1.61075, 1.32301, 0.359546
2.76246, 1.32473, 1.6166, 1.33162, 0.34549
2.77904, 1.34682, 1.62219, 1.33288, 0.329201
2.79561, 1.36885, 1.62752, 1.3248, 0.314967
2.81218, 1.3907, 1.63266, 1.31142, 0.305308
2.82876, 1.41231, 1.63766, 1.29609, 0.299058
2.84533, 1.43366, 1.64258, 1.28005, 0.294925
2.86191, 1.45474, 1.64745, 1.26371, 0.292151
2.87848, 1.47555, 1.65227, 1.24724, 0.290304
2.89505, 1.49609, 1.65707, 1.23071, 0.289125
2.91163, 1.51635, 1.66186, 1.21415, 0.288446
2.9282, 1.53633, 1.66664, 1.19758, 0.288156
2.94477, 1.55604, 1.67141, 1.18101, 0.288176
2.96135, 1.57548, 1.67619, 1.16444, 0.288449
2.97792, 1.59464, 1.68097, 1.14787, 0.288932
2.99449, 1.61353, 1.68577, 1.13131, 0.289592
3.01107, 1.63214, 1.69057, 1.11476, 0.290404
3.02764, 1.65048, 1.6954, 1.09821, 0.291346
3.04422, 1.66854, 1.70023, 1.08167, 0.292402
3.06079, 1.68633, 1.70509, 1.06514, 0.293559
3.07736, 1.70385, 1.70996, 1.04861, 0.294805
3.09394, 1.72109, 1.71486, 1.03209, 0.296131
3.11051, 1.73806, 1.71978, 1.01557, 0.297527
3.12708, 1.75476, 1.72472, 0.999064, 0.298989
3.14366, 1.77118, 1.72969, 0.982561, 0.300509
3.16023, 1.78733, 1.73468, 0.966062, 0.302082
3.17681, 1.8032, 1.7397, 0.949567, 0.303705
3.19338, 1.8188, 1.74475, 0.933078, 0.305372
3.20995, 1.83413, 1.74983, 0.916593, 0.30708
3.22653, 1.84918, 1.75493, 0.900111, 0.308827
3.2431, 1.86397, 1.76006, 0.883634, 0.310609
3.25967, 1.87847, 1.76523, 0.86716, 0.312425
3.27625, 1.89271, 1.77042, 0.850689, 0.314271
3.29282, 1.90667, 1.77564, 0.834222, 0.316146
3.3094, 1.92036, 1.7809, 0.817757, 0.318048
