3.64701, 0.883978
0, 0, 0, 0.5, 0
0.0132626, 0.00729297, 0.00125264, 0.51249, -0.00271037
0.0265253, 0.0147517, 0.00245741, 0.524966, -0.00537426
0.0397879, 0.022376, 0.0036143, 0.537427, -0.00798822
0.0530505, 0.0301655, 0.00472356, 0.549871, -0.010549
0.0663132, 0.0381201, 0.00578517, 0.562297, -0.0130525
0.0795758, 0.0462394, 0.00679935, 0.574704, -0.0154948
0.0928384, 0.0545231, 0.0077662, 0.587089, -0.017871
0.106101, 0.0629708, 0.00868588, 0.59945, -0.0201761
0.119364, 0.0715822, 0.00955864, 0.611786, -0.0224046
0.132626, 0.0803567, 0.0103846, 0.624092, -0.0245503
0.145889, 0.089294, 0.011164, 0.636367, -0.0266064
0.159152, 0.0983933, 0.0118972, 0.648606, -0.0285653
0.172414, 0.107654, 0.0125843, 0.660806, -0.0304188
0.185677, 0.117076, 0.0132256, 0.672963, -0.0321572
0.198939, 0.126657, 0.0138217, 0.68507, -0.0337705
0.212202, 0.136398, 0.0143728, 0.697123, -0.0352468
0.225465, 0.146297, 0.0148794, 0.709113, -0.0365736
0.238727, 0.156353, 0.015342, 0.721034, -0.0377359
0.25199, 0.166564, 0.0157612, 0.732876, -0.0387178
0.265253, 0.176929, 0.0161378, 0.744627, -0.0395011
0.278515, 0.187447, 0.0164724, 0.756276, -0.040065
0.291778, 0.198115, 0.0167661, 0.767806, -0.040387
0.305041, 0.208931, 0.0170199, 0.779201, -0.0404411
0.318303, 0.219892, 0.0172351, 0.79044, -0.0401986
0.331566, 0.230995, 0.0174132, 0.801497, -0.0396271
0.344828, 0.242237, 0.0175562, 0.812343, -0.0386915
0.358091, 0.253613, 0.0176662, 0.822945, -0.0373519
0.371354, 0.265118, 0.0177458, 0.83326, -0.0355654
0.384616, 0.276746, 0.0177984, 0.843242, -0.0332863
0.397879, 0.288491, 0.0178279, 0.852833, -0.0304658
0.411142, 0.300345, 0.0178391, 0.861969, -0.0270546
0.424404, 0.312298, 0.0178379, 0.870577, -0.0230043
0.437667, 0.324342, 0.0178315, 0.878574, -0.0182715
0.450929, 0.336463, 0.0178284, 0.885873, -0.0128205
0.464192, 0.348651, 0.0178386, 0.89238, -0.00662882
0.477455, 0.360891, 0.0178738, 0.898005, 0.00030797
0.490717, 0.373168, 0.0179471, 0.902664, 0.00797206
0.50398, 0.385469, 0.0180725, 0.906289, 0.0163219
0.517243, 0.397778, 0.0182649, 0.908831, 0.0252922
0.530505, 0.410082, 0.0185389, 0.910268, 0.0347982
0.543768, 0.422367, 0.0189084, 0.910604, 0.0447417
0.55703, 0.43462, 0.0193857, 0.909869, 0.0550195
0.570293, 0.446829, 0.0199814, 0.908114, 0.0655303
0.583556, 0.458986, 0.0207042, 0.905405, 0.0761814
0.596818, 0.471079, 0.0215602, 0.901817, 0.0868921
0.610081, 0.4831, 0.0225541, 0.897429, 0.0975952
0.623344, 0.495043, 0.0236885, 0.89232, 0.108238
0.636606, 0.5069, 0.0249648, 0.886565, 0.11878
0.649869, 0.518665, 0.0263831, 0.880232, 0.129191
0.663132, 0.530333, 0.027943, 0.873387, 0.139452
0.676394, 0.541899, 0.029643, 0.866083, 0.149548
0.689657, 0.553358, 0.0314815, 0.858373, 0.159473
0.702919, 0.564706, 0.0334565, 0.8503, 0.169224
0.716182, 0.575941, 0.0355657, 0.841903, 0.178799
0.729445, 0.587057, 0.037807, 0.833216, 0.188201
0.742707, 0.598053, 0.0401778, 0.824269, 0.197434
0.75597, 0.608926, 0.0426758, 0.815088, 0.206502
0.769233, 0.619673, 0.0452988, 0.805695, 0.21541
0.782495, 0.630292, 0.0480445, 0.796112, 0.224166
0.795758, 0.640781, 0.0509106, 0.786356, 0.232773
0.80902, 0.651137, 0.0538949, 0.776442, 0.24124
0.822283, 0.66136, 0.0569955, 0.766384, 0.249571
0.835546, 0.671448, 0.0602103, 0.756194, 0.257773
0.848808, 0.681398, 0.0635375, 0.745884, 0.265851
0.862071, 0.69121, 0.0669753, 0.735463, 0.27381
0.875334, 0.700883, 0.0705219, 0.724939, 0.281657
0.888596, 0.710415, 0.0741756, 0.714321, 0.289396
0.901859, 0.719805, 0.077935, 0.703615, 0.297032
0.915121, 0.729052, 0.0817984, 0.692829, 0.30457
0.928384, 0.738155, 0.0857646, 0.681966, 0.312013
0.941647, 0.747113, 0.0898319, 0.671033, 0.319366
0.954909, 0.755925, 0.0939993, 0.660035, 0.326633
0.968172, 0.764591, 0.0982653, 0.648975, 0.333817
0.981435, 0.77311, 0.102629, 0.637857, 0.340922
0.994697, 0.781481, 0.107089, 0.626686, 0.347952
1.00796, 0.789703, 0.111644, 0.615463, 0.354908
1.02122, 0.797777, 0.116294, 0.604193, 0.361795
1.03449, 0.8057, 0.121036, 0.592878, 0.368615
1.04775, 0.813473, 0.125871, 0.58152, 0.37537
1.06101, 0.821095, 0.130797, 0.570122, 0.382064
1.07427, 0.828565, 0.135814, 0.558686, 0.388698
1.08754, 0.835884, 0.14092, 0.547213, 0.395274
1.1008, 0.84305, 0.146115, 0.535707, 0.401796
1.11406, 0.850064, 0.151398, 0.524168, 0.408264
1.12732, 0.856925, 0.156768, 0.512598, 0.414681
1.14059, 0.863631, 0.162224, 0.500998, 0.421048
1.15385, 0.870184, 0.167767, 0.489371, 0.427367
1.16711, 0.876583, 0.173394, 0.477716, 0.433641
1.18037, 0.882827, 0.179106, 0.466036, 0.439869
1.19364, 0.888916, 0.184901, 0.454332, 0.446055
1.2069, 0.894849, 0.19078, 0.442604, 0.452199
1.22016, 0.900627, 0.196741, 0.430854, 0.458303
1.23342, 0.90625, 0.202785, 0.419082, 0.464367
1.24669, 0.911716, 0.20891, 0.40729, 0.470394
1.25995, 0.917025, 0.215115, 0.395478, 0.476384
1.27321, 0.922178, 0.221401, 0.383647, 0.482339
1.28648, 0.927174, 0.227767, 0.371797, 0.488259
1.29974, 0.932013, 0.234213, 0.35993, 0.494146
1.313, 0.936694, 0.240737, 0.348047, 0.5
1.33634, 0.943598, 0.248625, 0.325338, 0.503332
1.35968, 0.949965, 0.256598, 0.302647, 0.506655
1.38302, 0.955795, 0.264658, 0.279975, 0.509965
1.40636, 0.961088, 0.272803, 0.257323, 0.513264
1.4297, 0.965844, 0.281035, 0.234693, 0.516549
1.45304, 0.970064, 0.289354, 0.212087, 0.519821
1.47638, 0.973747, 0.297759, 0.189507, 0.523077
1.49972, 0.976895, 0.306252, 0.166955, 0.526317
1.52306, 0.979506, 0.314833, 0.144434, 0.529539
1.5464, 0.981581, 0.323502, 0.121945, 0.532741
1.56974, 0.983121, 0.332259, 0.0994934, 0.535922
1.59308, 0.984126, 0.341106, 0.0770811, 0.53908
1.61642, 0.984596, 0.350043, 0.0547125, 0.542212
1.63976, 0.984531, 0.359069, 0.032392, 0.545316
1.6631, 0.983932, 0.368187, 0.0101245, 0.54839
1.68644, 0.9828, 0.377397, -0.0120841, 0.551429
1.70978, 0.981135, 0.3867, -0.0342273, 0.55443
1.73312, 0.978937, 0.396098, -0.0562976, 0.557389
1.75646, 0.976208, 0.40559, -0.078286, 0.560301
1.7798, 0.972948, 0.41518, -0.100183, 0.563161
1.80314, 0.969159, 0.424868, -0.121975, 0.565961
1.82648, 0.964841, 0.434657, -0.14365, 0.568694
1.84982, 0.959997, 0.444549, -0.165192, 0.571351
1.87316, 0.954627, 0.454547, -0.186579, 0.573921
1.8965, 0.948735, 0.464654, -0.20779, 0.576391
1.91984, 0.942324, 0.474873, -0.228796, 0.578747
1.94318, 0.935396, 0.48521, -0.249563, 0.580971
1.96652, 0.927955, 0.49567, -0.270051, 0.583039
1.98986, 0.920007, 0.50626, -0.290209, 0.584927
2.0132, 0.911559, 0.516986, -0.309976, 0.586603
2.03654, 0.90262, 0.52786, -0.329275, 0.588026
2.05988, 0.893199, 0.538891, -0.348012, 0.589149
2.08322, 0.883311, 0.550094, -0.366068, 0.589913
2.10656, 0.872975, 0.561485, -0.383299, 0.590249
2.1299, 0.862214, 0.573082, -0.399523, 0.59007
2.15324, 0.851061, 0.584905, -0.414521, 0.589276
2.17658, 0.839555, 0.596977, -0.428029, 0.587752
2.19992, 0.82775, 0.609317, -0.439748, 0.585376
2.22326, 0.815711, 0.621941, -0.449353, 0.582025
2.2466, 0.803515, 0.634853, -0.456523, 0.577596
2.26994, 0.791251, 0.64804, -0.460986, 0.572029
2.29328, 0.779013, 0.661468, -0.46257, 0.565325
2.31662, 0.766894, 0.675082, -0.461235, 0.557554
2.33996, 0.754975, 0.688811, -0.457085, 0.548853
2.3633, 0.743327, 0.702575, -0.450341, 0.539398
2.38664, 0.732003, 0.716299, -0.441298, 0.529376
2.40998, 0.721043, 0.729916, -0.430272, 0.518965
2.43332, 0.710479, 0.743372, -0.417571, 0.508316
2.45666, 0.70033, 0.756627, -0.403473, 0.497552
2.48, 0.690612, 0.769651, -0.388214, 0.486765
2.50334, 0.681338, 0.782425, -0.371991, 0.476021
2.52668, 0.672517, 0.794936, -0.354966, 0.465371
2.55002, 0.664155, 0.807177, -0.337271, 0.454845
2.57336, 0.656259, 0.819145, -0.319014, 0.444465
2.5967, 0.648834, 0.830839, -0.300281, 0.434245
2.62004, 0.641885, 0.842262, -0.281142, 0.42419
2.64338, 0.635414, 0.853415, -0.261657, 0.414304
2.66672, 0.629426, 0.864303, -0.241871, 0.404586
2.69006, 0.623924, 0.87493, -0.221826, 0.395034
2.7134, 0.61891, 0.8853, -0.201553, 0.385644
2.73674, 0.614387, 0.895418, -0.181081, 0.376412
2.76008, 0.610357, 0.905288, -0.160432, 0.367333
2.78342, 0.606822, 0.914916, -0.139626, 0.358401
2.80676, 0.603785, 0.924305, -0.118681, 0.349611
2.8301, 0.601247, 0.933461, -0.0976103, 0.340956
2.85344, 0.599209, 0.942388, -0.0764267, 0.332432
2.87678, 0.597674, 0.951089, -0.0551415, 0.324033
2.90012, 0.596643, 0.95957, -0.0337637, 0.315754
2.92346, 0.596117, 0.967833, -0.0123016, 0.30759
2.9468, 0.596097, 0.975882, 0.00923759, 0.299536
2.97014, 0.596585, 0.983722, 0.030847, 0.291588
2.99348, 0.597582, 0.991355, 0.0525214, 0.283742
3.01682, 0.599088, 0.998785, 0.0742556, 0.275992
3.04016, 0.601105, 1.00601, 0.0960448, 0.268336
3.0635, 0.603633, 1.01305, 0.117885, 0.260769
3.08684, 0.606674, 1.01988, 0.139773, 0.253288
3.11018, 0.610228, 1.02653, 0.161705, 0.24589
3.13352, 0.614297, 1.03299, 0.183679, 0.238571
3.15686, 0.61888, 1.03926, 0.20569, 0.231328
3.1802, 0.623978, 1.04534, 0.227738, 0.224159
3.20354, 0.629593, 1.05125, 0.24982, 0.217061
3.22688, 0.635724, 1.05697, 0.271933, 0.210031
3.25022, 0.642373, 1.06252, 0.294077, 0.203066
3.27356, 0.649539, 1.06789, 0.316248, 0.196165
3.2969, 0.657225, 1.07309, 0.338446, 0.189325
3.32024, 0.665429, 1.07812, 0.360669, 0.182544
3.34358, 0.674152, 1.08297, 0.382917, 0.17582
3.36692, 0.683396, 1.08766, 0.405186, 0.169152
3.39026, 0.693159, 1.09218, 0.427477, 0.162536
3.4136, 0.703444, 1.09654, 0.449789, 0.155972
3.43694, 0.71425, 1.10073, 0.47212, 0.149458
3.46028, 0.725577, 1.10476, 0.494469, 0.142993
3.48362, 0.737427, 1.10863, 0.516836, 0.136574
3.50696, 0.749799, 1.11234, 0.53922, 0.1302
3.5303, 0.762693, 1.1159, 0.561619, 0.123871
3.55364, 0.77611, 1.11929, 0.584034, 0.117584
3.57698, 0.790051, 1.12253, 0.606463, 0.111338
3.60032, 0.804516, 1.12562, 0.628907, 0.105133
3.62366, 0.819504, 1.12856, 0.651364, 0.0989668
3.64701, 0.835016, 1.13134, 0.673834, 0.0928384
