38.999, 0
0, 0, 0, 0.5, 0
0.203568, 0.0810668, 0.00010551, 0.296435, 0.0010996
0.407136, 0.120687, 0.0004349, 0.0928701, 0.00219919
0.610704, 0.118874, 0.000988106, -0.110695, 0.00329879
0.814272, 0.0756255, 0.00176513, -0.314261, 0.00439839
1.01784, -0.00907177, 0.00276605, -0.517825, 0.00549799
1.22141, -0.135203, 0.00399078, -0.721391, 0.00659759
1.42498, -0.302773, 0.00543935, -0.924956, 0.00769718
1.62854, -0.511791, 0.00711181, -1.12852, 0.00879678
1.83211, -0.76224, 0.00900807, -1.33209, 0.00989638
2.03568, -1.05413, 0.0111282, -1.53565, 0.010996
2.23925, -1.38746, 0.0134721, -1.73922, 0.0120956
2.44282, -1.76223, 0.0160399, -1.94278, 0.0131952
2.64639, -2.17843, 0.0188316, -2.14635, 0.0142948
2.84995, -2.63608, 0.021847, -2.34991, 0.0153944
3.05352, -3.13517, 0.0250864, -2.55348, 0.016494
3.25709, -3.6757, 0.0285495, -2.75704, 0.0175936
3.46066, -4.25766, 0.0322366, -2.96061, 0.0186932
3.66423, -4.88107, 0.0361474, -3.16417, 0.0197928
3.86779, -5.54591, 0.0402821, -3.36774, 0.0208924
4.07136, -6.25219, 0.0446406, -3.5713, 0.021992
4.27493, -6.99992, 0.049223, -3.77487, 0.0230916
4.4785, -7.78908, 0.0540293, -3.97843, 0.0241912
4.68207, -8.61968, 0.0590593, -4.182, 0.0252907
4.88563, -9.49172, 0.0643132, -4.38556, 0.0263903
5.0892, -10.4052, 0.069791, -4.58913, 0.02749
5.29277, -11.3601, 0.0754926, -4.79269, 0.0285895
5.49634, -12.3565, 0.0814181, -4.99626, 0.0296891
5.69991, -13.3943, 0.0889118, -5.19982, 0.0304867
5.90348, -14.4735, 0.0939405, -5.40339, 0.0318883
6.10704, -15.5942, 0.100537, -5.60695, 0.0329879
6.31061, -16.7563, 0.107358, -5.81052, 0.0340875
6.51418, -17.9599, 0.115502, -6.01409, 0.0348851
6.71775, -19.2049, 0.121671, -6.21765, 0.0362867
6.92132, -20.4913, 0.129164, -6.42122, 0.0373863
7.12488, -21.8192, 0.13688, -6.62478, 0.0384859
7.32845, -23.1885, 0.14482, -6.82835, 0.0395855
7.53202, -24.5992, 0.152984, -7.03191, 0.0406851
7.73559, -26.0514, 0.161372, -7.23548, 0.0417847
7.93916, -27.5451, 0.169983, -7.43904, 0.0428843
8.14272, -29.0801, 0.178819, -7.64261, 0.0439839
8.34629, -30.6567, 0.187878, -7.84617, 0.0450835
8.54986, -32.2746, 0.197161, -8.04974, 0.0461831
8.75343, -33.934, 0.20709, -8.2533, 0.0469807
8.957, -35.6348, 0.216399, -8.45687, 0.0483823
9.16057, -37.3771, 0.226353, -8.66043, 0.0494819
9.36413, -39.1608, 0.236532, -8.864, 0.0505815
9.5677, -40.9859, 0.246934, -9.06757, 0.0516811
9.77127, -42.8525, 0.25756, -9.27113, 0.0527807
9.97484, -44.7605, 0.268467, -9.47469, 0.0535565
10.1784, -46.7093, 0.279465, -9.62501, 0.0540535
10.382, -48.6479, 0.290347, -9.42113, 0.0528843
10.5855, -50.545, 0.300998, -9.21758, 0.0517649
10.7891, -52.4007, 0.311422, -9.01399, 0.0506531
10.9927, -54.2149, 0.321621, -8.81043, 0.0495448
11.1962, -55.9877, 0.331594, -8.60687, 0.0484384
11.3998, -57.7191, 0.341342, -8.40329, 0.0473332
11.6034, -59.409, 0.350865, -8.19974, 0.0462289
11.807, -61.0575, 0.360164, -7.99617, 0.0451252
12.0105, -62.6645, 0.369237, -7.7926, 0.0440219
12.2141, -64.2301, 0.378087, -7.58904, 0.042919
12.4177, -65.7543, 0.386711, -7.38547, 0.0418165
12.6212, -67.237, 0.395112, -7.18191, 0.0407142
12.8248, -68.6783, 0.403288, -6.97835, 0.0396121
13.0284, -70.0782, 0.411239, -6.77478, 0.0385102
13.2319, -71.4366, 0.418966, -6.57121, 0.0374084
13.4355, -72.7535, 0.426469, -6.36765, 0.0363068
13.6391, -74.0291, 0.433748, -6.16408, 0.0352053
13.8426, -75.2632, 0.440803, -5.96052, 0.034104
14.0462, -76.4558, 0.447633, -5.75695, 0.0330027
14.2498, -77.607, 0.454239, -5.55339, 0.0319015
14.4533, -78.7168, 0.460622, -5.34982, 0.0308004
14.6569, -79.7851, 0.466779, -5.14626, 0.0296993
14.8605, -80.812, 0.472713, -4.94269, 0.0285983
15.064, -81.7975, 0.478423, -4.73913, 0.0274974
15.2676, -82.7415, 0.483908, -4.53556, 0.0263965
15.4712, -83.6441, 0.48917, -4.332, 0.0252957
15.6747, -84.5052, 0.494207, -4.12843, 0.0241949
15.8783, -85.3249, 0.49902, -3.92487, 0.0230942
16.0819, -86.1032, 0.50361, -3.7213, 0.0219935
16.2854, -86.84, 0.507975, -3.51774, 0.0208928
16.489, -87.5354, 0.512116, -3.31417, 0.0197922
16.6926, -88.1893, 0.516033, -3.11061, 0.0186916
16.8962, -88.8018, 0.519726, -2.90704, 0.017591
17.0997, -89.3729, 0.523195, -2.70348, 0.0164905
17.3033, -89.9025, 0.52644, -2.49991, 0.01539
17.5069, -90.3907, 0.529461, -2.29634, 0.0142895
17.7104, -90.8374, 0.532257, -2.09278, 0.0131891
17.914, -91.2427, 0.534831, -1.88922, 0.0120887
18.1176, -91.6066, 0.537179, -1.68565, 0.0109882
18.3211, -91.929, 0.539304, -1.48209, 0.00988784
18.5247, -92.21, 0.541205, -1.27852, 0.00878746
18.7283, -92.4495, 0.542882, -1.07496, 0.00768713
18.9318, -92.6477, 0.544335, -0.871389, 0.00658678
19.1354, -92.8043, 0.545564, -0.667825, 0.00548647
19.339, -92.9195, 0.546568, -0.464259, 0.00438616
19.5425, -92.9933, 0.547349, -0.260694, 0.00328587
19.7461, -93.0257, 0.547906, -0.0571288, 0.0021856
19.9497, -93.0166, 0.548239, 0.146438, 0.00108533
20.1532, -92.9661, 0.548348, 0.350002, -1.49052e-05
20.3417, -92.8824, 0.548593, 0.538455, 0.000958285
20.5302, -92.7631, 0.548869, 0.72691, 0.00191657
20.7186, -92.6084, 0.549326, 0.915364, 0.00287485
20.9071, -92.4181, 0.549964, 1.10382, 0.00383314
21.0955, -92.1923, 0.550782, 1.29227, 0.00479142
21.284, -91.931, 0.551781, 1.48073, 0.00574971
21.4724, -91.6342, 0.552961, 1.66918, 0.00670799
21.6609, -91.3019, 0.554321, 1.85764, 0.00766628
21.8494, -90.9341, 0.555861, 2.04609, 0.00862456
22.0378, -90.5307, 0.557583, 2.23455, 0.00958285
22.2263, -90.0918, 0.559485, 2.423, 0.0105411
22.4147, -89.6174, 0.561567, 2.61146, 0.0114994
22.6032, -89.1075, 0.56383, 2.79991, 0.0124577
22.7916, -88.5621, 0.566274, 2.98837, 0.013416
22.9801, -87.9812, 0.568898, 3.17682, 0.0143743
23.1686, -87.3647, 0.571703, 3.36528, 0.0153326
23.357, -86.7127, 0.574688, 3.55373, 0.0162908
23.5455, -86.0253, 0.577854, 3.74219, 0.0172491
23.7339, -85.3023, 0.581201, 3.93064, 0.0182074
23.9224, -84.5437, 0.584728, 4.11909, 0.0191657
24.1108, -83.7497, 0.58701, 4.30755, 0.0203885
24.2993, -82.9202, 0.592324, 4.496, 0.0210823
24.4878, -82.0551, 0.596393, 4.68446, 0.0220405
24.6762, -81.1545, 0.600643, 4.87291, 0.0229988
24.8647, -80.2184, 0.603846, 5.06137, 0.0242217
25.0531, -79.2468, 0.608507, 5.24982, 0.0251799
25.2416, -78.2397, 0.614475, 5.43828, 0.0258737
25.43, -77.1971, 0.619447, 5.62673, 0.026832
25.6185, -76.1189, 0.623573, 5.81519, 0.0280548
25.807, -75.0052, 0.629933, 6.00364, 0.0287485
25.9954, -73.856, 0.635447, 6.1921, 0.0297068
26.1839, -72.6713, 0.641141, 6.38055, 0.0306651
26.3723, -71.4511, 0.647016, 6.56901, 0.0316234
26.5608, -70.1954, 0.652294, 6.75746, 0.0328462
26.7492, -68.9041, 0.659308, 6.94592, 0.03354
26.9377, -67.5774, 0.665724, 7.13437, 0.0344983
27.1262, -66.2151, 0.671693, 7.32282, 0.0357211
27.3146, -64.8173, 0.678521, 7.51128, 0.0366794
27.5031, -63.384, 0.686058, 7.69974, 0.0373731
27.6915, -61.9152, 0.693197, 7.88819, 0.0383314
27.88, -60.4108, 0.700055, 8.07664, 0.0395748
28.0684, -58.871, 0.707592, 8.2651, 0.0405451
28.2569, -57.2956, 0.715698, 8.45356, 0.0412063
28.4454, -55.6847, 0.72356, 8.64201, 0.0421645
28.6338, -54.0383, 0.731337, 8.83046, 0.0434285
28.8223, -52.3564, 0.739824, 9.01892, 0.0440811
29.0107, -50.6389, 0.748228, 9.20738, 0.0450394
29.1992, -48.886, 0.756812, 9.39583, 0.0459977
29.3876, -47.0975, 0.765534, 9.58425, 0.0473312
29.5761, -45.2791, 0.774535, 9.62271, 0.0477822
29.7646, -43.4834, 0.783454, 9.43427, 0.0468613
29.953, -41.7232, 0.792197, 9.24582, 0.0459191
30.1415, -39.9985, 0.800762, 9.05738, 0.0449712
30.3299, -38.3094, 0.809147, 8.86893, 0.0440205
30.5184, -36.6557, 0.817353, 8.68047, 0.0430683
30.7068, -35.0376, 0.82538, 8.49201, 0.0421151
30.8953, -33.455, 0.833227, 8.30355, 0.0411611
31.0838, -31.9079, 0.840894, 8.1151, 0.0402065
31.2722, -30.3963, 0.848381, 7.92664, 0.0392516
31.4607, -28.9202, 0.855689, 7.73819, 0.0382963
31.6491, -27.4796, 0.862816, 7.54973, 0.0373407
31.8376, -26.0746, 0.869763, 7.36128, 0.036385
32.026, -24.705, 0.87653, 7.17283, 0.035429
32.2145, -23.371, 0.883117, 6.98437, 0.0344728
32.403, -22.0725, 0.889523, 6.79592, 0.0335166
32.5914, -20.8095, 0.89575, 6.60746, 0.0325601
32.7799, -19.5821, 0.901796, 6.41901, 0.0316036
32.9683, -18.3901, 0.907661, 6.23055, 0.030647
33.1568, -17.2337, 0.913347, 6.0421, 0.0296903
33.3452, -16.1128, 0.918852, 5.85364, 0.0287335
33.5337, -15.0274, 0.924177, 5.66519, 0.0277766
33.7222, -13.9775, 0.929322, 5.47674, 0.0268197
33.9106, -12.9631, 0.934286, 5.28828, 0.0258627
34.0991, -11.9843, 0.939069, 5.09982, 0.0249056
34.2875, -11.0409, 0.943673, 4.91137, 0.0239485
34.476, -10.1331, 0.948096, 4.72291, 0.0229914
34.6644, -9.26079, 0.952339, 4.53446, 0.0220342
34.8529, -8.424, 0.956401, 4.34601, 0.021077
35.0414, -7.62272, 0.960283, 4.15755, 0.0201198
35.2298, -6.85696, 0.963984, 3.9691, 0.0191625
35.4183, -6.1267, 0.967506, 3.78064, 0.0182051
35.6067, -5.43198, 0.970846, 3.59219, 0.0172478
35.7952, -4.77277, 0.974006, 3.40373, 0.0162904
35.9836, -4.14907, 0.976986, 3.21528, 0.015333
36.1721, -3.56087, 0.979786, 3.02682, 0.0143755
36.3606, -3.00822, 0.982405, 2.83837, 0.0134181
36.549, -2.49107, 0.984843, 2.64991, 0.0124606
36.7375, -2.00942, 0.987101, 2.46146, 0.0115031
36.9259, -1.56329, 0.989179, 2.273, 0.0105456
37.1144, -1.15269, 0.991076, 2.08455, 0.00958805
37.3028, -0.777603, 0.992793, 1.89609, 0.00863049
37.4913, -0.438019, 0.994329, 1.70764, 0.00767291
37.6798, -0.133965, 0.995685, 1.51918, 0.00671532
37.8682, 0.13459, 0.99686, 1.33073, 0.00575771
38.0567, 0.367615, 0.997855, 1.14228, 0.00480009
38.2451, 0.565102, 0.998669, 0.953819, 0.00384244
38.4336, 0.727104, 0.999303, 0.765364, 0.00288479
38.622, 0.853592, 0.999757, 0.576909, 0.00192712
38.8105, 0.94455, 1.00003, 0.388454, 0.000969445
38.999, 1.00001, 1.00012, 0.2, 1.17574e-05
