2.68386, 0
0, 0, 0, 0.5, 0
0.0127363, 0.00706002, 0.00288378, 0.489537, 0.00597593
0.0254726, 0.0139766, 0.00583317, 0.479102, 0.0119649
0.038209, 0.0207499, 0.00884803, 0.468695, 0.0179672
0.0509453, 0.02738, 0.0119282, 0.458318, 0.0239835
0.0636816, 0.0338672, 0.0150737, 0.447971, 0.0300141
0.0764179, 0.0402115, 0.0182844, 0.437657, 0.0360594
0.0891542, 0.0464132, 0.0215602, 0.427375, 0.0421198
0.101891, 0.0524724, 0.0249007, 0.417128, 0.048196
0.114627, 0.0583893, 0.0283062, 0.406916, 0.0542884
0.127363, 0.0641642, 0.0317762, 0.396742, 0.0603975
0.140099, 0.0697971, 0.0353105, 0.386607, 0.066524
0.152836, 0.0752884, 0.0389094, 0.376512, 0.0726683
0.165572, 0.0806382, 0.0425722, 0.366459, 0.078831
0.178308, 0.0858469, 0.0462991, 0.356449, 0.0850129
0.191045, 0.0909147, 0.0500898, 0.346486, 0.0912144
0.203781, 0.0958418, 0.053944, 0.33657, 0.0974363
0.216517, 0.100629, 0.0578617, 0.326704, 0.103679
0.229254, 0.105275, 0.0618425, 0.31689, 0.109944
0.24199, 0.109782, 0.0658861, 0.30713, 0.116231
0.254726, 0.11415, 0.0699926, 0.297427, 0.122542
0.267463, 0.118379, 0.0741613, 0.287784, 0.128876
0.280199, 0.122469, 0.0783924, 0.278202, 0.135236
0.292935, 0.126421, 0.0826853, 0.268685, 0.141621
0.305672, 0.130235, 0.0870398, 0.259237, 0.148033
0.318408, 0.133912, 0.0914555, 0.24986, 0.154473
0.331144, 0.137452, 0.0959323, 0.240558, 0.160941
0.343881, 0.140856, 0.10047, 0.231334, 0.167439
0.356617, 0.144124, 0.105067, 0.222193, 0.173967
0.369353, 0.147258, 0.109724, 0.213139, 0.180527
0.38209, 0.150257, 0.114441, 0.204175, 0.187119
0.394826, 0.153122, 0.119217, 0.195308, 0.193746
0.407562, 0.155855, 0.124051, 0.18654, 0.200407
0.420298, 0.158455, 0.128943, 0.177879, 0.207104
0.433035, 0.160925, 0.133893, 0.169329, 0.213839
0.445771, 0.163264, 0.1389, 0.160897, 0.220612
0.458507, 0.165474, 0.143963, 0.152589, 0.227425
0.471244, 0.167556, 0.149082, 0.144411, 0.234278
0.48398, 0.169511, 0.154256, 0.13637, 0.241174
0.496716, 0.17134, 0.159485, 0.128475, 0.248113
0.509453, 0.173045, 0.164767, 0.120734, 0.255096
0.522189, 0.174627, 0.170103, 0.113154, 0.262125
0.534925, 0.176088, 0.17549, 0.105746, 0.269201
0.547662, 0.17743, 0.180929, 0.098518, 0.276324
0.560398, 0.178654, 0.186418, 0.091481, 0.283496
0.573134, 0.179762, 0.191957, 0.084646, 0.290718
0.585871, 0.180756, 0.197545, 0.0780241, 0.297989
0.598607, 0.18164, 0.20318, 0.0716275, 0.305312
0.611343, 0.182415, 0.208863, 0.0654688, 0.312685
0.62408, 0.183085, 0.21459, 0.0595613, 0.32011
0.636816, 0.183651, 0.220362, 0.0539195, 0.327585
0.649552, 0.184118, 0.226178, 0.0485573, 0.335111
0.662289, 0.184489, 0.232036, 0.0434904, 0.342687
0.675025, 0.184768, 0.237935, 0.038734, 0.350311
0.687761, 0.184958, 0.243875, 0.0343048, 0.35798
0.700498, 0.185065, 0.249853, 0.0302193, 0.365694
0.713234, 0.185092, 0.255868, 0.0264944, 0.373449
0.72597, 0.185046, 0.261921, 0.0231471, 0.38124
0.738706, 0.18493, 0.268009, 0.0201949, 0.389065
0.751443, 0.184752, 0.274132, 0.0176545, 0.396916
0.764179, 0.184517, 0.280289, 0.0155424, 0.404788
0.776915, 0.184231, 0.286479, 0.0138754, 0.412674
0.789652, 0.183902, 0.292702, 0.0126678, 0.420566
0.802388, 0.183537, 0.298956, 0.0119341, 0.428455
0.815124, 0.183143, 0.305242, 0.0116872, 0.436331
0.827861, 0.182728, 0.311559, 0.0119385, 0.444183
0.840597, 0.182301, 0.317907, 0.0126971, 0.452
0.853333, 0.181869, 0.324287, 0.0139697, 0.45977
0.86607, 0.181442, 0.330699, 0.0157617, 0.467479
0.878806, 0.181027, 0.337142, 0.0180748, 0.475115
0.891542, 0.180634, 0.343619, 0.0209092, 0.482664
0.904279, 0.180271, 0.350129, 0.024262, 0.490112
0.917015, 0.179947, 0.356674, 0.0281271, 0.497447
0.929751, 0.179671, 0.363255, 0.0324965, 0.504656
0.942488, 0.179451, 0.369872, 0.0373592, 0.511725
0.955224, 0.179296, 0.376526, 0.0427031, 0.518644
0.96796, 0.179212, 0.38322, 0.0485129, 0.525402
0.980696, 0.179208, 0.389953, 0.0547717, 0.531988
0.993433, 0.17929, 0.396726, 0.0614617, 0.538394
1.00617, 0.179466, 0.403541, 0.0685641, 0.544612
1.01891, 0.179743, 0.410398, 0.0760588, 0.550637
1.03164, 0.180125, 0.417298, 0.0839255, 0.556463
1.04438, 0.180618, 0.424241, 0.0921434, 0.562085
1.05711, 0.181229, 0.431227, 0.100692, 0.567501
1.06985, 0.18196, 0.438257, 0.109551, 0.57271
1.08259, 0.182818, 0.445329, 0.1187, 0.57771
1.09532, 0.183805, 0.452445, 0.128121, 0.582502
1.10806, 0.184925, 0.459603, 0.137794, 0.587085
1.1208, 0.186183, 0.466803, 0.147702, 0.591463
1.13353, 0.18758, 0.474044, 0.157828, 0.595638
1.14627, 0.189119, 0.481326, 0.168155, 0.599611
1.159, 0.190803, 0.488647, 0.178669, 0.603386
1.17174, 0.192634, 0.496007, 0.189355, 0.606968
1.18448, 0.194614, 0.503404, 0.2002, 0.610359
1.19721, 0.196745, 0.510837, 0.211192, 0.613564
1.20995, 0.199028, 0.518305, 0.222318, 0.616587
1.22269, 0.201465, 0.525806, 0.233569, 0.619433
1.23542, 0.204057, 0.533339, 0.244933, 0.622107
1.24816, 0.206805, 0.540904, 0.256403, 0.624612
1.2609, 0.20971, 0.548497, 0.267969, 0.626953
1.27513, 0.215666, 0.55709, 0.274452, 0.63876
1.28935, 0.221698, 0.565862, 0.280976, 0.650514
1.30358, 0.227804, 0.574813, 0.28754, 0.662211
1.31781, 0.233986, 0.583943, 0.294147, 0.673849
1.33204, 0.240243, 0.593251, 0.3008, 0.685424
1.34627, 0.246575, 0.602736, 0.3075, 0.696933
1.3605, 0.252983, 0.612398, 0.314249, 0.708371
1.37473, 0.259465, 0.622236, 0.32105, 0.719735
1.38896, 0.266023, 0.632249, 0.327905, 0.731019
1.40319, 0.272657, 0.642438, 0.334817, 0.742219
1.41742, 0.279365, 0.6528, 0.341788, 0.753329
1.43165, 0.286149, 0.663335, 0.348822, 0.764345
1.44588, 0.293008, 0.674042, 0.355922, 0.775258
1.46011, 0.299943, 0.68492, 0.36309, 0.786063
1.47434, 0.306953, 0.695968, 0.37033, 0.796753
1.48857, 0.314038, 0.707184, 0.377646, 0.807318
1.5028, 0.321199, 0.718568, 0.385042, 0.817751
1.51703, 0.328435, 0.730117, 0.392521, 0.828042
1.53126, 0.335746, 0.741831, 0.400088, 0.838181
1.54549, 0.343132, 0.753707, 0.407747, 0.848157
1.55972, 0.350594, 0.765743, 0.415502, 0.857956
1.57395, 0.358131, 0.777938, 0.423358, 0.867566
1.58818, 0.365743, 0.79029, 0.431319, 0.876973
1.60241, 0.373431, 0.802795, 0.439391, 0.88616
1.61664, 0.381193, 0.815451, 0.447579, 0.89511
1.63087, 0.389031, 0.828255, 0.455887, 0.903804
1.6451, 0.396943, 0.841203, 0.46432, 0.91222
1.65933, 0.40493, 0.854292, 0.472882, 0.920338
1.67356, 0.412993, 0.867518, 0.481579, 0.928132
1.68779, 0.42113, 0.880877, 0.490414, 0.935576
1.70202, 0.429341, 0.894362, 0.499389, 0.942641
1.71625, 0.437628, 0.90797, 0.508509, 0.949297
1.73047, 0.445989, 0.921693, 0.517773, 0.95551
1.7447, 0.454425, 0.935526, 0.527181, 0.961246
1.75893, 0.462936, 0.94946, 0.536732, 0.966467
1.77316, 0.471523, 0.963487, 0.546422, 0.971136
1.78739, 0.480184, 0.9776, 0.556243, 0.975211
1.80162, 0.488921, 0.991788, 0.566185, 0.978655
1.81585, 0.497734, 1.00604, 0.576237, 0.981425
1.83008, 0.506625, 1.02035, 0.586379, 0.983484
1.84431, 0.515593, 1.03469, 0.596592, 0.984794
1.85854, 0.52464, 1.04907, 0.60685, 0.985324
1.87277, 0.533767, 1.06346, 0.617125, 0.985045
1.887, 0.542975, 1.07785, 0.627383, 0.983936
1.90123, 0.552266, 1.09223, 0.637588, 0.981982
1.91546, 0.561642, 1.10658, 0.647703, 0.979178
1.92969, 0.571104, 1.12088, 0.657688, 0.975528
1.94392, 0.580654, 1.13513, 0.667504, 0.971042
1.95815, 0.590293, 1.14931, 0.677115, 0.965744
1.97238, 0.600023, 1.1634, 0.686484, 0.959661
1.98661, 0.609843, 1.17739, 0.69558, 0.95283
2.00084, 0.619755, 1.19128, 0.704375, 0.945294
2.01507, 0.629758, 1.20504, 0.712847, 0.937096
2.0293, 0.639852, 1.21867, 0.720979, 0.928284
2.04353, 0.650036, 1.23216, 0.728757, 0.918908
2.05776, 0.660308, 1.24551, 0.736173, 0.909016
2.07199, 0.670666, 1.25869, 0.743224, 0.898655
2.08622, 0.681109, 1.27172, 0.749909, 0.88787
2.10045, 0.691633, 1.28457, 0.756231, 0.876702
2.11468, 0.702236, 1.29726, 0.762196, 0.865193
2.12891, 0.712914, 1.30977, 0.767812, 0.853377
2.14314, 0.723665, 1.32209, 0.773086, 0.841288
2.15737, 0.734485, 1.33423, 0.778031, 0.828956
2.1716, 0.745371, 1.34619, 0.782657, 0.816407
2.18582, 0.756319, 1.35795, 0.786976, 0.803667
2.20005, 0.767325, 1.36952, 0.791, 0.790758
2.21428, 0.778387, 1.3809, 0.79474, 0.777697
2.22851, 0.789501, 1.39208, 0.798208, 0.764504
2.24274, 0.800664, 1.40307, 0.801417, 0.751192
2.25697, 0.811872, 1.41386, 0.804378, 0.737776
2.2712, 0.823123, 1.42445, 0.807101, 0.724268
2.28543, 0.834413, 1.43484, 0.809597, 0.710679
2.29966, 0.845739, 1.44503, 0.811877, 0.697017
2.31389, 0.857099, 1.45502, 0.81395, 0.683293
2.32812, 0.86849, 1.46481, 0.815825, 0.669512
2.34235, 0.879909, 1.4744, 0.81751, 0.655682
2.35658, 0.891353, 1.48378, 0.819016, 0.641809
2.37081, 0.90282, 1.49296, 0.820349, 0.627898
2.38504, 0.914308, 1.50194, 0.821516, 0.613953
2.39927, 0.925815, 1.51072, 0.822526, 0.59998
2.4135, 0.937337, 1.51929, 0.823384, 0.585981
2.42773, 0.948874, 1.52766, 0.824098, 0.57196
2.44196, 0.960423, 1.53583, 0.824672, 0.557919
2.45619, 0.971981, 1.54379, 0.825114, 0.543863
2.47042, 0.983548, 1.55155, 0.825428, 0.529791
2.48465, 0.995121, 1.5591, 0.82562, 0.515708
2.49888, 1.0067, 1.56646, 0.825693, 0.501615
2.51311, 1.01828, 1.5736, 0.825654, 0.487513
2.52734, 1.02986, 1.58055, 0.825507, 0.473404
2.54157, 1.04144, 1.58729, 0.825254, 0.45929
2.5558, 1.05302, 1.59383, 0.824901, 0.445171
2.57003, 1.0646, 1.60016, 0.824452, 0.431049
2.58426, 1.07617, 1.60629, 0.823909, 0.416924
2.59849, 1.08774, 1.61222, 0.823276, 0.402798
2.61272, 1.09929, 1.61794, 0.822556, 0.388671
2.62694, 1.11084, 1.62347, 0.821753, 0.374545
2.64117, 1.12238, 1.62878, 0.820868, 0.360418
2.6554, 1.13391, 1.6339, 0.819906, 0.346293
2.66963, 1.14543, 1.63881, 0.818868, 0.33217
2.68386, 1.15693, 1.64352, 0.817758, 0.318049
