4.13193, 0
0, 0, 0, 0.5, 0
0.0201761, 0.00849383, 0.000412459, 0.501758, 0.0200299
0.0403522, 0.0170238, 0.00123023, 0.503516, 0.0400571
0.0605283, 0.0255899, 0.0024536, 0.505272, 0.0600811
0.0807044, 0.0341921, 0.00408228, 0.507027, 0.0801019
0.10088, 0.0428305, 0.00611643, 0.508782, 0.100119
0.121057, 0.0515052, 0.00855598, 0.510535, 0.120133
0.141233, 0.060216, 0.011401, 0.512287, 0.140143
0.161409, 0.068963, 0.0146514, 0.514038, 0.160148
0.181585, 0.0777463, 0.0183072, 0.515787, 0.180149
0.201761, 0.0865659, 0.0223683, 0.517535, 0.200145
0.221937, 0.0954218, 0.0268349, 0.519281, 0.220136
0.242113, 0.104314, 0.0317069, 0.521026, 0.240121
0.262289, 0.113243, 0.0369842, 0.522768, 0.2601
0.282465, 0.122208, 0.0426668, 0.524509, 0.280072
0.302641, 0.131209, 0.0487549, 0.526247, 0.300037
0.322818, 0.140247, 0.0552483, 0.527983, 0.319994
0.342994, 0.149322, 0.0621469, 0.529717, 0.339943
0.36317, 0.158433, 0.0694509, 0.531447, 0.359882
0.383346, 0.167581, 0.0771603, 0.533174, 0.379811
0.403522, 0.176766, 0.0852747, 0.534898, 0.399728
0.423698, 0.185988, 0.0937945, 0.536618, 0.419632
0.443874, 0.195246, 0.10272, 0.538334, 0.439523
0.46405, 0.204542, 0.11205, 0.540045, 0.459398
0.484226, 0.213875, 0.121785, 0.541751, 0.479256
0.504402, 0.223245, 0.131925, 0.543451, 0.499094
0.524579, 0.232654, 0.142471, 0.545144, 0.51891
0.544755, 0.242099, 0.153421, 0.546829, 0.538702
0.564931, 0.251584, 0.164776, 0.548506, 0.558465
0.585107, 0.261106, 0.176536, 0.550174, 0.578197
0.605283, 0.270667, 0.188701, 0.55183, 0.597891
0.625459, 0.280268, 0.20127, 0.553473, 0.617542
0.645635, 0.289908, 0.214244, 0.555101, 0.637143
0.665811, 0.299589, 0.227622, 0.556712, 0.656686
0.685987, 0.309311, 0.241403, 0.558301, 0.676158
0.706163, 0.319075, 0.255588, 0.559866, 0.695547
0.726339, 0.328883, 0.270177, 0.5614, 0.714835
0.746516, 0.338736, 0.285167, 0.562897, 0.734
0.766692, 0.348638, 0.300559, 0.564348, 0.753011
0.786868, 0.358589, 0.316352, 0.565742, 0.771828
0.807044, 0.368595, 0.332543, 0.567063, 0.790399
0.82722, 0.378661, 0.349131, 0.568289, 0.808646
0.847396, 0.388795, 0.366111, 0.569389, 0.826464
0.867572, 0.399007, 0.383478, 0.570319, 0.843699
0.887748, 0.409313, 0.401223, 0.571015, 0.860121
0.907924, 0.419737, 0.419331, 0.571381, 0.875388
0.928101, 0.430311, 0.437776, 0.571278, 0.888989
0.948277, 0.441077, 0.456514, 0.570513, 0.900187
0.968453, 0.452087, 0.47547, 0.568851, 0.908035
0.988629, 0.463372, 0.494536, 0.566086, 0.911576
1.0088, 0.47492, 0.513574, 0.562163, 0.910292
1.02898, 0.486658, 0.532453, 0.55725, 0.904436
1.04916, 0.498484, 0.551074, 0.551654, 0.894858
1.06933, 0.510306, 0.56938, 0.545678, 0.88254
1.08951, 0.522059, 0.587339, 0.539546, 0.868298
1.10969, 0.533705, 0.604934, 0.533397, 0.852718
1.12986, 0.545223, 0.622157, 0.527315, 0.836193
1.15004, 0.556602, 0.639003, 0.521344, 0.818991
1.17021, 0.567839, 0.655466, 0.515504, 0.801287
1.19039, 0.578934, 0.671546, 0.509807, 0.783208
1.21057, 0.58989, 0.68724, 0.504251, 0.764838
1.23074, 0.600707, 0.702546, 0.498836, 0.746241
1.25092, 0.611391, 0.717463, 0.493555, 0.727462
1.27109, 0.621946, 0.73199, 0.488402, 0.708535
1.29127, 0.632374, 0.746126, 0.483372, 0.689486
1.31145, 0.642679, 0.75987, 0.478456, 0.670335
1.33162, 0.652866, 0.773221, 0.473649, 0.651099
1.3518, 0.662936, 0.786178, 0.468945, 0.63179
1.37197, 0.672895, 0.798742, 0.464337, 0.612417
1.39215, 0.682743, 0.81091, 0.459819, 0.592991
1.41233, 0.692484, 0.822684, 0.455388, 0.573516
1.4325, 0.702122, 0.834061, 0.451037, 0.554001
1.45268, 0.711657, 0.845042, 0.446762, 0.534448
1.47286, 0.721093, 0.855627, 0.44256, 0.514862
1.49303, 0.730432, 0.865815, 0.438426, 0.495247
1.51321, 0.739676, 0.875605, 0.434357, 0.475605
1.53338, 0.748826, 0.884998, 0.430349, 0.455939
1.55356, 0.757884, 0.893992, 0.426399, 0.436251
1.57374, 0.766853, 0.902588, 0.422505, 0.416544
1.59391, 0.775733, 0.910786, 0.418664, 0.396818
1.61409, 0.784527, 0.918584, 0.414872, 0.377076
1.63426, 0.793236, 0.925984, 0.411129, 0.357319
1.65444, 0.80186, 0.932984, 0.407432, 0.337547
1.67462, 0.810402, 0.939585, 0.403778, 0.317763
1.69479, 0.818863, 0.945786, 0.400166, 0.297967
1.71497, 0.827244, 0.951588, 0.396594, 0.278159
1.73514, 0.835545, 0.956989, 0.39306, 0.258341
1.75532, 0.843768, 0.96199, 0.389563, 0.238513
1.7755, 0.851915, 0.966591, 0.386102, 0.218676
1.79567, 0.859985, 0.970791, 0.382674, 0.19883
1.81585, 0.867981, 0.97459, 0.379278, 0.178977
1.83602, 0.875902, 0.977989, 0.375914, 0.159115
1.8562, 0.88375, 0.980987, 0.37258, 0.139247
1.87638, 0.891525, 0.983584, 0.369276, 0.119372
1.89655, 0.899228, 0.98578, 0.365999, 0.099491
1.91673, 0.906861, 0.987574, 0.362749, 0.0796039
1.93691, 0.914423, 0.988967, 0.359525, 0.0597106
1.95708, 0.921915, 0.989959, 0.356326, 0.0398123
1.97726, 0.929339, 0.990549, 0.353151, 0.0199087
1.99743, 0.936694, 0.990737, 0.35, 2.49594e-07
2.01878, 0.944043, 0.990931, 0.339895, 0.0188012
2.04012, 0.951188, 0.991531, 0.329774, 0.0375945
2.06147, 0.958127, 0.992538, 0.31964, 0.0563804
2.08281, 0.964839, 0.993941, 0.309511, 0.0751687
2.10416, 0.971342, 0.995749, 0.299369, 0.0939504
2.1255, 0.977636, 0.99796, 0.289215, 0.112726
2.14685, 0.983685, 1.00056, 0.279083, 0.131513
2.16819, 0.989539, 1.00357, 0.268924, 0.150285
2.18954, 0.995166, 1.00697, 0.25877, 0.16906
2.21088, 1.00058, 1.01078, 0.248607, 0.18783
2.23223, 1.00578, 1.01499, 0.238434, 0.206595
2.25357, 1.01076, 1.0196, 0.228253, 0.225356
2.27492, 1.01552, 1.02461, 0.218065, 0.244112
2.29626, 1.02007, 1.03002, 0.20787, 0.262865
2.31761, 1.0244, 1.03584, 0.197669, 0.281615
2.33895, 1.02851, 1.04205, 0.187448, 0.300354
2.3603, 1.0324, 1.04866, 0.177237, 0.319098
2.38164, 1.03607, 1.05567, 0.16701, 0.337833
2.40299, 1.03953, 1.06308, 0.156767, 0.35656
2.42433, 1.04276, 1.07089, 0.146522, 0.375286
2.44568, 1.04579, 1.0791, 0.136254, 0.393998
2.46702, 1.04858, 1.08771, 0.125986, 0.412711
2.48837, 1.05117, 1.09672, 0.115686, 0.431407
2.50971, 1.05352, 1.10613, 0.105391, 0.450105
2.53106, 1.05566, 1.11593, 0.0950786, 0.468794
2.5524, 1.05758, 1.12614, 0.0847425, 0.487469
2.57375, 1.05928, 1.13674, 0.0743953, 0.506139
2.59509, 1.06076, 1.14775, 0.0640297, 0.524798
2.61644, 1.06202, 1.15915, 0.0536317, 0.543439
2.63778, 1.06305, 1.17095, 0.0432308, 0.562078
2.65913, 1.06386, 1.18314, 0.0327892, 0.580695
2.68047, 1.06445, 1.19574, 0.0223286, 0.599301
2.70182, 1.06481, 1.20873, 0.0118388, 0.617891
2.72316, 1.06496, 1.22212, 0.00130564, 0.636456
2.74451, 1.06487, 1.2359, -0.00924325, 0.655012
2.76585, 1.06456, 1.25008, -0.0198507, 0.673535
2.7872, 1.06402, 1.26465, -0.0304927, 0.692037
2.80854, 1.06326, 1.27962, -0.0412012, 0.710502
2.82989, 1.06226, 1.29498, -0.0519592, 0.728938
2.85123, 1.06104, 1.31074, -0.0627868, 0.747332
2.87258, 1.05958, 1.32689, -0.0737068, 0.765673
2.89392, 1.05789, 1.34342, -0.0847252, 0.783954
2.91527, 1.05596, 1.36035, -0.0958614, 0.802164
2.93661, 1.0538, 1.37767, -0.107134, 0.820289
2.95796, 1.05139, 1.39537, -0.118608, 0.838287
2.9793, 1.04873, 1.41345, -0.13033, 0.856126
3.00065, 1.04582, 1.43192, -0.142408, 0.873725
3.02199, 1.04265, 1.45075, -0.154973, 0.890979
3.04334, 1.0392, 1.46995, -0.168325, 0.907628
3.06468, 1.03545, 1.48949, -0.183105, 0.923007
3.08603, 1.03136, 1.50932, -0.200954, 0.934459
3.10737, 1.02686, 1.52926, -0.219631, 0.928589
3.12872, 1.02211, 1.54886, -0.223088, 0.90783
3.15006, 1.01738, 1.56801, -0.219693, 0.886779
3.17141, 1.01275, 1.58672, -0.213994, 0.866213
3.19275, 1.00825, 1.60499, -0.207187, 0.845984
3.2141, 1.00391, 1.62284, -0.199733, 0.825982
3.23544, 0.999728, 1.64025, -0.191856, 0.806145
3.25679, 0.995719, 1.65725, -0.18368, 0.786428
3.27813, 0.991888, 1.67383, -0.175282, 0.766805
3.29948, 0.988238, 1.68999, -0.166713, 0.747255
3.32082, 0.984772, 1.70573, -0.158009, 0.727765
3.34217, 0.981493, 1.72106, -0.149193, 0.708326
3.36351, 0.978403, 1.73597, -0.140286, 0.688928
3.38486, 0.975505, 1.75047, -0.131302, 0.669566
3.4062, 0.972799, 1.76455, -0.122251, 0.650235
3.42755, 0.970286, 1.77822, -0.113143, 0.63093
3.44889, 0.967969, 1.79149, -0.103985, 0.61165
3.47024, 0.965847, 1.80434, -0.0947837, 0.59239
3.49158, 0.963923, 1.81677, -0.085543, 0.573149
3.51293, 0.962196, 1.8288, -0.0762676, 0.553925
3.53427, 0.960667, 1.84042, -0.0669608, 0.534716
3.55562, 0.959338, 1.85163, -0.0576258, 0.51552
3.57696, 0.958207, 1.86243, -0.048265, 0.496337
3.59831, 0.957277, 1.87282, -0.038881, 0.477166
3.61965, 0.956548, 1.8828, -0.0294754, 0.458004
3.641, 0.956019, 1.89237, -0.0200502, 0.438853
3.66234, 0.955692, 1.90153, -0.0106069, 0.419711
3.68369, 0.955566, 1.91029, -0.00114661, 0.400577
3.70503, 0.955643, 1.91864, 0.00832915, 0.381451
3.72638, 0.955922, 1.92657, 0.0178195, 0.362331
3.74772, 0.956404, 1.9341, 0.0273234, 0.343219
3.76907, 0.957089, 1.94123, 0.03684, 0.324113
3.79041, 0.957977, 1.94794, 0.0463684, 0.305012
3.81176, 0.959068, 1.95425, 0.0559078, 0.285918
3.8331, 0.960364, 1.96015, 0.0654579, 0.266828
3.85445, 0.961863, 1.96564, 0.0750176, 0.247744
3.87579, 0.963566, 1.97072, 0.0845868, 0.228664
3.89714, 0.965474, 1.9754, 0.0941647, 0.209589
3.91848, 0.967586, 1.97967, 0.103751, 0.190518
3.93983, 0.969903, 1.98353, 0.113345, 0.17145
3.96117, 0.972425, 1.98699, 0.122947, 0.152387
3.98252, 0.975152, 1.99004, 0.132556, 0.133327
4.00386, 0.978084, 1.99268, 0.142172, 0.11427
4.02521, 0.981221, 1.99492, 0.151794, 0.0952173
4.04655, 0.984564, 1.99674, 0.161422, 0.0761671
4.0679, 0.988112, 1.99817, 0.171056, 0.0571202
4.08924, 0.991866, 1.99918, 0.180696, 0.0380763
4.11059, 0.995826, 1.99979, 0.190342, 0.0190347
4.13193, 0.999992, 2, 0.199992, -4.08292e-06
