37.6311, 0
0, 0, 0, 0.5, 0
0.196643, 0.0790015, 0.00300918, 0.30336, 0.000836208
0.393285, 0.119323, 0.00327886, 0.10672, 0.00197453
0.589928, 0.120958, 0.00098731, -0.0899176, 0.00341496
0.78657, 0.0839464, 0.00176407, -0.286557, 0.00455328
0.983213, 0.00825855, 0.00276473, -0.483196, 0.0056916
1.17986, -0.106093, 0.0039892, -0.679836, 0.00682992
1.3765, -0.259114, 0.00543752, -0.876475, 0.00796824
1.57314, -0.450801, 0.00710968, -1.07311, 0.00910656
1.76978, -0.681151, 0.00900566, -1.26975, 0.0102449
1.96643, -0.950172, 0.0111255, -1.46639, 0.0113832
2.16307, -1.25786, 0.0134692, -1.66303, 0.0125215
2.35971, -1.60422, 0.0160367, -1.85967, 0.0136598
2.55635, -1.98924, 0.0188281, -2.05631, 0.0147982
2.753, -2.41293, 0.0218433, -2.25295, 0.0159365
2.94964, -2.87529, 0.0250823, -2.44959, 0.0170748
3.14628, -3.37632, 0.0285452, -2.64623, 0.0182131
3.34292, -3.91602, 0.0322319, -2.84287, 0.0193514
3.53957, -4.49437, 0.0380365, -3.03951, 0.0201877
3.73621, -5.11141, 0.040277, -3.23615, 0.0216281
3.93285, -5.7671, 0.0464104, -3.43279, 0.0224643
4.12949, -6.46146, 0.0509331, -3.62943, 0.0236026
4.32614, -7.1945, 0.0556796, -3.82607, 0.0247409
4.52278, -7.96621, 0.059053, -4.0227, 0.0261814
4.71942, -8.77658, 0.0643067, -4.21934, 0.0273197
4.91606, -9.62561, 0.0712623, -4.41598, 0.0281559
5.11271, -10.5133, 0.0769042, -4.61262, 0.0292942
5.30935, -11.4397, 0.0827699, -4.80926, 0.0304325
5.50599, -12.4047, 0.0888596, -5.0059, 0.0315709
5.70264, -13.4084, 0.0939324, -5.20254, 0.0330113
5.89928, -14.4508, 0.10171, -5.39918, 0.0338475
6.09592, -15.5319, 0.10735, -5.59582, 0.0352879
6.29256, -16.6516, 0.114394, -5.79246, 0.0364262
6.48921, -17.8099, 0.121662, -5.9891, 0.0375646
6.68585, -19.007, 0.130214, -6.18574, 0.0383636
6.88249, -20.2427, 0.13687, -6.38237, 0.0398412
7.07913, -21.5171, 0.14481, -6.57902, 0.0409795
7.27578, -22.8301, 0.152974, -6.77566, 0.0421179
7.47242, -24.1819, 0.161361, -6.97229, 0.0432562
7.66906, -25.5722, 0.169972, -7.16893, 0.0443945
7.8657, -27.0013, 0.17944, -7.36557, 0.0452072
8.06235, -28.469, 0.187866, -7.56221, 0.0466711
8.25899, -29.9754, 0.197654, -7.75885, 0.0474839
8.45563, -31.5204, 0.207065, -7.95549, 0.0486457
8.65227, -33.1042, 0.216799, -8.15213, 0.0497294
8.84892, -34.7266, 0.226341, -8.34877, 0.0512244
9.04556, -36.3876, 0.236519, -8.54541, 0.0523627
9.2422, -38.0873, 0.246921, -8.74205, 0.0535011
9.43884, -39.8257, 0.257547, -8.9387, 0.0546395
9.63549, -41.6028, 0.268396, -9.13536, 0.0557779
9.83213, -43.418, 0.279452, -9.2851, 0.0559625
10.0288, -45.2245, 0.290335, -9.08868, 0.0547496
10.2254, -46.9924, 0.300987, -8.89203, 0.0535896
10.4221, -48.7216, 0.311412, -8.69541, 0.0524383
10.6187, -50.4122, 0.32161, -8.49877, 0.0512905
10.8153, -52.0641, 0.331584, -8.30213, 0.0501448
11.012, -53.6773, 0.341332, -8.10549, 0.0490005
11.2086, -55.2519, 0.350855, -7.90885, 0.047857
11.4053, -56.7877, 0.360153, -7.71221, 0.0467143
11.6019, -58.285, 0.369227, -7.51558, 0.045572
11.7986, -59.7435, 0.378076, -7.31893, 0.0444302
11.9952, -61.1634, 0.386701, -7.12229, 0.0432886
12.1918, -62.5446, 0.395101, -6.92565, 0.0421474
12.3885, -63.8871, 0.403277, -6.72902, 0.0410064
12.5851, -65.191, 0.411228, -6.53238, 0.0398656
12.7818, -66.4562, 0.418955, -6.33574, 0.038725
12.9784, -67.6828, 0.426458, -6.1391, 0.0375845
13.1751, -68.8706, 0.433737, -5.94246, 0.0364441
13.3717, -70.0198, 0.440791, -5.74582, 0.0353038
13.5683, -71.1304, 0.447621, -5.54918, 0.0341637
13.765, -72.2022, 0.454227, -5.35254, 0.0330237
13.9616, -73.2355, 0.460609, -5.1559, 0.0318837
14.1583, -74.23, 0.466766, -4.95926, 0.0307438
14.3549, -75.1859, 0.4727, -4.76262, 0.029604
14.5516, -76.1031, 0.478409, -4.56598, 0.0284642
14.7482, -76.9816, 0.483895, -4.36934, 0.0273245
14.9448, -77.8215, 0.489156, -4.1727, 0.0261849
15.1415, -78.6227, 0.494193, -3.97606, 0.0250453
15.3381, -79.3852, 0.499006, -3.77943, 0.0239057
15.5348, -80.1091, 0.503594, -3.58279, 0.0227662
15.7314, -80.7942, 0.507959, -3.38615, 0.0216268
15.9281, -81.4408, 0.5121, -3.18951, 0.0204874
16.1247, -82.0487, 0.516017, -2.99287, 0.019348
16.3213, -82.6178, 0.519709, -2.79623, 0.0182086
16.518, -83.1484, 0.523178, -2.59959, 0.0170693
16.7146, -83.6402, 0.526422, -2.40295, 0.01593
16.9113, -84.0934, 0.529443, -2.20631, 0.0147907
17.1079, -84.5079, 0.532239, -2.00967, 0.0136514
17.3045, -84.8838, 0.534812, -1.81303, 0.0125122
17.5012, -85.221, 0.53716, -1.61639, 0.011373
17.6978, -85.5195, 0.539285, -1.41975, 0.0102339
17.8945, -85.7793, 0.541185, -1.22312, 0.00909471
18.0911, -86.0005, 0.542861, -1.02648, 0.00795558
18.2878, -86.183, 0.544314, -0.829837, 0.00681646
18.4844, -86.3269, 0.545542, -0.633198, 0.00567736
18.681, -86.4321, 0.546547, -0.436561, 0.0045383
18.8777, -86.4986, 0.547327, -0.239921, 0.00339923
19.0743, -86.5264, 0.547883, -0.0432817, 0.00226018
19.271, -86.5156, 0.548216, 0.153357, 0.00112116
19.4676, -86.4661, 0.548324, 0.349996, -1.78632e-05
19.6493, -86.386, 0.548593, 0.531632, 0.000994274
19.8309, -86.2729, 0.54887, 0.713264, 0.00198854
20.0125, -86.1269, 0.549327, 0.894897, 0.00298282
20.1942, -85.9478, 0.547447, 1.07653, 0.00428115
20.3758, -85.7358, 0.548321, 1.25816, 0.00527542
20.5574, -85.4908, 0.549375, 1.43979, 0.00626969
20.7391, -85.2128, 0.55061, 1.62142, 0.00726396
20.9207, -84.9018, 0.554322, 1.80306, 0.00795418
21.1023, -84.5578, 0.553621, 1.98469, 0.00925251
21.284, -84.1808, 0.555398, 2.16632, 0.0102468
21.4656, -83.7708, 0.557355, 2.34795, 0.0112411
21.6472, -83.3279, 0.559493, 2.52958, 0.0122353
21.8289, -82.8519, 0.561811, 2.71122, 0.0132296
22.0105, -82.343, 0.566276, 2.89285, 0.0139198
22.1921, -81.801, 0.56699, 3.07448, 0.0152181
22.3738, -81.2261, 0.571705, 3.25611, 0.0159084
22.5554, -80.6182, 0.572891, 3.43774, 0.0172067
22.737, -79.9773, 0.577857, 3.61938, 0.0178969
22.9187, -79.3034, 0.581203, 3.80101, 0.0188912
23.1003, -78.5965, 0.583097, 3.98264, 0.0201895
23.2819, -77.8566, 0.588439, 4.16427, 0.0208797
23.4636, -77.0837, 0.592327, 4.34591, 0.021874
23.6452, -76.2779, 0.594928, 4.52754, 0.0231723
23.8269, -75.439, 0.599233, 4.70917, 0.0241666
24.0085, -74.5672, 0.603719, 4.8908, 0.0251609
24.1901, -73.6623, 0.608385, 5.07243, 0.0261551
24.3718, -72.7245, 0.613231, 5.25406, 0.0271494
24.5534, -71.7537, 0.619451, 5.4357, 0.0278396
24.735, -70.7499, 0.624604, 5.61733, 0.0288339
24.9167, -69.7131, 0.628777, 5.79896, 0.0301541
25.0983, -68.6433, 0.634424, 5.98059, 0.0311265
25.2799, -67.5405, 0.640174, 6.16222, 0.0321208
25.4616, -66.4048, 0.64702, 6.34386, 0.032811
25.6432, -65.236, 0.652153, 6.52549, 0.0341312
25.8248, -64.0342, 0.658414, 6.70712, 0.0351383
26.0065, -62.7995, 0.664979, 6.88875, 0.0360978
26.1881, -61.5318, 0.672327, 7.07039, 0.0367881
26.3697, -60.231, 0.678465, 7.25202, 0.0380864
26.5514, -58.8973, 0.685394, 7.43365, 0.0391245
26.733, -57.5306, 0.692635, 7.61528, 0.0400969
26.9146, -56.1309, 0.700014, 7.79691, 0.0410911
27.0963, -54.6982, 0.708023, 7.97855, 0.0417594
27.2779, -53.2326, 0.715704, 8.16018, 0.0427537
27.4595, -51.7339, 0.723199, 8.3418, 0.0441087
27.6412, -50.2022, 0.731325, 8.52344, 0.0450811
27.8228, -48.6376, 0.73983, 8.70508, 0.0457365
28.0045, -47.04, 0.74808, 8.8867, 0.0470568
28.1861, -45.4093, 0.756708, 9.06833, 0.048105
28.3677, -43.7457, 0.76554, 9.24996, 0.049113
28.5494, -42.0547, 0.774544, 9.28158, 0.0495854
28.731, -40.3854, 0.783464, 9.09997, 0.0486302
28.9126, -38.749, 0.792208, 8.91833, 0.0476528
29.0943, -37.1456, 0.800775, 8.7367, 0.0466696
29.2759, -35.5752, 0.809162, 8.55507, 0.0456834
29.4575, -34.0378, 0.81737, 8.37345, 0.0446957
29.6392, -32.5334, 0.825398, 8.19181, 0.0437068
29.8208, -31.062, 0.833247, 8.01018, 0.042717
30.0024, -29.6235, 0.840916, 7.82855, 0.0417268
30.1841, -28.2181, 0.848405, 7.64691, 0.040736
30.3657, -26.8456, 0.855714, 7.46528, 0.039745
30.5473, -25.5062, 0.862843, 7.28365, 0.0387536
30.729, -24.1997, 0.869792, 7.10202, 0.037762
30.9106, -22.9262, 0.876561, 6.92038, 0.0367702
31.0922, -21.6857, 0.88315, 6.73875, 0.0357782
31.2739, -20.4782, 0.889558, 6.55712, 0.0347861
31.4555, -19.3037, 0.895787, 6.37549, 0.0337938
31.6371, -18.1622, 0.901835, 6.19386, 0.0328014
31.8188, -17.0537, 0.907702, 6.01222, 0.0318088
32.0004, -15.9782, 0.91339, 5.83059, 0.0308163
32.1821, -14.9356, 0.918897, 5.64896, 0.0298236
32.3637, -13.9261, 0.924224, 5.46733, 0.0288308
32.5453, -12.9495, 0.92937, 5.2857, 0.027838
32.727, -12.0059, 0.934336, 5.10407, 0.0268451
32.9086, -11.0954, 0.939122, 4.92243, 0.0258522
33.0902, -10.2178, 0.943728, 4.7408, 0.0248592
33.2719, -9.37318, 0.948153, 4.55917, 0.0238661
33.4535, -8.56157, 0.952398, 4.37754, 0.022873
33.6351, -7.78296, 0.956462, 4.1959, 0.0218799
33.8168, -7.03732, 0.960346, 4.01427, 0.0208867
33.9984, -6.32468, 0.964049, 3.83264, 0.0198935
34.18, -5.64503, 0.967573, 3.65101, 0.0189002
34.3617, -4.99837, 0.970915, 3.46938, 0.0179069
34.5433, -4.38471, 0.974078, 3.28775, 0.0169136
34.7249, -3.80403, 0.97706, 3.10611, 0.0159203
34.9066, -3.25636, 0.979861, 2.92448, 0.0149269
35.0882, -2.74167, 0.982482, 2.74285, 0.0139335
35.2698, -2.25996, 0.984923, 2.56122, 0.0129401
35.4515, -1.81126, 0.987183, 2.37958, 0.0119467
35.6331, -1.39552, 0.989263, 2.19795, 0.0109532
35.8147, -1.0128, 0.991162, 2.01632, 0.00995975
35.9964, -0.663086, 0.992881, 1.83469, 0.00896625
36.178, -0.346313, 0.994419, 1.65306, 0.00797274
36.3596, -0.062561, 0.995777, 1.47142, 0.00697919
36.5413, 0.188202, 0.996954, 1.28979, 0.00598565
36.7229, 0.405968, 0.997951, 1.10816, 0.00499209
36.9046, 0.590767, 0.998768, 0.926527, 0.00399849
37.0862, 0.742561, 0.999404, 0.744895, 0.0030049
37.2678, 0.861366, 0.999859, 0.563264, 0.00201129
37.4495, 0.947182, 1.00013, 0.381633, 0.00101767
37.6311, 1, 1.00023, 0.199999, 2.40261e-05
