28.4713, 0
0, 0, 0, 0.5, 0
0.150224, 0.0637843, -0.00417218, 0.34979, 0.00207079
0.300447, 0.105092, 0.0004295, 0.199568, 0.00298002
0.450671, 0.123788, 0.000980017, 0.0493515, 0.00447003
0.600894, 0.11992, 0.00175435, -0.100865, 0.00596003
0.751118, 0.0934827, 0.00275254, -0.25108, 0.00745004
0.901341, 0.0444832, 0.00397453, -0.401297, 0.00894005
1.05156, -0.0270862, 0.00542039, -0.551513, 0.0104301
1.20179, -0.121221, 0.00709009, -0.701729, 0.0119201
1.35201, -0.23792, 0.0089836, -0.851945, 0.0134101
1.50224, -0.377186, 0.011101, -1.00216, 0.0149001
1.65246, -0.539016, 0.0134421, -1.15238, 0.0163901
1.80268, -0.723412, 0.0160071, -1.30259, 0.0178801
1.95291, -0.930377, 0.018796, -1.45281, 0.0193701
2.10313, -1.15991, 0.0218087, -1.60303, 0.0208601
2.25335, -1.412, 0.0250452, -1.75324, 0.0223501
2.40358, -1.68669, 0.0255392, -1.90345, 0.0244209
2.5538, -1.98389, 0.0321897, -2.05367, 0.0253301
2.70402, -2.30368, 0.0360977, -2.20389, 0.0268202
2.85425, -2.64604, 0.0404247, -2.35411, 0.0282683
3.00447, -3.01097, 0.0447741, -2.50432, 0.0297583
3.15469, -3.39846, 0.0491648, -2.65454, 0.0312902
3.30492, -3.80852, 0.0539682, -2.80475, 0.0327802
3.45514, -4.24114, 0.0589954, -2.95497, 0.0342702
3.60537, -4.69633, 0.0642464, -3.10519, 0.0357602
3.75559, -5.17409, 0.0697213, -3.2554, 0.0372502
3.90581, -5.67441, 0.075571, -3.40562, 0.0386983
4.05604, -6.1973, 0.0813425, -3.55584, 0.0402302
4.20626, -6.74275, 0.0876273, -3.70605, 0.0416783
4.35648, -7.31077, 0.0939912, -3.85627, 0.0431683
4.50671, -7.90135, 0.100653, -4.00648, 0.0446338
4.65693, -8.5145, 0.10746, -4.1567, 0.0461239
4.80715, -9.15022, 0.114313, -4.30692, 0.0476803
4.95738, -9.8085, 0.121685, -4.45713, 0.0491284
5.1076, -10.4894, 0.129227, -4.60735, 0.0505939
5.25782, -11.1928, 0.13697, -4.75756, 0.0520665
5.40805, -11.9188, 0.144718, -4.90778, 0.0536403
5.55827, -12.6673, 0.153008, -5.058, 0.0550639
5.70849, -13.4384, 0.161383, -5.20821, 0.0565539
5.85872, -14.2321, 0.17001, -5.35843, 0.0580265
6.00894, -15.0483, 0.17885, -5.50864, 0.059503
6.15917, -15.8871, 0.187817, -5.65886, 0.0610484
6.30939, -16.7485, 0.197158, -5.80908, 0.0624831
6.45961, -17.6325, 0.206658, -5.95929, 0.063962
6.60984, -18.539, 0.216392, -6.10951, 0.0654275
6.76006, -19.4681, 0.22634, -6.25972, 0.0668953
6.91028, -20.4197, 0.236475, -6.40994, 0.0684147
7.06051, -21.3939, 0.246868, -6.56015, 0.0698753
7.21073, -22.3907, 0.257476, -6.71036, 0.0713392
7.36095, -23.41, 0.268303, -6.86056, 0.07278
7.51118, -24.4519, 0.279339, -7.00811, 0.0739853
7.6614, -25.4938, 0.290311, -6.86034, 0.0722348
7.81162, -26.5131, 0.301047, -6.71013, 0.0707031
7.96185, -27.5098, 0.311555, -6.55992, 0.0691886
8.11207, -28.484, 0.321835, -6.40972, 0.0676814
8.26229, -29.4356, 0.33189, -6.25949, 0.0661778
8.41252, -30.3647, 0.341718, -6.10928, 0.0646768
8.56274, -31.2711, 0.351322, -5.95906, 0.0631774
8.71297, -32.1551, 0.3607, -5.80885, 0.0616794
8.86319, -33.0164, 0.369853, -5.65864, 0.0601823
9.01341, -33.8552, 0.378781, -5.50842, 0.0586859
9.16364, -34.6714, 0.387485, -5.35821, 0.0571902
9.31386, -35.465, 0.395964, -5.20799, 0.0556949
9.46408, -36.2361, 0.404219, -5.05777, 0.0542
9.61431, -36.9846, 0.412248, -4.90756, 0.0527056
9.76453, -37.7106, 0.420054, -4.75734, 0.0512114
9.91475, -38.414, 0.427635, -4.60713, 0.0497175
10.065, -39.0948, 0.434991, -4.45691, 0.0482238
10.2152, -39.753, 0.442124, -4.30669, 0.0467303
10.3654, -40.3887, 0.449031, -4.15648, 0.0452371
10.5156, -41.0018, 0.455715, -4.00626, 0.0437439
10.6659, -41.5924, 0.462174, -3.85604, 0.042251
10.8161, -42.1604, 0.468409, -3.70583, 0.0407582
10.9663, -42.7058, 0.47442, -3.55561, 0.0392655
11.1165, -43.2286, 0.480206, -3.4054, 0.0377729
11.2668, -43.7289, 0.485769, -3.25518, 0.0362804
11.417, -44.2066, 0.491107, -3.10497, 0.0347881
11.5672, -44.6618, 0.49622, -2.95475, 0.0332958
11.7174, -45.0944, 0.50111, -2.80453, 0.0318036
11.8677, -45.5044, 0.505776, -2.65432, 0.0303114
12.0179, -45.8919, 0.510217, -2.5041, 0.0288194
12.1681, -46.2568, 0.514435, -2.35389, 0.0273274
12.3183, -46.5991, 0.518428, -2.20367, 0.0258355
12.4686, -46.9189, 0.522197, -2.05345, 0.0243436
12.6188, -47.216, 0.525742, -1.90324, 0.0228518
12.769, -47.4907, 0.529063, -1.75302, 0.02136
12.9192, -47.7427, 0.532159, -1.60281, 0.0198683
13.0694, -47.9722, 0.535032, -1.45259, 0.0183766
13.2197, -48.1792, 0.53768, -1.30237, 0.016885
13.3699, -48.3635, 0.540105, -1.15216, 0.0153935
13.5201, -48.5253, 0.542305, -1.00194, 0.0139019
13.6703, -48.6646, 0.544282, -0.851723, 0.0124104
13.8206, -48.7812, 0.546034, -0.701509, 0.0109189
13.9708, -48.8753, 0.547562, -0.551291, 0.0094275
14.121, -48.9469, 0.548867, -0.401076, 0.00793611
14.2712, -48.9958, 0.549947, -0.250859, 0.00644473
14.4215, -49.0222, 0.550803, -0.100643, 0.00495339
14.5717, -49.0261, 0.551435, 0.0495709, 0.00346211
14.7219, -49.0073, 0.551843, 0.199788, 0.00197081
14.8721, -48.966, 0.552027, 0.350005, 0.00047955
15.0081, -48.9092, 0.548595, 0.485985, 0.0013279
15.1441, -48.8339, 0.548874, 0.62197, 0.00265581
15.2801, -48.7401, 0.549334, 0.757954, 0.00398371
15.4161, -48.6277, 0.546426, 0.893934, 0.00588568
15.5521, -48.4969, 0.550795, 1.02992, 0.00663952
15.6881, -48.3476, 0.551796, 1.16591, 0.00796742
15.8241, -48.1798, 0.552978, 1.30189, 0.00929533
15.9601, -47.9935, 0.554341, 1.43788, 0.0106232
16.0961, -47.7887, 0.555884, 1.57386, 0.0119511
16.232, -47.5655, 0.557607, 1.70985, 0.013279
16.368, -47.3237, 0.559512, 1.84583, 0.0146069
16.504, -47.0634, 0.561597, 1.98182, 0.0159348
16.64, -46.7847, 0.563862, 2.1178, 0.0172628
16.776, -46.4874, 0.566308, 2.25379, 0.0185907
16.912, -46.1717, 0.568935, 2.38977, 0.0199186
17.048, -45.8374, 0.571742, 2.52576, 0.0212465
17.184, -45.4847, 0.574729, 2.66174, 0.0225744
17.32, -45.1135, 0.577898, 2.79773, 0.0239023
17.456, -44.7238, 0.581247, 2.93371, 0.0252302
17.592, -44.3156, 0.584776, 3.0697, 0.0265581
17.728, -43.8889, 0.588486, 3.20568, 0.027886
17.8639, -43.4437, 0.592377, 3.34167, 0.0292139
17.9999, -42.98, 0.596448, 3.47765, 0.0305418
18.1359, -42.4978, 0.6007, 3.61364, 0.0318697
18.2719, -41.9972, 0.605132, 3.74962, 0.0331976
18.4079, -41.478, 0.607915, 3.8856, 0.0350996
18.5439, -40.9403, 0.614539, 4.02159, 0.0358534
18.6799, -40.3842, 0.619513, 4.15758, 0.0371813
18.8159, -39.8096, 0.624668, 4.29356, 0.0385092
18.9519, -39.2164, 0.630003, 4.42955, 0.0398371
19.0879, -38.6048, 0.634079, 4.56553, 0.0417391
19.2239, -37.9747, 0.641216, 4.70152, 0.0424929
19.3598, -37.3261, 0.647093, 4.8375, 0.0438208
19.4958, -36.659, 0.65315, 4.97349, 0.0451487
19.6318, -35.9734, 0.659389, 5.10947, 0.0464766
19.7678, -35.2693, 0.665808, 5.24546, 0.0478045
19.9038, -34.5467, 0.671435, 5.38143, 0.0497065
20.0398, -33.8056, 0.679187, 5.51743, 0.0504604
20.1758, -33.046, 0.686148, 5.65341, 0.0517883
20.3118, -32.268, 0.693289, 5.7894, 0.0531162
20.4478, -31.4714, 0.700611, 5.92538, 0.0544441
20.5838, -30.6564, 0.707531, 6.06136, 0.056346
20.7198, -29.8228, 0.715796, 6.19735, 0.0570999
20.8558, -28.9708, 0.723659, 6.33334, 0.0584278
20.9917, -28.1003, 0.731331, 6.46931, 0.0603711
21.1277, -27.2113, 0.739659, 6.6053, 0.0616576
21.2637, -26.3037, 0.748333, 6.74129, 0.0624115
21.3997, -25.3777, 0.756774, 6.87726, 0.0644751
21.5357, -24.4332, 0.765686, 7.01326, 0.0650674
21.6717, -23.4759, 0.774667, 6.99925, 0.0662402
21.8077, -22.5333, 0.78359, 6.86325, 0.064974
21.9437, -21.6092, 0.792337, 6.72727, 0.0636758
22.0797, -20.7036, 0.800908, 6.59129, 0.0623678
22.2157, -19.8165, 0.8093, 6.45531, 0.0610546
22.3517, -18.9479, 0.817514, 6.31932, 0.0597386
22.4876, -18.0977, 0.825548, 6.18334, 0.0584206
22.6236, -17.2661, 0.833403, 6.04735, 0.0571012
22.7596, -16.453, 0.841078, 5.91137, 0.0557807
22.8956, -15.6583, 0.848574, 5.77538, 0.0544594
23.0316, -14.8822, 0.85589, 5.6394, 0.0531375
23.1676, -14.1245, 0.863027, 5.50341, 0.051815
23.3036, -13.3853, 0.869983, 5.36742, 0.050492
23.4396, -12.6646, 0.87676, 5.23144, 0.0491687
23.5756, -11.9625, 0.883356, 5.09545, 0.047845
23.7116, -11.2788, 0.889773, 4.95947, 0.0465211
23.8476, -10.6136, 0.896009, 4.82349, 0.0451969
23.9836, -9.96686, 0.902066, 4.6875, 0.0438725
24.1195, -9.33865, 0.907942, 4.55152, 0.042548
24.2555, -8.72894, 0.913638, 4.41553, 0.0412232
24.3915, -8.13771, 0.919154, 4.27955, 0.0398983
24.5275, -7.56497, 0.924489, 4.14356, 0.0385732
24.6635, -7.01073, 0.929645, 4.00758, 0.037248
24.7995, -6.47498, 0.93462, 3.87159, 0.0359227
24.9355, -5.95773, 0.939415, 3.73561, 0.0345973
25.0715, -5.45895, 0.94403, 3.59962, 0.0332717
25.2075, -4.97868, 0.948465, 3.46364, 0.0319461
25.3435, -4.51691, 0.952719, 3.32765, 0.0306204
25.4795, -4.07362, 0.956793, 3.19167, 0.0292947
25.6155, -3.64883, 0.960686, 3.05568, 0.0279688
25.7514, -3.24252, 0.9644, 2.9197, 0.0266429
25.8874, -2.85472, 0.967933, 2.78371, 0.0253169
26.0234, -2.4854, 0.971286, 2.64773, 0.0239909
26.1594, -2.13459, 0.974458, 2.51174, 0.0226648
26.2954, -1.80226, 0.97745, 2.37576, 0.0213386
26.4314, -1.48843, 0.980262, 2.23977, 0.0200124
26.5674, -1.19308, 0.982893, 2.10379, 0.0186862
26.7034, -0.916233, 0.985344, 1.9678, 0.0173599
26.8394, -0.657867, 0.987615, 1.83182, 0.0160336
26.9754, -0.417999, 0.989705, 1.69583, 0.0147072
27.1114, -0.196632, 0.991615, 1.55985, 0.0133808
27.2473, 0.00624847, 0.993344, 1.42386, 0.0120543
27.3833, 0.190632, 0.994893, 1.28788, 0.0107278
27.5193, 0.356529, 0.996262, 1.15189, 0.00940132
27.6553, 0.503929, 0.99745, 1.01591, 0.00807477
27.7913, 0.632839, 0.998458, 0.879925, 0.00674821
27.9273, 0.74324, 0.999286, 0.743937, 0.00542157
28.0633, 0.835175, 0.999933, 0.607952, 0.00409494
28.1993, 0.908596, 1.0004, 0.471968, 0.00276828
28.3353, 0.963539, 1.00069, 0.335983, 0.0014416
28.4713, 0.999989, 1.00079, 0.199998, 0.000114891
