3.06126, 0
0, 0, 0, 0.5, 0
0.0159923, 0.00645387, -0.000550725, 0.492592, 0.0140326
0.0319847, 0.0127894, -0.000874797, 0.485184, 0.0280601
0.047977, 0.0190067, -0.00097223, 0.477777, 0.0420822
0.0639693, 0.0251058, -0.000843066, 0.470371, 0.0560986
0.0799616, 0.0310866, -0.000487211, 0.462966, 0.0701089
0.0959539, 0.0369493, 9.52333e-05, 0.455562, 0.0841128
0.111946, 0.0426938, 0.000904391, 0.448159, 0.0981097
0.127939, 0.0483203, 0.00194015, 0.440756, 0.112099
0.143931, 0.0538286, 0.00320268, 0.433356, 0.126081
0.159923, 0.059219, 0.00469187, 0.425956, 0.140055
0.175916, 0.0644914, 0.00640773, 0.418557, 0.154019
0.191908, 0.069646, 0.00835032, 0.41116, 0.167974
0.2079, 0.0746827, 0.0105196, 0.403765, 0.181919
0.223893, 0.0796017, 0.0129157, 0.396371, 0.195853
0.239885, 0.084403, 0.0155385, 0.388979, 0.209775
0.255877, 0.0890867, 0.0183882, 0.381589, 0.223683
0.27187, 0.093653, 0.0214646, 0.374201, 0.237578
0.287862, 0.0981019, 0.0247678, 0.366815, 0.251458
0.303854, 0.102433, 0.0282979, 0.359432, 0.265322
0.319847, 0.106648, 0.0320549, 0.352052, 0.279168
0.335839, 0.110745, 0.0360387, 0.344674, 0.292994
0.351831, 0.114726, 0.0402495, 0.3373, 0.306799
0.367824, 0.11859, 0.0446873, 0.329929, 0.320581
0.383816, 0.122338, 0.0493521, 0.322562, 0.334337
0.399808, 0.125969, 0.0542439, 0.315199, 0.348065
0.4158, 0.129485, 0.0593628, 0.307842, 0.361762
0.431793, 0.132885, 0.0647089, 0.300489, 0.375424
0.447785, 0.13617, 0.0702823, 0.293143, 0.389047
0.463777, 0.13934, 0.0760829, 0.285804, 0.402627
0.47977, 0.142396, 0.0821108, 0.278472, 0.416159
0.495762, 0.145338, 0.0883662, 0.271149, 0.429636
0.511754, 0.148167, 0.0948492, 0.263835, 0.443051
0.527747, 0.150884, 0.10156, 0.256534, 0.456396
0.543739, 0.153489, 0.108498, 0.249245, 0.46966
0.559731, 0.155984, 0.115664, 0.241971, 0.482831
0.575724, 0.158371, 0.123059, 0.234715, 0.495895
0.591716, 0.16065, 0.130681, 0.22748, 0.508835
0.607708, 0.162823, 0.138532, 0.22027, 0.521627
0.623701, 0.164894, 0.146611, 0.213089, 0.534247
0.639693, 0.166866, 0.154919, 0.205943, 0.54666
0.655685, 0.168741, 0.163455, 0.198841, 0.558826
0.671678, 0.170525, 0.17222, 0.191793, 0.570693
0.68767, 0.172223, 0.181213, 0.18481, 0.582195
0.703662, 0.173845, 0.190435, 0.177911, 0.593247
0.719655, 0.175399, 0.199883, 0.171118, 0.603742
0.735647, 0.176898, 0.209556, 0.164461, 0.61354
0.751639, 0.178359, 0.21945, 0.157979, 0.622467
0.767632, 0.179802, 0.229558, 0.151725, 0.630302
0.783624, 0.181251, 0.239869, 0.145767, 0.636782
0.799616, 0.182736, 0.250366, 0.140189, 0.641607
0.815609, 0.184285, 0.26102, 0.135087, 0.644474
0.831601, 0.185926, 0.271793, 0.130564, 0.645124
0.847593, 0.187678, 0.282634, 0.126708, 0.643411
0.863586, 0.189547, 0.293484, 0.123582, 0.639347
0.879578, 0.191527, 0.304285, 0.121205, 0.633101
0.89557, 0.193607, 0.314982, 0.119562, 0.624956
0.911563, 0.195767, 0.32553, 0.118608, 0.615236
0.927555, 0.197993, 0.335895, 0.118281, 0.604261
0.943547, 0.200272, 0.346052, 0.118517, 0.592308
0.95954, 0.202593, 0.355984, 0.119253, 0.579602
0.975532, 0.204953, 0.36568, 0.120431, 0.56632
0.991524, 0.207347, 0.375132, 0.122001, 0.5526
1.00752, 0.209775, 0.384335, 0.123919, 0.538544
1.02351, 0.212236, 0.393286, 0.126149, 0.524233
1.0395, 0.214732, 0.401983, 0.128656, 0.509726
1.05549, 0.217265, 0.410424, 0.131414, 0.495068
1.07149, 0.219837, 0.418611, 0.134398, 0.480295
1.08748, 0.22245, 0.426542, 0.137587, 0.465433
1.10347, 0.225107, 0.434218, 0.140964, 0.450505
1.11946, 0.22781, 0.441639, 0.144513, 0.435525
1.13546, 0.230562, 0.448805, 0.148218, 0.420508
1.15145, 0.233364, 0.455718, 0.15207, 0.405462
1.16744, 0.236221, 0.462378, 0.156055, 0.390397
1.18343, 0.239132, 0.468785, 0.160164, 0.375318
1.19942, 0.242102, 0.47494, 0.16439, 0.360231
1.21542, 0.245131, 0.480844, 0.168723, 0.34514
1.23141, 0.248222, 0.486498, 0.173157, 0.330047
1.2474, 0.251376, 0.491901, 0.177686, 0.314956
1.26339, 0.254596, 0.497055, 0.182303, 0.299869
1.27939, 0.257882, 0.50196, 0.187003, 0.284787
1.29538, 0.261237, 0.506617, 0.191782, 0.269711
1.31137, 0.264662, 0.511025, 0.196635, 0.254643
1.32736, 0.268158, 0.515187, 0.201558, 0.239584
1.34336, 0.271726, 0.519102, 0.206548, 0.224534
1.35935, 0.275369, 0.522771, 0.2116, 0.209493
1.37534, 0.279086, 0.526193, 0.216712, 0.194462
1.39133, 0.28288, 0.529371, 0.22188, 0.179441
1.40732, 0.286751, 0.532303, 0.227103, 0.164431
1.42332, 0.290701, 0.534991, 0.232377, 0.149431
1.43931, 0.29473, 0.537435, 0.2377, 0.134442
1.4553, 0.29884, 0.539635, 0.24307, 0.119463
1.47129, 0.30303, 0.541591, 0.248486, 0.104494
1.48729, 0.307303, 0.543304, 0.253944, 0.0895361
1.50328, 0.311659, 0.544775, 0.259443, 0.0745882
1.51927, 0.316099, 0.546003, 0.264981, 0.0596508
1.53526, 0.320623, 0.546989, 0.270558, 0.0447233
1.55126, 0.325233, 0.547733, 0.276171, 0.0298055
1.56725, 0.329928, 0.548236, 0.281819, 0.0148979
1.58324, 0.33471, 0.548497, 0.2875, -8.19564e-08
1.59802, 0.338567, 0.548912, 0.295758, 0.0122326
1.6128, 0.342546, 0.549507, 0.304015, 0.0244646
1.62758, 0.346648, 0.550284, 0.312271, 0.0366958
1.64236, 0.350872, 0.551242, 0.320527, 0.0489262
1.65714, 0.355218, 0.55238, 0.328782, 0.0611558
1.67192, 0.359686, 0.5537, 0.337037, 0.0733846
1.6867, 0.364277, 0.555201, 0.34529, 0.0856123
1.70148, 0.36899, 0.556882, 0.353542, 0.0978391
1.71626, 0.373825, 0.558745, 0.361794, 0.110065
1.73104, 0.378783, 0.560789, 0.370044, 0.122289
1.74582, 0.383863, 0.563013, 0.378294, 0.134512
1.7606, 0.389065, 0.565419, 0.386542, 0.146734
1.77538, 0.39439, 0.568006, 0.394788, 0.158954
1.79016, 0.399837, 0.570773, 0.403033, 0.171173
1.80494, 0.405406, 0.573722, 0.411277, 0.18339
1.81972, 0.411097, 0.576852, 0.419518, 0.195605
1.8345, 0.416911, 0.580162, 0.427758, 0.207818
1.84928, 0.422848, 0.583654, 0.435996, 0.220028
1.86406, 0.428906, 0.587326, 0.444231, 0.232236
1.87884, 0.435087, 0.591179, 0.452464, 0.244441
1.89362, 0.441391, 0.595214, 0.460694, 0.256643
1.9084, 0.447816, 0.599429, 0.468921, 0.268841
1.92318, 0.454365, 0.603825, 0.477144, 0.281035
1.93796, 0.461035, 0.608402, 0.485363, 0.293225
1.95275, 0.467828, 0.61316, 0.493578, 0.30541
1.96753, 0.474744, 0.618099, 0.501787, 0.31759
1.98231, 0.481782, 0.623219, 0.509991, 0.329763
1.99709, 0.488943, 0.628519, 0.518188, 0.341928
2.01187, 0.496226, 0.634, 0.526378, 0.354085
2.02665, 0.503632, 0.639662, 0.534558, 0.366233
2.04143, 0.51116, 0.645505, 0.542729, 0.378368
2.05621, 0.518812, 0.651528, 0.550887, 0.390491
2.07099, 0.526586, 0.657731, 0.55903, 0.402597
2.08577, 0.534483, 0.664115, 0.567156, 0.414684
2.10055, 0.542503, 0.67068, 0.57526, 0.426747
2.11533, 0.550647, 0.677424, 0.583338, 0.43878
2.13011, 0.558914, 0.684348, 0.591384, 0.450777
2.14489, 0.567305, 0.691452, 0.599387, 0.462728
2.15967, 0.575821, 0.698734, 0.607335, 0.474618
2.17445, 0.584462, 0.706195, 0.61521, 0.486426
2.18923, 0.593229, 0.713833, 0.622986, 0.498124
2.20401, 0.602124, 0.721646, 0.63062, 0.509664
2.21879, 0.611148, 0.729632, 0.638045, 0.520972
2.23357, 0.620307, 0.737786, 0.64515, 0.53192
2.24835, 0.629606, 0.746099, 0.65173, 0.542283
2.26313, 0.639057, 0.754552, 0.657413, 0.551634
2.27791, 0.648675, 0.763108, 0.661507, 0.559186
2.29269, 0.658471, 0.771697, 0.662943, 0.563691
2.30747, 0.668417, 0.78022, 0.660822, 0.56404
2.32225, 0.678418, 0.788603, 0.655436, 0.560428
2.33703, 0.68837, 0.796825, 0.647937, 0.554082
2.35181, 0.69821, 0.804888, 0.639309, 0.546102
2.36659, 0.707908, 0.812799, 0.630115, 0.537152
2.38137, 0.717453, 0.820558, 0.620641, 0.527591
2.39615, 0.726839, 0.828167, 0.611037, 0.517619
2.41093, 0.736067, 0.835623, 0.60138, 0.507355
2.42571, 0.745137, 0.842926, 0.591712, 0.496872
2.44049, 0.75405, 0.850075, 0.582057, 0.486219
2.45527, 0.762808, 0.857067, 0.572428, 0.47543
2.47005, 0.771413, 0.863902, 0.562832, 0.46453
2.48483, 0.779865, 0.870578, 0.553273, 0.453535
2.49961, 0.788167, 0.877094, 0.543751, 0.44246
2.51439, 0.79632, 0.883448, 0.534268, 0.431316
2.52917, 0.804325, 0.889641, 0.524821, 0.42011
2.54395, 0.812184, 0.89567, 0.515411, 0.408851
2.55873, 0.819897, 0.901536, 0.506036, 0.397543
2.57351, 0.827465, 0.907237, 0.496694, 0.386192
2.58829, 0.834889, 0.912772, 0.487384, 0.374802
2.60307, 0.842171, 0.918141, 0.478105, 0.363376
2.61785, 0.849311, 0.923343, 0.468855, 0.351918
2.63263, 0.85631, 0.928378, 0.459632, 0.34043
2.64741, 0.863168, 0.933246, 0.450436, 0.328914
2.66219, 0.869886, 0.937945, 0.441265, 0.317372
2.67697, 0.876465, 0.942475, 0.432118, 0.305807
2.69175, 0.882906, 0.946836, 0.422993, 0.294219
2.70654, 0.889208, 0.951027, 0.41389, 0.282611
2.72132, 0.895373, 0.955048, 0.404808, 0.270983
2.7361, 0.9014, 0.958899, 0.395745, 0.259337
2.75088, 0.907291, 0.962579, 0.386701, 0.247673
2.76566, 0.913045, 0.966088, 0.377676, 0.235994
2.78044, 0.918664, 0.969426, 0.368667, 0.224299
2.79522, 0.924147, 0.972593, 0.359675, 0.21259
2.81, 0.929494, 0.975587, 0.350699, 0.200867
2.82478, 0.934707, 0.978409, 0.341737, 0.189131
2.83956, 0.939786, 0.98106, 0.33279, 0.177383
2.85434, 0.94473, 0.983537, 0.323858, 0.165623
2.86912, 0.94954, 0.985842, 0.314938, 0.153852
2.8839, 0.954217, 0.987974, 0.306032, 0.14207
2.89868, 0.95876, 0.989932, 0.297137, 0.130278
2.91346, 0.963171, 0.991717, 0.288255, 0.118476
2.92824, 0.967448, 0.993329, 0.279384, 0.106665
2.94302, 0.971593, 0.994767, 0.270524, 0.0948448
2.9578, 0.975605, 0.996031, 0.261675, 0.083016
2.97258, 0.979485, 0.997122, 0.252836, 0.071179
2.98736, 0.983233, 0.998038, 0.244007, 0.0593341
3.00214, 0.986849, 0.998779, 0.235188, 0.0474814
3.01692, 0.990334, 0.999346, 0.226378, 0.0356215
3.0317, 0.993687, 0.999739, 0.217577, 0.0237544
3.04648, 0.996909, 0.999957, 0.208784, 0.0118807
3.06126, 1, 1, 0.2, 2.5332e-07
