1.73986, 0
0, 0, 0, 0.5, 0
0.0112043, 0.00484529, 3.81615e-05, 0.499106, 0.01113
0.0224087, 0.00968116, 0.000201391, 0.49821, 0.022259
0.033613, 0.0145078, 0.000489742, 0.497313, 0.0333867
0.0448174, 0.0193255, 0.000903325, 0.496414, 0.0445132
0.0560217, 0.0241338, 0.00144199, 0.495512, 0.0556384
0.0672261, 0.0289327, 0.00210572, 0.494609, 0.0667623
0.0784304, 0.0337225, 0.00289457, 0.493704, 0.0778848
0.0896348, 0.038503, 0.00380857, 0.492797, 0.0890059
0.100839, 0.0432742, 0.00484765, 0.491887, 0.100125
0.112043, 0.0480361, 0.00601181, 0.490976, 0.111243
0.123248, 0.0527888, 0.00730112, 0.490062, 0.12236
0.134452, 0.0575325, 0.00871555, 0.489145, 0.133475
0.145656, 0.0622667, 0.010255, 0.488226, 0.144587
0.156861, 0.0669917, 0.0119196, 0.487304, 0.155698
0.168065, 0.0717075, 0.0137093, 0.486379, 0.166808
0.17927, 0.076414, 0.015624, 0.485451, 0.177915
0.190474, 0.0811113, 0.0176638, 0.48452, 0.189019
0.201678, 0.0857993, 0.0198287, 0.483586, 0.200122
0.212883, 0.0904781, 0.0221186, 0.482648, 0.211222
0.224087, 0.0951477, 0.0245336, 0.481707, 0.22232
0.235291, 0.0998081, 0.0270737, 0.480762, 0.233415
0.246496, 0.104459, 0.0297387, 0.479814, 0.244508
0.2577, 0.109101, 0.0325288, 0.478861, 0.255598
0.268904, 0.113734, 0.0354439, 0.477903, 0.266684
0.280109, 0.118357, 0.0384841, 0.476941, 0.277767
0.291313, 0.122971, 0.0416492, 0.475975, 0.288847
0.302517, 0.127576, 0.0449394, 0.475003, 0.299924
0.313722, 0.132172, 0.0483545, 0.474026, 0.310996
0.324926, 0.136758, 0.0518946, 0.473043, 0.322065
0.33613, 0.141335, 0.0555596, 0.472055, 0.333129
0.347335, 0.145903, 0.0593496, 0.47106, 0.344189
0.358539, 0.150462, 0.0632645, 0.470058, 0.355244
0.369743, 0.155012, 0.0673043, 0.469049, 0.366294
0.380948, 0.159552, 0.071469, 0.468033, 0.377339
0.392152, 0.164083, 0.0757586, 0.467009, 0.388377
0.403356, 0.168605, 0.080173, 0.465976, 0.39941
0.414561, 0.173118, 0.0847123, 0.464934, 0.410436
0.425765, 0.177622, 0.0893764, 0.463883, 0.421454
0.436969, 0.182116, 0.0941652, 0.462821, 0.432465
0.448174, 0.186601, 0.0990788, 0.461748, 0.443468
0.459378, 0.191077, 0.104117, 0.460663, 0.454462
0.470583, 0.195544, 0.10928, 0.459565, 0.465447
0.481787, 0.200002, 0.114568, 0.458454, 0.476421
0.492991, 0.20445, 0.11998, 0.457328, 0.487384
0.504196, 0.208889, 0.125516, 0.456186, 0.498335
0.5154, 0.21332, 0.131178, 0.455026, 0.509273
0.526604, 0.217741, 0.136963, 0.453849, 0.520196
0.537809, 0.222153, 0.142873, 0.45265, 0.531104
0.549013, 0.226555, 0.148907, 0.45143, 0.541994
0.560217, 0.230949, 0.155066, 0.450186, 0.552865
0.571422, 0.235334, 0.161348, 0.448915, 0.563716
0.582626, 0.239709, 0.167755, 0.447616, 0.574543
0.59383, 0.244076, 0.174285, 0.446285, 0.585345
0.605035, 0.248433, 0.180939, 0.44492, 0.596118
0.616239, 0.252782, 0.187716, 0.443515, 0.606859
0.627443, 0.257122, 0.194617, 0.442068, 0.617564
0.638648, 0.261452, 0.201641, 0.440574, 0.628229
0.649852, 0.265774, 0.208788, 0.439025, 0.638848
0.661056, 0.270087, 0.216057, 0.437418, 0.649416
0.672261, 0.274391, 0.223448, 0.435744, 0.659923
0.683465, 0.278687, 0.230961, 0.433994, 0.670363
0.694669, 0.282974, 0.238596, 0.432158, 0.680723
0.705874, 0.287253, 0.24635, 0.430224, 0.690991
0.717078, 0.291523, 0.254225, 0.428178, 0.701151
0.728283, 0.295785, 0.262218, 0.426003, 0.711184
0.739487, 0.300039, 0.27033, 0.423679, 0.721064
0.750691, 0.304285, 0.278557, 0.421182, 0.730763
0.761896, 0.308524, 0.286898, 0.418484, 0.740242
0.7731, 0.312755, 0.295352, 0.415549, 0.749451
0.784304, 0.316979, 0.303915, 0.412337, 0.758329
0.795509, 0.321196, 0.312582, 0.408801, 0.766798
0.806713, 0.325406, 0.32135, 0.404886, 0.774754
0.817917, 0.329609, 0.33021, 0.400532, 0.782069
0.829122, 0.333805, 0.339155, 0.395678, 0.788582
0.840326, 0.337992, 0.348172, 0.390271, 0.794097
0.85153, 0.342167, 0.357246, 0.384282, 0.798398
0.862735, 0.346326, 0.36636, 0.377725, 0.80126
0.873939, 0.35046, 0.375492, 0.370676, 0.802501
0.885143, 0.35456, 0.38462, 0.363275, 0.802015
0.896348, 0.358615, 0.39372, 0.355713, 0.799811
0.907552, 0.362614, 0.402773, 0.348185, 0.796013
0.918756, 0.36655, 0.411761, 0.340864, 0.790819
0.929961, 0.370417, 0.420671, 0.333869, 0.784462
0.941165, 0.374215, 0.429492, 0.32727, 0.777163
0.952369, 0.377943, 0.438217, 0.321094, 0.769118
0.963574, 0.381603, 0.446841, 0.315341, 0.760485
0.974778, 0.385199, 0.455357, 0.309994, 0.75139
0.985982, 0.388735, 0.463764, 0.305028, 0.741931
0.997187, 0.392214, 0.472058, 0.300412, 0.732183
1.00839, 0.395639, 0.480238, 0.296117, 0.722204
1.0196, 0.399014, 0.488301, 0.292116, 0.712038
1.0308, 0.402342, 0.496247, 0.288381, 0.70172
1.042, 0.405626, 0.504073, 0.284888, 0.691278
1.05321, 0.40887, 0.51178, 0.281617, 0.680732
1.06441, 0.412075, 0.519367, 0.278547, 0.6701
1.07562, 0.415244, 0.526832, 0.275662, 0.659396
1.08682, 0.418378, 0.534176, 0.272946, 0.648632
1.09803, 0.421481, 0.541398, 0.270386, 0.637815
1.10923, 0.424554, 0.548497, 0.267969, 0.626953
1.11554, 0.426244, 0.552451, 0.267969, 0.626953
1.12184, -3267.8, 294.041, 0.267969, 0.626953
1.12815, 6886.79, 3310.07, 0.297415, 0.624309
1.13446, 350.332, 3897.04, 0.297415, 0.624309
1.14076, 350.334, 3897.04, 0.297415, 0.624309
1.14707, -2917.89, 4190.53, 0.297415, 0.624309
1.15337, -65.094, -729.167, 0.296004, 0.608598
1.15968, -3333.32, -435.678, 0.296004, 0.608598
1.16599, 3137.61, -1752.39, 0.32404, 0.590242
1.17229, -3398.85, -1165.41, 0.32404, 0.590242
1.1786, 3137.61, -1752.38, 0.32404, 0.590242
1.18491, -130.616, -1458.89, 0.32404, 0.590242
1.19121, 3487.51, 2144.11, 0.353486, 0.587598
1.19752, 219.288, 2437.59, 0.353486, 0.587598
1.20382, 3487.52, 2144.11, 0.353486, 0.587598
1.21013, -3048.94, 2731.09, 0.353486, 0.587598
1.21644, -3048.93, 2731.09, 0.353486, 0.587598
1.22274, -6317.16, 3024.58, 0.353486, 0.587598
1.22905, 3421.99, 1414.38, 0.381521, 0.569243
1.23536, 153.768, 1707.87, 0.381521, 0.569243
1.24166, 153.769, 1707.88, 0.381521, 0.569243
1.24797, 153.771, 1707.88, 0.381521, 0.569243
1.25427, -3114.46, 2001.37, 0.381521, 0.569243
1.26058, 153.774, 1707.89, 0.381521, 0.569243
1.26689, 88.2456, 978.148, 0.409557, 0.550887
1.27319, 88.2473, 978.151, 0.409557, 0.550887
1.2795, -3179.98, 1271.64, 0.409557, 0.550887
1.28581, 88.2507, 978.159, 0.409557, 0.550887
1.29211, 3290.95, -45.0666, 0.437592, 0.532532
1.29842, 3290.95, -45.0627, 0.437592, 0.532532
1.30472, -3245.5, 541.91, 0.437592, 0.532532
1.31103, 22.7268, 248.43, 0.437592, 0.532532
1.31734, -3245.5, 541.918, 0.437592, 0.532532
1.32364, -3245.5, 541.921, 0.437592, 0.532532
1.32995, 372.633, 4144.92, 0.467038, 0.529888
1.33626, 3640.86, 3851.44, 0.467038, 0.529888
1.34256, -2895.59, 4438.41, 0.467038, 0.529888
1.34887, -3311.02, -187.811, 0.465627, 0.514176
1.35517, -2961.12, 3708.67, 0.495074, 0.511532
1.36148, 3575.34, 3121.7, 0.495074, 0.511532
1.36779, 307.112, 3415.19, 0.495074, 0.511532
1.37409, 307.114, 3415.2, 0.495074, 0.511532
1.3804, 307.115, 3415.2, 0.495074, 0.511532
1.38671, -2961.11, 3708.69, 0.495074, 0.511532
1.39301, 3509.82, 2391.98, 0.523109, 0.493177
1.39932, -3026.64, 2978.95, 0.523109, 0.493177
1.40563, -173.84, -1940.75, 0.521698, 0.477466
1.41193, -3442.07, -1647.26, 0.521698, 0.477466
1.41824, 3094.39, -2234.23, 0.521698, 0.477466
1.42454, -173.835, -1940.74, 0.521698, 0.477466
1.43085, 3444.3, 1662.26, 0.551144, 0.474821
1.43716, -3092.16, 2249.23, 0.551144, 0.474821
1.44346, 176.071, 1955.74, 0.551144, 0.474821
1.44977, -3092.16, 2249.23, 0.551144, 0.474821
1.45608, 3794.2, 5558.74, 0.580591, 0.472177
1.46238, 110.545, 1226.01, 0.57918, 0.456466
1.46869, 3378.77, 932.527, 0.57918, 0.456466
1.47499, -3157.68, 1519.5, 0.57918, 0.456466
1.4813, -3157.68, 1519.5, 0.57918, 0.456466
1.48761, -6425.9, 1812.99, 0.57918, 0.456466
1.49391, 3728.68, 4829.02, 0.608626, 0.453822
1.50022, 460.456, 5122.51, 0.608626, 0.453822
1.50653, 460.457, 5122.51, 0.608626, 0.453822
1.51283, -2807.77, 5416, 0.608626, 0.453822
1.51914, -20.5014, -233.448, 0.635251, 0.419755
1.52544, 3247.73, -526.928, 0.635251, 0.419755
1.53175, -3288.73, 60.0447, 0.635251, 0.419755
1.53806, -3288.72, 60.0487, 0.635251, 0.419755
1.54436, -6556.95, 353.534, 0.635251, 0.419755
1.55067, -3288.72, 60.0531, 0.635251, 0.419755
1.55698, 329.409, 3663.05, 0.664697, 0.417111
1.56328, 329.411, 3663.05, 0.664697, 0.417111
1.56959, -6207.04, 4250.03, 0.664697, 0.417111
1.57589, -2938.81, 3956.54, 0.664697, 0.417111
1.5822, -6207.04, 4250.03, 0.664697, 0.417111
1.58851, -6207.04, 4250.03, 0.664697, 0.417111
1.59481, -3004.34, 3226.8, 0.692732, 0.398756
1.60112, 3532.12, 2639.84, 0.692732, 0.398756
1.60743, -3004.34, 3226.81, 0.692732, 0.398756
1.61373, 198.362, 2203.58, 0.720768, 0.3804
1.62004, -3069.86, 2497.07, 0.720768, 0.3804
1.62634, 198.366, 2203.59, 0.720768, 0.3804
1.63265, -3485.29, -2129.15, 0.719357, 0.364689
1.63896, -3485.29, -2129.15, 0.719357, 0.364689
1.64526, -6753.52, -1835.66, 0.719357, 0.364689
1.65157, 132.842, 1473.86, 0.748803, 0.362045
1.65788, 3401.07, 1180.37, 0.748803, 0.362045
1.66418, -3135.38, 1767.34, 0.748803, 0.362045
1.67049, -3135.38, 1767.35, 0.748803, 0.362045
1.67679, -2785.48, 5663.82, 0.778249, 0.359401
1.6831, 6603.77, 157.153, 0.776839, 0.34369
1.68941, 3335.55, 450.641, 0.776839, 0.34369
1.69571, 3335.55, 450.645, 0.776839, 0.34369
1.70202, -3200.9, 1037.62, 0.776839, 0.34369
1.70833, 67.3251, 744.138, 0.776839, 0.34369
1.71463, 417.227, 4640.61, 0.806285, 0.341045
1.72094, 417.229, 4640.62, 0.806285, 0.341045
1.72725, -2851, 4934.11, 0.806285, 0.341045
1.73355, 3685.46, 4347.14, 0.806285, 0.341045
1.73986, -3266.43, 307.886, 0.804874, 0.325334
