30.1265, 0
0, 0, 0, 0.5, 0
0.158619, 0.0667312, 0.000103358, 0.341388, 0.00141116
0.317237, 0.108304, 0.000430546, 0.182775, 0.00282233
0.475856, 0.124717, 0.000981579, 0.0241623, 0.00423349
0.634475, 0.115969, 0.00175647, -0.13445, 0.00564465
0.793093, 0.0820621, 0.0027552, -0.293062, 0.00705581
0.951712, 0.0229935, 0.00397779, -0.451675, 0.00846697
1.11033, -0.0612293, 0.00542417, -0.610287, 0.00987813
1.26895, -0.17061, 0.00709438, -0.7689, 0.0112893
1.42757, -0.305151, 0.00898844, -0.927512, 0.0127004
1.58619, -0.464852, 0.0111063, -1.08612, 0.0141116
1.74481, -0.649713, 0.0134481, -1.24474, 0.0155228
1.90342, -0.85973, 0.0160137, -1.40335, 0.0169339
2.06204, -1.09491, 0.0188031, -1.56196, 0.0183451
2.22066, -1.35524, 0.0218163, -1.72057, 0.0197563
2.37928, -1.64074, 0.0250534, -1.87919, 0.0211674
2.5379, -1.95139, 0.0285143, -2.0378, 0.0225786
2.69652, -2.2872, 0.032199, -2.19641, 0.0239897
2.85514, -2.64817, 0.0361076, -2.35502, 0.0254009
3.01376, -3.0343, 0.04024, -2.51364, 0.0268121
3.17237, -3.44559, 0.0445963, -2.67225, 0.0282232
3.33099, -3.88204, 0.0491764, -2.83086, 0.0296344
3.48961, -4.34365, 0.0539804, -2.98947, 0.0310455
3.64823, -4.83041, 0.0590081, -3.14809, 0.0324567
3.80685, -5.34234, 0.0642597, -3.3067, 0.0338679
3.96547, -5.87942, 0.0697352, -3.46531, 0.035279
4.12409, -6.44166, 0.0754344, -3.62392, 0.0366902
4.2827, -7.02907, 0.0813576, -3.78254, 0.0381013
4.44132, -7.64163, 0.0875045, -3.94115, 0.0395125
4.59994, -8.27934, 0.0938753, -4.09976, 0.0409237
4.75856, -8.94222, 0.10047, -4.25837, 0.0423348
4.91718, -9.63026, 0.107288, -4.41699, 0.043746
5.0758, -10.3435, 0.114331, -4.5756, 0.0451571
5.23442, -11.0818, 0.121597, -4.73421, 0.0465683
5.39304, -11.8453, 0.129087, -4.89282, 0.0479795
5.55165, -12.634, 0.136801, -5.05144, 0.0493906
5.71027, -13.4478, 0.144738, -5.21005, 0.0508018
5.86889, -14.2868, 0.1529, -5.36866, 0.052213
6.02751, -15.151, 0.161285, -5.52727, 0.0536241
6.18613, -16.0403, 0.169894, -5.68589, 0.0550353
6.34475, -16.9547, 0.178727, -5.8445, 0.0564464
6.50337, -17.8944, 0.187784, -6.00311, 0.0578576
6.66199, -18.8592, 0.197065, -6.16173, 0.0592688
6.8206, -19.8491, 0.206569, -6.32033, 0.0606799
6.97922, -20.8642, 0.216298, -6.47895, 0.0620911
7.13784, -21.9045, 0.22625, -6.63757, 0.0635023
7.29646, -22.9699, 0.236426, -6.79617, 0.0649134
7.45508, -24.0605, 0.246826, -6.95479, 0.0663246
7.6137, -25.1762, 0.257449, -7.1134, 0.0677357
7.77232, -26.3171, 0.268297, -7.27202, 0.069147
7.93093, -27.4831, 0.279364, -7.424, 0.0695228
8.08955, -28.6478, 0.290251, -7.26342, 0.0678842
8.24817, -29.7874, 0.300904, -7.10479, 0.0664362
8.40679, -30.9017, 0.311328, -6.94618, 0.0650035
8.56541, -31.9909, 0.321526, -6.78757, 0.0635769
8.72403, -33.055, 0.331497, -6.62895, 0.0621538
8.88265, -34.0939, 0.341243, -6.47034, 0.0607328
9.04127, -35.1076, 0.350764, -6.31172, 0.0593134
9.19988, -36.0962, 0.36006, -6.15311, 0.057895
9.3585, -37.0596, 0.369131, -5.9945, 0.0564775
9.51712, -37.9979, 0.377977, -5.83589, 0.0550607
9.67574, -38.911, 0.386598, -5.67727, 0.0536444
9.83436, -39.7989, 0.394995, -5.51866, 0.0522286
9.99298, -40.6617, 0.403167, -5.36005, 0.0508131
10.1516, -41.4993, 0.411115, -5.20144, 0.049398
10.3102, -42.3118, 0.418838, -5.04283, 0.0479831
10.4688, -43.0991, 0.426337, -4.88421, 0.0465685
10.6275, -43.8613, 0.433611, -4.7256, 0.0451541
10.7861, -44.5982, 0.440661, -4.56699, 0.0437398
10.9447, -45.3101, 0.447487, -4.40838, 0.0423258
11.1033, -45.9967, 0.454089, -4.24976, 0.0409118
11.2619, -46.6583, 0.460466, -4.09115, 0.039498
11.4205, -47.2946, 0.466619, -3.93254, 0.0380844
11.5792, -47.9058, 0.472548, -3.77392, 0.0366708
11.7378, -48.4918, 0.478252, -3.61531, 0.0352574
11.8964, -49.0527, 0.483733, -3.4567, 0.033844
12.055, -49.5884, 0.488989, -3.29809, 0.0324308
12.2136, -50.099, 0.494021, -3.13947, 0.0310175
12.3723, -50.5844, 0.498829, -2.98086, 0.0296044
12.5309, -51.0446, 0.503412, -2.82225, 0.0281914
12.6895, -51.4797, 0.507772, -2.66364, 0.0267784
12.8481, -51.8896, 0.511907, -2.50503, 0.0253655
13.0067, -52.2744, 0.515819, -2.34641, 0.0239526
13.1654, -52.634, 0.519506, -2.1878, 0.0225398
13.324, -52.9685, 0.522969, -2.02919, 0.021127
13.4826, -53.2777, 0.526208, -1.87057, 0.0197143
13.6412, -53.5619, 0.529223, -1.71196, 0.0183016
13.7998, -53.8208, 0.532014, -1.55335, 0.016889
13.9584, -54.0547, 0.534581, -1.39474, 0.0154764
14.1171, -54.2633, 0.536924, -1.23613, 0.0140638
14.2757, -54.4468, 0.539043, -1.07751, 0.0126513
14.4343, -54.6051, 0.540937, -0.918902, 0.0112388
14.5929, -54.7383, 0.542608, -0.760287, 0.00982633
14.7515, -54.8463, 0.544055, -0.601677, 0.00841393
14.9102, -54.9292, 0.545277, -0.443064, 0.00700152
15.0688, -54.9869, 0.546276, -0.284452, 0.00558915
15.2274, -55.0194, 0.54705, -0.125837, 0.00417679
15.386, -55.0268, 0.547601, 0.0327734, 0.00276449
15.5446, -55.009, 0.547927, 0.191386, 0.00135219
15.7033, -54.9661, 0.54803, 0.349999, -6.00892e-05
15.8475, -54.9052, 0.548595, 0.494227, 0.00125205
15.9917, -54.8235, 0.548873, 0.638454, 0.0025041
16.1359, -54.721, 0.549332, 0.78268, 0.00375615
16.2802, -54.5977, 0.549972, 0.926907, 0.0050082
16.4244, -54.4536, 0.550792, 1.07113, 0.00626025
16.5686, -54.2887, 0.551793, 1.21536, 0.0075123
16.7129, -54.1031, 0.552974, 1.35959, 0.00876435
16.8571, -53.8966, 0.554336, 1.50381, 0.0100164
17.0013, -53.6693, 0.555879, 1.64804, 0.0112684
17.1456, -53.4212, 0.557602, 1.79227, 0.0125205
17.2898, -53.1523, 0.559506, 1.93649, 0.0137725
17.434, -52.8625, 0.56159, 2.08072, 0.0150246
17.5783, -52.552, 0.563855, 2.22495, 0.0162766
17.7225, -52.2207, 0.5663, 2.36917, 0.0175287
17.8667, -51.8686, 0.568926, 2.5134, 0.0187808
18.011, -51.4957, 0.571733, 2.65763, 0.0200328
18.1552, -51.102, 0.57472, 2.80185, 0.0212848
18.2994, -50.6875, 0.577888, 2.94608, 0.0225369
18.4437, -50.2521, 0.581236, 3.09031, 0.023789
18.5879, -49.796, 0.584765, 3.23453, 0.025041
18.7321, -49.3191, 0.588475, 3.37876, 0.026293
18.8764, -48.8214, 0.592365, 3.52299, 0.0275451
19.0206, -48.3028, 0.596436, 3.66721, 0.0287971
19.1648, -47.7635, 0.600687, 3.81144, 0.0300492
19.3091, -47.2034, 0.605119, 3.95567, 0.0313012
19.4533, -46.6224, 0.609732, 4.09989, 0.0325533
19.5975, -46.0207, 0.614525, 4.24412, 0.0338053
19.7418, -45.3982, 0.619498, 4.38835, 0.0350574
19.886, -44.7548, 0.624653, 4.53257, 0.0363094
20.0302, -44.0907, 0.629987, 4.6768, 0.0375615
20.1744, -43.4057, 0.635503, 4.82103, 0.0388135
20.3187, -42.7, 0.641199, 4.96526, 0.0400656
20.4629, -41.9734, 0.647076, 5.10948, 0.0413177
20.6071, -41.2261, 0.653133, 5.25371, 0.0425697
20.7514, -40.4579, 0.65937, 5.39794, 0.0438218
20.8956, -39.669, 0.665789, 5.54216, 0.0450738
21.0398, -38.8592, 0.672388, 5.68639, 0.0463258
21.1841, -38.0286, 0.679167, 5.83062, 0.0475779
21.3283, -37.1773, 0.686127, 5.97484, 0.04883
21.4725, -36.3051, 0.693268, 6.11907, 0.050082
21.6168, -35.4122, 0.700589, 6.2633, 0.051334
21.761, -34.4984, 0.708091, 6.40752, 0.0525861
21.9052, -33.5638, 0.715774, 6.55175, 0.0538382
22.0495, -32.6084, 0.723637, 6.69598, 0.0550902
22.1937, -31.6323, 0.73168, 6.84021, 0.0563423
22.3379, -30.6353, 0.739905, 6.98444, 0.0575944
22.4822, -29.6175, 0.748309, 7.12866, 0.0588464
22.6264, -28.5789, 0.756895, 7.2729, 0.0600986
22.7706, -27.5195, 0.765661, 7.41716, 0.0613509
22.9149, -26.445, 0.774637, 7.41141, 0.0624479
23.0591, -25.3864, 0.783558, 7.26711, 0.0612515
23.2033, -24.3487, 0.792304, 7.12288, 0.0600259
23.3476, -23.3317, 0.800873, 6.97866, 0.0587914
23.4918, -22.3356, 0.809263, 6.83443, 0.0575525
23.636, -21.3602, 0.817475, 6.6902, 0.0563109
23.7803, -20.4057, 0.825507, 6.54598, 0.0550676
23.9245, -19.472, 0.83336, 6.40175, 0.053823
24.0687, -18.559, 0.841033, 6.25752, 0.0525775
24.2129, -17.6669, 0.848526, 6.11329, 0.0513313
24.3572, -16.7956, 0.85584, 5.96907, 0.0500845
24.5014, -15.945, 0.862974, 5.82484, 0.0488372
24.6456, -15.1153, 0.869928, 5.68061, 0.0475895
24.7899, -14.3064, 0.876702, 5.53639, 0.0463415
24.9341, -13.5182, 0.883296, 5.39216, 0.0450932
25.0783, -12.7509, 0.88971, 5.24793, 0.0438446
25.2226, -12.0044, 0.895943, 5.10371, 0.0425958
25.3668, -11.2787, 0.901997, 4.95948, 0.0413468
25.511, -10.5738, 0.90787, 4.81525, 0.0400977
25.6553, -9.88966, 0.913564, 4.67103, 0.0388484
25.7995, -9.22635, 0.919077, 4.5268, 0.037599
25.9437, -8.58384, 0.92441, 4.38257, 0.0363494
26.088, -7.96213, 0.929562, 4.23835, 0.0350998
26.2322, -7.36123, 0.934535, 4.09412, 0.03385
26.3764, -6.78112, 0.939327, 3.94989, 0.0326001
26.5207, -6.22182, 0.943939, 3.80567, 0.0313502
26.6649, -5.68332, 0.94837, 3.66144, 0.0301001
26.8091, -5.16563, 0.952621, 3.51721, 0.02885
26.9534, -4.66873, 0.956692, 3.37299, 0.0275998
27.0976, -4.19264, 0.960583, 3.22876, 0.0263496
27.2418, -3.73735, 0.964293, 3.08453, 0.0250993
27.3861, -3.30286, 0.967823, 2.94031, 0.0238489
27.5303, -2.88918, 0.971173, 2.79608, 0.0225985
27.6745, -2.4963, 0.974342, 2.65185, 0.0213481
27.8188, -2.12422, 0.977331, 2.50763, 0.0200976
27.963, -1.77294, 0.980139, 2.3634, 0.018847
28.1072, -1.44246, 0.982768, 2.21917, 0.0175964
28.2514, -1.13279, 0.985215, 2.07495, 0.0163458
28.3957, -0.843918, 0.987483, 1.93072, 0.0150951
28.5399, -0.575836, 0.98957, 1.78649, 0.0138444
28.6841, -0.328568, 0.991476, 1.64227, 0.0125937
28.8284, -0.102104, 0.993203, 1.49804, 0.0113429
28.9726, 0.103561, 0.994748, 1.35381, 0.0100921
29.1168, 0.288418, 0.996114, 1.20959, 0.00884125
29.2611, 0.452484, 0.997299, 1.06536, 0.0075904
29.4053, 0.595741, 0.998303, 0.921133, 0.00633951
29.5495, 0.718193, 0.999128, 0.776906, 0.0050886
29.6938, 0.819851, 0.999771, 0.632678, 0.00383766
29.838, 0.900703, 1.00023, 0.488453, 0.00258671
29.9822, 0.960751, 1.00052, 0.344227, 0.00133573
30.1265, 1.00001, 1.00062, 0.2, 8.47358e-05
