34.0285, 0
0, 0, 0, 0.5, 0
0.178396, 0.0732869, 0.000104665, 0.321608, 0.00125474
0.356792, 0.114746, 0.000433194, 0.143216, 0.00250947
0.535188, 0.124383, 0.000749801, -0.0351754, 0.00379237
0.713585, 0.102196, 0.00176173, -0.213567, 0.00501894
0.891981, 0.0481884, 0.00276173, -0.391959, 0.00627368
1.07038, -0.0376477, 0.00398561, -0.570351, 0.00752841
1.24877, -0.155312, 0.00543334, -0.748742, 0.00878314
1.42717, -0.304795, 0.00710488, -0.927134, 0.0100379
1.60557, -0.486106, 0.00912055, -1.10553, 0.0112761
1.78396, -0.699241, 0.0111195, -1.28392, 0.0125473
1.96236, -0.944197, 0.0134626, -1.46231, 0.0138021
2.14075, -1.22098, 0.0160295, -1.6407, 0.0150568
2.31915, -1.52959, 0.0188202, -1.81909, 0.0163116
2.49755, -1.87002, 0.0219404, -1.99748, 0.0175498
2.67594, -2.24228, 0.0251759, -2.17588, 0.0188045
2.85434, -2.64636, 0.0285355, -2.35427, 0.0200758
3.03273, -3.08226, 0.0323184, -2.53266, 0.021314
3.21113, -3.54999, 0.0362254, -2.71105, 0.0225687
3.38953, -4.04954, 0.0402654, -2.88944, 0.02384
3.56792, -4.58092, 0.044623, -3.06783, 0.0250947
3.74632, -5.14412, 0.0492045, -3.24623, 0.0263494
3.92471, -5.73915, 0.0541501, -3.42462, 0.027576
4.10311, -6.366, 0.0591181, -3.60301, 0.0288424
4.28151, -7.02468, 0.0644222, -3.7814, 0.0300855
4.4599, -7.71517, 0.069842, -3.95979, 0.0313519
4.6383, -8.4375, 0.0755896, -4.13818, 0.0325949
4.8167, -9.19165, 0.0815091, -4.31657, 0.0338497
4.99509, -9.97762, 0.0876879, -4.49497, 0.0350953
5.17349, -10.7954, 0.0940196, -4.67336, 0.0363591
5.35188, -11.645, 0.100643, -4.85175, 0.0376048
5.53028, -12.5265, 0.10733, -5.03014, 0.0388968
5.70868, -13.4398, 0.114493, -5.20853, 0.0401143
5.88707, -14.3848, 0.121727, -5.38692, 0.0413781
6.06547, -15.3618, 0.12926, -5.56532, 0.0426163
6.24386, -16.3705, 0.136923, -5.74371, 0.0438875
6.42226, -17.4111, 0.144898, -5.9221, 0.0451258
6.60066, -18.4835, 0.153068, -6.10049, 0.0463743
6.77905, -19.5877, 0.161445, -6.27888, 0.047629
6.95745, -20.7237, 0.170075, -6.45727, 0.0488692
7.13585, -21.8916, 0.178882, -6.63567, 0.050133
7.31424, -23.0913, 0.18795, -6.81406, 0.0513748
7.49264, -24.3228, 0.197194, -6.99245, 0.0526479
7.67103, -25.5861, 0.206726, -7.17084, 0.0538745
7.84943, -26.8813, 0.216447, -7.34923, 0.0551238
8.02783, -28.2083, 0.226384, -7.52762, 0.0563812
8.20622, -29.5671, 0.23654, -7.70601, 0.057645
8.38462, -30.9577, 0.246953, -7.88439, 0.0588517
8.56301, -32.3802, 0.257557, -8.06278, 0.0601054
8.74141, -33.8345, 0.268389, -8.24115, 0.0613313
8.91981, -35.3204, 0.279431, -8.39043, 0.0621202
9.0982, -36.8014, 0.290389, -8.21275, 0.0607656
9.2766, -38.2506, 0.301115, -8.03437, 0.0594843
9.455, -39.668, 0.311614, -7.856, 0.0582138
9.63339, -41.0536, 0.321886, -7.67762, 0.0569477
9.81179, -42.4074, 0.331932, -7.49922, 0.055684
9.99018, -43.7293, 0.341753, -7.32083, 0.0544219
10.1686, -45.0194, 0.35135, -7.14244, 0.0531611
10.347, -46.2776, 0.360721, -6.96405, 0.051901
10.5254, -47.5041, 0.369868, -6.78565, 0.0506415
10.7038, -48.6987, 0.378789, -6.60726, 0.0493825
10.8822, -49.8615, 0.387487, -6.42887, 0.0481239
11.0606, -50.9925, 0.39596, -6.25049, 0.0468657
11.239, -52.0916, 0.404208, -6.07209, 0.0456077
11.4174, -53.159, 0.412232, -5.8937, 0.04435
11.5957, -54.1945, 0.420032, -5.71531, 0.0430925
11.7741, -55.1981, 0.427607, -5.53692, 0.0418351
11.9525, -56.17, 0.434958, -5.35853, 0.0405779
12.1309, -57.11, 0.442085, -5.18013, 0.0393209
12.3093, -58.0182, 0.448988, -5.00174, 0.038064
12.4877, -58.8946, 0.455666, -4.82335, 0.0368072
12.6661, -59.7392, 0.46212, -4.64496, 0.0355505
12.8445, -60.5519, 0.46835, -4.46657, 0.0342938
13.0229, -61.3328, 0.474356, -4.28818, 0.0330373
13.2013, -62.0819, 0.480138, -4.10979, 0.0317809
13.3797, -62.7992, 0.485695, -3.93139, 0.0305245
13.5581, -63.4846, 0.491029, -3.753, 0.0292681
13.7365, -64.1382, 0.496138, -3.57461, 0.0280119
13.9149, -64.76, 0.501023, -3.39622, 0.0267557
14.0933, -65.3499, 0.505684, -3.21783, 0.0254995
14.2717, -65.9081, 0.510121, -3.03944, 0.0242434
14.4501, -66.4344, 0.514334, -2.86104, 0.0229873
14.6285, -66.9289, 0.518323, -2.68265, 0.0217313
14.8069, -67.3915, 0.522088, -2.50426, 0.0204753
14.9853, -67.8224, 0.525628, -2.32587, 0.0192194
15.1637, -68.2214, 0.528945, -2.14748, 0.0179635
15.3421, -68.5886, 0.532038, -1.96909, 0.0167076
15.5205, -68.924, 0.534906, -1.7907, 0.0154518
15.6989, -69.2275, 0.537551, -1.6123, 0.014196
15.8773, -69.4992, 0.539971, -1.43391, 0.0129402
16.0557, -69.7391, 0.542168, -1.25552, 0.0116844
16.234, -69.9472, 0.54414, -1.07712, 0.0104286
16.4124, -70.1234, 0.545889, -0.898737, 0.00917296
16.5908, -70.2678, 0.547413, -0.720344, 0.00791727
16.7692, -70.3804, 0.548713, -0.541952, 0.0066616
16.9476, -70.4612, 0.54979, -0.363561, 0.00540595
17.126, -70.5101, 0.550642, -0.185169, 0.00415032
17.3044, -70.5272, 0.551271, -0.00677758, 0.00289472
17.4828, -70.5126, 0.551675, 0.171614, 0.00163913
17.6612, -70.466, 0.551855, 0.350005, 0.000383565
17.8249, -70.3954, 0.548594, 0.513669, 0.00110336
17.9886, -70.2979, 0.548871, 0.677339, 0.00220672
18.1522, -70.1737, 0.549329, 0.841008, 0.00331008
18.3159, -70.0226, 0.552619, 1.00468, 0.00405783
18.4796, -69.8448, 0.550787, 1.16835, 0.00551681
18.6433, -69.6402, 0.551787, 1.33202, 0.00662017
18.8069, -69.4088, 0.552967, 1.49569, 0.00772353
18.9706, -69.1506, 0.554328, 1.65936, 0.00882689
19.1343, -68.8656, 0.55587, 1.82302, 0.00993025
19.2979, -68.5538, 0.559893, 1.9867, 0.010678
19.4616, -68.2152, 0.55932, 2.15036, 0.0121646
19.6253, -67.8499, 0.563763, 2.31403, 0.0128847
19.789, -67.4578, 0.565969, 2.4777, 0.0139881
19.9526, -67.0388, 0.566125, 2.64137, 0.0154747
20.1163, -66.5931, 0.570922, 2.80504, 0.0161948
20.28, -66.1206, 0.573669, 2.96871, 0.0172982
20.4437, -65.6213, 0.574703, 3.13238, 0.0187571
20.6073, -65.0952, 0.577727, 3.29605, 0.0198881
20.771, -64.5424, 0.581079, 3.45972, 0.0209915
20.9347, -63.9627, 0.586465, 3.62339, 0.0217116
21.0984, -63.3563, 0.588325, 3.78706, 0.0231982
21.262, -62.723, 0.592219, 3.95073, 0.0243016
21.4257, -62.063, 0.596293, 4.1144, 0.025405
21.5894, -61.3762, 0.600664, 4.27807, 0.0264807
21.753, -60.6626, 0.604984, 4.44173, 0.0276117
21.9167, -59.9222, 0.611077, 4.60541, 0.0283318
22.0804, -59.155, 0.615811, 4.76908, 0.0294351
22.2441, -58.3611, 0.619374, 4.93274, 0.0309218
22.4077, -57.5403, 0.624532, 5.09641, 0.0320251
22.5714, -56.6928, 0.62987, 5.26008, 0.0331285
22.7351, -55.8185, 0.635305, 5.42375, 0.0342595
22.8988, -54.9173, 0.641089, 5.58742, 0.0353352
23.0624, -53.9894, 0.647044, 5.75109, 0.0364109
23.2261, -53.0347, 0.6531, 5.91476, 0.0375143
23.3898, -52.0533, 0.660184, 6.07843, 0.038262
23.5534, -51.045, 0.665693, 6.2421, 0.0397486
23.7171, -50.0099, 0.672296, 6.40577, 0.040852
23.8808, -48.9481, 0.67901, 6.56943, 0.0419919
24.0445, -47.8595, 0.68598, 6.7331, 0.0430953
24.2081, -46.744, 0.693231, 6.89677, 0.0441344
24.3718, -45.6018, 0.701048, 7.06045, 0.0448822
24.5355, -44.4328, 0.707984, 7.22411, 0.0463964
24.6992, -43.237, 0.715674, 7.38778, 0.0474998
24.8628, -42.0145, 0.723531, 7.55145, 0.0486193
25.0265, -40.7651, 0.731577, 7.71512, 0.0497342
25.1902, -39.4889, 0.739795, 7.87878, 0.0508698
25.3539, -38.186, 0.748243, 8.04246, 0.0519133
25.5175, -36.8563, 0.756837, 8.20613, 0.0530166
25.6812, -35.4998, 0.765612, 8.3698, 0.0541085
25.8449, -34.1221, 0.774555, 8.38337, 0.05466
26.0085, -32.7633, 0.783416, 8.21979, 0.0536034
26.1722, -31.4314, 0.792101, 8.05613, 0.052521
26.3359, -30.1262, 0.800608, 7.89246, 0.0514312
26.4996, -28.8478, 0.808937, 7.72879, 0.050338
26.6632, -27.5962, 0.817086, 7.56512, 0.0492426
26.8269, -26.3714, 0.825056, 7.40145, 0.048146
26.9906, -25.1734, 0.832847, 7.23778, 0.0470484
27.1543, -24.0021, 0.840457, 7.07412, 0.0459501
27.3179, -22.8577, 0.847888, 6.91045, 0.0448512
27.4816, -21.74, 0.855139, 6.74678, 0.0437518
27.6453, -20.6491, 0.86221, 6.58311, 0.0426521
27.8089, -19.5851, 0.869101, 6.41944, 0.0415521
27.9726, -18.5478, 0.875812, 6.25577, 0.0404518
28.1363, -17.5372, 0.882343, 6.0921, 0.0393513
28.3, -16.5535, 0.888693, 5.92843, 0.0382506
28.4636, -15.5966, 0.894864, 5.76476, 0.0371497
28.6273, -14.6665, 0.900854, 5.60109, 0.0360487
28.791, -13.7631, 0.906664, 5.43742, 0.0349476
28.9547, -12.8865, 0.912294, 5.27375, 0.0338463
29.1183, -12.0368, 0.917744, 5.11008, 0.032745
29.282, -11.2138, 0.923013, 4.94641, 0.0316435
29.4457, -10.4176, 0.928102, 4.78274, 0.030542
29.6094, -9.64816, 0.933011, 4.61908, 0.0294404
29.773, -8.90553, 0.937739, 4.45541, 0.0283387
29.9367, -8.18969, 0.942287, 4.29174, 0.0272369
30.1004, -7.50065, 0.946655, 4.12807, 0.0261351
30.264, -6.83839, 0.950843, 3.9644, 0.0250332
30.4277, -6.20293, 0.95485, 3.80073, 0.0239312
30.5914, -5.59423, 0.958677, 3.63706, 0.0228293
30.7551, -5.01234, 0.962323, 3.47339, 0.0217272
30.9187, -4.45723, 0.965789, 3.30972, 0.0206252
31.0824, -3.92891, 0.969074, 3.14605, 0.0195231
31.2461, -3.42739, 0.97218, 2.98238, 0.0184209
31.4098, -2.95265, 0.975104, 2.81871, 0.0173187
31.5734, -2.5047, 0.977849, 2.65504, 0.0162165
31.7371, -2.08353, 0.980413, 2.49137, 0.0151142
31.9008, -1.68915, 0.982796, 2.3277, 0.014012
32.0644, -1.32156, 0.985, 2.16403, 0.0129096
32.2281, -0.980751, 0.987022, 2.00037, 0.0118073
32.3918, -0.666748, 0.988865, 1.8367, 0.0107049
32.5555, -0.379517, 0.990527, 1.67303, 0.00960256
32.7191, -0.119087, 0.992008, 1.50936, 0.00850014
32.8828, 0.114563, 0.993309, 1.34569, 0.00739772
33.0465, 0.321419, 0.99443, 1.18202, 0.00629527
33.2102, 0.50148, 0.99537, 1.01835, 0.00519279
33.3738, 0.654762, 0.99613, 0.854681, 0.0040903
33.5375, 0.781258, 0.996709, 0.69101, 0.00298778
33.7012, 0.880974, 0.997108, 0.527342, 0.00188526
33.8649, 0.95388, 0.997326, 0.363671, 0.000782706
34.0285, 1.00002, 0.997364, 0.200001, -0.000319863
