4.13767, 0
0, 0, 0, 0.5, 0
0.020185, 0.00850509, 0.000427042, 0.501947, 0.0200217
0.04037, 0.0170501, 0.0012595, 0.503893, 0.0400404
0.0605549, 0.0256351, 0.00249739, 0.505839, 0.0600562
0.0807399, 0.0342601, 0.00414067, 0.507783, 0.0800688
0.100925, 0.0429251, 0.00618941, 0.509726, 0.100078
0.12111, 0.0516302, 0.00864352, 0.511668, 0.120083
0.141295, 0.0603753, 0.0115032, 0.513609, 0.140085
0.16148, 0.0691604, 0.0147682, 0.515549, 0.160082
0.181665, 0.0779857, 0.0184386, 0.517487, 0.180075
0.20185, 0.086851, 0.0225143, 0.519423, 0.200063
0.222035, 0.0957566, 0.0269955, 0.521358, 0.220046
0.24222, 0.104702, 0.031882, 0.523291, 0.240023
0.262405, 0.113688, 0.0371739, 0.525222, 0.259994
0.28259, 0.122714, 0.0428712, 0.527151, 0.279958
0.302775, 0.131781, 0.0489739, 0.529078, 0.299915
0.32296, 0.140888, 0.0554818, 0.531003, 0.319864
0.343145, 0.150035, 0.062395, 0.532924, 0.339805
0.36333, 0.159223, 0.0697136, 0.534843, 0.359736
0.383515, 0.168451, 0.0774374, 0.536758, 0.379657
0.4037, 0.17772, 0.0855666, 0.53867, 0.399566
0.423885, 0.18703, 0.0941009, 0.540578, 0.419463
0.44407, 0.19638, 0.10304, 0.542481, 0.439346
0.464255, 0.205772, 0.112385, 0.54438, 0.459213
0.48444, 0.215204, 0.122135, 0.546273, 0.479064
0.504625, 0.224678, 0.13229, 0.54816, 0.498894
0.52481, 0.234193, 0.14285, 0.55004, 0.518703
0.544995, 0.24375, 0.153815, 0.551913, 0.538488
0.56518, 0.253349, 0.165184, 0.553777, 0.558244
0.585364, 0.26299, 0.176959, 0.55563, 0.577968
0.605549, 0.272674, 0.189138, 0.557472, 0.597655
0.625734, 0.282401, 0.201722, 0.559301, 0.6173
0.645919, 0.292171, 0.21471, 0.561114, 0.636894
0.666104, 0.301986, 0.228102, 0.562909, 0.65643
0.686289, 0.311845, 0.241898, 0.564682, 0.675896
0.706474, 0.321751, 0.256097, 0.56643, 0.695278
0.726659, 0.331705, 0.270699, 0.568146, 0.71456
0.746844, 0.341707, 0.285704, 0.569824, 0.733718
0.767029, 0.351761, 0.30111, 0.571454, 0.752721
0.787214, 0.36187, 0.316916, 0.573025, 0.771532
0.807399, 0.372037, 0.333121, 0.57452, 0.790095
0.827584, 0.382267, 0.349722, 0.575917, 0.808334
0.847769, 0.392569, 0.366715, 0.577183, 0.826142
0.867954, 0.402954, 0.384095, 0.578272, 0.843363
0.888139, 0.413437, 0.401852, 0.579117, 0.859766
0.908324, 0.424041, 0.41997, 0.579618, 0.875005
0.928509, 0.434799, 0.438424, 0.579629, 0.888563
0.948694, 0.445754, 0.457167, 0.578947, 0.899694
0.968879, 0.456956, 0.476124, 0.577328, 0.907443
0.989064, 0.468435, 0.495184, 0.574555, 0.910856
1.00925, 0.480175, 0.514209, 0.570578, 0.909436
1.02943, 0.492101, 0.533068, 0.565576, 0.903463
1.04962, 0.504108, 0.551666, 0.559868, 0.893803
1.0698, 0.516105, 0.569946, 0.553764, 0.881438
1.08999, 0.528028, 0.587879, 0.547492, 0.867175
1.11017, 0.539839, 0.605449, 0.541197, 0.85159
1.13036, 0.551517, 0.622647, 0.534962, 0.835076
1.15054, 0.563052, 0.639467, 0.528834, 0.81789
1.17073, 0.574442, 0.655907, 0.522835, 0.800211
1.19091, 0.585686, 0.671964, 0.516975, 0.782158
1.2111, 0.596787, 0.687636, 0.511254, 0.763818
1.23128, 0.607746, 0.702921, 0.505671, 0.745251
1.25147, 0.618569, 0.717817, 0.500221, 0.726502
1.27165, 0.629258, 0.732325, 0.494898, 0.707606
1.29184, 0.639817, 0.746442, 0.489696, 0.688589
1.31202, 0.650251, 0.760168, 0.484607, 0.669469
1.33221, 0.660561, 0.773502, 0.479626, 0.650265
1.35239, 0.670753, 0.786443, 0.474747, 0.630986
1.37258, 0.680828, 0.798991, 0.469963, 0.611645
1.39276, 0.69079, 0.811144, 0.465269, 0.592248
1.41295, 0.700642, 0.822903, 0.460661, 0.572804
1.43313, 0.710386, 0.834267, 0.456132, 0.553317
1.45332, 0.720024, 0.845235, 0.45168, 0.533794
1.4735, 0.72956, 0.855807, 0.447299, 0.514236
1.49369, 0.738994, 0.865982, 0.442986, 0.494649
1.51387, 0.74833, 0.875761, 0.438737, 0.475035
1.53406, 0.757568, 0.885142, 0.434549, 0.455396
1.55424, 0.766712, 0.894126, 0.43042, 0.435736
1.57443, 0.775762, 0.902712, 0.426345, 0.416055
1.59461, 0.78472, 0.910899, 0.422323, 0.396356
1.6148, 0.793587, 0.918689, 0.418351, 0.376639
1.63498, 0.802366, 0.92608, 0.414426, 0.356907
1.65517, 0.811058, 0.933071, 0.410547, 0.337161
1.67535, 0.819663, 0.939664, 0.406711, 0.317402
1.69554, 0.828183, 0.945858, 0.402917, 0.29763
1.71572, 0.836619, 0.951652, 0.399163, 0.277846
1.73591, 0.844972, 0.957047, 0.395447, 0.258053
1.75609, 0.853244, 0.962041, 0.391767, 0.238248
1.77628, 0.861435, 0.966636, 0.388123, 0.218435
1.79646, 0.869546, 0.97083, 0.384512, 0.198612
1.81665, 0.877579, 0.974624, 0.380933, 0.178781
1.83683, 0.885533, 0.978018, 0.377386, 0.158943
1.85702, 0.893411, 0.981011, 0.373868, 0.139097
1.8772, 0.901212, 0.983604, 0.37038, 0.119244
1.89739, 0.908938, 0.985795, 0.366919, 0.0993847
1.91757, 0.916589, 0.987586, 0.363485, 0.0795189
1.93776, 0.924166, 0.988975, 0.360077, 0.0596473
1.95794, 0.93167, 0.989964, 0.356694, 0.0397702
1.97813, 0.939101, 0.990551, 0.353335, 0.0198877
1.99831, 0.94646, 0.990737, 0.35, 2.98023e-08
2.01971, 0.953854, 0.990946, 0.339683, 0.0187418
2.0411, 0.961, 0.991542, 0.329388, 0.037495
2.06249, 0.967933, 0.992543, 0.31908, 0.0562416
2.08389, 0.974653, 0.993949, 0.308761, 0.0749821
2.10528, 0.981157, 0.995758, 0.298432, 0.0937169
2.12667, 0.98743, 0.997963, 0.288108, 0.112454
2.14807, 0.993471, 1.00056, 0.277789, 0.131195
2.16946, 0.999309, 1.00357, 0.267446, 0.149922
2.19086, 1.00493, 1.00698, 0.257095, 0.168645
2.21225, 1.0103, 1.01078, 0.246764, 0.187378
2.23364, 1.01548, 1.015, 0.236398, 0.206093
2.25504, 1.02042, 1.01961, 0.22604, 0.224811
2.27643, 1.02514, 1.02461, 0.215675, 0.243526
2.29782, 1.02965, 1.03003, 0.205292, 0.262231
2.31922, 1.03393, 1.03584, 0.194905, 0.280934
2.34061, 1.03799, 1.04205, 0.184514, 0.299635
2.362, 1.04183, 1.04866, 0.174108, 0.318327
2.3834, 1.04544, 1.05567, 0.163701, 0.337019
2.40479, 1.04883, 1.06308, 0.153281, 0.355703
2.42618, 1.052, 1.07088, 0.14285, 0.374381
2.44758, 1.05494, 1.0791, 0.132399, 0.393049
2.46897, 1.05766, 1.0877, 0.12195, 0.411717
2.49036, 1.06016, 1.09671, 0.111475, 0.43037
2.51176, 1.06243, 1.10612, 0.100995, 0.449021
2.53315, 1.06448, 1.11592, 0.0904933, 0.46766
2.55454, 1.06631, 1.12613, 0.0799813, 0.486293
2.57594, 1.0679, 1.13673, 0.0694608, 0.50492
2.59733, 1.06928, 1.14773, 0.058902, 0.523527
2.61873, 1.07043, 1.15913, 0.0483327, 0.542127
2.64012, 1.07134, 1.17093, 0.0377553, 0.560723
2.66151, 1.07204, 1.18312, 0.0271371, 0.579295
2.68291, 1.07251, 1.19571, 0.0164851, 0.597849
2.7043, 1.07274, 1.2087, 0.00582385, 0.616396
2.72569, 1.07276, 1.22209, -0.00488487, 0.634917
2.74709, 1.07254, 1.23587, -0.0156207, 0.653422
2.76848, 1.07209, 1.25005, -0.0264032, 0.671899
2.78987, 1.0714, 1.26462, -0.0372216, 0.690356
2.81127, 1.07049, 1.27958, -0.0480981, 0.708778
2.83266, 1.06934, 1.29494, -0.0590304, 0.727167
2.85405, 1.06796, 1.31069, -0.070037, 0.745512
2.87545, 1.06635, 1.32684, -0.0811274, 0.763807
2.89684, 1.0645, 1.34338, -0.0923247, 0.782037
2.91824, 1.0624, 1.3603, -0.103628, 0.8002
2.93963, 1.06006, 1.37761, -0.115067, 0.818278
2.96102, 1.05747, 1.39531, -0.126706, 0.836229
2.98242, 1.05464, 1.41339, -0.13859, 0.854018
3.00381, 1.05154, 1.43185, -0.150799, 0.871584
3.0252, 1.04818, 1.45068, -0.163515, 0.888788
3.0466, 1.04454, 1.46988, -0.177005, 0.90539
3.06799, 1.0406, 1.48941, -0.191872, 0.920754
3.08938, 1.03631, 1.50925, -0.209722, 0.93231
3.11078, 1.03161, 1.52918, -0.228583, 0.926866
3.13217, 1.02666, 1.54879, -0.232078, 0.9061
3.15356, 1.02172, 1.56795, -0.228522, 0.885028
3.17496, 1.01689, 1.58667, -0.222631, 0.864466
3.19635, 1.0122, 1.60494, -0.215626, 0.844254
3.21774, 1.00767, 1.62279, -0.207972, 0.824275
3.23914, 1.00331, 1.64021, -0.199896, 0.804466
3.26053, 0.999121, 1.65721, -0.191521, 0.784779
3.28192, 0.995116, 1.67379, -0.182927, 0.765189
3.30332, 0.991296, 1.68995, -0.174161, 0.745673
3.32471, 0.987665, 1.7057, -0.165261, 0.726219
3.34611, 0.984226, 1.72103, -0.15625, 0.706815
3.3675, 0.98098, 1.73594, -0.147148, 0.687454
3.38889, 0.97793, 1.75044, -0.13797, 0.66813
3.41029, 0.975077, 1.76453, -0.128725, 0.648837
3.43168, 0.972423, 1.7782, -0.119424, 0.629571
3.45307, 0.969968, 1.79147, -0.110074, 0.610329
3.47447, 0.967713, 1.80432, -0.100679, 0.591108
3.49586, 0.96566, 1.81676, -0.0912466, 0.571907
3.51725, 0.963809, 1.82879, -0.0817791, 0.552722
3.53865, 0.962161, 1.84041, -0.0722807, 0.533553
3.56004, 0.960717, 1.85162, -0.0627541, 0.514397
3.58143, 0.959476, 1.86242, -0.0532025, 0.495255
3.60283, 0.958441, 1.87281, -0.0436272, 0.476124
3.62422, 0.95761, 1.88279, -0.0340307, 0.457003
3.64562, 0.956985, 1.89236, -0.0244147, 0.437892
3.66701, 0.956565, 1.90152, -0.0147811, 0.418791
3.6884, 0.956352, 1.91028, -0.00513026, 0.399698
3.7098, 0.956346, 1.91863, 0.0045357, 0.380612
3.73119, 0.956547, 1.92656, 0.0142163, 0.361534
3.75258, 0.956954, 1.9341, 0.0239101, 0.342463
3.77398, 0.95757, 1.94122, 0.0336165, 0.323398
3.79537, 0.958393, 1.94793, 0.0433347, 0.304339
3.81676, 0.959424, 1.95424, 0.0530637, 0.285286
3.83816, 0.960663, 1.96014, 0.0628034, 0.266238
3.85955, 0.962111, 1.96563, 0.0725527, 0.247195
3.88094, 0.963768, 1.97072, 0.0823112, 0.228157
3.90234, 0.965633, 1.97539, 0.0920785, 0.209123
3.92373, 0.967708, 1.97966, 0.101854, 0.190094
3.94512, 0.969991, 1.98353, 0.111638, 0.171068
3.96652, 0.972484, 1.98698, 0.121428, 0.152047
3.98791, 0.975187, 1.99003, 0.131226, 0.133029
4.00931, 0.978099, 1.99268, 0.141031, 0.114014
4.0307, 0.981221, 1.99491, 0.150842, 0.0950028
4.05209, 0.984553, 1.99674, 0.160659, 0.0759948
4.07349, 0.988095, 1.99816, 0.170482, 0.0569897
4.09488, 0.991848, 1.99918, 0.180311, 0.0379875
4.11627, 0.99581, 1.99979, 0.190145, 0.0189883
4.13767, 0.999983, 1.99999, 0.199984, -8.42661e-06
