36.9826, 0
0, 0, 0, 0.5, 0
0.193359, 0.0779837, 0.00010514, 0.306645, 0.00115765
0.386717, 0.118601, 0.00333456, 0.113288, 0.00200206
0.580076, 0.121809, 0.00382682, -0.080067, 0.00315971
0.773435, 0.0876232, 0.00176356, -0.273421, 0.00463061
0.966793, 0.01606, 0.00276406, -0.466776, 0.00578826
1.16015, -0.0928875, 0.00398839, -0.660131, 0.00694591
1.35351, -0.239226, 0.00543659, -0.853486, 0.00810356
1.54687, -0.422949, 0.00710861, -1.04684, 0.00926121
1.74023, -0.644044, 0.011481, -1.2402, 0.0101056
1.93359, -0.902555, 0.0111242, -1.43355, 0.0115765
2.12695, -1.19842, 0.0158231, -1.62691, 0.0124209
2.3203, -1.5317, 0.0160351, -1.82026, 0.0138918
2.51366, -1.90235, 0.0210605, -2.01362, 0.0147362
2.70702, -2.31041, 0.0218414, -2.20697, 0.0162071
2.90038, -2.75584, 0.0250803, -2.40033, 0.0173648
3.09374, -3.23864, 0.0305956, -2.59368, 0.0182092
3.2871, -3.75886, 0.0322297, -2.78704, 0.0196801
3.48046, -4.31645, 0.0361401, -2.98039, 0.0208377
3.67381, -4.91142, 0.0421452, -3.17375, 0.0216821
3.86717, -5.54379, 0.0464428, -3.36711, 0.0228398
4.06053, -6.21355, 0.0492145, -3.56046, 0.0243107
4.25389, -6.92067, 0.0557094, -3.75382, 0.0251551
4.44725, -7.66521, 0.05905, -3.94717, 0.026626
4.64061, -8.44712, 0.0643034, -4.14053, 0.0277836
4.83397, -9.26642, 0.0697808, -4.33388, 0.0289413
5.02733, -10.1231, 0.075482, -4.52724, 0.0300989
5.22068, -11.0172, 0.0827933, -4.72059, 0.0309434
5.41404, -11.9486, 0.0875559, -4.91395, 0.0324142
5.6074, -12.9175, 0.0953495, -5.1073, 0.0332201
5.80076, -13.9237, 0.10173, -5.30066, 0.0344163
5.99412, -14.9673, 0.108489, -5.49401, 0.035574
6.18748, -16.0483, 0.115473, -5.68737, 0.0367316
6.38084, -17.1667, 0.122681, -5.88072, 0.0378893
6.57419, -18.3225, 0.12915, -6.07408, 0.0393602
6.76755, -19.5157, 0.136865, -6.26743, 0.0405178
6.96091, -20.7463, 0.144805, -6.46079, 0.0416755
7.15427, -22.0142, 0.152968, -6.65414, 0.0428331
7.34763, -23.3195, 0.162188, -6.8475, 0.0436288
7.54099, -24.6622, 0.170708, -7.04085, 0.0447966
7.73435, -26.0424, 0.178802, -7.23421, 0.0463061
7.92771, -27.4598, 0.188465, -7.42756, 0.0471119
8.12106, -28.9147, 0.197658, -7.62092, 0.0482838
8.31442, -30.407, 0.207099, -7.81427, 0.0494414
8.50778, -31.9366, 0.21638, -8.00763, 0.0509367
8.70114, -33.5037, 0.226653, -8.20098, 0.0517567
8.8945, -35.1081, 0.236803, -8.39434, 0.0528657
9.08786, -36.7499, 0.246914, -8.5877, 0.0544096
9.28122, -38.4291, 0.25754, -8.78106, 0.0555674
9.47457, -40.1457, 0.268389, -8.97441, 0.056725
9.66793, -41.8992, 0.279446, -9.12457, 0.0569202
9.86129, -43.6448, 0.29033, -8.93107, 0.055681
10.0547, -45.353, 0.300982, -8.7377, 0.0545007
10.248, -47.0238, 0.311407, -8.54432, 0.0533293
10.4414, -48.6572, 0.321605, -8.35097, 0.0521619
10.6347, -50.2533, 0.331579, -8.15762, 0.0509967
10.8281, -51.8119, 0.341327, -7.96427, 0.0498327
11.0214, -53.3332, 0.35085, -7.77092, 0.0486698
11.2148, -54.8171, 0.360148, -7.57756, 0.0475075
11.4082, -56.2636, 0.369222, -7.3842, 0.0463457
11.6015, -57.6727, 0.378071, -7.19085, 0.0451844
11.7949, -59.0444, 0.386695, -6.9975, 0.0440235
11.9882, -60.3787, 0.395096, -6.80414, 0.0428628
12.1816, -61.6757, 0.403271, -6.61078, 0.0417023
12.375, -62.9352, 0.411223, -6.41743, 0.0405421
12.5683, -64.1574, 0.41895, -6.22408, 0.0393821
12.7617, -65.3422, 0.426452, -6.03072, 0.0382222
12.955, -66.4896, 0.433731, -5.83737, 0.0370624
13.1484, -67.5996, 0.440785, -5.64401, 0.0359028
13.3417, -68.6722, 0.447615, -5.45066, 0.0347432
13.5351, -69.7075, 0.454221, -5.2573, 0.0335838
13.7285, -70.7053, 0.460602, -5.06395, 0.0324244
13.9218, -71.6658, 0.46676, -4.87059, 0.0312652
14.1152, -72.5889, 0.472693, -4.67723, 0.0301059
14.3085, -73.4745, 0.478402, -4.48388, 0.0289468
14.5019, -74.3228, 0.483887, -4.29052, 0.0277877
14.6953, -75.1338, 0.489148, -4.09717, 0.0266287
14.8886, -75.9073, 0.494185, -3.90382, 0.0254697
15.082, -76.6434, 0.498998, -3.71046, 0.0243108
15.2753, -77.3422, 0.503587, -3.5171, 0.0231519
15.4687, -78.0036, 0.507951, -3.32375, 0.0219931
15.6621, -78.6275, 0.512092, -3.13039, 0.0208343
15.8554, -79.2141, 0.516008, -2.93704, 0.0196755
16.0488, -79.7634, 0.519701, -2.74368, 0.0185168
16.2421, -80.2752, 0.523169, -2.55033, 0.0173581
16.4355, -80.7496, 0.526413, -2.35697, 0.0161994
16.6288, -81.1867, 0.529434, -2.16362, 0.0150408
16.8222, -81.5863, 0.53223, -1.97026, 0.0138822
17.0156, -81.9486, 0.534802, -1.77691, 0.0127236
17.2089, -82.2735, 0.53715, -1.58355, 0.011565
17.4023, -82.561, 0.539274, -1.3902, 0.0104065
17.5956, -82.8111, 0.541175, -1.19684, 0.00924798
17.789, -83.0238, 0.542851, -1.00348, 0.00808947
17.9824, -83.1992, 0.544303, -0.810132, 0.00693101
18.1757, -83.3371, 0.545531, -0.616777, 0.00577255
18.3691, -83.4377, 0.546535, -0.423421, 0.0046141
18.5624, -83.5009, 0.547316, -0.230068, 0.0034557
18.7558, -83.5267, 0.547872, -0.0367094, 0.00229727
18.9491, -83.5151, 0.548204, 0.156644, 0.00113889
19.1425, -83.4661, 0.548312, 0.35, -1.94861e-05
19.3209, -83.3877, 0.545854, 0.528396, 0.00132839
19.4993, -83.2775, 0.54887, 0.706795, 0.00202459
19.6777, -83.1355, 0.546701, 0.885191, 0.00335298
19.8561, -82.9617, 0.547395, 1.06359, 0.00436527
20.0345, -82.756, 0.54827, 1.24199, 0.00537756
20.2129, -82.5185, 0.549325, 1.42038, 0.00638985
20.3913, -82.2492, 0.550561, 1.59878, 0.00740215
20.5697, -81.9481, 0.551978, 1.77718, 0.00841444
20.7481, -81.6151, 0.553576, 1.95558, 0.00942673
20.9265, -81.2503, 0.555192, 2.13398, 0.0104618
21.1049, -80.8537, 0.557312, 2.31237, 0.0114513
21.2833, -80.4253, 0.56157, 2.49077, 0.0121475
21.4617, -79.965, 0.563833, 2.66917, 0.0131598
21.6401, -79.4729, 0.566277, 2.84757, 0.0141721
21.8185, -78.949, 0.566952, 3.02596, 0.0155005
21.9969, -78.3933, 0.571707, 3.20436, 0.0161967
22.1753, -77.8057, 0.572855, 3.38276, 0.0175251
22.3537, -77.1863, 0.576078, 3.56116, 0.0185374
22.5321, -76.5351, 0.579357, 3.73956, 0.0195725
22.7105, -75.852, 0.582945, 3.91795, 0.0205848
22.8889, -75.1371, 0.586829, 4.09635, 0.0215742
23.0673, -74.3904, 0.59233, 4.27475, 0.0222704
23.2457, -73.6119, 0.596399, 4.45315, 0.0232827
23.4241, -72.8015, 0.599206, 4.63154, 0.0246111
23.6025, -71.9594, 0.603693, 4.80994, 0.0256234
23.7809, -71.0853, 0.608265, 4.98834, 0.0266585
23.9593, -70.1795, 0.613117, 5.16674, 0.0276708
24.1377, -69.2418, 0.618237, 5.34514, 0.0286603
24.3161, -68.2724, 0.623363, 5.52353, 0.0296954
24.4945, -67.271, 0.628756, 5.70193, 0.0307077
24.6729, -66.2379, 0.635454, 5.88033, 0.0313811
24.8513, -65.1729, 0.640157, 6.05873, 0.0327095
25.0297, -64.0761, 0.646089, 6.23712, 0.0337218
25.2081, -62.9475, 0.652138, 6.41552, 0.0347569
25.3865, -61.7871, 0.659316, 6.59392, 0.0354303
25.5649, -60.5948, 0.664967, 6.77232, 0.0367586
25.7433, -59.3707, 0.67154, 6.95071, 0.0378071
25.9217, -58.1148, 0.678409, 7.12911, 0.038806
26.1001, -56.827, 0.685385, 7.30751, 0.0398411
26.2785, -55.5074, 0.692576, 7.48591, 0.0408607
26.4569, -54.156, 0.699953, 7.6643, 0.041879
26.6353, -52.7728, 0.7076, 7.8427, 0.0428324
26.8137, -51.3577, 0.715268, 8.0211, 0.0439036
26.9921, -49.9109, 0.723197, 8.1995, 0.0449159
27.1705, -48.4322, 0.731324, 8.3779, 0.0459054
27.3489, -46.9216, 0.739633, 8.55629, 0.0468816
27.5273, -45.3793, 0.748057, 8.73469, 0.0479727
27.7057, -43.8051, 0.756703, 8.91307, 0.0490157
27.8841, -42.1991, 0.765539, 9.09141, 0.0500741
28.0625, -40.5669, 0.77455, 9.11986, 0.0504837
28.2409, -38.9558, 0.78347, 8.94148, 0.0495116
28.4193, -37.3765, 0.792214, 8.76308, 0.0485168
28.5977, -35.8291, 0.800781, 8.58469, 0.0475159
28.7761, -34.3135, 0.809168, 8.40629, 0.0465121
28.9545, -32.8297, 0.817376, 8.2279, 0.0455065
29.1329, -31.3778, 0.825405, 8.0495, 0.0444998
29.3113, -29.9576, 0.833254, 7.8711, 0.0434923
29.4897, -28.5693, 0.840923, 7.6927, 0.0424841
29.6681, -27.2129, 0.848412, 7.51431, 0.0414755
29.8465, -25.8882, 0.855721, 7.33591, 0.0404666
30.0249, -24.5954, 0.862851, 7.15751, 0.0394573
30.2033, -23.3344, 0.8698, 6.97911, 0.0384478
30.3817, -22.1052, 0.876569, 6.80071, 0.037438
30.5601, -20.9079, 0.883158, 6.62232, 0.0364281
30.7385, -19.7424, 0.889566, 6.44392, 0.035418
30.917, -18.6087, 0.895795, 6.26552, 0.0344078
31.0953, -17.5068, 0.901843, 6.08713, 0.0333974
31.2738, -16.4368, 0.907711, 5.90873, 0.032387
31.4522, -15.3986, 0.913399, 5.73033, 0.0313764
31.6306, -14.3922, 0.918906, 5.55193, 0.0303658
31.809, -13.4177, 0.924233, 5.37353, 0.0293551
31.9874, -12.4749, 0.92938, 5.19514, 0.0283443
32.1658, -11.564, 0.934347, 5.01674, 0.0273334
32.3442, -10.685, 0.939133, 4.83834, 0.0263225
32.5226, -9.83772, 0.943739, 4.65994, 0.0253115
32.701, -9.02228, 0.948164, 4.48154, 0.0243005
32.8794, -8.23869, 0.952409, 4.30315, 0.0232894
33.0578, -7.48692, 0.956474, 4.12475, 0.0222783
33.2362, -6.76697, 0.960358, 3.94635, 0.0212672
33.4146, -6.07886, 0.964062, 3.76795, 0.020256
33.593, -5.42256, 0.967585, 3.58956, 0.0192447
33.7714, -4.79811, 0.970928, 3.41116, 0.0182335
33.9498, -4.20546, 0.974091, 3.23276, 0.0172222
34.1282, -3.64464, 0.977073, 3.05436, 0.0162109
34.3066, -3.11566, 0.979875, 2.87596, 0.0151995
34.485, -2.61849, 0.982496, 2.69757, 0.0141881
34.6634, -2.15316, 0.984937, 2.51917, 0.0131767
34.8418, -1.71965, 0.987198, 2.34077, 0.0121653
35.0202, -1.31796, 0.989278, 2.16237, 0.0111539
35.1986, -0.948105, 0.991178, 1.98398, 0.0101424
35.377, -0.610077, 0.992897, 1.80558, 0.00913089
35.5554, -0.303879, 0.994436, 1.62718, 0.0081194
35.7338, -0.0295105, 0.995794, 1.44878, 0.00710786
35.9122, 0.213051, 0.996972, 1.27039, 0.00609632
36.0906, 0.423782, 0.997969, 1.09199, 0.00508475
36.269, 0.602676, 0.998786, 0.913591, 0.00407319
36.4474, 0.749741, 0.999422, 0.735191, 0.00306158
36.6258, 0.864975, 0.999878, 0.556794, 0.00204998
36.8042, 0.948402, 1.00015, 0.378396, 0.00103836
36.9826, 1.00001, 1.00025, 0.199999, 2.6729e-05
