38.0573, 0
0, 0, 0, 0.5, 0
0.1988, 0.0796382, 0.000105353, 0.301203, 0.00112596
0.397601, 0.119762, 0.000434513, 0.102405, 0.00225194
0.596401, 0.120359, 0.000987549, -0.096392, 0.0033779
0.795202, 0.0814343, 0.00176443, -0.295189, 0.00450387
0.994002, 0.00298619, 0.00276516, -0.493986, 0.00562983
1.1928, -0.114976, 0.00398971, -0.692783, 0.0067558
1.3916, -0.272463, 0.00543811, -0.89158, 0.00788176
1.5904, -0.46947, 0.00711035, -1.09038, 0.00900773
1.7892, -0.705995, 0.00900642, -1.28917, 0.0101337
1.988, -0.982044, 0.0111263, -1.48797, 0.0112597
2.1868, -1.29761, 0.0134701, -1.68677, 0.0123856
2.3856, -1.6527, 0.0160377, -1.88557, 0.0135116
2.5844, -2.04732, 0.0188292, -2.08436, 0.0146376
2.78321, -2.48145, 0.0218445, -2.28316, 0.0157635
2.98201, -2.95511, 0.0250836, -2.48196, 0.0168895
3.18081, -3.46828, 0.0285466, -2.68076, 0.0180155
3.37961, -4.02098, 0.0322335, -2.87955, 0.0191414
3.57841, -4.6132, 0.0361441, -3.07835, 0.0202674
3.77721, -5.24493, 0.0402786, -3.27715, 0.0213934
3.97601, -5.91619, 0.044637, -3.47594, 0.0225193
4.17481, -6.62697, 0.0492192, -3.67474, 0.0236453
4.37361, -7.37727, 0.0540252, -3.87354, 0.0247713
4.57241, -8.16709, 0.0590551, -4.07234, 0.0258972
4.77121, -8.99643, 0.0643088, -4.27113, 0.0270232
4.97001, -9.8653, 0.0697864, -4.46993, 0.0281492
5.16881, -10.7737, 0.0754878, -4.66873, 0.0292751
5.36761, -11.7216, 0.081413, -4.86752, 0.0304011
5.56641, -12.709, 0.0875621, -5.06632, 0.0315271
5.76521, -13.736, 0.0939351, -5.26512, 0.032653
5.96401, -14.8024, 0.100532, -5.46392, 0.033779
6.16281, -15.9084, 0.107352, -5.66271, 0.034905
6.36161, -17.0539, 0.114397, -5.86151, 0.0360309
6.56041, -18.239, 0.121665, -6.06031, 0.0371569
6.75921, -19.4635, 0.129157, -6.25911, 0.0382829
6.95801, -20.7276, 0.136873, -6.4579, 0.0394088
7.15681, -22.0312, 0.144813, -6.6567, 0.0405348
7.35561, -23.3743, 0.152977, -6.8555, 0.0416607
7.55441, -24.7569, 0.161364, -7.05429, 0.0427867
7.75322, -26.1791, 0.169976, -7.25309, 0.0439127
7.95202, -27.6408, 0.178811, -7.45189, 0.0450387
8.15082, -29.142, 0.188431, -7.65069, 0.0458467
8.34962, -30.6827, 0.197153, -7.84948, 0.0472906
8.54842, -32.2629, 0.20666, -8.04828, 0.0484166
8.74722, -33.8827, 0.216788, -8.24708, 0.0492017
8.94602, -35.542, 0.226345, -8.44587, 0.0506685
9.14482, -37.2408, 0.236523, -8.64468, 0.0517945
9.34362, -38.9791, 0.246925, -8.84347, 0.0529204
9.54242, -40.7569, 0.257551, -9.0423, 0.0540466
9.74122, -42.5743, 0.268458, -9.24106, 0.054841
9.94002, -44.4306, 0.279456, -9.3912, 0.0553545
10.1388, -46.2778, 0.290339, -9.1923, 0.0541547
10.3376, -48.0855, 0.300991, -8.99348, 0.0530075
10.5364, -49.8536, 0.311415, -8.79467, 0.0518687
10.7352, -51.5822, 0.321614, -8.59587, 0.0507335
10.934, -53.2713, 0.331587, -8.39708, 0.0496004
11.1328, -54.9209, 0.341335, -8.19828, 0.0484686
11.3316, -56.531, 0.350858, -7.99948, 0.0473376
11.5304, -58.1015, 0.360157, -7.80069, 0.0462073
11.7292, -59.6325, 0.36923, -7.60189, 0.0450775
11.928, -61.124, 0.378079, -7.40309, 0.0439481
12.1268, -62.576, 0.386704, -7.20429, 0.042819
12.3256, -63.9884, 0.395104, -7.0055, 0.0416902
12.5244, -65.3614, 0.40328, -6.8067, 0.0405616
12.7232, -66.6948, 0.411232, -6.6079, 0.0394332
12.922, -67.9887, 0.418959, -6.4091, 0.0383049
13.1208, -69.2431, 0.426462, -6.21031, 0.0371769
13.3196, -70.4579, 0.43374, -6.01151, 0.0360489
13.5184, -71.6332, 0.440795, -5.81271, 0.0349211
13.7172, -72.7691, 0.447625, -5.61391, 0.0337933
13.916, -73.8653, 0.454231, -5.41512, 0.0326657
14.1148, -74.9221, 0.460613, -5.21632, 0.0315381
14.3136, -75.9394, 0.466771, -5.01752, 0.0304106
14.5124, -76.9171, 0.472704, -4.81873, 0.0292832
14.7112, -77.8553, 0.478414, -4.61993, 0.0281558
14.91, -78.754, 0.483899, -4.42113, 0.0270285
15.1088, -79.6131, 0.48916, -4.22233, 0.0259012
15.3076, -80.4328, 0.494197, -4.02354, 0.024774
15.5064, -81.2129, 0.49901, -3.82474, 0.0236468
15.7052, -81.9535, 0.503599, -3.62594, 0.0225197
15.904, -82.6546, 0.507964, -3.42715, 0.0213926
16.1028, -83.3161, 0.512105, -3.22835, 0.0202656
16.3016, -83.9382, 0.516022, -3.02955, 0.0191386
16.5004, -84.5207, 0.519715, -2.83075, 0.0180116
16.6992, -85.0637, 0.523183, -2.63196, 0.0168847
16.898, -85.5672, 0.526428, -2.43316, 0.0157577
17.0968, -86.0311, 0.529449, -2.23436, 0.0146308
17.2956, -86.4555, 0.532245, -2.03556, 0.013504
17.4944, -86.8404, 0.534818, -1.83677, 0.0123771
17.6932, -87.1858, 0.537166, -1.63797, 0.0112503
17.892, -87.4917, 0.539291, -1.43917, 0.0101235
18.0908, -87.758, 0.541191, -1.24038, 0.00899672
18.2896, -87.9849, 0.542868, -1.04158, 0.00786996
18.4884, -88.1722, 0.54432, -0.842781, 0.00674321
18.6872, -88.3199, 0.545549, -0.643983, 0.00561648
18.886, -88.4282, 0.546554, -0.445187, 0.00448978
19.0848, -88.497, 0.547334, -0.246394, 0.00336311
19.2836, -88.5262, 0.547891, -0.0475912, 0.00223641
19.4824, -88.5159, 0.548223, 0.151204, 0.00110976
19.6812, -88.4661, 0.548332, 0.350002, -1.68933e-05
19.865, -88.3849, 0.548593, 0.533758, 0.000982756
20.0488, -88.2699, 0.548869, 0.717515, 0.00196551
20.2325, -88.1212, 0.549326, 0.901273, 0.00294826
20.4163, -87.9387, 0.549964, 1.08503, 0.00393102
20.6, -87.7224, 0.550782, 1.26879, 0.00491377
20.7838, -87.4723, 0.546623, 1.45254, 0.00654048
20.9676, -87.1885, 0.54792, 1.6363, 0.00752323
21.1513, -86.871, 0.55432, 1.82006, 0.00786203
21.3351, -86.5196, 0.551057, 2.00381, 0.00948874
21.5188, -86.1346, 0.557582, 2.18758, 0.00982754
