34.9643, 0
0, 0, 0, 0.5, 0
0.183137, 0.0748011, 0.000104705, 0.316867, 0.00122226
0.366273, 0.11606, 0.000433275, 0.133734, 0.00244452
0.54941, 0.123782, 0.000985678, -0.0493979, 0.00366678
0.732547, 0.0979696, 0.0017619, -0.232531, 0.00488904
0.915683, 0.038615, 0.00276198, -0.415663, 0.0061113
1.09882, -0.0542791, 0.00398591, -0.598796, 0.00733356
1.28196, -0.180713, 0.00543369, -0.781928, 0.00855582
1.46509, -0.340676, 0.00710526, -0.965061, 0.00977808
1.64823, -0.534186, 0.00900072, -1.14819, 0.0110003
1.83137, -0.76123, 0.01112, -1.33133, 0.0122226
2.0145, -1.02181, 0.0134631, -1.51446, 0.0134449
2.19764, -1.31594, 0.0160301, -1.69759, 0.0146671
2.38078, -1.64359, 0.0188209, -1.88072, 0.0158894
2.56391, -2.00479, 0.0218355, -2.06386, 0.0171116
2.74705, -2.39953, 0.025074, -2.24699, 0.0183339
2.93019, -2.82781, 0.0285363, -2.43012, 0.0195562
3.11332, -3.28962, 0.0322225, -2.61325, 0.0207784
3.29646, -3.78497, 0.0361325, -2.79639, 0.0220007
3.4796, -4.31386, 0.0402664, -2.97952, 0.0232229
3.66273, -4.87629, 0.044624, -3.16265, 0.0244452
3.84587, -5.47225, 0.0492056, -3.34578, 0.0256675
4.02901, -6.10176, 0.054011, -3.52892, 0.0268897
4.21214, -6.7648, 0.0590402, -3.71205, 0.028112
4.39528, -7.46138, 0.0642932, -3.89518, 0.0293342
4.57842, -8.1915, 0.0697701, -4.07831, 0.0305565
4.76155, -8.95516, 0.0754708, -4.26145, 0.0317788
4.94469, -9.75236, 0.0813954, -4.44458, 0.033001
5.12783, -10.5831, 0.0875438, -4.62771, 0.0342233
5.31096, -11.4474, 0.093916, -4.81084, 0.0354455
5.4941, -12.3452, 0.100512, -4.99398, 0.0366678
5.67724, -13.2765, 0.107332, -5.17711, 0.0378901
5.86037, -14.2414, 0.114376, -5.36024, 0.0391123
6.04351, -15.2398, 0.121643, -5.54338, 0.0403346
6.22665, -16.2718, 0.129135, -5.72651, 0.0415568
6.40978, -17.3373, 0.13685, -5.90964, 0.0427791
6.59292, -18.4363, 0.144789, -6.09277, 0.0440014
6.77606, -19.5689, 0.152952, -6.27591, 0.0452236
6.95919, -20.735, 0.162163, -6.45904, 0.0460679
7.14233, -21.9347, 0.16995, -6.64217, 0.0476681
7.32547, -23.1679, 0.178784, -6.8253, 0.0488904
7.5086, -24.4346, 0.187843, -7.00844, 0.0501127
7.69174, -25.7349, 0.197125, -7.19157, 0.051335
7.87488, -27.0687, 0.206631, -7.3747, 0.0525572
8.05801, -28.4361, 0.216361, -7.55784, 0.0537795
8.24115, -29.8369, 0.226669, -7.74097, 0.0546078
8.42429, -31.2714, 0.236492, -7.9241, 0.056224
8.60742, -32.7393, 0.246893, -8.10725, 0.0574463
8.79056, -34.2408, 0.257519, -8.29037, 0.0586685
8.9737, -35.7759, 0.268368, -8.47355, 0.0598911
9.15683, -37.3442, 0.279427, -8.62351, 0.0601086
9.33997, -38.9067, 0.290311, -8.4404, 0.0587885
9.52311, -40.4356, 0.300963, -8.25724, 0.0575405
9.70624, -41.9311, 0.311387, -8.07411, 0.0563028
9.88938, -43.393, 0.321585, -7.89096, 0.0550695
10.0725, -44.8213, 0.331558, -7.70784, 0.0538387
10.2557, -46.2161, 0.341305, -7.5247, 0.0526093
10.4388, -47.5774, 0.350827, -7.34157, 0.0513811
10.6219, -48.9052, 0.360124, -7.15844, 0.0501537
10.8051, -50.1994, 0.369197, -6.9753, 0.0489268
10.9882, -51.46, 0.378045, -6.79217, 0.0477004
11.1713, -52.6872, 0.386668, -6.60904, 0.0464744
11.3545, -53.8807, 0.395067, -6.42591, 0.0452488
11.5376, -55.0408, 0.403242, -6.24277, 0.0440234
11.7207, -56.1673, 0.411192, -6.05964, 0.0427983
11.9039, -57.2603, 0.418918, -5.87651, 0.0415733
12.087, -58.3197, 0.426419, -5.69338, 0.0403485
12.2702, -59.3456, 0.433696, -5.51024, 0.0391239
12.4533, -60.338, 0.440749, -5.32711, 0.0378994
12.6364, -61.2968, 0.447578, -5.14398, 0.036675
12.8196, -62.2221, 0.454182, -4.96084, 0.0354507
13.0027, -63.1138, 0.460563, -4.77771, 0.0342266
13.1858, -63.972, 0.466719, -4.59458, 0.0330025
13.369, -64.7967, 0.472651, -4.41145, 0.0317785
13.5521, -65.5878, 0.478358, -4.22831, 0.0305546
13.7352, -66.3454, 0.483842, -4.04518, 0.0293307
13.9184, -67.0694, 0.489101, -3.86205, 0.0281069
14.1015, -67.76, 0.494137, -3.67892, 0.0268832
14.2847, -68.4169, 0.498948, -3.49578, 0.0256595
14.4678, -69.0404, 0.503535, -3.31265, 0.0244358
14.6509, -69.6303, 0.507898, -3.12952, 0.0232123
14.8341, -70.1866, 0.512037, -2.94639, 0.0219887
15.0172, -70.7095, 0.515952, -2.76326, 0.0207652
15.2003, -71.1987, 0.519643, -2.58012, 0.0195417
15.3835, -71.6545, 0.52311, -2.39699, 0.0183183
15.5666, -72.0767, 0.526352, -2.21385, 0.0170949
15.7498, -72.4653, 0.529371, -2.03072, 0.0158715
15.9329, -72.8205, 0.532166, -1.84759, 0.0146482
16.116, -73.1421, 0.534736, -1.66446, 0.0134249
16.2992, -73.4301, 0.537083, -1.48132, 0.0122016
16.4823, -73.6846, 0.539205, -1.29819, 0.0109784
16.6654, -73.9056, 0.541104, -1.11506, 0.00975513
16.8486, -74.0931, 0.542778, -0.931928, 0.00853193
17.0317, -74.247, 0.544229, -0.748796, 0.00730876
17.2148, -74.3673, 0.545455, -0.565666, 0.00608561
17.398, -74.4541, 0.546458, -0.382529, 0.00486244
17.5811, -74.5074, 0.547236, -0.199396, 0.00363932
17.7643, -74.5272, 0.547791, -0.0162661, 0.00241623
17.9474, -74.5134, 0.548121, 0.166867, 0.00119314
18.1305, -74.4661, 0.548228, 0.350002, -2.99442e-05
18.2989, -74.393, 0.548594, 0.518334, 0.00107279
18.4672, -74.2916, 0.548871, 0.686668, 0.00214559
18.6355, -74.1618, 0.549329, 0.855003, 0.00321838
18.8039, -74.0037, 0.549967, 1.02334, 0.00429118
18.9722, -73.8173, 0.550786, 1.19167, 0.00536397
19.1406, -73.6025, 0.551785, 1.36001, 0.00643677
19.3089, -73.3594, 0.552966, 1.52834, 0.00750956
19.4772, -73.0879, 0.554326, 1.69667, 0.00858235
19.6456, -72.7882, 0.555868, 1.86501, 0.00965514
19.8139, -72.46, 0.557589, 2.03334, 0.0107279
19.9822, -72.1036, 0.559492, 2.20168, 0.0118007
20.1506, -71.7188, 0.561575, 2.37001, 0.0128735
20.3189, -71.3057, 0.563839, 2.53834, 0.0139463
20.4873, -70.8642, 0.566283, 2.70668, 0.0150191
20.6556, -70.3944, 0.568908, 2.87501, 0.0160919
20.8239, -69.8962, 0.571713, 3.04335, 0.0171647
20.9923, -69.3698, 0.574699, 3.21168, 0.0182375
21.1606, -68.8149, 0.57596, 3.38001, 0.0196691
21.3289, -68.2318, 0.581213, 3.54835, 0.0203831
21.4973, -67.6203, 0.584741, 3.71668, 0.0214559
21.6656, -66.9805, 0.588449, 3.88502, 0.0225287
21.834, -66.3123, 0.592338, 4.05335, 0.0236015
22.0023, -65.6158, 0.594688, 4.22168, 0.025059
22.1706, -64.891, 0.600658, 4.39002, 0.0257471
22.339, -64.1378, 0.603606, 4.55835, 0.0271787
22.5073, -63.3563, 0.6097, 4.72669, 0.0278926
22.6756, -62.5465, 0.614492, 4.89502, 0.0289654
22.844, -61.7083, 0.619465, 5.06336, 0.0300382
23.0123, -60.8418, 0.624618, 5.23169, 0.031111
23.1807, -59.9469, 0.628771, 5.40002, 0.0325426
23.349, -59.0237, 0.635466, 5.56836, 0.0332566
23.5173, -58.0722, 0.641161, 5.73669, 0.0343294
23.6857, -57.0923, 0.647036, 5.90503, 0.0354022
23.854, -56.0841, 0.653093, 6.07336, 0.036475
24.0223, -55.0475, 0.659329, 6.2417, 0.0375478
24.1907, -53.9827, 0.664869, 6.41003, 0.0390053
24.359, -52.8895, 0.672345, 6.57836, 0.0396934
24.5274, -51.7679, 0.678425, 6.7467, 0.041125
24.6957, -50.618, 0.685353, 6.91503, 0.0422495
24.864, -49.4398, 0.692645, 7.08336, 0.0432706
25.0324, -48.2332, 0.699966, 7.2517, 0.0443844
25.2007, -46.9983, 0.707534, 7.42003, 0.0454572
25.369, -45.7351, 0.715271, 7.58836, 0.0465407
25.5374, -44.4435, 0.723586, 7.7567, 0.0472029
25.7057, -43.1236, 0.731322, 7.92503, 0.0486756
25.8741, -41.7753, 0.739578, 8.09336, 0.0498058
26.0424, -40.3987, 0.748063, 8.26169, 0.0508696
26.2107, -38.9938, 0.756729, 8.43003, 0.0519198
26.3791, -37.5606, 0.765558, 8.59833, 0.0530744
26.5474, -36.1046, 0.77457, 8.61663, 0.0534994
26.7157, -34.6682, 0.783491, 8.44838, 0.0524711
26.8841, -33.2602, 0.792235, 8.28005, 0.0514179
27.0524, -31.8806, 0.800801, 8.11171, 0.0503579
27.2208, -30.5292, 0.809189, 7.94337, 0.0492946
27.3891, -29.2062, 0.817398, 7.77504, 0.0482294
27.5574, -27.9116, 0.825427, 7.6067, 0.0471629
27.7258, -26.6452, 0.833276, 7.43837, 0.0460955
27.8941, -25.4072, 0.840946, 7.27003, 0.0450274
28.0624, -24.1976, 0.848436, 7.1017, 0.0439588
28.2308, -23.0163, 0.855746, 6.93337, 0.0428898
28.3991, -21.8633, 0.862876, 6.76503, 0.0418204
28.5675, -20.7387, 0.869825, 6.5967, 0.0407507
28.7358, -19.6424, 0.876595, 6.42836, 0.0396808
28.9041, -18.5744, 0.883185, 6.26003, 0.0386107
29.0725, -17.5348, 0.889595, 6.0917, 0.0375404
29.2408, -16.5235, 0.895824, 5.92336, 0.0364699
29.4091, -15.5405, 0.901873, 5.75503, 0.0353994
29.5775, -14.5859, 0.907742, 5.58669, 0.0343286
29.7458, -13.6596, 0.913431, 5.41836, 0.0332578
29.9142, -12.7617, 0.918939, 5.25003, 0.0321869
30.0825, -11.8921, 0.924267, 5.08169, 0.0311159
30.2508, -11.0508, 0.929415, 4.91336, 0.0300448
30.4192, -10.2379, 0.934382, 4.74502, 0.0289736
30.5875, -9.45327, 0.93917, 4.57669, 0.0279024
30.7558, -8.69699, 0.943777, 4.40836, 0.0268311
30.9242, -7.96907, 0.948203, 4.24002, 0.0257597
31.0925, -7.26949, 0.952449, 4.07168, 0.0246883
31.2609, -6.59824, 0.956515, 3.90335, 0.0236169
31.4292, -5.95533, 0.9604, 3.73502, 0.0225454
31.5975, -5.34074, 0.964105, 3.56668, 0.0214738
31.7659, -4.75452, 0.96763, 3.39835, 0.0204022
31.9342, -4.19661, 0.970974, 3.23001, 0.0193306
32.1025, -3.66706, 0.974138, 3.06168, 0.0182589
32.2709, -3.16582, 0.977122, 2.89335, 0.0171873
32.4392, -2.69294, 0.979925, 2.72501, 0.0161155
32.6076, -2.24838, 0.982547, 2.55668, 0.0150438
32.7759, -1.83215, 0.98499, 2.38834, 0.013972
32.9442, -1.44427, 0.987251, 2.22001, 0.0129002
33.1126, -1.08475, 0.989333, 2.05168, 0.0118283
33.2809, -0.75354, 0.991234, 1.88334, 0.0107565
33.4492, -0.450661, 0.992954, 1.71501, 0.00968461
33.6176, -0.17614, 0.994494, 1.54667, 0.0086127
33.7859, 0.0700607, 0.995854, 1.37834, 0.00754078
33.9543, 0.287918, 0.997033, 1.21, 0.00646883
34.1226, 0.477448, 0.998032, 1.04167, 0.00539688
34.2909, 0.638626, 0.99885, 0.873336, 0.00432489
34.4593, 0.771477, 0.999488, 0.705004, 0.0032529
34.6276, 0.875977, 0.999945, 0.536668, 0.00218087
34.7959, 0.952156, 1.00022, 0.368334, 0.00110884
34.9643, 0.999985, 1.00032, 0.199998, 3.67883e-05
