2.31197, 0
0, 0, 0, 0.5, 0
0.0112028, 0.00475396, 5.43682e-05, 0.499279, 0.0111302
0.0224056, 0.00950109, 0.000234017, 0.498556, 0.0222588
0.0336084, 0.0142408, 0.000538759, 0.49783, 0.0333862
0.0448112, 0.0189737, 0.000968734, 0.497102, 0.0445119
0.056014, 0.0236992, 0.00152392, 0.496372, 0.0556361
0.0672168, 0.0284178, 0.00220431, 0.49564, 0.0667586
0.0784196, 0.0331292, 0.00300985, 0.494905, 0.0778794
0.0896224, 0.0378337, 0.00394058, 0.494166, 0.0889984
0.100825, 0.0425309, 0.00499651, 0.493426, 0.100116
0.112028, 0.0472212, 0.00617762, 0.492682, 0.111231
0.123231, 0.0519043, 0.00748387, 0.491935, 0.122344
0.134434, 0.0565803, 0.00891528, 0.491185, 0.133455
0.145636, 0.0612492, 0.0104718, 0.490432, 0.144564
0.156839, 0.065911, 0.0121536, 0.489676, 0.15567
0.168042, 0.0705659, 0.0139604, 0.488915, 0.166774
0.179245, 0.0752135, 0.0158924, 0.488151, 0.177876
0.190448, 0.0798541, 0.0179495, 0.487383, 0.188974
0.20165, 0.0844876, 0.0201317, 0.486611, 0.20007
0.212853, 0.0891141, 0.0224391, 0.485834, 0.211163
0.224056, 0.0937335, 0.0248715, 0.485053, 0.222253
0.235259, 0.0983458, 0.027429, 0.484267, 0.23334
0.246462, 0.102951, 0.0301116, 0.483477, 0.244424
0.257664, 0.107549, 0.0329193, 0.482681, 0.255503
0.268867, 0.11214, 0.035852, 0.481879, 0.266579
0.28007, 0.116724, 0.0389097, 0.481072, 0.277651
0.291273, 0.121301, 0.0420925, 0.480259, 0.288719
0.302476, 0.125871, 0.0454003, 0.479439, 0.299782
0.313678, 0.130434, 0.0488331, 0.478612, 0.310841
0.324881, 0.134989, 0.0523909, 0.477778, 0.321894
0.336084, 0.139538, 0.0560736, 0.476937, 0.332943
0.347287, 0.144079, 0.0598812, 0.476088, 0.343985
0.35849, 0.148614, 0.0638138, 0.47523, 0.355022
0.369692, 0.153142, 0.0678713, 0.474364, 0.366053
0.380895, 0.157662, 0.0720536, 0.473488, 0.377076
0.392098, 0.162175, 0.0763608, 0.472602, 0.388093
0.403301, 0.166682, 0.0807928, 0.471705, 0.399101
0.414504, 0.171181, 0.0853495, 0.470797, 0.410102
0.425707, 0.175674, 0.090031, 0.469876, 0.421093
0.436909, 0.180159, 0.0948372, 0.468943, 0.432075
0.448112, 0.184637, 0.099768, 0.467995, 0.443047
0.459315, 0.189108, 0.104824, 0.467033, 0.454008
0.470518, 0.193573, 0.110004, 0.466055, 0.464957
0.481721, 0.19803, 0.115308, 0.46506, 0.475894
0.492923, 0.20248, 0.120737, 0.464046, 0.486816
0.504126, 0.206924, 0.12629, 0.463013, 0.497724
0.515329, 0.21136, 0.131968, 0.461958, 0.508615
0.526532, 0.215789, 0.13777, 0.46088, 0.519489
0.537735, 0.220212, 0.143696, 0.459776, 0.530343
0.548937, 0.224627, 0.149745, 0.458646, 0.541175
0.56014, 0.229036, 0.155919, 0.457485, 0.551984
0.571343, 0.233438, 0.162217, 0.456293, 0.562768
0.582546, 0.237833, 0.168638, 0.455065, 0.573523
0.593749, 0.242221, 0.175182, 0.453798, 0.584247
0.604951, 0.246603, 0.18185, 0.452488, 0.594935
0.616154, 0.250977, 0.18864, 0.451131, 0.605585
0.627357, 0.255345, 0.195554, 0.449722, 0.616191
0.63856, 0.259706, 0.202589, 0.448256, 0.626747
0.649763, 0.264061, 0.209747, 0.446725, 0.637248
0.660965, 0.268409, 0.217026, 0.445122, 0.647685
0.672168, 0.272751, 0.224426, 0.44344, 0.658051
0.683371, 0.277086, 0.231947, 0.441667, 0.668335
0.694574, 0.281415, 0.239588, 0.439793, 0.678523
0.705777, 0.285738, 0.247347, 0.437802, 0.688602
0.716979, 0.290055, 0.255225, 0.435682, 0.698552
0.728182, 0.294366, 0.263219, 0.433412, 0.708351
0.739385, 0.298671, 0.271328, 0.430971, 0.717974
0.750588, 0.302971, 0.279551, 0.428335, 0.727385
0.761791, 0.307265, 0.287885, 0.425472, 0.736543
0.772993, 0.311554, 0.296326, 0.422349, 0.745397
0.784196, 0.315838, 0.304873, 0.418927, 0.753883
0.795399, 0.320117, 0.313519, 0.415161, 0.761919
0.806602, 0.32439, 0.322258, 0.411003, 0.769408
0.817805, 0.328658, 0.331084, 0.406403, 0.776228
0.829007, 0.332919, 0.339987, 0.401315, 0.782236
0.84021, 0.337171, 0.348954, 0.395703, 0.787265
0.851413, 0.34141, 0.357972, 0.389558, 0.791144
0.862616, 0.34563, 0.367023, 0.382903, 0.793704
0.873819, 0.349825, 0.376087, 0.375809, 0.794811
0.885021, 0.353985, 0.385146, 0.368392, 0.794396
0.896224, 0.358099, 0.394178, 0.360801, 0.792464
0.907427, 0.362158, 0.403167, 0.353192, 0.789104
0.91863, 0.366155, 0.412096, 0.345709, 0.78446
0.929833, 0.370083, 0.420952, 0.33846, 0.778706
0.941035, 0.373941, 0.429727, 0.33152, 0.772023
0.952238, 0.377726, 0.43841, 0.324929, 0.764573
0.963441, 0.381442, 0.446997, 0.318704, 0.756498
0.974644, 0.385088, 0.455483, 0.312842, 0.747918
0.985847, 0.388668, 0.463863, 0.30733, 0.738929
0.997049, 0.392186, 0.472134, 0.302151, 0.729606
1.00825, 0.395644, 0.480294, 0.297281, 0.720011
1.01946, 0.399045, 0.488341, 0.2927, 0.710191
1.03066, 0.402393, 0.496274, 0.288384, 0.700187
1.04186, 0.40569, 0.50409, 0.284313, 0.690029
1.05306, 0.408939, 0.511789, 0.280468, 0.679741
1.06427, 0.412144, 0.51937, 0.276832, 0.669344
1.07547, 0.415305, 0.526832, 0.273387, 0.658854
1.08667, 0.418426, 0.534174, 0.270119, 0.648286
1.09787, 0.421508, 0.541396, 0.267015, 0.637649
1.10908, 0.424554, 0.548497, 0.264062, 0.626953
1.12111, 0.429204, 0.556335, 0.267233, 0.637484
1.13314, 0.433871, 0.564305, 0.270478, 0.647949
1.14516, 0.438556, 0.572407, 0.273802, 0.658346
1.15719, 0.443258, 0.580639, 0.277207, 0.66867
1.16922, 0.447978, 0.589001, 0.2807, 0.678915
1.18125, 0.452717, 0.597492, 0.284282, 0.689077
1.19328, 0.457473, 0.606111, 0.28796, 0.69915
1.20531, 0.462248, 0.614857, 0.291739, 0.709127
1.21734, 0.467043, 0.623729, 0.295622, 0.719002
1.22937, 0.471857, 0.632725, 0.299616, 0.728768
1.2414, 0.47669, 0.641845, 0.303727, 0.738416
1.25342, 0.481544, 0.651086, 0.307959, 0.747938
1.26545, 0.486419, 0.660448, 0.31232, 0.757325
1.27748, 0.491314, 0.669929, 0.316816, 0.766565
1.28951, 0.496232, 0.679526, 0.321453, 0.775649
1.30154, 0.501172, 0.689238, 0.326239, 0.784564
1.31357, 0.506135, 0.699063, 0.331181, 0.793297
1.3256, 0.511122, 0.708997, 0.336286, 0.801833
1.33763, 0.516133, 0.71904, 0.341562, 0.810157
1.34966, 0.521169, 0.729187, 0.347017, 0.818252
1.36168, 0.526232, 0.739435, 0.352657, 0.8261
1.37371, 0.531322, 0.749782, 0.35849, 0.833682
1.38574, 0.53644, 0.760223, 0.364524, 0.840977
1.39777, 0.541589, 0.770755, 0.370765, 0.847961
1.4098, 0.546768, 0.781373, 0.377218, 0.854613
1.42183, 0.55198, 0.792072, 0.383889, 0.860905
1.43386, 0.557227, 0.802847, 0.390782, 0.866812
1.44589, 0.56251, 0.813693, 0.397898, 0.872307
1.45792, 0.567831, 0.824603, 0.405239, 0.877362
1.46994, 0.573193, 0.835572, 0.412803, 0.881949
1.48197, 0.578599, 0.846592, 0.420585, 0.886039
1.494, 0.58405, 0.857656, 0.42858, 0.889604
1.50603, 0.589551, 0.868756, 0.436776, 0.89262
1.51806, 0.595103, 0.879886, 0.445162, 0.895061
1.53009, 0.600712, 0.891035, 0.453721, 0.896908
1.54212, 0.606379, 0.902197, 0.462433, 0.898141
1.55415, 0.612109, 0.913362, 0.471278, 0.898747
1.56618, 0.617905, 0.924521, 0.48023, 0.898718
1.57821, 0.623771, 0.935667, 0.489263, 0.89805
1.59023, 0.629711, 0.94679, 0.498349, 0.896745
1.60226, 0.635728, 0.957883, 0.507459, 0.894808
1.61429, 0.641824, 0.968936, 0.516566, 0.892252
1.62632, 0.648003, 0.979944, 0.525642, 0.889093
1.63835, 0.654267, 0.990897, 0.53466, 0.885352
1.65038, 0.660618, 1.00179, 0.543596, 0.881052
1.66241, 0.667059, 1.01261, 0.552429, 0.876219
1.67444, 0.673589, 1.02337, 0.56114, 0.870882
1.68647, 0.680211, 1.03404, 0.56971, 0.865069
1.69849, 0.686924, 1.04463, 0.578127, 0.85881
1.71052, 0.693729, 1.05513, 0.58638, 0.852135
1.72255, 0.700624, 1.06553, 0.594459, 0.845072
1.73458, 0.707611, 1.07584, 0.602358, 0.83765
1.74661, 0.714688, 1.08605, 0.610073, 0.829894
1.75864, 0.721853, 1.09615, 0.6176, 0.821832
1.77067, 0.729107, 1.10615, 0.62494, 0.813485
1.7827, 0.736446, 1.11603, 0.632092, 0.804878
1.79473, 0.74387, 1.1258, 0.639057, 0.796029
1.80675, 0.751378, 1.13546, 0.645838, 0.78696
1.81878, 0.758967, 1.145, 0.652437, 0.777686
1.83081, 0.766636, 1.15442, 0.658859, 0.768225
1.84284, 0.774382, 1.16372, 0.665107, 0.758592
1.85487, 0.782205, 1.1729, 0.671185, 0.7488
1.8669, 0.790103, 1.18196, 0.677098, 0.738862
1.87893, 0.798073, 1.19088, 0.682852, 0.728788
1.89096, 0.806114, 1.19969, 0.688449, 0.718591
1.90299, 0.814225, 1.20836, 0.693896, 0.708279
1.91501, 0.822402, 1.21691, 0.699197, 0.697861
1.92704, 0.830646, 1.22532, 0.704357, 0.687344
1.93907, 0.838954, 1.23361, 0.70938, 0.676737
1.9511, 0.847324, 1.24176, 0.714271, 0.666047
1.96313, 0.855756, 1.24978, 0.719035, 0.655278
1.97516, 0.864247, 1.25767, 0.723675, 0.644436
1.98719, 0.872796, 1.26543, 0.728196, 0.633528
1.99922, 0.881402, 1.27305, 0.732602, 0.622557
2.01125, 0.890062, 1.28054, 0.736897, 0.611527
2.02327, 0.898777, 1.28789, 0.741085, 0.600444
2.0353, 0.907544, 1.2951, 0.745169, 0.589309
2.04733, 0.916363, 1.30218, 0.749153, 0.578128
2.05936, 0.925231, 1.30912, 0.75304, 0.566902
2.07139, 0.934148, 1.31593, 0.756833, 0.555635
2.08342, 0.943113, 1.3226, 0.760535, 0.54433
2.09545, 0.952124, 1.32913, 0.76415, 0.532988
2.10748, 0.961181, 1.33552, 0.76768, 0.521612
2.11951, 0.970282, 1.34177, 0.771129, 0.510204
2.13154, 0.979427, 1.34788, 0.774497, 0.498766
2.14356, 0.988614, 1.35386, 0.777789, 0.487299
2.15559, 0.997842, 1.35969, 0.781007, 0.475807
2.16762, 1.00711, 1.36539, 0.784152, 0.464289
2.17965, 1.01642, 1.37094, 0.787227, 0.452747
2.19168, 1.02577, 1.37636, 0.790235, 0.441183
2.20371, 1.03515, 1.38163, 0.793176, 0.429599
2.21574, 1.04457, 1.38677, 0.796054, 0.417994
2.22777, 1.05403, 1.39176, 0.79887, 0.40637
2.2398, 1.06352, 1.39662, 0.801626, 0.394729
2.25182, 1.07305, 1.40133, 0.804324, 0.38307
2.26385, 1.08261, 1.4059, 0.806964, 0.371396
2.27588, 1.09221, 1.41033, 0.80955, 0.359707
2.28791, 1.10184, 1.41462, 0.812082, 0.348003
2.29994, 1.1115, 1.41876, 0.814562, 0.336286
2.31197, 1.12119, 1.42277, 0.816991, 0.324556
