2.01559, 0
0, 0, 0, 0.5, 0
0.0110105, 0.00469978, 6.20115e-05, 0.499413, 0.0109473
0.0220211, 0.00939403, 0.000245016, 0.498824, 0.0218933
0.0330316, 0.014083, 0.000549088, 0.498233, 0.0328379
0.0440422, 0.0187665, 0.00097409, 0.497639, 0.043781
0.0550527, 0.0234445, 0.00152009, 0.497042, 0.0547226
0.0660632, 0.0281172, 0.00218715, 0.496443, 0.0656627
0.0770738, 0.0327844, 0.00297514, 0.495841, 0.0766011
0.0880843, 0.0374462, 0.0038841, 0.495236, 0.0875378
0.0990949, 0.0421025, 0.00491405, 0.494628, 0.0984728
0.110105, 0.0467535, 0.00606501, 0.494016, 0.109406
0.121116, 0.0513991, 0.00733696, 0.493401, 0.120337
0.132126, 0.0560392, 0.00872979, 0.492783, 0.131266
0.143137, 0.0606738, 0.0102436, 0.492162, 0.142193
0.154148, 0.065303, 0.0118784, 0.491536, 0.153118
0.165158, 0.0699268, 0.0136341, 0.490907, 0.16404
0.176169, 0.0745451, 0.0155108, 0.490273, 0.17496
0.187179, 0.0791581, 0.0175083, 0.489635, 0.185878
0.19819, 0.0837657, 0.0196268, 0.488993, 0.196793
0.2092, 0.0883677, 0.0218662, 0.488346, 0.207705
0.220211, 0.0929644, 0.0242265, 0.487694, 0.218614
0.231221, 0.0975556, 0.0267076, 0.487037, 0.22952
0.242232, 0.102141, 0.0293097, 0.486375, 0.240423
0.253242, 0.106722, 0.0320326, 0.485707, 0.251323
0.264253, 0.111297, 0.0348764, 0.485033, 0.262219
0.275264, 0.115866, 0.037841, 0.484353, 0.273111
0.286274, 0.12043, 0.0409264, 0.483666, 0.283999
0.297285, 0.124989, 0.0441326, 0.482972, 0.294883
0.308295, 0.129542, 0.0474596, 0.482271, 0.305762
0.319306, 0.13409, 0.0509074, 0.481562, 0.316637
0.330316, 0.138632, 0.054476, 0.480846, 0.327507
0.341327, 0.143169, 0.0581653, 0.48012, 0.338372
0.352337, 0.1477, 0.0619752, 0.479386, 0.34923
0.363348, 0.152226, 0.0659059, 0.478642, 0.360083
0.374358, 0.156746, 0.0699572, 0.477888, 0.37093
0.385369, 0.161261, 0.0741292, 0.477123, 0.38177
0.39638, 0.165771, 0.0784218, 0.476346, 0.392602
0.40739, 0.170275, 0.0828349, 0.475558, 0.403427
0.418401, 0.174774, 0.0873685, 0.474756, 0.414243
0.429411, 0.179267, 0.0920226, 0.473941, 0.425051
0.440422, 0.183754, 0.0967972, 0.47311, 0.435849
0.451432, 0.188237, 0.101692, 0.472264, 0.446636
0.462443, 0.192713, 0.106708, 0.471401, 0.457413
0.473453, 0.197184, 0.111843, 0.47052, 0.468177
0.484464, 0.20165, 0.117099, 0.469619, 0.478929
0.495474, 0.20611, 0.122475, 0.468697, 0.489667
0.506485, 0.210565, 0.127971, 0.467753, 0.500389
0.517495, 0.215015, 0.133587, 0.466784, 0.511095
0.528506, 0.219458, 0.139323, 0.465789, 0.521782
0.539517, 0.223896, 0.145179, 0.464765, 0.53245
0.550527, 0.228329, 0.151154, 0.463709, 0.543096
0.561538, 0.232756, 0.157249, 0.46262, 0.553718
0.572548, 0.237178, 0.163463, 0.461493, 0.564314
0.583559, 0.241594, 0.169796, 0.460326, 0.57488
0.594569, 0.246005, 0.176249, 0.459115, 0.585414
0.60558, 0.25041, 0.18282, 0.457854, 0.595911
0.61659, 0.254809, 0.18951, 0.456539, 0.606368
0.627601, 0.259203, 0.196317, 0.455165, 0.61678
0.638611, 0.263591, 0.203243, 0.453724, 0.62714
0.649622, 0.267974, 0.210286, 0.452209, 0.637443
0.660632, 0.272351, 0.217446, 0.450612, 0.647678
0.671643, 0.276722, 0.224723, 0.448922, 0.657839
0.682654, 0.281088, 0.232115, 0.447128, 0.667913
0.693664, 0.285447, 0.239622, 0.445217, 0.677886
0.704675, 0.289802, 0.247244, 0.443173, 0.687742
0.715685, 0.29415, 0.254978, 0.440978, 0.697462
0.726696, 0.298493, 0.262823, 0.43861, 0.70702
0.737706, 0.302829, 0.270779, 0.436045, 0.716386
0.748717, 0.30716, 0.278842, 0.433254, 0.725525
0.759727, 0.311484, 0.28701, 0.430202, 0.734388
0.770738, 0.315802, 0.295279, 0.426851, 0.74292
0.781748, 0.320113, 0.303646, 0.423157, 0.751047
0.792759, 0.324416, 0.312106, 0.419071, 0.758681
0.80377, 0.32871, 0.320651, 0.414544, 0.765711
0.81478, 0.332995, 0.329274, 0.409524, 0.772005
0.825791, 0.337266, 0.337963, 0.403973, 0.777409
0.836801, 0.341521, 0.346706, 0.397868, 0.781751
0.847812, 0.345754, 0.355487, 0.391225, 0.784862
0.858822, 0.349958, 0.364289, 0.384097, 0.78659
0.869833, 0.354125, 0.373093, 0.376591, 0.786839
0.880843, 0.358244, 0.38188, 0.368853, 0.785585
0.891854, 0.362307, 0.390633, 0.361044, 0.782879
0.902864, 0.366306, 0.399335, 0.353319, 0.778849
0.913875, 0.370235, 0.407973, 0.345803, 0.773657
0.924885, 0.374092, 0.416536, 0.338585, 0.76748
0.935896, 0.377876, 0.425017, 0.331715, 0.760487
0.946907, 0.381588, 0.433407, 0.325217, 0.752826
0.957917, 0.385229, 0.441703, 0.319092, 0.744625
0.968928, 0.388804, 0.449899, 0.313331, 0.735983
0.979938, 0.392314, 0.457993, 0.307914, 0.726985
0.990949, 0.395764, 0.465981, 0.302819, 0.717696
1.00196, 0.399155, 0.473862, 0.298024, 0.708167
1.01297, 0.402493, 0.481633, 0.293506, 0.698442
1.02398, 0.405778, 0.489294, 0.289241, 0.688551
1.03499, 0.409015, 0.496842, 0.285211, 0.678524
1.046, 0.412206, 0.504278, 0.281396, 0.668381
1.05701, 0.415353, 0.511599, 0.277779, 0.658138
1.06802, 0.418459, 0.518806, 0.274344, 0.647812
1.07903, 0.421525, 0.525897, 0.271079, 0.637414
1.09004, 0.424554, 0.532872, 0.267969, 0.626954
1.0993, -nan, -nan, 0.269896, 0.62587
1.10855, -nan, -nan, 0.27195, 0.624716
1.11781, -nan, -nan, 0.274129, 0.623492
1.12707, -nan, -nan, 0.276432, 0.622198
1.13632, -nan, -nan, 0.278857, 0.620836
1.14558, -nan, -nan, 0.281401, 0.619406
1.15483, -nan, -nan, 0.284065, 0.61791
1.16409, -nan, -nan, 0.286844, 0.616348
1.17334, -nan, -nan, 0.289738, 0.614722
1.1826, -nan, -nan, 0.292744, 0.613033
1.19185, -nan, -nan, 0.295861, 0.611282
1.20111, -nan, -nan, 0.299086, 0.60947
1.21036, -nan, -nan, 0.302418, 0.607598
1.21962, -nan, -nan, 0.305853, 0.605667
1.22888, -nan, -nan, 0.309392, 0.603679
1.23813, -nan, -nan, 0.31303, 0.601635
1.24739, -nan, -nan, 0.316766, 0.599536
1.25664, -nan, -nan, 0.320599, 0.597382
1.2659, -nan, -nan, 0.324526, 0.595176
1.27515, -nan, -nan, 0.328544, 0.592918
1.28441, -nan, -nan, 0.332653, 0.59061
1.29366, -nan, -nan, 0.336849, 0.588252
1.30292, -nan, -nan, 0.341131, 0.585846
1.31218, -nan, -nan, 0.345497, 0.583393
1.32143, -nan, -nan, 0.349946, 0.580894
1.33069, -nan, -nan, 0.354474, 0.578349
1.33994, -nan, -nan, 0.35908, 0.575761
1.3492, -nan, -nan, 0.363763, 0.57313
1.35845, -nan, -nan, 0.36852, 0.570458
1.36771, -nan, -nan, 0.373349, 0.567744
1.37696, -nan, -nan, 0.378249, 0.564991
1.38622, -nan, -nan, 0.383219, 0.562199
1.39547, -nan, -nan, 0.388256, 0.559369
1.40473, -nan, -nan, 0.393358, 0.556502
1.41399, -nan, -nan, 0.398525, 0.553599
1.42324, -nan, -nan, 0.403753, 0.550661
1.4325, -nan, -nan, 0.409043, 0.547689
1.44175, -nan, -nan, 0.414392, 0.544684
1.45101, -nan, -nan, 0.419799, 0.541646
1.46026, -nan, -nan, 0.425262, 0.538576
1.46952, -nan, -nan, 0.43078, 0.535476
1.47877, -nan, -nan, 0.436351, 0.532346
1.48803, -nan, -nan, 0.441975, 0.529186
1.49729, -nan, -nan, 0.447649, 0.525998
1.50654, -nan, -nan, 0.453373, 0.522782
1.5158, -nan, -nan, 0.459145, 0.519539
1.52505, -nan, -nan, 0.464964, 0.516269
1.53431, -nan, -nan, 0.470829, 0.512974
1.54356, -nan, -nan, 0.476738, 0.509654
1.55282, -nan, -nan, 0.482691, 0.506309
1.56207, -nan, -nan, 0.488686, 0.502941
1.57133, -nan, -nan, 0.494723, 0.499549
1.58058, -nan, -nan, 0.500799, 0.496135
1.58984, -nan, -nan, 0.506915, 0.492699
1.5991, -nan, -nan, 0.513069, 0.489241
1.60835, -nan, -nan, 0.519261, 0.485762
1.61761, -nan, -nan, 0.525488, 0.482263
1.62686, -nan, -nan, 0.531752, 0.478744
1.63612, -nan, -nan, 0.538049, 0.475206
1.64537, -nan, -nan, 0.54438, 0.471648
1.65463, -nan, -nan, 0.550745, 0.468073
1.66388, -nan, -nan, 0.557141, 0.464479
1.67314, -nan, -nan, 0.563568, 0.460868
1.6824, -nan, -nan, 0.570026, 0.457239
1.69165, -nan, -nan, 0.576513, 0.453594
1.70091, -nan, -nan, 0.58303, 0.449933
1.71016, -nan, -nan, 0.589574, 0.446256
1.71942, -nan, -nan, 0.596146, 0.442563
1.72867, -nan, -nan, 0.602745, 0.438855
1.73793, -nan, -nan, 0.609371, 0.435133
1.74718, -nan, -nan, 0.616022, 0.431396
1.75644, -nan, -nan, 0.622698, 0.427645
1.76569, -nan, -nan, 0.629398, 0.42388
1.77495, -nan, -nan, 0.636122, 0.420102
1.78421, -nan, -nan, 0.64287, 0.416311
1.79346, -nan, -nan, 0.64964, 0.412507
1.80272, -nan, -nan, 0.656433, 0.408691
1.81197, -nan, -nan, 0.663247, 0.404862
1.82123, -nan, -nan, 0.670082, 0.401022
1.83048, -nan, -nan, 0.676938, 0.397169
1.83974, -nan, -nan, 0.683815, 0.393306
1.84899, -nan, -nan, 0.69071, 0.389431
1.85825, -nan, -nan, 0.697626, 0.385546
1.86751, -nan, -nan, 0.70456, 0.38165
1.87676, -nan, -nan, 0.711512, 0.377744
1.88602, -nan, -nan, 0.718483, 0.373827
1.89527, -nan, -nan, 0.725471, 0.369901
1.90453, -nan, -nan, 0.732477, 0.365965
1.91378, -nan, -nan, 0.739499, 0.362019
1.92304, -nan, -nan, 0.746538, 0.358064
1.93229, -nan, -nan, 0.753593, 0.3541
1.94155, -nan, -nan, 0.760663, 0.350128
1.9508, -nan, -nan, 0.76775, 0.346146
1.96006, -nan, -nan, 0.774851, 0.342156
1.96932, -nan, -nan, 0.781967, 0.338158
1.97857, -nan, -nan, 0.789097, 0.334152
1.98783, -nan, -nan, 0.796242, 0.330137
1.99708, -nan, -nan, 0.8034, 0.326115
2.00634, -nan, -nan, 0.810573, 0.322086
2.01559, -nan, -nan, 0.817758, 0.318049
