31.3099, 0
0, 0, 0, 0.5, 0
0.164619, 0.0687582, 0.000103789, 0.335387, 0.00135973
0.329238, 0.110423, 0.000431377, 0.170774, 0.00271946
0.493857, 0.124985, 0.000982834, 0.00615984, 0.00407919
0.658476, 0.112451, 0.00175811, -0.158453, 0.00543893
0.823095, 0.0728143, 0.00275725, -0.323067, 0.00679866
0.987714, 0.00608417, 0.0039802, -0.48768, 0.00815839
1.15233, -0.0877483, 0.00542701, -0.652293, 0.00951812
1.31695, -0.208675, 0.00709762, -0.816907, 0.0108779
1.48157, -0.356701, 0.00899209, -0.98152, 0.0122376
1.64619, -0.53183, 0.0111104, -1.14613, 0.0135973
1.81081, -0.734055, 0.0134526, -1.31075, 0.014957
1.97543, -0.963376, 0.0160185, -1.47536, 0.0163168
2.14005, -1.2198, 0.0188084, -1.63997, 0.0176765
2.30467, -1.50332, 0.021822, -1.80459, 0.0190362
2.46928, -1.81394, 0.0250595, -1.9692, 0.020396
2.6339, -2.15165, 0.0285209, -2.13381, 0.0217557
2.79852, -2.51647, 0.032206, -2.29843, 0.0231154
2.96314, -2.90838, 0.036115, -2.46304, 0.0244752
3.12776, -3.32739, 0.0402479, -2.62765, 0.0258349
3.29238, -3.7735, 0.0446046, -2.79227, 0.0271946
3.457, -4.24672, 0.0491851, -2.95688, 0.0285544
3.62162, -4.74702, 0.0539895, -3.12149, 0.0299141
3.78624, -5.27443, 0.0590177, -3.28611, 0.0312738
3.95085, -5.82893, 0.0642697, -3.45072, 0.0326336
4.11547, -6.41054, 0.0697456, -3.61533, 0.0339933
4.28009, -7.01924, 0.0754453, -3.77995, 0.035353
4.44471, -7.65504, 0.0813688, -3.94456, 0.0367127
4.60933, -8.31794, 0.0875162, -4.10917, 0.0380725
4.77395, -9.00794, 0.0938874, -4.27379, 0.0394322
4.93857, -9.72503, 0.100483, -4.4384, 0.040792
5.10319, -10.4692, 0.107301, -4.60301, 0.0421517
5.26781, -11.2405, 0.114344, -4.76763, 0.0435114
5.43243, -12.0389, 0.121611, -4.93224, 0.0448711
5.59704, -12.8644, 0.129101, -5.09685, 0.0462309
5.76166, -13.717, 0.136815, -5.26147, 0.0475906
5.92628, -14.5967, 0.144753, -5.42608, 0.0489503
6.0909, -15.5035, 0.152915, -5.59069, 0.0503101
6.25552, -16.4373, 0.161301, -5.75531, 0.0516698
6.42014, -17.3983, 0.169911, -5.91992, 0.0530295
6.58476, -18.3864, 0.178744, -6.08454, 0.0543893
6.74938, -19.4016, 0.187801, -6.24915, 0.055749
6.914, -20.4439, 0.197083, -6.41376, 0.0571087
7.07861, -21.5132, 0.206588, -6.57837, 0.0584685
7.24323, -22.6097, 0.216316, -6.74299, 0.0598282
7.40785, -23.7333, 0.226269, -6.9076, 0.0611879
7.57247, -24.884, 0.236445, -7.07222, 0.0625477
7.73709, -26.0617, 0.246846, -7.23683, 0.0639074
7.90171, -27.2666, 0.25747, -7.40144, 0.0652671
8.06633, -28.4986, 0.268318, -7.56606, 0.0666269
8.23095, -29.7576, 0.279383, -7.71702, 0.0669274
8.39557, -31.0142, 0.290268, -7.55146, 0.0654001
8.56019, -32.2438, 0.300919, -7.38685, 0.0640072
8.7248, -33.4463, 0.311342, -7.22221, 0.0626276
8.88942, -34.6216, 0.321539, -7.05761, 0.0612539
9.05404, -35.7699, 0.331509, -6.89299, 0.0598832
9.21866, -36.8911, 0.341255, -6.72838, 0.0585145
9.38328, -37.9851, 0.350775, -6.56377, 0.0571472
9.5479, -39.0521, 0.36007, -6.39915, 0.0557808
9.71252, -40.092, 0.36914, -6.23454, 0.0544153
9.87714, -41.1047, 0.377985, -6.06992, 0.0530504
10.0418, -42.0904, 0.386606, -5.90531, 0.0516859
10.2064, -43.049, 0.395002, -5.7407, 0.050322
10.371, -43.9805, 0.403174, -5.57608, 0.0489582
10.5356, -44.8848, 0.411121, -5.41147, 0.0475949
10.7002, -45.7621, 0.418844, -5.24686, 0.0462318
10.8649, -46.6123, 0.426342, -5.08224, 0.0448688
11.0295, -47.4354, 0.433617, -4.91763, 0.0435061
11.1941, -48.2314, 0.440666, -4.75301, 0.0421435
11.3587, -49.0003, 0.447492, -4.5884, 0.0407811
11.5233, -49.7421, 0.454093, -4.42379, 0.0394189
11.6879, -50.4567, 0.46047, -4.25917, 0.0380567
11.8526, -51.1443, 0.466623, -4.09456, 0.0366947
12.0172, -51.8048, 0.472551, -3.92995, 0.0353328
12.1818, -52.4382, 0.478256, -3.76534, 0.033971
12.3464, -53.0445, 0.483736, -3.60072, 0.0326092
12.511, -53.6237, 0.488992, -3.43611, 0.0312476
12.6757, -54.1758, 0.494024, -3.2715, 0.0298859
12.8403, -54.7008, 0.498832, -3.10688, 0.0285244
13.0049, -55.1987, 0.503415, -2.94227, 0.027163
13.1695, -55.6695, 0.507775, -2.77766, 0.0258016
13.3341, -56.1132, 0.51191, -2.61304, 0.0244402
13.4988, -56.5298, 0.515821, -2.44843, 0.0230789
13.6634, -56.9193, 0.519508, -2.28382, 0.0217176
13.828, -57.2817, 0.522971, -2.1192, 0.0203564
13.9926, -57.6171, 0.52621, -1.95459, 0.0189953
14.1572, -57.9253, 0.529225, -1.78997, 0.0176341
14.3218, -58.2064, 0.532016, -1.62536, 0.0162731
14.4865, -58.4604, 0.534583, -1.46075, 0.014912
14.6511, -58.6873, 0.536926, -1.29614, 0.013551
14.8157, -58.8871, 0.539045, -1.13152, 0.01219
14.9803, -59.0599, 0.540939, -0.966909, 0.0108291
15.1449, -59.2055, 0.54261, -0.802296, 0.00946814
15.3096, -59.324, 0.544057, -0.637683, 0.00810725
15.4742, -59.4154, 0.545279, -0.473068, 0.00674638
15.6388, -59.4798, 0.546278, -0.308456, 0.00538554
15.8034, -59.517, 0.547052, -0.143842, 0.00402471
15.968, -59.5271, 0.547603, 0.0207707, 0.00266393
16.1327, -59.5101, 0.547929, 0.185387, 0.00130313
16.2973, -59.4661, 0.548032, 0.349999, -5.76043e-05
16.4474, -59.4023, 0.551955, 0.500126, 0.000741364
16.5975, -59.3159, 0.552164, 0.650248, 0.00194426
16.7477, -59.207, 0.552553, 0.800369, 0.00314716
16.8978, -59.0756, 0.553123, 0.950491, 0.00435006
17.0479, -58.9217, 0.553874, 1.10061, 0.00555296
17.198, -58.7452, 0.554805, 1.25073, 0.00675586
17.3482, -58.5461, 0.555917, 1.40086, 0.00795876
17.4983, -58.3246, 0.557209, 1.55098, 0.00916166
17.6484, -58.0804, 0.555876, 1.7011, 0.0108261
17.7985, -57.8138, 0.560335, 1.85122, 0.0115675
17.9487, -57.5246, 0.56217, 2.00134, 0.0127704
18.0988, -57.2129, 0.564184, 2.15147, 0.0139733
18.2489, -56.8786, 0.56385, 2.30158, 0.0156377
18.399, -56.5218, 0.568755, 2.45171, 0.0163791
18.5492, -56.1425, 0.568921, 2.60183, 0.0180435
18.6993, -55.7406, 0.574049, 2.75195, 0.0187849
18.8494, -55.3162, 0.576966, 2.90207, 0.0199878
18.9996, -54.8693, 0.580065, 3.0522, 0.0211907
19.1497, -54.3998, 0.583343, 3.20232, 0.0223936
19.2998, -53.9077, 0.584759, 3.35244, 0.024058
19.4499, -53.3932, 0.588468, 3.50256, 0.0252609
19.6001, -52.8561, 0.594263, 3.65268, 0.0260023
19.7502, -52.2965, 0.598264, 3.80281, 0.0272052
19.9003, -51.7143, 0.602446, 3.95293, 0.0284081
20.0504, -51.1096, 0.606808, 4.10305, 0.029611
20.2006, -50.4823, 0.609723, 4.25317, 0.0312754
20.3507, -49.8325, 0.614403, 4.40329, 0.0325116
20.5008, -49.1602, 0.619489, 4.55341, 0.0336812
20.6509, -48.4654, 0.626064, 4.70354, 0.0344226
20.8011, -47.748, 0.629978, 4.85365, 0.036087
20.9512, -47.008, 0.635493, 5.00378, 0.0372899
21.1013, -46.2456, 0.641101, 5.1539, 0.0385261
21.2515, -45.4606, 0.647065, 5.30402, 0.0396957
21.4016, -44.653, 0.653122, 5.45414, 0.0408986
21.5517, -43.8229, 0.659359, 5.60426, 0.0421015
21.7018, -42.9703, 0.66571, 5.75438, 0.0433377
21.852, -42.0952, 0.672313, 5.90451, 0.0445406
22.0021, -41.1975, 0.679098, 6.05463, 0.0457435
22.1522, -40.2772, 0.686032, 6.20475, 0.0469658
22.3023, -39.3345, 0.693255, 6.35487, 0.048116
22.4525, -38.3692, 0.700534, 6.50499, 0.0493522
22.6026, -37.3813, 0.707991, 6.65511, 0.0505991
22.7527, -36.3709, 0.715695, 6.80523, 0.0517913
22.9028, -35.338, 0.723595, 6.95536, 0.0529609
23.053, -34.2826, 0.731621, 7.10548, 0.0541971
23.2031, -33.2046, 0.739862, 7.2556, 0.0553861
23.3532, -32.1041, 0.74825, 7.40572, 0.0566556
23.5034, -30.981, 0.756853, 7.55584, 0.0578585
23.6535, -29.8354, 0.765631, 7.70592, 0.0591351
23.8036, -28.6729, 0.774583, 7.70609, 0.0595275
23.9537, -27.5273, 0.783434, 7.55597, 0.0583774
24.1039, -26.4042, 0.79211, 7.40584, 0.057199
24.254, -25.3036, 0.800608, 7.25572, 0.0560123
24.4041, -24.2256, 0.808928, 7.1056, 0.0548215
24.5542, -23.1701, 0.817068, 6.95548, 0.0536282
24.7044, -22.1372, 0.82503, 6.80536, 0.0524334
24.8545, -21.1268, 0.832812, 6.65524, 0.0512373
25.0046, -20.1389, 0.840414, 6.50512, 0.0500405
25.1547, -19.1736, 0.847836, 6.35499, 0.0488429
25.3049, -18.2308, 0.855079, 6.20487, 0.0476448
25.455, -17.3106, 0.862142, 6.05475, 0.0464463
25.6051, -16.4129, 0.869025, 5.90463, 0.0452474
25.7553, -15.5377, 0.875728, 5.75451, 0.0440482
25.9054, -14.6851, 0.88225, 5.60438, 0.0428487
26.0555, -13.855, 0.888593, 5.45426, 0.041649
26.2056, -13.0474, 0.894756, 5.30414, 0.0404491
26.3558, -12.2624, 0.900738, 5.15402, 0.039249
26.5059, -11.4999, 0.90654, 5.0039, 0.0380488
26.656, -10.7599, 0.912162, 4.85378, 0.0368484
26.8061, -10.0425, 0.917604, 4.70366, 0.0356479
26.9563, -9.34766, 0.922866, 4.55353, 0.0344473
27.1064, -8.67532, 0.927947, 4.40341, 0.0332466
27.2565, -8.02552, 0.932848, 4.25329, 0.0320458
27.4066, -7.39825, 0.937569, 4.10317, 0.0308449
27.5568, -6.79353, 0.942109, 3.95305, 0.0296439
27.7069, -6.21134, 0.946469, 3.80292, 0.0284429
27.857, -5.65169, 0.950649, 3.6528, 0.0272417
28.0072, -5.11457, 0.954649, 3.50268, 0.0260406
28.1573, -4.6, 0.958468, 3.35256, 0.0248393
28.3074, -4.10796, 0.962107, 3.20244, 0.023638
28.4575, -3.63845, 0.965566, 3.05231, 0.0224367
28.6077, -3.19149, 0.968844, 2.90219, 0.0212353
28.7578, -2.76707, 0.971941, 2.75207, 0.0200338
28.9079, -2.36517, 0.974859, 2.60195, 0.0188323
29.058, -1.98582, 0.977596, 2.45183, 0.0176308
29.2082, -1.62901, 0.980153, 2.30171, 0.0164293
29.3583, -1.29472, 0.982529, 2.15159, 0.0152277
29.5084, -0.982975, 0.984725, 2.00146, 0.014026
29.6585, -0.693775, 0.98674, 1.85134, 0.0128243
29.8087, -0.427109, 0.988575, 1.70122, 0.0116226
29.9588, -0.182983, 0.99023, 1.5511, 0.0104209
30.1089, 0.0386124, 0.991704, 1.40098, 0.00921917
30.2591, 0.237679, 0.992998, 1.25085, 0.00801738
30.4092, 0.414185, 0.994111, 1.10073, 0.00681556
30.5593, 0.568161, 0.995044, 0.950609, 0.00561373
30.7094, 0.699612, 0.995797, 0.800489, 0.00441188
30.8596, 0.808517, 0.996369, 0.650366, 0.00321
31.0097, 0.89489, 0.996761, 0.500244, 0.0020081
31.1598, 0.958721, 0.996972, 0.350125, 0.000806197
31.3099, 1.00001, 0.997003, 0.200002, -0.000395752
