3.33672, 0
0, 0, 0, 0.5, 0
0.0157462, 0.00399364, 0.00160119, 0.499666, 0.0140464
0.0314923, 0.00802156, 0.00343158, 0.499265, 0.0280327
0.0472385, 0.012084, 0.00549033, 0.498796, 0.0419557
0.0629846, 0.0161811, 0.0077764, 0.498255, 0.055812
0.0787308, 0.0203134, 0.0102888, 0.497638, 0.069598
0.0944769, 0.0244811, 0.0130264, 0.496942, 0.0833097
0.110223, 0.0286845, 0.015988, 0.496164, 0.0969429
0.125969, 0.0329241, 0.0191724, 0.495299, 0.110493
0.141715, 0.0372001, 0.0225782, 0.494343, 0.123956
0.157462, 0.0415128, 0.0262039, 0.493292, 0.137326
0.173208, 0.0458628, 0.030048, 0.492142, 0.150598
0.188954, 0.0502504, 0.0341087, 0.490887, 0.163767
0.2047, 0.0546759, 0.0383844, 0.489523, 0.176824
0.220446, 0.0591398, 0.0428731, 0.488044, 0.189765
0.236192, 0.0636424, 0.0475726, 0.486444, 0.202583
0.251938, 0.0681842, 0.0524807, 0.484718, 0.215268
0.267685, 0.0727654, 0.0575952, 0.482859, 0.227813
0.283431, 0.0773866, 0.0629132, 0.480861, 0.24021
0.299177, 0.0820481, 0.0684321, 0.478716, 0.252449
0.314923, 0.0867501, 0.0741488, 0.476419, 0.264519
0.330669, 0.0914932, 0.0800602, 0.473961, 0.276411
0.346415, 0.0962774, 0.0861626, 0.471335, 0.288112
0.362161, 0.101103, 0.0924524, 0.468532, 0.299611
0.377908, 0.10597, 0.0989256, 0.465545, 0.310894
0.393654, 0.110879, 0.105578, 0.462365, 0.321946
0.4094, 0.11583, 0.112404, 0.458983, 0.332755
0.425146, 0.120822, 0.119399, 0.45539, 0.343303
0.440892, 0.125855, 0.126559, 0.451578, 0.353574
0.456638, 0.130929, 0.133876, 0.447536, 0.363552
0.472385, 0.136044, 0.141345, 0.443258, 0.373216
0.488131, 0.141197, 0.148959, 0.438733, 0.382549
0.503877, 0.146389, 0.156712, 0.433953, 0.39153
0.519623, 0.151617, 0.164594, 0.428911, 0.400138
0.535369, 0.15688, 0.172599, 0.423598, 0.408353
0.551115, 0.162176, 0.180719, 0.418008, 0.416152
0.566861, 0.167502, 0.188943, 0.412135, 0.423515
0.582608, 0.172855, 0.197263, 0.405975, 0.430418
0.598354, 0.178231, 0.205668, 0.399523, 0.436839
0.6141, 0.183627, 0.214149, 0.392779, 0.442759
0.629846, 0.189037, 0.222695, 0.385742, 0.448156
0.645592, 0.194457, 0.231295, 0.378412, 0.45301
0.661338, 0.19988, 0.239938, 0.370794, 0.457304
0.677085, 0.205301, 0.248613, 0.362894, 0.461022
0.692831, 0.210711, 0.257307, 0.354718, 0.464149
0.708577, 0.216105, 0.26601, 0.346277, 0.466674
0.724323, 0.221473, 0.274709, 0.337581, 0.468588
0.740069, 0.226808, 0.283394, 0.328645, 0.469884
0.755815, 0.232101, 0.292053, 0.319484, 0.470559
0.771561, 0.237344, 0.300675, 0.310114, 0.470613
0.787308, 0.242527, 0.309249, 0.300554, 0.470049
0.803054, 0.247642, 0.317765, 0.290822, 0.468872
0.8188, 0.252679, 0.326214, 0.280938, 0.467092
0.834546, 0.257632, 0.334584, 0.270922, 0.464718
0.850292, 0.26249, 0.342869, 0.260793, 0.461766
0.866038, 0.267247, 0.351058, 0.250571, 0.45825
0.881784, 0.271896, 0.359145, 0.240276, 0.454187
0.897531, 0.276429, 0.36712, 0.229926, 0.449596
0.913277, 0.280839, 0.374978, 0.219538, 0.444497
0.929023, 0.285123, 0.382712, 0.209129, 0.43891
0.944769, 0.289273, 0.390315, 0.198714, 0.432856
0.960515, 0.293286, 0.397782, 0.188307, 0.426355
0.976261, 0.297157, 0.405107, 0.177922, 0.41943
0.992008, 0.300884, 0.412285, 0.167569, 0.4121
1.00775, 0.304462, 0.419312, 0.15726, 0.404385
1.0235, 0.30789, 0.426183, 0.147003, 0.396307
1.03925, 0.311166, 0.432895, 0.136807, 0.387884
1.05499, 0.314287, 0.439443, 0.126679, 0.379134
1.07074, 0.317253, 0.445823, 0.116625, 0.370075
1.08648, 0.320063, 0.452034, 0.10665, 0.360725
1.10223, 0.322717, 0.458071, 0.0967593, 0.3511
1.11798, 0.325213, 0.463931, 0.0869555, 0.341214
1.13372, 0.327552, 0.469612, 0.0772422, 0.331082
1.14947, 0.329735, 0.475112, 0.0676215, 0.320719
1.16522, 0.33176, 0.480427, 0.0580954, 0.310136
1.18096, 0.333631, 0.485556, 0.048665, 0.299347
1.19671, 0.335346, 0.490496, 0.0393313, 0.288363
1.21245, 0.336906, 0.495246, 0.0300948, 0.277193
1.2282, 0.338314, 0.499804, 0.0209557, 0.26585
1.24395, 0.339569, 0.504167, 0.0119139, 0.254342
1.25969, 0.340673, 0.508334, 0.00296909, 0.242677
1.27544, 0.341627, 0.512303, -0.00587946, 0.230865
1.29118, 0.342433, 0.516074, -0.0146323, 0.218913
1.30693, 0.343091, 0.519643, -0.0232905, 0.206829
1.32268, 0.343603, 0.52301, -0.031855, 0.194619
1.33842, 0.343971, 0.526175, -0.0403271, 0.18229
1.35417, 0.344195, 0.529134, -0.0487078, 0.169848
1.36992, 0.344277, 0.531888, -0.0569987, 0.157299
1.38566, 0.344219, 0.534434, -0.0652009, 0.144648
1.40141, 0.344022, 0.536772, -0.073316, 0.1319
1.41715, 0.343688, 0.538902, -0.0813454, 0.11906
1.4329, 0.343217, 0.540821, -0.0892905, 0.106132
1.44865, 0.342611, 0.542528, -0.0971529, 0.0931202
1.46439, 0.341872, 0.544024, -0.104934, 0.0800286
1.48014, 0.341001, 0.545307, -0.112636, 0.0668615
1.49588, 0.339999, 0.546376, -0.120259, 0.0536217
1.51163, 0.338867, 0.54723, -0.127806, 0.0403126
1.52738, 0.337608, 0.547869, -0.135277, 0.0269374
1.54312, 0.336222, 0.548291, -0.142675, 0.0134989
1.55887, 0.33471, 0.548497, -0.15, 5.21541e-08
1.57665, 0.332178, 0.54858, -0.135111, 0.00971564
1.59443, 0.329906, 0.548843, -0.120214, 0.0194187
1.6122, 0.327904, 0.54927, -0.105317, 0.0291231
1.62998, 0.326163, 0.549875, -0.0904136, 0.0388159
1.64776, 0.324687, 0.550653, -0.0755053, 0.0485021
1.66554, 0.323479, 0.551598, -0.0605959, 0.0581863
1.68332, 0.322535, 0.552719, -0.04568, 0.0678606
1.7011, 0.321857, 0.554009, -0.0307608, 0.0775295
1.71888, 0.321436, 0.555482, -0.0158278, 0.087178
1.73665, 0.321291, 0.557113, -0.000900313, 0.0968342
1.75443, 0.321409, 0.558919, 0.0140346, 0.106479
1.77221, 0.321791, 0.560898, 0.0289765, 0.116113
1.78999, 0.322439, 0.563048, 0.0439246, 0.125738
1.80777, 0.323352, 0.56537, 0.0588785, 0.135353
1.82555, 0.324531, 0.567863, 0.07384, 0.144957
1.84333, 0.325977, 0.570525, 0.088806, 0.154554
1.8611, 0.32769, 0.573357, 0.103778, 0.16414
1.87888, 0.329668, 0.57636, 0.118759, 0.173715
1.89666, 0.331912, 0.579534, 0.133748, 0.183275
1.91444, 0.334422, 0.582879, 0.148746, 0.192822
1.93222, 0.337203, 0.586388, 0.163747, 0.202364
1.95, 0.340246, 0.590072, 0.178762, 0.211883
1.96778, 0.343557, 0.593924, 0.193785, 0.22139
1.98555, 0.347136, 0.597945, 0.208818, 0.230881
2.00333, 0.350983, 0.602133, 0.22386, 0.240358
2.02111, 0.355096, 0.606491, 0.238915, 0.249814
2.03889, 0.359477, 0.611017, 0.253982, 0.259253
2.05667, 0.364127, 0.615708, 0.269058, 0.268675
2.07445, 0.369045, 0.620568, 0.284149, 0.278074
2.09223, 0.37423, 0.625597, 0.299257, 0.287445
2.11, 0.379685, 0.63079, 0.314377, 0.296797
2.12778, 0.385409, 0.63615, 0.329514, 0.306122
2.14556, 0.391402, 0.641674, 0.344667, 0.31542
2.16334, 0.397665, 0.647363, 0.359839, 0.324687
2.18112, 0.404197, 0.65322, 0.375035, 0.333916
2.1989, 0.411, 0.659236, 0.390248, 0.343116
2.21668, 0.418074, 0.665419, 0.405488, 0.352271
2.23445, 0.425418, 0.671763, 0.420755, 0.361382
2.25223, 0.433033, 0.67827, 0.436051, 0.370444
2.27001, 0.440923, 0.684934, 0.451373, 0.37946
2.28779, 0.449084, 0.69176, 0.466734, 0.388411
2.30557, 0.457519, 0.698744, 0.482132, 0.397297
2.32335, 0.466227, 0.705887, 0.497577, 0.406104
2.34112, 0.475212, 0.713184, 0.513065, 0.414831
2.3589, 0.484471, 0.720636, 0.528613, 0.423454
2.37668, 0.494008, 0.72824, 0.544224, 0.431962
2.39446, 0.503822, 0.735995, 0.559908, 0.440334
2.41224, 0.513917, 0.743896, 0.575673, 0.448551
2.43002, 0.524292, 0.751942, 0.59154, 0.45657
2.4478, 0.534951, 0.760129, 0.607528, 0.464345
2.46557, 0.545895, 0.768451, 0.623659, 0.471818
2.48335, 0.557128, 0.776903, 0.63997, 0.47889
2.50113, 0.568652, 0.785476, 0.656508, 0.485414
2.51891, 0.580473, 0.794159, 0.673327, 0.491166
2.53669, 0.592596, 0.802933, 0.690504, 0.495728
2.55447, 0.605027, 0.811773, 0.708087, 0.49825
2.57225, 0.617774, 0.820628, 0.725745, 0.496909
2.59002, 0.630819, 0.829397, 0.740826, 0.488058
2.6078, 0.644057, 0.837934, 0.746422, 0.471569
2.62558, 0.657304, 0.846162, 0.742752, 0.454279
2.64336, 0.670442, 0.854096, 0.734686, 0.438463
2.66114, 0.683415, 0.861759, 0.724561, 0.423857
2.67892, 0.696199, 0.869172, 0.713315, 0.410092
2.6967, 0.708775, 0.876345, 0.701375, 0.39692
2.71447, 0.721135, 0.883288, 0.688971, 0.384185
2.73225, 0.733271, 0.890007, 0.676235, 0.371782
2.75003, 0.745178, 0.896508, 0.663249, 0.359638
2.76781, 0.756853, 0.902796, 0.650072, 0.347705
2.78559, 0.768292, 0.908873, 0.63674, 0.335944
2.80337, 0.779493, 0.914742, 0.623283, 0.324325
2.82115, 0.790453, 0.920406, 0.609722, 0.312829
2.83892, 0.801172, 0.925866, 0.596073, 0.301436
2.8567, 0.811647, 0.931124, 0.582349, 0.290134
2.87448, 0.821878, 0.936183, 0.568561, 0.278912
2.89226, 0.831863, 0.941042, 0.554716, 0.267758
2.91004, 0.841602, 0.945704, 0.540821, 0.256668
2.92782, 0.851093, 0.950169, 0.526882, 0.245632
2.9456, 0.860336, 0.954438, 0.512903, 0.234647
2.96337, 0.86933, 0.958512, 0.49889, 0.223707
2.98115, 0.878075, 0.962393, 0.484844, 0.212807
2.99893, 0.88657, 0.96608, 0.470769, 0.201946
3.01671, 0.894814, 0.969573, 0.456668, 0.191119
3.03449, 0.902807, 0.972875, 0.442542, 0.180323
3.05227, 0.910549, 0.975985, 0.428394, 0.169556
3.07004, 0.91804, 0.978904, 0.414226, 0.158817
3.08782, 0.925278, 0.981633, 0.400039, 0.148102
3.1056, 0.932264, 0.984171, 0.385834, 0.137411
3.12338, 0.938997, 0.986519, 0.371613, 0.126742
3.14116, 0.945477, 0.988677, 0.357376, 0.116093
3.15894, 0.951704, 0.990647, 0.343126, 0.105463
3.17672, 0.957678, 0.992427, 0.328861, 0.0948512
3.19449, 0.963397, 0.994019, 0.314585, 0.0842562
3.21227, 0.968863, 0.995423, 0.300297, 0.0736771
3.23005, 0.974075, 0.996639, 0.285997, 0.0631128
3.24783, 0.979033, 0.997667, 0.271687, 0.052563
3.26561, 0.983735, 0.998508, 0.257367, 0.0420266
3.28339, 0.988184, 0.999162, 0.243038, 0.0315029
3.30117, 0.992377, 0.999629, 0.2287, 0.0209913
3.31894, 0.996316, 0.999909, 0.214353, 0.0104912
3.33672, 0.999999, 1, 0.199998, 2.17557e-06
