30.2603, 0
0, 0, 0, 0.5, 0
0.159297, 0.0669621, 0.000103405, 0.340709, 0.00140515
0.318594, 0.108514, -0.00320737, 0.181423, 0.00328638
0.477892, 0.124758, 0.000981761, 0.0221271, 0.00421545
0.637189, 0.1156, 0.00175665, -0.137164, 0.00562061
0.796486, 0.0810274, -0.000655085, -0.29645, 0.00750184
0.955783, 0.0211185, 0.000643329, -0.455742, 0.00890699
1.11508, -0.0641366, 0.00542444, -0.615037, 0.00983606
1.27438, -0.174799, 0.00709473, -0.774328, 0.0112412
1.43367, -0.310865, 0.00588167, -0.933614, 0.0131224
1.59297, -0.472272, 0.00807544, -1.09291, 0.0145276
1.75227, -0.659031, 0.0134486, -1.2522, 0.0154567
1.91157, -0.871191, 0.0160142, -1.41149, 0.0168618
2.07086, -1.10873, 0.0188036, -1.57078, 0.018267
2.23016, -1.37163, 0.0218169, -1.73007, 0.0196721
2.38946, -1.65992, 0.025054, -1.88936, 0.0210773
2.54875, -1.97357, 0.028515, -2.04866, 0.0224824
2.70805, -2.31261, 0.0323942, -2.20795, 0.0238506
2.86735, -2.67701, 0.0362969, -2.36724, 0.0252557
3.02665, -3.0668, 0.0402409, -2.52653, 0.0266979
3.18594, -3.48195, 0.0447739, -2.68582, 0.028066
3.34524, -3.92248, 0.0491774, -2.84511, 0.0295082
3.50454, -4.38839, 0.0541462, -3.0044, 0.0308763
3.66384, -4.87967, 0.0591682, -3.16369, 0.0322815
3.82313, -5.39632, 0.0644139, -3.32298, 0.0336866
3.98243, -5.93835, 0.0697363, -3.48227, 0.0351288
4.14173, -6.50575, 0.075577, -3.64156, 0.0364969
4.30102, -7.09853, 0.0814942, -3.80086, 0.0379021
4.46032, -7.71669, 0.0875058, -3.96015, 0.0393442
4.61962, -8.36021, 0.0940003, -4.11944, 0.0407124
4.77892, -9.02912, 0.100589, -4.27873, 0.0421175
4.93821, -9.7234, 0.107402, -4.43802, 0.0435227
5.09751, -10.443, 0.114438, -4.59731, 0.0449278
5.25681, -11.1881, 0.121698, -4.7566, 0.046333
5.4161, -11.9585, 0.127877, -4.91589, 0.0482512
5.5754, -12.7542, 0.136942, -5.07518, 0.0491216
5.7347, -13.5754, 0.144905, -5.23447, 0.0505114
5.894, -14.4219, 0.152901, -5.39376, 0.0519906
6.05329, -15.2938, 0.160379, -5.55305, 0.0538718
6.21259, -16.1911, 0.170025, -5.71235, 0.0547269
6.37189, -17.1137, 0.178847, -5.87164, 0.056132
6.53118, -18.0618, 0.187934, -6.03093, 0.0575073
6.69048, -19.0352, 0.196462, -6.19022, 0.0594924
6.84978, -20.0339, 0.206695, -6.34951, 0.0603104
7.00908, -21.0581, 0.216398, -6.5088, 0.0617227
7.16837, -22.1076, 0.226334, -6.66809, 0.0631279
7.32767, -23.1825, 0.236517, -6.82738, 0.064496
7.48697, -24.2828, 0.246883, -6.98667, 0.0659247
7.64627, -25.4084, 0.257509, -7.14595, 0.0672655
7.80556, -26.5594, 0.268329, -7.30523, 0.0686566
7.96486, -27.7358, 0.279368, -7.45422, 0.0696517
8.12416, -28.9107, 0.290331, -7.29595, 0.0680709
8.28345, -30.0603, 0.30106, -7.13666, 0.0666295
8.44275, -31.1844, 0.31156, -6.97736, 0.0652029
8.60205, -32.2832, 0.321833, -6.81808, 0.0637826
8.76134, -33.3566, 0.331881, -6.6588, 0.0623657
8.92064, -34.4047, 0.341703, -6.49951, 0.0609508
9.07994, -35.4273, 0.3513, -6.34021, 0.0595375
9.23924, -36.4246, 0.360671, -6.18092, 0.0581253
9.39853, -37.3965, 0.369818, -6.02163, 0.0567138
9.55783, -38.3431, 0.37874, -5.86234, 0.0553031
9.71713, -39.2642, 0.387437, -5.70305, 0.0538928
9.87643, -40.16, 0.39591, -5.54376, 0.052483
10.0357, -41.0305, 0.404158, -5.38447, 0.0510736
10.195, -41.8755, 0.412182, -5.22518, 0.0496645
10.3543, -42.6952, 0.419981, -5.06589, 0.0482557
10.5136, -43.4895, 0.427556, -4.9066, 0.0468471
10.6729, -44.2584, 0.434906, -4.74731, 0.0454387
10.8322, -45.0019, 0.442033, -4.58802, 0.0440306
10.9915, -45.7201, 0.448934, -4.42872, 0.0426225
11.1508, -46.4129, 0.455612, -4.26943, 0.0412146
11.3101, -47.0803, 0.462065, -4.11014, 0.0398069
11.4694, -47.7224, 0.468294, -3.95085, 0.0383992
11.6287, -48.339, 0.474299, -3.79156, 0.0369917
11.788, -48.9303, 0.480079, -3.63227, 0.0355843
11.9473, -49.4963, 0.485636, -3.47298, 0.034177
12.1066, -50.0368, 0.490968, -3.31369, 0.0327698
12.2659, -50.552, 0.496076, -3.1544, 0.0313626
12.4252, -51.0418, 0.50096, -2.9951, 0.0299555
12.5845, -51.5062, 0.50562, -2.83581, 0.0285484
12.7438, -51.9453, 0.510055, -2.67652, 0.0271415
12.9031, -52.3589, 0.514267, -2.51723, 0.0257346
13.0624, -52.7472, 0.518254, -2.35794, 0.0243277
13.2217, -53.1102, 0.522017, -2.19865, 0.0229209
13.381, -53.4477, 0.525557, -2.03936, 0.0215142
13.5403, -53.7599, 0.528872, -1.88007, 0.0201075
13.6996, -54.0467, 0.531963, -1.72078, 0.0187009
13.8589, -54.3081, 0.53483, -1.56149, 0.0172943
14.0182, -54.5442, 0.537473, -1.4022, 0.0158877
14.1774, -54.7549, 0.539892, -1.24291, 0.0144812
14.3367, -54.9401, 0.542086, -1.08361, 0.0130746
14.496, -55.1001, 0.544057, -0.924324, 0.0116682
14.6553, -55.2346, 0.545804, -0.765031, 0.0102617
14.8146, -55.3438, 0.547326, -0.605741, 0.00885533
14.9739, -55.4276, 0.548625, -0.44645, 0.00744895
15.1332, -55.4861, 0.5497, -0.28716, 0.0060426
15.2925, -55.5191, 0.55055, -0.127867, 0.00463626
15.4518, -55.5268, 0.551177, 0.0314248, 0.00322996
15.6111, -55.5091, 0.551579, 0.190713, 0.00182371
15.7704, -55.466, 0.551758, 0.350004, 0.000417461
15.9153, -55.4049, 0.548595, 0.494894, 0.0012463
16.0602, -55.3227, 0.548873, 0.639786, 0.00249259
16.2051, -55.2195, 0.549332, 0.78468, 0.00373888
16.35, -55.0953, 0.549972, 0.929573, 0.00498517
16.4949, -54.9501, 0.550792, 1.07447, 0.00623147
16.6398, -54.7839, 0.551793, 1.21936, 0.00747776
16.7847, -54.5967, 0.552974, 1.36425, 0.00872405
16.9296, -54.3885, 0.554336, 1.50915, 0.00997035
17.0745, -54.1594, 0.555878, 1.65404, 0.0112166
17.2194, -53.9092, 0.557602, 1.79893, 0.0124629
17.3643, -53.638, 0.559505, 1.94382, 0.0137092
17.5092, -53.3459, 0.561589, 2.08872, 0.0149555
17.6541, -53.0327, 0.563854, 2.23361, 0.0162018
17.799, -52.6986, 0.5663, 2.3785, 0.0174481
17.9439, -52.3434, 0.568926, 2.5234, 0.0186944
18.0888, -51.9673, 0.571732, 2.66829, 0.0199407
18.2337, -51.5702, 0.57472, 2.81318, 0.021187
18.3786, -51.1521, 0.577887, 2.95808, 0.0224333
18.5235, -50.7129, 0.581236, 3.10297, 0.0236796
18.6684, -50.2528, 0.584765, 3.24786, 0.0249259
18.8133, -49.7717, 0.588474, 3.39276, 0.0261722
18.9582, -49.2696, 0.592364, 3.53765, 0.0274185
19.1031, -48.7465, 0.596435, 3.68254, 0.0286648
19.248, -48.2024, 0.600686, 3.82744, 0.029911
19.3929, -47.6373, 0.605118, 3.97233, 0.0311573
19.5378, -47.0513, 0.609731, 4.11722, 0.0324036
19.6827, -46.4442, 0.614524, 4.26212, 0.0336499
19.8276, -45.8161, 0.619497, 4.40701, 0.0348962
19.9725, -45.167, 0.624652, 4.5519, 0.0361425
20.1174, -44.497, 0.629986, 4.69679, 0.0373888
20.2623, -43.8059, 0.635502, 4.84169, 0.0386351
20.4072, -43.0939, 0.641198, 4.98658, 0.0398814
20.5521, -42.3608, 0.647074, 5.13147, 0.0411277
20.697, -41.6068, 0.653131, 5.27637, 0.042374
20.8419, -40.8318, 0.659369, 5.42126, 0.0436203
20.9868, -40.0357, 0.665787, 5.56615, 0.0448666
21.1317, -39.2187, 0.672386, 5.71105, 0.0461129
21.2766, -38.3807, 0.679166, 5.85594, 0.0473592
21.4215, -37.5217, 0.686126, 6.00083, 0.0486054
21.5664, -36.6417, 0.693267, 6.14573, 0.0498517
21.7113, -35.7407, 0.700588, 6.29062, 0.051098
21.8562, -34.8187, 0.70809, 6.43551, 0.0523443
22.0011, -33.8757, 0.715772, 6.58041, 0.0535906
22.146, -32.9117, 0.723635, 6.7253, 0.054837
22.2909, -31.9267, 0.731679, 6.87019, 0.0560832
22.4358, -30.9207, 0.739903, 7.01509, 0.0573296
22.5807, -29.8937, 0.748308, 7.15998, 0.0585758
22.7255, -28.8458, 0.756893, 7.30488, 0.0598221
22.8704, -27.7768, 0.765659, 7.44985, 0.0610691
23.0153, -26.6925, 0.774634, 7.44466, 0.0621588
23.1602, -25.6243, 0.783556, 7.29978, 0.0609685
23.3051, -24.577, 0.792302, 7.15487, 0.0597483
23.45, -23.5508, 0.80087, 7.00999, 0.0585195
23.5949, -22.5456, 0.80926, 6.86509, 0.0572861
23.7398, -21.5613, 0.817471, 6.7202, 0.0560502
23.8847, -20.5981, 0.825503, 6.5753, 0.0548125
24.0296, -19.6558, 0.833356, 6.43041, 0.0535736
24.1745, -18.7346, 0.841029, 6.28551, 0.0523338
24.3194, -17.8343, 0.848522, 6.14062, 0.0510933
24.4643, -16.955, 0.855835, 5.99572, 0.0498522
24.6092, -16.0968, 0.862969, 5.85083, 0.0486106
24.7541, -15.2595, 0.869923, 5.70594, 0.0473686
24.899, -14.4432, 0.876696, 5.56104, 0.0461263
25.0439, -13.6479, 0.88329, 5.41615, 0.0448837
25.1888, -12.8736, 0.889703, 5.27126, 0.0436409
25.3337, -12.1203, 0.895937, 5.12637, 0.0423978
25.4786, -11.388, 0.90199, 4.98147, 0.0411546
25.6235, -10.6767, 0.907863, 4.83658, 0.0399112
25.7684, -9.98639, 0.913556, 4.69169, 0.0386676
25.9133, -9.31705, 0.919069, 4.54679, 0.0374239
26.0582, -8.66873, 0.924402, 4.4019, 0.0361801
26.2031, -8.0414, 0.929554, 4.25701, 0.0349362
26.348, -7.43506, 0.934526, 4.11212, 0.0336921
26.4929, -6.84973, 0.939318, 3.96722, 0.032448
26.6378, -6.28538, 0.943929, 3.82233, 0.0312038
26.7827, -5.74202, 0.94836, 3.67743, 0.0299595
26.9276, -5.21967, 0.952611, 3.53254, 0.0287151
27.0725, -4.71831, 0.956682, 3.38765, 0.0274707
27.2174, -4.23793, 0.960572, 3.24275, 0.0262262
27.3623, -3.77856, 0.964282, 3.09786, 0.0249816
27.5072, -3.34019, 0.967812, 2.95297, 0.023737
27.6521, -2.92281, 0.971161, 2.80807, 0.0224923
27.797, -2.52641, 0.97433, 2.66318, 0.0212476
27.9419, -2.15103, 0.977319, 2.51829, 0.0200028
28.0868, -1.79663, 0.980127, 2.37339, 0.018758
28.2317, -1.46322, 0.982755, 2.2285, 0.0175131
28.3766, -1.15082, 0.985202, 2.08361, 0.0162683
28.5215, -0.85939, 0.987469, 1.93872, 0.0150233
28.6664, -0.588982, 0.989556, 1.79382, 0.0137784
28.8113, -0.339554, 0.991462, 1.64893, 0.0125334
28.9562, -0.111126, 0.993188, 1.50404, 0.0112883
29.1011, 0.0963135, 0.994733, 1.35914, 0.0100433
29.246, 0.282753, 0.996098, 1.21425, 0.00879821
29.3909, 0.4482, 0.997283, 1.06936, 0.00755309
29.5358, 0.592648, 0.998287, 0.924464, 0.00630795
29.6807, 0.716103, 0.999111, 0.77957, 0.00506277
29.8256, 0.818573, 0.999755, 0.634679, 0.00381761
29.9705, 0.900032, 1.00022, 0.489785, 0.00257239
30.1154, 0.960499, 1.0005, 0.344889, 0.00132713
30.2603, 0.999973, 1.0006, 0.199996, 8.18789e-05
