24.6645, 0
0, 0, 0, 0.5, 0
0.130897, 0.0568836, 0.000101132, 0.369114, 0.00170996
0.261794, 0.0966296, 0.000426158, 0.238228, 0.00341991
0.392692, 0.119252, 0.00132612, 0.107341, 0.00507287
0.523589, 0.124737, 0.00209129, -0.0235447, 0.00678283
0.654486, 0.113086, 0.00274402, -0.15443, 0.00854978
0.785383, 0.084309, 0.0042931, -0.285317, 0.0102027
0.916281, 0.0383936, 0.00572979, -0.416203, 0.0119127
1.04718, -0.024651, 0.00757389, -0.547089, 0.0135893
1.17807, -0.104836, 0.00896819, -0.677974, 0.0153896
1.30897, -0.202144, 0.0113828, -0.808861, 0.0170426
1.43987, -0.316588, 0.0137147, -0.939747, 0.0187525
1.57077, -0.448164, 0.0162705, -1.07063, 0.0204625
1.70166, -0.596873, 0.0190502, -1.20152, 0.0221724
1.83256, -0.762715, 0.0220536, -1.33241, 0.0238824
1.96346, -0.945689, 0.025434, -1.46329, 0.025559
2.09436, -1.1458, 0.028732, -1.59418, 0.0273023
2.22525, -1.36304, 0.032407, -1.72506, 0.0290122
2.35615, -1.59741, 0.0363058, -1.85595, 0.0307222
2.48705, -1.84891, 0.0404283, -1.98683, 0.0324322
2.61794, -2.11755, 0.0447748, -2.11772, 0.0341421
2.74884, -2.40332, 0.049345, -2.24861, 0.0358521
2.87974, -2.70623, 0.0541391, -2.37949, 0.037562
3.01064, -3.02626, 0.0592752, -2.51038, 0.0392386
3.14153, -3.36343, 0.0643988, -2.64127, 0.0409819
3.27243, -3.71773, 0.0700514, -2.77215, 0.0426349
3.40333, -4.08916, 0.0755538, -2.90304, 0.0444019
3.53422, -4.47773, 0.081467, -3.03392, 0.0461118
3.66512, -4.88343, 0.0877687, -3.16481, 0.0477648
3.79602, -5.30626, 0.0941222, -3.2957, 0.0494747
3.92692, -5.74622, 0.100699, -3.42658, 0.0511847
4.05781, -6.20332, 0.107441, -3.55747, 0.0529183
4.18871, -6.67755, 0.114525, -3.68835, 0.0546046
4.31961, -7.16891, 0.121815, -3.81924, 0.0562962
4.45051, -7.67741, 0.129247, -3.95013, 0.0580245
4.5814, -8.20303, 0.136943, -4.08101, 0.0597344
4.7123, -8.74579, 0.144925, -4.2119, 0.061411
4.8432, -9.30568, 0.153086, -4.34278, 0.0631083
4.97409, -9.8827, 0.161428, -4.47367, 0.064831
5.10499, -10.4769, 0.170076, -4.60455, 0.0664989
5.23589, -11.0882, 0.178858, -4.73544, 0.0682272
5.36679, -11.7166, 0.187911, -4.86633, 0.0699188
5.49768, -12.3621, 0.197104, -4.99721, 0.0716858
5.62858, -13.0248, 0.206673, -5.1281, 0.0733053
5.75948, -13.7046, 0.216355, -5.25898, 0.0750337
5.89037, -14.4016, 0.226262, -5.38987, 0.0767673
6.02127, -15.1157, 0.236453, -5.52075, 0.0784
6.15217, -15.8469, 0.246823, -5.65164, 0.0800938
6.28307, -16.5953, 0.257397, -5.78253, 0.0818448
6.41396, -17.3607, 0.268229, -5.91339, 0.0834313
6.54486, -18.1434, 0.279253, -6.04367, 0.0848891
6.67576, -18.9284, 0.290235, -5.93249, 0.0829483
6.80666, -19.6964, 0.300977, -5.80162, 0.0811784
6.93755, -20.4472, 0.311489, -5.67073, 0.079434
7.06845, -21.1809, 0.321773, -5.53985, 0.0777
7.19935, -21.8975, 0.33183, -5.40897, 0.0759714
7.33024, -22.597, 0.341662, -5.27808, 0.0742462
7.46114, -23.2793, 0.351268, -5.1472, 0.0725235
7.59204, -23.9445, 0.360648, -5.01632, 0.0708025
7.72294, -24.5925, 0.369803, -4.88543, 0.0690827
7.85383, -25.2234, 0.378734, -4.75454, 0.067364
7.98473, -25.8372, 0.387439, -4.62366, 0.0656462
8.11563, -26.4339, 0.395919, -4.49277, 0.0639291
8.24652, -27.0134, 0.404175, -4.36188, 0.0622124
8.37742, -27.5758, 0.412206, -4.231, 0.0604964
8.50832, -28.1211, 0.420013, -4.10012, 0.0587807
8.63922, -28.6492, 0.427595, -3.96923, 0.0570654
8.77011, -29.1602, 0.434952, -3.83834, 0.0553505
8.90101, -29.6541, 0.442085, -3.70746, 0.0536358
9.03191, -30.1308, 0.448994, -3.57657, 0.0519214
9.1628, -30.5904, 0.455678, -3.44569, 0.0502072
9.2937, -31.0329, 0.462138, -3.3148, 0.0484932
9.4246, -31.4582, 0.468373, -3.18391, 0.0467794
9.5555, -31.8664, 0.474384, -3.05303, 0.0450658
9.68639, -32.2575, 0.480171, -2.92214, 0.0433523
9.81729, -32.6314, 0.485734, -2.79126, 0.041639
9.94819, -32.9882, 0.491072, -2.66037, 0.0399258
10.0791, -33.3279, 0.496186, -2.52949, 0.0382128
10.21, -33.6504, 0.501076, -2.3986, 0.0364998
10.3409, -33.9558, 0.505742, -2.26771, 0.0347869
10.4718, -34.2441, 0.510183, -2.13683, 0.0330742
10.6027, -34.5152, 0.5144, -2.00594, 0.0313616
10.7336, -34.7692, 0.518393, -1.87505, 0.029649
10.8645, -35.0061, 0.522162, -1.74417, 0.0279365
10.9954, -35.2258, 0.525707, -1.61328, 0.0262241
11.1263, -35.4284, 0.529027, -1.4824, 0.0245117
11.2572, -35.6139, 0.532124, -1.35151, 0.0227994
11.3881, -35.7823, 0.534996, -1.22062, 0.0210872
11.519, -35.9335, 0.537645, -1.08974, 0.0193751
11.6499, -36.0675, 0.540069, -0.958853, 0.017663
11.7807, -36.1845, 0.542269, -0.827967, 0.015951
11.9116, -36.2843, 0.544245, -0.69708, 0.014239
12.0425, -36.367, 0.545996, -0.566194, 0.012527
12.1734, -36.4325, 0.547524, -0.435309, 0.0108151
12.3043, -36.4809, 0.548828, -0.304421, 0.00910326
12.4352, -36.5122, 0.549907, -0.173537, 0.00739148
12.5661, -36.5264, 0.550763, -0.0426515, 0.00567972
12.697, -36.5234, 0.551394, 0.0882355, 0.00396798
12.8279, -36.5033, 0.551802, 0.219121, 0.0022563
12.9588, -36.466, 0.551985, 0.350009, 0.000544626
13.0759, -36.4183, 0.548597, 0.467047, 0.00154265
13.1929, -36.3567, 0.548878, 0.584093, 0.00308529
13.31, -36.2815, 0.549339, 0.701139, 0.00462793
13.4271, -36.1926, 0.549981, 0.818186, 0.00617058
13.5441, -36.09, 0.550803, 0.935232, 0.00771323
13.6612, -35.9736, 0.551806, 1.05228, 0.00925587
13.7782, -35.8436, 0.55299, 1.16933, 0.0107985
13.8953, -35.6999, 0.554354, 1.28637, 0.0123412
14.0123, -35.5425, 0.555898, 1.40342, 0.0138838
14.1294, -35.3713, 0.557624, 1.52046, 0.0154265
14.2464, -35.1865, 0.559529, 1.63751, 0.0169691
14.3635, -34.988, 0.561616, 1.75456, 0.0185117
14.4806, -34.7757, 0.563883, 1.8716, 0.0200544
14.5976, -34.5498, 0.56633, 1.98865, 0.021597
14.7147, -34.3102, 0.568959, 2.1057, 0.0231397
14.8317, -34.0568, 0.571767, 2.22274, 0.0246823
14.9488, -33.7898, 0.574757, 2.33979, 0.026225
15.0658, -33.509, 0.577927, 2.45684, 0.0277676
15.1829, -33.2146, 0.581277, 2.57388, 0.0293103
15.3, -32.9065, 0.584808, 2.69093, 0.0308529
15.417, -32.5846, 0.58852, 2.80798, 0.0323955
15.5341, -32.2491, 0.592412, 2.92502, 0.0339382
15.6511, -31.8998, 0.596485, 3.04207, 0.0354808
15.7682, -31.5369, 0.600738, 3.15911, 0.0370235
15.8852, -31.1602, 0.605172, 3.27616, 0.0385661
16.0023, -30.7699, 0.609786, 3.39321, 0.0401088
16.1194, -30.3659, 0.614581, 3.51025, 0.0416514
16.2364, -29.9481, 0.619557, 3.6273, 0.0431941
16.3535, -29.5167, 0.624713, 3.74435, 0.0447367
16.4705, -29.0715, 0.63005, 3.86139, 0.0462794
16.5876, -28.6127, 0.635567, 3.97844, 0.047822
16.7046, -28.1401, 0.641265, 4.09549, 0.0493647
16.8217, -27.6538, 0.647144, 4.21253, 0.0509073
16.9387, -27.1539, 0.653203, 4.32958, 0.0524499
17.0558, -26.6402, 0.659443, 4.44663, 0.0539926
17.1729, -26.1129, 0.665863, 4.56367, 0.0555352
17.2899, -25.5718, 0.672464, 4.68072, 0.0570779
17.407, -25.0171, 0.679245, 4.79776, 0.0586205
17.524, -24.4486, 0.686207, 4.91481, 0.0601632
17.6411, -23.8664, 0.69335, 5.03186, 0.0617058
17.7581, -23.2706, 0.700673, 5.14891, 0.0632485
17.8752, -22.661, 0.708177, 5.26595, 0.0647911
17.9923, -22.0377, 0.715861, 5.383, 0.0663338
18.1093, -21.4008, 0.723726, 5.50004, 0.0678764
18.2264, -20.7501, 0.731771, 5.61709, 0.0694191
18.3434, -20.0857, 0.739997, 5.73414, 0.0709617
18.4605, -19.4077, 0.748157, 5.85117, 0.073399
18.5775, -18.7159, 0.756991, 5.96824, 0.0740471
18.6946, -18.0104, 0.765759, 6.08529, 0.0755898
18.8117, -17.2969, 0.774761, 6.05237, 0.077032
18.9287, -16.5953, 0.783693, 5.93529, 0.0755675
19.0458, -15.9074, 0.792451, 5.81823, 0.0740645
19.1628, -15.2332, 0.801032, 5.70119, 0.0725487
19.2799, -14.5726, 0.809435, 5.58414, 0.0710263
19.3969, -13.9258, 0.81766, 5.46709, 0.0695
19.514, -13.2927, 0.825706, 5.35004, 0.0679709
19.6311, -12.6733, 0.833573, 5.233, 0.06644
19.7481, -12.0676, 0.841261, 5.11595, 0.0649077
19.8652, -11.4756, 0.848769, 4.9989, 0.0633742
19.9822, -10.8973, 0.856097, 4.88186, 0.0618398
20.0993, -10.3327, 0.863246, 4.76481, 0.0603046
20.2163, -9.7818, 0.870215, 4.64776, 0.0587689
20.3334, -9.2446, 0.877005, 4.53072, 0.0572326
20.4504, -8.7211, 0.883614, 4.41367, 0.0556958
20.5675, -8.2113, 0.890044, 4.29662, 0.0541587
20.6846, -7.7152, 0.896293, 4.17958, 0.0526212
20.8016, -7.2328, 0.902363, 4.06253, 0.0510835
20.9187, -6.76411, 0.908253, 3.94548, 0.0495454
21.0357, -6.30912, 0.913962, 3.82844, 0.0480072
21.1528, -5.86782, 0.919492, 3.71139, 0.0464687
21.2698, -5.44023, 0.924841, 3.59434, 0.04493
21.3869, -5.02634, 0.930011, 3.4773, 0.0433911
21.504, -4.62615, 0.935, 3.36025, 0.0418521
21.621, -4.23966, 0.939809, 3.24321, 0.0403129
21.7381, -3.86687, 0.944438, 3.12616, 0.0387736
21.8551, -3.50779, 0.948886, 3.00911, 0.0372341
21.9722, -3.1624, 0.953155, 2.89207, 0.0356946
22.0892, -2.83072, 0.957243, 2.77502, 0.0341549
22.2063, -2.51273, 0.961151, 2.65797, 0.0326151
22.3234, -2.20845, 0.964878, 2.54093, 0.0310752
22.4404, -1.91787, 0.968426, 2.42388, 0.0295353
22.5575, -1.64098, 0.971793, 2.30683, 0.0279952
22.6745, -1.37781, 0.97498, 2.18979, 0.0264551
22.7916, -1.12833, 0.977986, 2.07274, 0.0249149
22.9086, -0.892551, 0.980813, 1.95569, 0.0233746
23.0257, -0.670471, 0.983459, 1.83865, 0.0218343
23.1427, -0.462097, 0.985924, 1.7216, 0.0202939
23.2598, -0.267426, 0.98821, 1.60455, 0.0187535
23.3769, -0.0864525, 0.990315, 1.48751, 0.0172129
23.4939, 0.0808182, 0.992239, 1.37046, 0.0156724
23.611, 0.234398, 0.993984, 1.25341, 0.0141318
23.728, 0.374264, 0.995548, 1.13637, 0.0125911
23.8451, 0.500427, 0.996932, 1.01932, 0.0110504
23.9621, 0.612892, 0.998135, 0.902274, 0.00950962
24.0792, 0.71167, 0.999158, 0.785229, 0.00796885
24.1963, 0.79673, 1, 0.668181, 0.006428
24.3133, 0.868095, 1.00066, 0.551137, 0.00488715
24.4304, 0.925755, 1.00114, 0.434089, 0.00334623
24.5474, 0.969719, 1.00145, 0.317042, 0.00180527
24.6645, 0.999985, 1.00157, 0.199997, 0.000264308
