4.19753, 0
0, 0, 0, 0.5, 0
0.012823, 0.00649351, -1.17266e-05, 0.51282, -0.000294385
0.0256461, 0.0131514, -2.7229e-05, 0.525639, -0.00058877
0.0384691, 0.0199737, -4.65067e-05, 0.538459, -0.000883152
0.0512922, 0.0269603, -6.95586e-05, 0.551279, -0.00117753
0.0641152, 0.0341114, -9.63838e-05, 0.564098, -0.00147192
0.0769383, 0.0414268, -0.000126987, 0.576918, -0.0017663
0.0897613, 0.0489066, -0.000161363, 0.589738, -0.00206069
0.102584, 0.0565508, -0.000199515, 0.602557, -0.00235507
0.115407, 0.0643594, -0.000241442, 0.615377, -0.00264946
0.12823, 0.0723324, -0.000287143, 0.628196, -0.00294384
0.141053, 0.0804698, -0.00033662, 0.641016, -0.00323822
0.153877, 0.0887715, -0.00038987, 0.653836, -0.00353261
0.1667, 0.0972377, -0.000446897, 0.666655, -0.00382699
0.179523, 0.105868, -0.000507698, 0.679475, -0.00412138
0.192346, 0.114663, -0.000572274, 0.692295, -0.00441576
0.205169, 0.123622, -0.000640624, 0.705114, -0.00471015
0.217992, 0.132746, -0.00071275, 0.717934, -0.00500453
0.230815, 0.142034, -0.000788651, 0.730754, -0.00529891
0.243638, 0.151487, -0.000868325, 0.743573, -0.0055933
0.256461, 0.161103, -0.000951776, 0.756393, -0.00588768
0.269284, 0.170885, -0.001039, 0.769212, -0.00618207
0.282107, 0.18083, -0.00113, 0.782032, -0.00647645
0.29493, 0.19094, -0.00122478, 0.794852, -0.00677084
0.307753, 0.201215, -0.00132333, 0.807671, -0.00706522
0.320576, 0.211654, -0.00142565, 0.820491, -0.00735961
0.333399, 0.222257, -0.00153175, 0.83331, -0.007654
0.346222, 0.233024, -0.00164162, 0.84613, -0.00794838
0.359045, 0.243956, -0.00175527, 0.85895, -0.00824276
0.371868, 0.255053, -0.0018727, 0.871769, -0.00853715
0.384691, 0.266313, -0.0019939, 0.884589, -0.00883154
0.397514, 0.277738, -0.00211887, 0.897408, -0.00912592
0.410337, 0.289328, -0.00224762, 0.910228, -0.00942031
0.42316, 0.301082, -0.00238014, 0.923047, -0.0097147
0.435983, 0.313, -0.00251644, 0.935866, -0.0100091
0.448807, 0.325083, -0.00265652, 0.948686, -0.0103035
0.46163, 0.33733, -0.00280037, 0.961505, -0.0105979
0.474453, 0.349741, -0.00294799, 0.974324, -0.0108923
0.487276, 0.362317, -0.00309939, 0.987143, -0.0111867
0.500099, 0.375057, -0.00325456, 0.999962, -0.0114811
0.512922, 0.387962, -0.00341351, 1.01278, -0.0117755
0.525745, 0.401031, -0.00357623, 1.0256, -0.01207
0.538568, 0.414264, -0.00374272, 1.03841, -0.0123645
0.551391, 0.427662, -0.00391297, 1.05121, -0.0126595
0.564214, 0.441204, -0.00408122, 1.05508, -0.0130856
0.577037, 0.454652, -0.00424666, 1.0423, -0.0133311
0.58986, 0.467935, -0.00441533, 1.02948, -0.0133507
0.602683, 0.481054, -0.00458434, 1.01666, -0.0132786
0.615506, 0.494009, -0.00475247, 1.00384, -0.0131563
0.628329, 0.506799, -0.00491908, 0.991018, -0.0130024
0.641152, 0.519424, -0.00508375, 0.978196, -0.0128267
0.653975, 0.531886, -0.00524618, 0.965375, -0.0126351
0.666798, 0.544183, -0.00540617, 0.952554, -0.0124314
0.679621, 0.556315, -0.00556357, 0.939732, -0.012218
0.692444, 0.568283, -0.00571824, 0.926911, -0.0119969
0.705267, 0.580087, -0.00587008, 0.91409, -0.0117695
0.71809, 0.591726, -0.00601902, 0.901269, -0.0115366
0.730913, 0.603201, -0.00616497, 0.888449, -0.0112992
0.743737, 0.614511, -0.00630789, 0.875628, -0.0110578
0.75656, 0.625657, -0.00644772, 0.862807, -0.010813
0.769383, 0.636639, -0.00658441, 0.849987, -0.0105653
0.782206, 0.647456, -0.00671793, 0.837166, -0.0103148
0.795029, 0.658109, -0.00684824, 0.824345, -0.0100619
0.807852, 0.668597, -0.00697532, 0.811525, -0.00980697
0.820675, 0.678921, -0.00709913, 0.798705, -0.00955007
0.833498, 0.689081, -0.00721964, 0.785884, -0.00929142
0.846321, 0.699076, -0.00733684, 0.773064, -0.00903118
0.859144, 0.708907, -0.00745071, 0.760243, -0.00876949
0.871967, 0.718574, -0.00756122, 0.747423, -0.00850646
0.88479, 0.728076, -0.00766836, 0.734603, -0.0082422
0.897613, 0.737413, -0.00777212, 0.721782, -0.0079768
0.910436, 0.746587, -0.00787247, 0.708962, -0.00771035
0.923259, 0.755595, -0.00796941, 0.696142, -0.00744292
0.936082, 0.76444, -0.00806292, 0.683321, -0.00717457
0.948905, 0.77312, -0.00815299, 0.670501, -0.00690537
0.961728, 0.781636, -0.00823961, 0.657681, -0.00663536
0.974551, 0.789987, -0.00832277, 0.644861, -0.00636461
0.987374, 0.798174, -0.00840246, 0.632041, -0.00609315
1.0002, 0.806196, -0.00847867, 0.619221, -0.00582103
1.01302, 0.814054, -0.00855139, 0.6064, -0.00554828
1.02584, 0.821748, -0.00862062, 0.59358, -0.00527493
1.03867, 0.829277, -0.00868633, 0.58076, -0.00500102
1.05149, 0.836642, -0.00874854, 0.56794, -0.00472658
1.06431, 0.843843, -0.00880723, 0.55512, -0.00445164
1.07714, 0.850879, -0.0088624, 0.5423, -0.00417622
1.08996, 0.857751, -0.00891403, 0.52948, -0.00390033
1.10278, 0.864458, -0.00896213, 0.51666, -0.00362402
1.1156, 0.871001, -0.00900668, 0.50384, -0.00334729
1.12843, 0.87738, -0.00904769, 0.49102, -0.00307016
1.14125, 0.883594, -0.00908514, 0.4782, -0.00279265
1.15407, 0.889644, -0.00911904, 0.46538, -0.00251478
1.1669, 0.895529, -0.00914937, 0.45256, -0.00223656
1.17972, 0.90125, -0.00917614, 0.43974, -0.001958
1.19254, 0.906807, -0.00919933, 0.42692, -0.00167913
1.20537, 0.912199, -0.00921895, 0.4141, -0.00139995
1.21819, 0.917427, -0.00923499, 0.40128, -0.00112047
1.23101, 0.92249, -0.00924745, 0.38846, -0.000840712
1.24384, 0.927389, -0.00925632, 0.37564, -0.000560679
1.25666, 0.932124, -0.0092616, 0.36282, -0.000280385
1.26948, 0.936694, -0.00926328, 0.35, 1.66241e-07
1.29876, 0.946794, -0.0088607, 0.339575, 0.0273619
1.32804, 0.956623, -0.00764488, 0.329122, 0.054713
1.35732, 0.966083, -0.0056509, 0.318707, 0.0820786
1.3866, 0.97527, -0.00284452, 0.308264, 0.109434
1.41588, 0.984093, 0.000741947, 0.297859, 0.136803
1.44516, 0.992682, 0.00515541, 0.287396, 0.16415
1.47444, 1.00095, 0.0103636, 0.276939, 0.191499
1.50373, 1.00889, 0.0163668, 0.266488, 0.218851
1.53301, 1.01655, 0.0231782, 0.256014, 0.246194
1.56229, 1.02392, 0.0307965, 0.245518, 0.273529
1.59157, 1.03093, 0.0391968, 0.235059, 0.300878
1.62085, 1.03768, 0.0484145, 0.224551, 0.328208
1.65013, 1.0441, 0.0584255, 0.214052, 0.355542
1.67941, 1.0502, 0.0692303, 0.203562, 0.382878
1.70869, 1.056, 0.0808388, 0.193054, 0.410208
1.73797, 1.0615, 0.0932497, 0.182531, 0.437532
1.76725, 1.06669, 0.106462, 0.171993, 0.464851
1.79653, 1.07158, 0.120475, 0.161444, 0.492165
1.82581, 1.07614, 0.13528, 0.150905, 0.519483
1.85509, 1.08042, 0.150899, 0.140312, 0.54678
1.88437, 1.08436, 0.167302, 0.129753, 0.574091
1.91365, 1.08801, 0.184516, 0.119146, 0.601382
1.94293, 1.09135, 0.202525, 0.108534, 0.628672
1.97221, 1.09435, 0.221325, 0.0979371, 0.655968
2.00149, 1.09707, 0.240935, 0.0872822, 0.683241
2.03077, 1.09948, 0.261344, 0.0766107, 0.710508
2.06005, 1.10156, 0.282545, 0.0659418, 0.737775
2.08933, 1.10335, 0.30455, 0.0552286, 0.765026
2.11862, 1.1048, 0.327345, 0.0445229, 0.792278
2.1479, 1.10594, 0.350941, 0.0337811, 0.819517
2.17718, 1.10678, 0.375338, 0.0229955, 0.846739
2.20646, 1.10729, 0.400527, 0.0121995, 0.873956
2.23574, 1.10749, 0.426515, 0.00135911, 0.901156
2.26502, 1.10737, 0.4533, -0.00951713, 0.928342
2.2943, 1.10693, 0.480881, -0.0204434, 0.955508
2.32358, 1.10618, 0.509257, -0.0314188, 0.982653
2.35286, 1.10509, 0.538423, -0.0424123, 1.00979
2.38214, 1.10368, 0.568387, -0.0534973, 1.03689
2.41142, 1.10196, 0.599146, -0.0646673, 1.06396
2.4407, 1.0999, 0.630697, -0.0759201, 1.09099
2.46998, 1.09751, 0.663036, -0.0872561, 1.11799
2.49926, 1.09479, 0.696166, -0.0987184, 1.14493
2.52854, 1.09173, 0.730083, -0.110336, 1.17181
2.55782, 1.08832, 0.764786, -0.122134, 1.19861
2.5871, 1.08457, 0.800274, -0.134206, 1.22528
2.61638, 1.08046, 0.83654, -0.146606, 1.25181
2.64566, 1.07599, 0.873579, -0.15952, 1.27809
2.67494, 1.07112, 0.911382, -0.173169, 1.30399
2.70423, 1.06583, 0.949934, -0.188257, 1.32907
2.73351, 1.06006, 0.989193, -0.20654, 1.35187
2.76279, 1.05365, 1.02897, -0.232601, 1.35901
2.79207, 1.04664, 1.0684, -0.242168, 1.33241
2.82135, 1.03957, 1.10699, -0.239879, 1.30326
2.85063, 1.03262, 1.14472, -0.234498, 1.27449
2.87991, 1.02585, 1.18162, -0.227762, 1.24599
2.90919, 1.01929, 1.21769, -0.220266, 1.21769
2.93847, 1.01296, 1.25293, -0.212285, 1.18952
2.96775, 1.00686, 1.28735, -0.203967, 1.16144
2.99703, 1.00102, 1.32095, -0.195403, 1.13344
3.02631, 0.995423, 1.35373, -0.186649, 1.1055
3.05559, 0.990088, 1.38569, -0.177745, 1.07761
3.08487, 0.985015, 1.41683, -0.16872, 1.04975
3.11415, 0.980209, 1.44716, -0.159595, 1.02193
3.14343, 0.97567, 1.47668, -0.150385, 0.994136
3.17271, 0.971403, 1.50538, -0.141104, 0.966365
3.20199, 0.967408, 1.53327, -0.131761, 0.938615
3.23127, 0.963687, 1.56035, -0.122364, 0.910884
3.26055, 0.960242, 1.58661, -0.112919, 0.883168
3.28983, 0.957075, 1.61207, -0.103433, 0.855467
3.31912, 0.954186, 1.63671, -0.0939088, 0.827779
3.3484, 0.951576, 1.66054, -0.0843511, 0.800102
3.37768, 0.949246, 1.68356, -0.0747633, 0.772436
3.40696, 0.947198, 1.70578, -0.0651479, 0.74478
3.43624, 0.945431, 1.72718, -0.0555074, 0.717132
3.46552, 0.943947, 1.74777, -0.0458438, 0.689492
3.4948, 0.942747, 1.76756, -0.0361592, 0.661859
3.52408, 0.94183, 1.78653, -0.0264552, 0.634234
3.55336, 0.941198, 1.8047, -0.0167331, 0.606614
3.58264, 0.94085, 1.82206, -0.00699458, 0.579001
3.61192, 0.940788, 1.83861, 0.00275964, 0.551392
3.6412, 0.941012, 1.85435, 0.0125283, 0.523789
3.67048, 0.941522, 1.86928, 0.0223103, 0.496191
3.69976, 0.942319, 1.8834, 0.0321051, 0.468597
3.72904, 0.943402, 1.89672, 0.0419116, 0.441008
3.75832, 0.944773, 1.90923, 0.0517293, 0.413423
3.7876, 0.946432, 1.92093, 0.0615576, 0.385841
3.81688, 0.948378, 1.93183, 0.0713957, 0.358263
3.84616, 0.950613, 1.94191, 0.0812432, 0.330688
3.87544, 0.953136, 1.95119, 0.0910997, 0.303116
3.90472, 0.955948, 1.95966, 0.100965, 0.275548
3.93401, 0.959049, 1.96733, 0.110837, 0.247982
3.96329, 0.962439, 1.97418, 0.120718, 0.220419
3.99257, 0.966118, 1.98023, 0.130605, 0.192858
4.02185, 0.970087, 1.98548, 0.1405, 0.1653
4.05113, 0.974346, 1.98992, 0.150401, 0.137745
4.08041, 0.978895, 1.99355, 0.160308, 0.110191
4.10969, 0.983734, 1.99637, 0.170222, 0.08264
4.13897, 0.988863, 1.99838, 0.180141, 0.0550905
4.16825, 0.994283, 1.99959, 0.190066, 0.0275436
4.19753, 0.999994, 2, 0.199996, -1.99676e-06
