2.4284, 0
0, 0, 0, 0.5, 0
0.0115885, 0.0062082, 0.000315798, 0.494486, 0.0101759
0.0231771, 0.0123524, 0.00074956, 0.488972, 0.0203517
0.0347656, 0.0184325, 0.00130129, 0.483459, 0.0305272
0.0463542, 0.0244485, 0.0019711, 0.477946, 0.0407024
0.0579427, 0.0304004, 0.00275895, 0.472434, 0.0508774
0.0695312, 0.0362882, 0.00366476, 0.466922, 0.061052
0.0811198, 0.042112, 0.00468858, 0.46141, 0.0712264
0.0927083, 0.0478716, 0.00583046, 0.455899, 0.0814006
0.104297, 0.0535672, 0.00709031, 0.450389, 0.0915744
0.115885, 0.0591987, 0.00846815, 0.444879, 0.101748
0.127474, 0.0647662, 0.00996403, 0.439369, 0.111921
0.139062, 0.0702695, 0.0115779, 0.43386, 0.122094
0.150651, 0.0757088, 0.0133098, 0.428352, 0.132266
0.16224, 0.0810839, 0.0151597, 0.422845, 0.142438
0.173828, 0.086395, 0.0171276, 0.417338, 0.15261
0.185417, 0.091642, 0.0192135, 0.411831, 0.162781
0.197005, 0.0968248, 0.0214174, 0.406326, 0.172952
0.208594, 0.101944, 0.0237393, 0.400821, 0.183122
0.220182, 0.106998, 0.0261792, 0.395317, 0.193292
0.231771, 0.111989, 0.0287371, 0.389814, 0.203461
0.243359, 0.116916, 0.031413, 0.384312, 0.21363
0.254948, 0.121778, 0.0342069, 0.378811, 0.223798
0.266536, 0.126576, 0.0371188, 0.37331, 0.233966
0.278125, 0.131311, 0.0401487, 0.367811, 0.244133
0.289714, 0.135981, 0.0432966, 0.362313, 0.254299
0.301302, 0.140587, 0.0465625, 0.356816, 0.264464
0.312891, 0.145129, 0.0499463, 0.35132, 0.274629
0.324479, 0.149606, 0.0534482, 0.345826, 0.284793
0.336068, 0.15402, 0.057068, 0.340333, 0.294956
0.347656, 0.15837, 0.0608058, 0.334841, 0.305118
0.359245, 0.162655, 0.0646616, 0.329351, 0.31528
0.370833, 0.166877, 0.0686353, 0.323863, 0.32544
0.382422, 0.171034, 0.072727, 0.318376, 0.335599
0.39401, 0.175127, 0.0769367, 0.312892, 0.345757
0.405599, 0.179156, 0.0812644, 0.307409, 0.355914
0.417187, 0.183121, 0.08571, 0.301928, 0.366069
0.428776, 0.187022, 0.0902735, 0.29645, 0.376223
0.440365, 0.190858, 0.094955, 0.290975, 0.386376
0.451953, 0.194631, 0.0997544, 0.285502, 0.396526
0.463542, 0.198339, 0.104672, 0.280032, 0.406675
0.47513, 0.201983, 0.109707, 0.274565, 0.416822
0.486719, 0.205563, 0.11486, 0.269101, 0.426967
0.498307, 0.209079, 0.120131, 0.263641, 0.43711
0.509896, 0.212531, 0.12552, 0.258185, 0.44725
0.521484, 0.215918, 0.131027, 0.252734, 0.457387
0.533073, 0.219241, 0.136652, 0.247287, 0.467522
0.544661, 0.2225, 0.142395, 0.241845, 0.477653
0.55625, 0.225695, 0.148255, 0.23641, 0.48778
0.567838, 0.228826, 0.154233, 0.23098, 0.497904
0.579427, 0.231892, 0.16033, 0.225557, 0.508024
0.591016, 0.234894, 0.166543, 0.220143, 0.518138
0.602604, 0.237832, 0.172875, 0.214736, 0.528247
0.614193, 0.240705, 0.179324, 0.209339, 0.53835
0.625781, 0.243514, 0.185891, 0.203953, 0.548446
0.63737, 0.246259, 0.192576, 0.19858, 0.558535
0.648958, 0.248939, 0.199378, 0.193219, 0.568614
0.660547, 0.251555, 0.206298, 0.187875, 0.578684
0.672135, 0.254106, 0.213335, 0.182548, 0.588742
0.683724, 0.256592, 0.22049, 0.177241, 0.598788
0.695312, 0.259014, 0.227761, 0.171959, 0.608817
0.706901, 0.261371, 0.23515, 0.166704, 0.618829
0.71849, 0.263663, 0.242656, 0.161482, 0.628819
0.730078, 0.26589, 0.250278, 0.156299, 0.638785
0.741667, 0.268052, 0.258017, 0.151162, 0.648719
0.753255, 0.270148, 0.265872, 0.146081, 0.658616
0.764844, 0.272178, 0.273843, 0.14107, 0.668466
0.776432, 0.274143, 0.281929, 0.136144, 0.678259
0.788021, 0.27604, 0.290129, 0.131326, 0.687978
0.799609, 0.27787, 0.298442, 0.126648, 0.697601
0.811198, 0.279632, 0.306867, 0.122151, 0.707096
0.822786, 0.281324, 0.315401, 0.117895, 0.71642
0.834375, 0.282946, 0.324041, 0.11397, 0.725503
0.845964, 0.284494, 0.332781, 0.110504, 0.734243
0.857552, 0.285966, 0.341614, 0.107689, 0.742481
0.869141, 0.28736, 0.350525, 0.105803, 0.749972
0.880729, 0.288676, 0.359497, 0.105223, 0.756353
0.892318, 0.289919, 0.368499, 0.106373, 0.761149
0.903906, 0.291112, 0.377498, 0.109541, 0.763901
0.915495, 0.292292, 0.386462, 0.114659, 0.76439
0.927083, 0.293503, 0.395371, 0.121287, 0.762764
0.938672, 0.294782, 0.404215, 0.128871, 0.759408
0.95026, 0.296152, 0.412988, 0.136958, 0.754747
0.961849, 0.297624, 0.421686, 0.145258, 0.749118
0.973437, 0.299203, 0.430305, 0.153605, 0.742774
0.985026, 0.300888, 0.438842, 0.161908, 0.73589
0.996615, 0.302678, 0.447294, 0.170126, 0.728589
1.0082, 0.304573, 0.455658, 0.178235, 0.720962
1.01979, 0.306569, 0.463932, 0.186233, 0.713069
1.03138, 0.308665, 0.472113, 0.194117, 0.70496
1.04297, 0.310858, 0.4802, 0.201893, 0.696671
1.05456, 0.313146, 0.48819, 0.209565, 0.688231
1.06615, 0.315529, 0.496083, 0.217141, 0.679661
1.07773, 0.318003, 0.503876, 0.224627, 0.670978
1.08932, 0.320568, 0.511569, 0.232028, 0.662199
1.10091, 0.323223, 0.519161, 0.239352, 0.653333
1.1125, 0.325965, 0.52665, 0.246603, 0.644392
1.12409, 0.328795, 0.534037, 0.253786, 0.635383
1.13568, 0.33171, 0.541319, 0.260907, 0.626312
1.14727, 0.33471, 0.548497, 0.267969, 0.617188
1.16008, 0.338481, 0.55647, 0.272572, 0.628999
1.17289, 0.342306, 0.564594, 0.277245, 0.640779
1.1857, 0.346184, 0.572871, 0.28199, 0.652525
1.19851, 0.350117, 0.581299, 0.286811, 0.664236
1.21132, 0.354105, 0.589878, 0.291712, 0.675909
1.22413, 0.358151, 0.598608, 0.296697, 0.687541
1.23694, 0.362254, 0.607487, 0.30177, 0.699129
1.24976, 0.366416, 0.616516, 0.306934, 0.710671
1.26257, 0.370638, 0.625694, 0.312197, 0.722163
1.27538, 0.374921, 0.63502, 0.317561, 0.733601
1.28819, 0.379267, 0.644493, 0.323033, 0.744981
1.301, 0.383677, 0.654114, 0.32862, 0.756298
1.31381, 0.388151, 0.663879, 0.334327, 0.767548
1.32662, 0.392693, 0.67379, 0.340161, 0.778724
1.33944, 0.397303, 0.683845, 0.346131, 0.789819
1.35225, 0.401983, 0.694042, 0.352243, 0.800828
1.36506, 0.406735, 0.704382, 0.358507, 0.811741
1.37787, 0.41156, 0.714861, 0.364933, 0.822549
1.39068, 0.416462, 0.72548, 0.37153, 0.833243
1.40349, 0.421441, 0.736236, 0.378309, 0.843809
1.4163, 0.426501, 0.747128, 0.385283, 0.854236
1.42911, 0.431644, 0.758154, 0.392463, 0.864508
1.44193, 0.436872, 0.769312, 0.399865, 0.874607
1.45474, 0.442188, 0.780599, 0.407502, 0.884514
1.46755, 0.447596, 0.792013, 0.41539, 0.894205
1.48036, 0.453098, 0.80355, 0.423545, 0.903655
1.49317, 0.458698, 0.815208, 0.431985, 0.912832
1.50598, 0.4644, 0.826983, 0.440727, 0.921702
1.51879, 0.470207, 0.838871, 0.449788, 0.930224
1.53161, 0.476124, 0.850866, 0.459185, 0.938351
1.54442, 0.482156, 0.862963, 0.468934, 0.94603
1.55723, 0.488305, 0.875156, 0.479046, 0.953198
1.57004, 0.494578, 0.887438, 0.489531, 0.959787
1.58285, 0.500979, 0.899801, 0.500388, 0.965719
1.59566, 0.507513, 0.912235, 0.51161, 0.97091
1.60847, 0.514185, 0.924731, 0.523176, 0.975269
1.62128, 0.520999, 0.937277, 0.53505, 0.978706
1.6341, 0.527959, 0.94986, 0.547179, 0.98113
1.64691, 0.535068, 0.962466, 0.559488, 0.982464
1.65972, 0.542329, 0.975081, 0.571888, 0.982645
1.67253, 0.549744, 0.98769, 0.584274, 0.981635
1.68534, 0.557311, 1.00028, 0.596535, 0.979427
1.69815, 0.56503, 1.01283, 0.608561, 0.976043
1.71096, 0.572897, 1.02532, 0.620251, 0.971536
1.72377, 0.580908, 1.03775, 0.631521, 0.965983
1.73659, 0.589059, 1.05011, 0.642308, 0.959477
1.7494, 0.597343, 1.06237, 0.652571, 0.952119
1.76221, 0.605754, 1.07453, 0.662286, 0.94401
1.77502, 0.614286, 1.08658, 0.67145, 0.935248
1.78783, 0.622931, 1.09851, 0.68007, 0.925923
1.80064, 0.631683, 1.11032, 0.688162, 0.916114
1.81345, 0.640535, 1.12201, 0.695751, 0.905894
1.82627, 0.649482, 1.13355, 0.702864, 0.895321
1.83908, 0.658517, 1.14496, 0.709527, 0.884448
1.85189, 0.667635, 1.15623, 0.715772, 0.87332
1.8647, 0.676831, 1.16735, 0.721625, 0.861972
1.87751, 0.6861, 1.17833, 0.727113, 0.850438
1.89032, 0.695437, 1.18915, 0.732263, 0.838743
1.90313, 0.704838, 1.19983, 0.737098, 0.82691
1.91594, 0.7143, 1.21035, 0.741639, 0.814957
1.92876, 0.723819, 1.22072, 0.745908, 0.802902
1.94157, 0.733391, 1.23093, 0.749924, 0.790757
1.95438, 0.743013, 1.24099, 0.753702, 0.778533
1.96719, 0.752682, 1.25089, 0.75726, 0.766242
1.98, 0.762396, 1.26063, 0.760611, 0.753891
1.99281, 0.772152, 1.27021, 0.76377, 0.741488
2.00562, 0.781947, 1.27964, 0.766747, 0.729039
2.01844, 0.79178, 1.2889, 0.769554, 0.716549
2.03125, 0.801648, 1.298, 0.772202, 0.704024
2.04406, 0.811549, 1.30694, 0.7747, 0.691467
2.05687, 0.821481, 1.31572, 0.777057, 0.678882
2.06968, 0.831443, 1.32434, 0.77928, 0.666272
2.08249, 0.841433, 1.3328, 0.781377, 0.65364
2.0953, 0.851449, 1.3411, 0.783355, 0.640988
2.10811, 0.86149, 1.34923, 0.785219, 0.628318
2.12093, 0.871554, 1.3572, 0.786977, 0.615633
2.13374, 0.88164, 1.36501, 0.788633, 0.602933
2.14655, 0.891747, 1.37265, 0.790192, 0.590221
2.15936, 0.901874, 1.38014, 0.79166, 0.577498
2.17217, 0.912019, 1.38745, 0.79304, 0.564765
2.18498, 0.922181, 1.39461, 0.794336, 0.552023
2.19779, 0.932359, 1.4016, 0.795553, 0.539273
2.2106, 0.942553, 1.40843, 0.796694, 0.526515
2.22342, 0.952761, 1.4151, 0.797762, 0.513751
2.23623, 0.962982, 1.4216, 0.79876, 0.500981
2.24904, 0.973216, 1.42794, 0.799692, 0.488206
2.26185, 0.983461, 1.43411, 0.800559, 0.475426
2.27466, 0.993717, 1.44012, 0.801366, 0.462643
2.28747, 1.00398, 1.44597, 0.802113, 0.449855
2.30028, 1.01426, 1.45165, 0.802804, 0.437064
2.3131, 1.02454, 1.45717, 0.803441, 0.424271
2.32591, 1.03484, 1.46252, 0.804025, 0.411474
2.33872, 1.04513, 1.46772, 0.804559, 0.398676
2.35153, 1.05544, 1.47274, 0.805044, 0.385875
2.36434, 1.06575, 1.4776, 0.805483, 0.373072
2.37715, 1.07607, 1.4823, 0.805876, 0.360268
2.38996, 1.08639, 1.48684, 0.806226, 0.347463
2.40277, 1.09672, 1.49121, 0.806534, 0.334657
2.41559, 1.10705, 1.49541, 0.806801, 0.321849
2.4284, 1.11738, 1.49946, 0.807029, 0.309041
