36.8734, 0
0, 0, 0, 0.5, 0
0.192806, 0.0778171, 0.000105099, 0.307198, 0.00116097
0.385611, 0.118456, 0.00043407, 0.114396, 0.00232194
0.578417, 0.121924, 0.00098687, -0.0784065, 0.00348291
0.771223, 0.0882232, 0.00176348, -0.271209, 0.00464388
0.964028, 0.0173447, 0.00276396, -0.46401, 0.00580485
1.15683, -0.0907016, 0.00398825, -0.656813, 0.00696583
1.34964, -0.23593, 0.00543643, -0.849615, 0.0081268
1.54245, -0.418326, 0.00710842, -1.04242, 0.00928777
1.73525, -0.637893, 0.00900424, -1.23522, 0.0104487
1.92806, -0.894639, 0.0111239, -1.42802, 0.0116097
2.12086, -1.18856, 0.0134675, -1.62082, 0.0127707
2.31367, -1.51965, 0.0160348, -1.81363, 0.0139317
2.50647, -1.88791, 0.018826, -2.00643, 0.0150926
2.69928, -2.29335, 0.0218411, -2.19923, 0.0162536
2.89208, -2.73596, 0.02508, -2.39203, 0.0174146
3.08489, -3.21574, 0.0285427, -2.58483, 0.0185755
3.2777, -3.7327, 0.0322293, -2.77764, 0.0197365
3.4705, -4.28683, 0.0361397, -2.97044, 0.0208975
3.66331, -4.87814, 0.040274, -3.16324, 0.0220585
3.85611, -5.50661, 0.0446321, -3.35604, 0.0232194
4.04892, -6.17226, 0.049214, -3.54885, 0.0243804
4.24172, -6.87509, 0.0540198, -3.74165, 0.0255414
4.43453, -7.61509, 0.0590494, -3.93445, 0.0267023
4.62734, -8.39226, 0.0643029, -4.12725, 0.0278633
4.82014, -9.2066, 0.0697802, -4.32006, 0.0290243
5.01295, -10.0581, 0.0754813, -4.51286, 0.0301853
5.20575, -10.9468, 0.0814063, -4.70566, 0.0313462
5.39856, -11.8727, 0.0875551, -4.89846, 0.0325072
5.59136, -12.8357, 0.0939278, -5.09126, 0.0336682
5.78417, -13.8359, 0.100524, -5.28406, 0.0348291
5.97698, -14.8733, 0.107345, -5.47687, 0.0359901
6.16978, -15.9479, 0.114389, -5.66967, 0.0371511
6.36259, -17.0596, 0.121657, -5.86247, 0.0383121
6.55539, -18.2085, 0.129149, -6.05527, 0.039473
6.7482, -19.3946, 0.136865, -6.24808, 0.040634
6.941, -20.6178, 0.144804, -6.44088, 0.041795
7.13381, -21.8783, 0.152968, -6.63368, 0.0429559
7.32662, -23.1759, 0.161355, -6.82649, 0.0441169
7.51942, -24.5106, 0.170628, -7.01929, 0.0449627
7.71223, -25.8826, 0.178801, -7.21209, 0.0464389
7.90503, -27.2917, 0.18786, -7.40489, 0.0475998
8.09784, -28.738, 0.197142, -7.59769, 0.0487608
8.29064, -30.2214, 0.206649, -7.7905, 0.0499218
8.48345, -31.7421, 0.216379, -7.9833, 0.0510827
8.67625, -33.2999, 0.226333, -8.1761, 0.0522437
8.86906, -34.8949, 0.236511, -8.3689, 0.0534047
9.06187, -36.527, 0.246913, -8.56172, 0.0545658
9.25467, -38.1964, 0.257539, -8.75453, 0.0557268
9.44748, -39.9029, 0.268388, -8.94733, 0.0568878
9.64028, -41.6461, 0.279445, -9.09765, 0.0570855
9.83309, -43.3815, 0.290329, -8.90453, 0.0558409
10.0259, -45.0798, 0.300981, -8.71173, 0.0546572
10.2187, -46.7409, 0.311406, -8.51892, 0.0534825
10.4115, -48.3648, 0.321604, -8.32611, 0.0523116
10.6043, -49.9515, 0.331578, -8.1333, 0.051143
10.7971, -51.501, 0.341326, -7.9405, 0.0499756
10.9899, -53.0134, 0.350849, -7.7477, 0.0488093
11.1827, -54.4886, 0.360147, -7.55489, 0.0476437
11.3755, -55.9267, 0.369221, -7.36209, 0.0464786
11.5683, -57.3276, 0.37807, -7.16929, 0.045314
11.7611, -58.6912, 0.386694, -6.97649, 0.0441496
11.954, -60.0178, 0.395094, -6.78368, 0.0429856
12.1468, -61.3071, 0.40327, -6.59088, 0.0418219
12.3396, -62.5593, 0.411221, -6.39808, 0.0406583
12.5324, -63.7743, 0.418948, -6.20528, 0.0394949
12.7252, -64.9521, 0.426451, -6.01247, 0.0383316
12.918, -66.0928, 0.43373, -5.81967, 0.0371685
13.1108, -67.1962, 0.440784, -5.62687, 0.0360055
13.3036, -68.2626, 0.447614, -5.43407, 0.0348427
13.4964, -69.2917, 0.454219, -5.24126, 0.0336799
13.6892, -70.2836, 0.460601, -5.04846, 0.0325172
13.882, -71.2384, 0.466758, -4.85566, 0.0313546
14.0748, -72.156, 0.472692, -4.66286, 0.0301921
14.2676, -73.0365, 0.478401, -4.47006, 0.0290296
14.4604, -73.8797, 0.483886, -4.27725, 0.0278672
14.6532, -74.6858, 0.489147, -4.08445, 0.0267049
14.846, -75.4547, 0.494184, -3.89165, 0.0255426
15.0388, -76.1865, 0.498996, -3.69884, 0.0243803
15.2316, -76.8811, 0.503585, -3.50605, 0.0232181
15.4245, -77.5385, 0.507949, -3.31324, 0.0220559
15.6173, -78.1587, 0.51209, -3.12044, 0.0208938
15.8101, -78.7417, 0.516006, -2.92764, 0.0197317
16.0029, -79.2876, 0.519699, -2.73484, 0.0185697
16.1957, -79.7963, 0.523167, -2.54203, 0.0174076
16.3885, -80.2679, 0.526411, -2.34923, 0.0162457
16.5813, -80.7022, 0.529432, -2.15643, 0.0150837
16.7741, -81.0994, 0.532228, -1.96363, 0.0139217
16.9669, -81.4594, 0.5348, -1.77082, 0.0127598
17.1597, -81.7823, 0.537148, -1.57802, 0.011598
17.3525, -82.0679, 0.539272, -1.38522, 0.0104361
17.5453, -82.3164, 0.541172, -1.19242, 0.00927424
17.7381, -82.5277, 0.542849, -0.999617, 0.00811242
17.9309, -82.7019, 0.544301, -0.806813, 0.00695061
18.1237, -82.8388, 0.545529, -0.614016, 0.00578886
18.3165, -82.9386, 0.546533, -0.421212, 0.00462709
18.5093, -83.0013, 0.547313, -0.228408, 0.00346533
18.7022, -83.0267, 0.547869, -0.0356073, 0.00230361
18.895, -83.015, 0.548201, 0.157197, 0.00114188
19.0878, -82.9661, 0.548309, 0.349997, -1.98039e-05
19.2656, -82.888, 0.548593, 0.527853, 0.00101539
19.4435, -82.7783, 0.54887, 0.705706, 0.00203078
19.6213, -82.637, 0.549328, 0.883559, 0.00304617
19.7992, -82.464, 0.549966, 1.06141, 0.00406157
19.977, -82.2594, 0.553149, 1.23927, 0.00477864
20.1549, -82.0232, 0.551783, 1.41712, 0.00609235
20.3328, -81.7553, 0.552963, 1.59497, 0.00710774
20.5106, -81.4558, 0.554152, 1.77282, 0.00814632
20.6885, -81.1247, 0.555865, 1.95068, 0.00913853
20.8663, -80.762, 0.557586, 2.12853, 0.0101539
21.0442, -80.3676, 0.559488, 2.30638, 0.0111693
21.222, -79.9416, 0.561571, 2.48424, 0.0121847
21.3999, -79.4839, 0.563835, 2.66209, 0.0132001
21.5777, -78.9946, 0.566279, 2.83994, 0.0142155
21.7556, -78.4737, 0.568903, 3.0178, 0.0152309
21.9335, -77.9212, 0.57157, 3.19565, 0.0162695
22.1113, -77.337, 0.574694, 3.3735, 0.0172617
22.2892, -76.7211, 0.57786, 3.55136, 0.0182771
22.467, -76.0737, 0.581207, 3.72921, 0.0192924
22.6449, -75.3946, 0.584735, 3.90706, 0.0203078
22.8227, -74.6839, 0.588443, 4.08492, 0.0213232
23.0006, -73.9416, 0.592332, 4.26277, 0.0223386
23.1784, -73.1676, 0.596401, 4.44062, 0.023354
23.3563, -72.362, 0.600545, 4.61847, 0.0243926
23.5342, -71.5247, 0.60498, 4.79633, 0.025408
23.712, -70.6559, 0.609692, 4.97418, 0.0264002
23.8899, -69.7554, 0.614336, 5.15203, 0.0274523
24.0677, -68.8232, 0.619456, 5.32989, 0.028431
24.2456, -67.8595, 0.624609, 5.50774, 0.0294464
24.4234, -66.8641, 0.629862, 5.68559, 0.0304849
24.6013, -65.837, 0.635335, 5.86345, 0.0315139
24.7792, -64.7784, 0.641006, 6.0413, 0.0325389
24.957, -63.6881, 0.646918, 6.21915, 0.0335447
25.1349, -62.5661, 0.652981, 6.39701, 0.0345601
25.3127, -61.4126, 0.659199, 6.57486, 0.0355851
25.4906, -60.2274, 0.66568, 6.75271, 0.0365773
25.6684, -59.0106, 0.672282, 6.93057, 0.0375927
25.8463, -57.7621, 0.679064, 7.10842, 0.0386081
26.0241, -56.482, 0.685983, 7.28627, 0.0396466
26.202, -55.1703, 0.693147, 7.46412, 0.0406524
26.3799, -53.8269, 0.700438, 7.64198, 0.041691
26.5577, -52.4519, 0.707981, 7.81983, 0.0426832
26.7356, -51.0453, 0.715657, 7.99768, 0.0437082
26.9134, -49.6071, 0.72352, 8.17554, 0.0447311
27.0913, -48.1372, 0.731539, 8.35338, 0.0457874
27.2691, -46.6357, 0.739783, 8.53124, 0.0467963
27.447, -45.1025, 0.748198, 8.70909, 0.0478201
27.6249, -43.5377, 0.756797, 8.88694, 0.0488451
27.8027, -41.9413, 0.765576, 9.06476, 0.0499001
27.9806, -40.3189, 0.774531, 9.09253, 0.0503295
28.1584, -38.7175, 0.783396, 8.9148, 0.0493555
28.3363, -37.1478, 0.792086, 8.73694, 0.0483579
28.5141, -35.6097, 0.800597, 8.5591, 0.0473541
28.692, -34.1032, 0.80893, 8.38124, 0.0463473
28.8698, -32.6284, 0.817084, 8.20339, 0.0453387
29.0477, -31.1852, 0.825058, 8.02554, 0.044329
29.2256, -29.7736, 0.832852, 7.84768, 0.0433184
29.4034, -28.3936, 0.840466, 7.66983, 0.0423073
29.5813, -27.0453, 0.847901, 7.49198, 0.0412956
29.7591, -25.7286, 0.855156, 7.31413, 0.0402836
29.937, -24.4436, 0.86223, 7.13627, 0.0392713
30.1148, -23.1902, 0.869125, 6.95842, 0.0382587
30.2927, -21.9684, 0.87584, 6.78057, 0.0372459
30.4705, -20.7783, 0.882374, 6.60271, 0.0362329
30.6484, -19.6197, 0.888728, 6.42486, 0.0352198
30.8263, -18.4929, 0.894902, 6.24701, 0.0342065
31.0041, -17.3976, 0.900896, 6.06916, 0.0331931
31.182, -16.334, 0.906709, 5.8913, 0.0321796
31.3598, -15.302, 0.912342, 5.71345, 0.031166
31.5377, -14.3017, 0.917795, 5.53559, 0.0301522
31.7155, -13.3329, 0.923068, 5.35774, 0.0291384
31.8934, -12.3958, 0.92816, 5.17989, 0.0281246
32.0713, -11.4904, 0.933072, 5.00203, 0.0271106
32.2491, -10.6165, 0.937804, 4.82418, 0.0260966
32.427, -9.77435, 0.942355, 4.64633, 0.0250826
32.6048, -8.9638, 0.946726, 4.46848, 0.0240685
32.7827, -8.18486, 0.950916, 4.29062, 0.0230544
32.9605, -7.43756, 0.954927, 4.11277, 0.0220402
33.1384, -6.7219, 0.958756, 3.93492, 0.0210259
33.3162, -6.03786, 0.962406, 3.75706, 0.0200117
33.4941, -5.38546, 0.965875, 3.57921, 0.0189973
33.672, -4.76471, 0.969163, 3.40136, 0.017983
33.8498, -4.17557, 0.972272, 3.2235, 0.0169686
34.0277, -3.61806, 0.975199, 3.04565, 0.0159542
34.2055, -3.09219, 0.977947, 2.8678, 0.0149398
34.3834, -2.59794, 0.980514, 2.68995, 0.0139253
34.5612, -2.13533, 0.9829, 2.51209, 0.0129108
34.7391, -1.70437, 0.985106, 2.33424, 0.0118963
34.917, -1.30502, 0.987132, 2.15639, 0.0108818
35.0948, -0.937309, 0.988977, 1.97853, 0.00986723
35.2727, -0.601234, 0.990642, 1.80068, 0.00885267
35.4505, -0.296783, 0.992126, 1.62283, 0.00783808
35.6284, -0.0239792, 0.99343, 1.44497, 0.00682347
35.8062, 0.217209, 0.994553, 1.26712, 0.00580883
35.9841, 0.426758, 0.995496, 1.08927, 0.00479419
36.1619, 0.604683, 0.996258, 0.911413, 0.00377952
36.3398, 0.750954, 0.99684, 0.733558, 0.00276483
36.5177, 0.865616, 0.997242, 0.555707, 0.00175015
36.6955, 0.948624, 0.997463, 0.377853, 0.000735439
36.8734, 1.00001, 0.997504, 0.199999, -0.000279291
