33.5508, 0
0, 0, 0, 0.5, 0
0.175976, 0.0725018, 0.000104391, 0.324029, 0.00127199
0.351951, 0.11404, 0.0004326, 0.148058, 0.00254398
0.527927, 0.124592, -0.00217357, -0.0279102, 0.00419842
0.703902, 0.104217, 0.00176053, -0.203884, 0.00508797
0.879878, 0.0528534, 0.00276027, -0.379854, 0.00635996
1.05585, -0.0294722, 0.00421364, -0.555826, 0.00760222
1.23183, -0.142765, 0.00543121, -0.731797, 0.00890394
1.4078, -0.287028, 0.00710247, -0.907768, 0.0101759
1.58378, -0.46226, 0.00899758, -1.08374, 0.0114479
1.75976, -0.668452, 0.0113254, -1.25971, 0.0126902
1.93573, -0.905616, 0.0134593, -1.43568, 0.0139919
2.11171, -1.17374, 0.0163404, -1.61165, 0.0152168
2.28768, -1.47284, 0.0190095, -1.78762, 0.0165062
2.46366, -1.8029, 0.0218306, -1.96359, 0.0178079
2.63963, -2.16393, 0.0252515, -2.13956, 0.0190502
2.81561, -2.55592, 0.0285307, -2.31553, 0.0203519
2.99158, -2.97888, 0.0322165, -2.49151, 0.0216239
3.16756, -3.43281, 0.0362932, -2.66748, 0.0228661
3.34354, -3.91771, 0.0404214, -2.84345, 0.0241381
3.51951, -4.43356, 0.0447735, -3.01942, 0.0254101
3.69549, -4.98039, 0.049438, -3.19539, 0.0266647
3.87146, -5.55819, 0.0540031, -3.37136, 0.0279838
4.04744, -6.16695, 0.0591728, -3.54733, 0.0292261
4.22341, -6.80667, 0.0644996, -3.7233, 0.0304807
4.39939, -7.47737, 0.0697612, -3.89927, 0.0317998
4.57536, -8.17903, 0.0756599, -4.07524, 0.0330247
4.75134, -8.91166, 0.0815758, -4.25121, 0.0342967
4.92732, -9.67525, 0.0877156, -4.42719, 0.0355687
5.10329, -10.4698, 0.0940792, -4.60316, 0.0368406
5.27927, -11.2953, 0.100743, -4.77913, 0.0380907
5.45524, -12.1518, 0.107321, -4.9551, 0.0394318
5.63122, -13.0393, 0.114458, -5.13107, 0.040674
5.80719, -13.9577, 0.121772, -5.30704, 0.0419286
5.98317, -14.9071, 0.129316, -5.48301, 0.0431787
6.15914, -15.8875, 0.136961, -5.65898, 0.0444726
6.33512, -16.8988, 0.144892, -5.83495, 0.0457446
6.5111, -17.9411, 0.153074, -6.01092, 0.0470042
6.68707, -19.0143, 0.161501, -6.18689, 0.0482522
6.86305, -20.1186, 0.170068, -6.36287, 0.0495386
7.03902, -21.2538, 0.178852, -6.53884, 0.0508326
7.215, -22.4199, 0.187959, -6.71481, 0.0520682
7.39097, -23.6171, 0.197253, -6.89078, 0.0533208
7.56695, -24.8451, 0.206717, -7.06675, 0.0546122
7.74292, -26.1042, 0.216443, -7.24272, 0.0558734
7.9189, -27.3942, 0.22638, -7.41869, 0.0571454
8.09488, -28.7152, 0.236555, -7.59466, 0.0583954
8.27085, -30.0672, 0.246927, -7.77063, 0.0596848
8.44683, -31.4501, 0.257548, -7.94659, 0.0609175
8.6228, -32.864, 0.268379, -8.12254, 0.0621483
8.79878, -34.3087, 0.279416, -8.27182, 0.0629455
8.97475, -35.749, 0.290368, -8.09659, 0.0615652
9.15073, -37.1583, 0.301087, -7.92061, 0.0602649
9.3267, -38.5366, 0.311579, -7.74464, 0.058976
9.50268, -39.884, 0.321844, -7.56868, 0.057692
9.67866, -41.2005, 0.331884, -7.39271, 0.0564106
9.85463, -42.4859, 0.341698, -7.21675, 0.055131
10.0306, -43.7404, 0.351287, -7.04077, 0.0538524
10.2066, -44.9639, 0.360652, -6.8648, 0.0525748
10.3826, -46.1565, 0.369791, -6.68883, 0.0512978
10.5585, -47.3181, 0.378706, -6.51286, 0.0500213
10.7345, -48.4487, 0.387396, -6.33689, 0.0487452
10.9105, -49.5483, 0.395862, -6.16092, 0.0474695
11.0865, -50.617, 0.404103, -5.98495, 0.0461941
11.2624, -51.6547, 0.41212, -5.80898, 0.044919
11.4384, -52.6615, 0.419912, -5.63301, 0.0436441
11.6144, -53.6373, 0.42748, -5.45704, 0.0423693
11.7904, -54.5821, 0.434824, -5.28106, 0.0410947
11.9663, -55.496, 0.441944, -5.10509, 0.0398203
12.1423, -56.3789, 0.448839, -4.92913, 0.038546
12.3183, -57.2308, 0.45551, -4.75316, 0.0372718
12.4943, -58.0517, 0.461957, -4.57718, 0.0359977
12.6702, -58.8417, 0.46818, -4.40121, 0.0347237
12.8462, -59.6007, 0.474178, -4.22524, 0.0334499
13.0222, -60.3288, 0.479952, -4.04927, 0.032176
13.1982, -61.0259, 0.485503, -3.8733, 0.0309023
13.3741, -61.692, 0.490828, -3.69733, 0.0296286
13.5501, -62.3272, 0.49593, -3.52136, 0.028355
13.7261, -62.9314, 0.500808, -3.34539, 0.0270815
13.9021, -63.5046, 0.505462, -3.16941, 0.025808
14.078, -64.0468, 0.509891, -2.99345, 0.0245346
14.254, -64.5581, 0.514097, -2.81747, 0.0232611
14.43, -65.0384, 0.518078, -2.6415, 0.0219878
14.606, -65.4878, 0.521835, -2.46553, 0.0207145
14.7819, -65.9062, 0.525368, -2.28956, 0.0194412
14.9579, -66.2936, 0.528678, -2.11359, 0.018168
15.1339, -66.6501, 0.531763, -1.93762, 0.0168948
15.3099, -66.9756, 0.534624, -1.76165, 0.0156216
15.4858, -67.2701, 0.537261, -1.58568, 0.0143485
15.6618, -67.5336, 0.539674, -1.40971, 0.0130754
15.8378, -67.7662, 0.541863, -1.23374, 0.0118023
16.0138, -67.9679, 0.543828, -1.05777, 0.0105293
16.1898, -68.1385, 0.545568, -0.881793, 0.00925624
16.3657, -68.2782, 0.547085, -0.705822, 0.00798324
16.5417, -68.3869, 0.548378, -0.529854, 0.00671028
16.7177, -68.4647, 0.549447, -0.353878, 0.00543729
16.8937, -68.5115, 0.550292, -0.177908, 0.00416437
17.0696, -68.5273, 0.550913, -0.00193995, 0.00289147
17.2456, -68.5122, 0.551309, 0.174032, 0.00161857
17.4216, -68.466, 0.551482, 0.350002, 0.000345702
17.5829, -68.3966, 0.548594, 0.511289, 0.00111965
17.7442, -68.3011, 0.548871, 0.672576, 0.00223929
17.9055, -68.1796, 0.54933, 0.833865, 0.00335894
18.0667, -68.0322, 0.549968, 0.995152, 0.00447859
18.228, -67.8586, 0.550788, 1.15644, 0.00559824
18.3893, -67.6591, 0.551787, 1.31773, 0.00671788
18.5506, -67.4335, 0.552968, 1.47902, 0.00783753
18.7119, -67.182, 0.554329, 1.6403, 0.00895718
18.8732, -66.9044, 0.55587, 1.80159, 0.0100768
19.0345, -66.6008, 0.557593, 1.96288, 0.0111965
19.1958, -66.2712, 0.559496, 2.12417, 0.0123161
19.3571, -65.9156, 0.561579, 2.28546, 0.0134358
19.5184, -65.534, 0.563843, 2.44674, 0.0145554
19.6797, -65.1263, 0.566288, 2.60803, 0.0156751
19.841, -64.6927, 0.568913, 2.76932, 0.0167947
20.0023, -64.233, 0.571718, 2.93061, 0.0179144
20.1635, -63.7473, 0.574705, 3.0919, 0.019034
20.3248, -63.2356, 0.577872, 3.25319, 0.0201536
20.4861, -62.6979, 0.581219, 3.41447, 0.0212733
20.6474, -62.1341, 0.584747, 3.57576, 0.0223929
20.8087, -61.5444, 0.588456, 3.73705, 0.0235126
20.97, -60.9286, 0.592345, 3.89834, 0.0246322
21.1313, -60.2868, 0.596415, 4.05963, 0.0257519
21.2926, -59.6191, 0.600666, 4.22091, 0.0268715
21.4539, -58.9253, 0.605097, 4.3822, 0.0279912
21.6152, -58.2054, 0.609709, 4.54349, 0.0291108
21.7765, -57.4596, 0.614501, 4.70478, 0.0302305
21.9378, -56.6877, 0.619474, 4.86607, 0.0313501
22.099, -55.8899, 0.624627, 5.02735, 0.0324698
22.2603, -55.066, 0.629961, 5.18864, 0.0335894
22.4216, -54.2161, 0.635476, 5.34993, 0.0347091
22.5829, -53.3402, 0.641171, 5.51122, 0.0358287
22.7442, -52.4383, 0.647047, 5.67251, 0.0369484
22.9055, -51.5103, 0.653103, 5.8338, 0.038068
23.0668, -50.5564, 0.65934, 5.99508, 0.0391876
23.2281, -49.5764, 0.665758, 6.15637, 0.0403073
23.3894, -48.5704, 0.672356, 6.31766, 0.041427
23.5507, -47.5385, 0.679134, 6.47895, 0.0425466
23.712, -46.4804, 0.686094, 6.64024, 0.0436663
23.8733, -45.3964, 0.693234, 6.80152, 0.0447859
24.0345, -44.2864, 0.700554, 6.96282, 0.0459056
24.1958, -43.1503, 0.708055, 7.1241, 0.0470252
24.3571, -41.9883, 0.715737, 7.28539, 0.0481448
24.5184, -40.8002, 0.723599, 7.44668, 0.0492645
24.6797, -39.5861, 0.731642, 7.60798, 0.0503842
24.841, -38.346, 0.739866, 7.76926, 0.0515038
25.0023, -37.0798, 0.74827, 7.93055, 0.0526235
25.1636, -35.7877, 0.756854, 8.09188, 0.0537434
25.3249, -34.4695, 0.76562, 8.25315, 0.054863
25.4862, -33.131, 0.774587, 8.26453, 0.055835
25.6475, -31.811, 0.783507, 8.10314, 0.0547617
25.8088, -30.5171, 0.792251, 7.94184, 0.0536634
25.9701, -29.2491, 0.800818, 7.78055, 0.0525577
26.1313, -28.0072, 0.809205, 7.61926, 0.0514485
26.2926, -26.7913, 0.817414, 7.45797, 0.0503371
26.4539, -25.6014, 0.825443, 7.29668, 0.0492243
26.6152, -24.4375, 0.833293, 7.13539, 0.0481106
26.7765, -23.2996, 0.840963, 6.9741, 0.0469961
26.9378, -22.1878, 0.848453, 6.81281, 0.045881
27.0991, -21.1019, 0.855763, 6.65153, 0.0447655
27.2604, -20.0421, 0.862894, 6.49023, 0.0436496
27.4217, -19.0083, 0.869844, 6.32895, 0.0425334
27.583, -18.0005, 0.876614, 6.16766, 0.0414169
27.7443, -17.0187, 0.883204, 6.00637, 0.0403002
27.9056, -16.0629, 0.889614, 5.84508, 0.0391833
28.0668, -15.1331, 0.895844, 5.68379, 0.0380662
28.2281, -14.2294, 0.901894, 5.52251, 0.036949
28.3894, -13.3517, 0.907763, 5.36122, 0.0358316
28.5507, -12.5, 0.913453, 5.19993, 0.0347141
28.712, -11.6743, 0.918962, 5.03864, 0.0335965
28.8733, -10.8746, 0.92429, 4.87735, 0.0324788
29.0346, -10.1009, 0.929439, 4.71607, 0.0313611
29.1959, -9.35325, 0.934407, 4.55478, 0.0302432
29.3572, -8.63161, 0.939195, 4.39349, 0.0291253
29.5185, -7.93599, 0.943802, 4.2322, 0.0280073
29.6798, -7.26637, 0.948229, 4.07091, 0.0268892
29.8411, -6.62277, 0.952476, 3.90963, 0.0257711
30.0024, -6.00519, 0.956543, 3.74834, 0.0246529
30.1636, -5.41362, 0.960429, 3.58705, 0.0235347
30.3249, -4.84806, 0.964135, 3.42576, 0.0224164
30.4862, -4.30853, 0.96766, 3.26447, 0.0212981
30.6475, -3.795, 0.971005, 3.10319, 0.0201797
30.8088, -3.30749, 0.97417, 2.9419, 0.0190613
30.9701, -2.84599, 0.977154, 2.78061, 0.0179429
31.1314, -2.4105, 0.979958, 2.61932, 0.0168244
31.2927, -2.00105, 0.982581, 2.45803, 0.0157059
31.454, -1.61759, 0.985024, 2.29674, 0.0145873
31.6153, -1.26015, 0.987287, 2.13546, 0.0134688
31.7766, -0.928726, 0.989369, 1.97417, 0.0123502
31.9379, -0.623314, 0.991271, 1.81288, 0.0112316
32.0991, -0.343918, 0.992992, 1.65159, 0.0101129
32.2604, -0.090538, 0.994533, 1.4903, 0.00899426
32.4217, 0.136833, 0.995893, 1.32902, 0.00787556
32.583, 0.338188, 0.997074, 1.16773, 0.00675685
32.7443, 0.513519, 0.998073, 1.00644, 0.00563811
32.9056, 0.662842, 0.998892, 0.845154, 0.00451938
33.0669, 0.786156, 0.999531, 0.683864, 0.00340059
33.2282, 0.883446, 0.999989, 0.522573, 0.00228178
33.3895, 0.95472, 1.00027, 0.361287, 0.00116299
33.5508, 1, 1.00036, 0.199999, 4.41632e-05
