4.07858, 0
0, 0, 0, 0.5, 0
0.0153142, 0.0071028, 0.000497231, 0.507836, 0.0131165
0.0306285, 0.0143261, 0.00119564, 0.51567, 0.0262321
0.0459427, 0.02167, 0.00209522, 0.523503, 0.0393465
0.0612569, 0.0291343, 0.00319595, 0.531334, 0.0524597
0.0765712, 0.0367191, 0.00449782, 0.539164, 0.0655717
0.0918854, 0.0444246, 0.00600088, 0.546992, 0.0786824
0.1072, 0.0522505, 0.0077051, 0.554818, 0.0917916
0.122514, 0.060197, 0.00961041, 0.562642, 0.104899
0.137828, 0.0682641, 0.0117169, 0.570464, 0.118005
0.153142, 0.0764517, 0.0140245, 0.578284, 0.131109
0.168457, 0.0847598, 0.0165333, 0.586101, 0.144212
0.183771, 0.0931885, 0.0192431, 0.593915, 0.157312
0.199085, 0.101738, 0.0221541, 0.601726, 0.170409
0.214399, 0.110408, 0.0252662, 0.609534, 0.183505
0.229714, 0.119198, 0.0285793, 0.617338, 0.196597
0.245028, 0.128109, 0.0320935, 0.625138, 0.209686
0.260342, 0.137141, 0.0358088, 0.632934, 0.222772
0.275656, 0.146294, 0.0397251, 0.640725, 0.235855
0.29097, 0.155567, 0.0438424, 0.648511, 0.248933
0.306285, 0.16496, 0.0481608, 0.656291, 0.262007
0.321599, 0.174475, 0.0526801, 0.664064, 0.275076
0.336913, 0.18411, 0.0574003, 0.67183, 0.288139
0.352227, 0.193866, 0.0623214, 0.679588, 0.301196
0.367542, 0.203743, 0.0674434, 0.687337, 0.314245
0.382856, 0.21374, 0.0727662, 0.695075, 0.327287
0.39817, 0.223859, 0.0782898, 0.702801, 0.340319
0.413484, 0.234099, 0.0840141, 0.710514, 0.353341
0.428799, 0.244459, 0.0899389, 0.718211, 0.36635
0.444113, 0.254941, 0.0960643, 0.72589, 0.379346
0.459427, 0.265544, 0.10239, 0.733547, 0.392324
0.474741, 0.276268, 0.108916, 0.741179, 0.405283
0.490056, 0.287114, 0.115642, 0.748781, 0.418218
0.50537, 0.298082, 0.122568, 0.756346, 0.431125
0.520684, 0.309172, 0.129693, 0.763868, 0.443997
0.535998, 0.320384, 0.137017, 0.771335, 0.456826
0.551312, 0.331719, 0.14454, 0.778734, 0.469601
0.566627, 0.343178, 0.15226, 0.786047, 0.482308
0.581941, 0.354761, 0.160177, 0.793248, 0.494924
0.597255, 0.366469, 0.168289, 0.800299, 0.50742
0.612569, 0.378305, 0.176594, 0.807148, 0.519751
0.627884, 0.39027, 0.185087, 0.813713, 0.531849
0.643198, 0.402368, 0.193764, 0.819867, 0.543606
0.658512, 0.414605, 0.202614, 0.825406, 0.554843
0.673826, 0.426987, 0.211621, 0.829996, 0.56526
0.689141, 0.439523, 0.220754, 0.833099, 0.574353
0.704455, 0.452215, 0.229962, 0.833939, 0.58134
0.719769, 0.465042, 0.239174, 0.831734, 0.5853
0.735083, 0.477936, 0.248316, 0.826285, 0.5857
0.750398, 0.490801, 0.257343, 0.818269, 0.582837
0.765712, 0.503555, 0.266238, 0.808694, 0.577505
0.781026, 0.516152, 0.274997, 0.798338, 0.570469
0.79634, 0.528572, 0.283615, 0.787655, 0.562265
0.811654, 0.540808, 0.29209, 0.776883, 0.553244
0.826969, 0.55286, 0.300416, 0.766141, 0.543627
0.842283, 0.56473, 0.308589, 0.755482, 0.533563
0.857597, 0.576422, 0.316605, 0.744933, 0.523151
0.872911, 0.587939, 0.324461, 0.734501, 0.512461
0.888226, 0.599285, 0.332153, 0.724187, 0.501547
0.90354, 0.610463, 0.339679, 0.713985, 0.490445
0.918854, 0.621475, 0.347035, 0.703891, 0.479185
0.934168, 0.632325, 0.35422, 0.693897, 0.46779
0.949483, 0.643014, 0.361232, 0.683997, 0.456278
0.964797, 0.653545, 0.36807, 0.674184, 0.444665
0.980111, 0.66392, 0.37473, 0.664452, 0.432962
0.995425, 0.674141, 0.381213, 0.654796, 0.421179
1.01074, 0.684209, 0.387517, 0.645209, 0.409325
1.02605, 0.694126, 0.39364, 0.635687, 0.397407
1.04137, 0.703893, 0.399583, 0.626226, 0.385431
1.05668, 0.713511, 0.405343, 0.616822, 0.373402
1.072, 0.722982, 0.41092, 0.607471, 0.361326
1.08731, 0.732307, 0.416313, 0.598169, 0.349205
1.10262, 0.741486, 0.421522, 0.588914, 0.337044
1.11794, 0.75052, 0.426546, 0.579703, 0.324846
1.13325, 0.759411, 0.431383, 0.570532, 0.312613
1.14857, 0.768159, 0.436035, 0.561401, 0.300348
1.16388, 0.776765, 0.440499, 0.552306, 0.288053
1.1792, 0.78523, 0.444776, 0.543246, 0.27573
1.19451, 0.793554, 0.448865, 0.534218, 0.263381
1.20982, 0.801738, 0.452765, 0.525221, 0.251008
1.22514, 0.809782, 0.456477, 0.516254, 0.238611
1.24045, 0.817687, 0.46, 0.507315, 0.226193
1.25577, 0.825454, 0.463334, 0.498403, 0.213755
1.27108, 0.833082, 0.466477, 0.489516, 0.201297
1.2864, 0.840574, 0.46943, 0.480653, 0.188821
1.30171, 0.847928, 0.472193, 0.471813, 0.176327
1.31702, 0.855145, 0.474765, 0.462995, 0.163817
1.33234, 0.862226, 0.477147, 0.454198, 0.151292
1.34765, 0.869172, 0.479336, 0.445421, 0.138751
1.36297, 0.875982, 0.481335, 0.436664, 0.126197
1.37828, 0.882656, 0.483141, 0.427925, 0.113629
1.3936, 0.889196, 0.484756, 0.419204, 0.101048
1.40891, 0.895601, 0.486178, 0.4105, 0.0884553
1.42422, 0.901872, 0.487408, 0.401813, 0.0758506
1.43954, 0.908009, 0.488445, 0.393141, 0.0632344
1.45485, 0.914012, 0.48929, 0.384485, 0.0506074
1.47017, 0.919882, 0.489942, 0.375843, 0.0379701
1.48548, 0.925619, 0.4904, 0.367215, 0.0253229
1.5008, 0.931223, 0.490665, 0.358601, 0.0126661
1.51611, 0.936694, 0.490737, 0.35, -2.98023e-08
1.54173, 0.945537, 0.49104, 0.339689, 0.0234589
1.56736, 0.954132, 0.491952, 0.32936, 0.0469098
1.59298, 0.962421, 0.493446, 0.319059, 0.0703728
1.61861, 0.970462, 0.495549, 0.30874, 0.093828
1.64423, 0.978227, 0.498248, 0.298426, 0.117285
1.66986, 0.985765, 0.501563, 0.288074, 0.140726
1.69548, 0.992999, 0.505463, 0.27775, 0.164179
1.72111, 0.999979, 0.509969, 0.26741, 0.187625
1.74673, 1.0067, 0.515079, 0.257057, 0.211065
1.77236, 1.01317, 0.520792, 0.24669, 0.234499
1.79798, 1.01935, 0.527099, 0.23633, 0.257936
1.82361, 1.02525, 0.534001, 0.225977, 0.281376
1.84923, 1.03093, 0.54152, 0.215577, 0.304796
1.87486, 1.03633, 0.549632, 0.205185, 0.328219
1.90048, 1.04144, 0.558338, 0.194802, 0.351645
1.92611, 1.0463, 0.56765, 0.184393, 0.375061
1.95173, 1.05089, 0.577561, 0.173977, 0.398473
1.97735, 1.05523, 0.588076, 0.16354, 0.421876
2.00298, 1.05928, 0.599183, 0.153113, 0.445284
2.0286, 1.06307, 0.610892, 0.142668, 0.468683
2.05423, 1.06659, 0.623203, 0.132205, 0.492074
2.07985, 1.06985, 0.636113, 0.121727, 0.515459
2.10548, 1.07283, 0.649619, 0.111249, 0.538843
2.1311, 1.07554, 0.663726, 0.100745, 0.562217
2.15673, 1.07799, 0.678434, 0.09022, 0.58558
2.18235, 1.08018, 0.693741, 0.0796756, 0.608935
2.20798, 1.08207, 0.70964, 0.069138, 0.632292
2.2336, 1.08372, 0.726144, 0.0585519, 0.655629
2.25923, 1.08507, 0.74324, 0.0479663, 0.678964
2.28485, 1.08617, 0.760938, 0.0373417, 0.702283
2.31048, 1.08699, 0.779232, 0.026694, 0.72559
2.3361, 1.08753, 0.798124, 0.0160184, 0.748886
2.36173, 1.08781, 0.817613, 0.00530317, 0.772162
2.38735, 1.08781, 0.837698, -0.00544399, 0.795425
2.41298, 1.08754, 0.85838, -0.0162389, 0.818665
2.4386, 1.08698, 0.879654, -0.0270639, 0.841891
2.46423, 1.08615, 0.901526, -0.0379514, 0.865088
2.48985, 1.08503, 0.923987, -0.0488734, 0.888268
2.51547, 1.08364, 0.947049, -0.0599115, 0.911394
2.5411, 1.08196, 0.970697, -0.0709821, 0.934503
2.56672, 1.08, 0.994941, -0.0821868, 0.957549
2.59235, 1.07775, 1.01977, -0.0934742, 0.980553
2.61797, 1.07521, 1.04519, -0.104915, 1.00348
2.6436, 1.07237, 1.0712, -0.116526, 1.02633
2.66922, 1.06924, 1.09779, -0.128385, 1.04904
2.69485, 1.06579, 1.12496, -0.140518, 1.07161
2.72047, 1.06203, 1.15271, -0.153107, 1.09393
2.7461, 1.05794, 1.18102, -0.16636, 1.11586
2.77172, 1.05349, 1.20989, -0.180754, 1.13705
2.79735, 1.04865, 1.23928, -0.197462, 1.15643
2.82297, 1.04332, 1.26909, -0.219936, 1.16707
2.8486, 1.03745, 1.2988, -0.234215, 1.14817
2.87422, 1.03145, 1.32789, -0.233481, 1.12263
2.89985, 1.02552, 1.35634, -0.228716, 1.09746
2.92547, 1.01974, 1.38414, -0.222335, 1.07265
2.9511, 1.01413, 1.41131, -0.21509, 1.04807
2.97672, 1.00872, 1.43786, -0.207308, 1.02365
3.00235, 1.00351, 1.46378, -0.199161, 0.99936
3.02797, 0.998514, 1.48907, -0.190749, 0.975155
3.05359, 0.993736, 1.51375, -0.182137, 0.951022
3.07922, 0.989181, 1.53781, -0.173367, 0.926945
3.10484, 0.984852, 1.56126, -0.16447, 0.902914
3.13047, 0.980752, 1.58409, -0.155469, 0.878922
3.15609, 0.976885, 1.6063, -0.146381, 0.854964
3.18172, 0.973251, 1.6279, -0.137218, 0.831033
3.20734, 0.969853, 1.64889, -0.127992, 0.807127
3.23297, 0.966692, 1.66927, -0.118711, 0.783242
3.25859, 0.96377, 1.68903, -0.109381, 0.759376
3.28422, 0.961087, 1.70819, -0.100008, 0.735527
3.30984, 0.958645, 1.72673, -0.0905974, 0.711692
3.33547, 0.956444, 1.74466, -0.0811525, 0.687872
3.36109, 0.954486, 1.76198, -0.0716765, 0.664064
3.38672, 0.952771, 1.77869, -0.0621726, 0.640267
3.41234, 0.9513, 1.7948, -0.0526433, 0.61648
3.43797, 0.950073, 1.81029, -0.0430909, 0.592702
3.46359, 0.949091, 1.82517, -0.033517, 0.568933
3.48922, 0.948355, 1.83945, -0.0239235, 0.545172
3.51484, 0.947866, 1.85311, -0.0143118, 0.521418
3.54046, 0.947622, 1.86617, -0.00468341, 0.497671
3.56609, 0.947626, 1.87862, 0.00496057, 0.47393
3.59171, 0.947877, 1.89046, 0.0146193, 0.450195
3.61734, 0.948375, 1.90169, 0.0242915, 0.426466
3.64296, 0.949122, 1.91231, 0.0339762, 0.402742
3.66859, 0.950116, 1.92233, 0.043673, 0.379023
3.69421, 0.95136, 1.93174, 0.0533812, 0.355308
3.71984, 0.952852, 1.94054, 0.0630996, 0.331598
3.74546, 0.954594, 1.94873, 0.0728282, 0.307892
3.77109, 0.956585, 1.95632, 0.082566, 0.28419
3.79671, 0.958825, 1.9633, 0.0923129, 0.260491
3.82234, 0.961316, 1.96967, 0.102068, 0.236796
3.84796, 0.964056, 1.97543, 0.111831, 0.213104
3.87359, 0.967047, 1.98059, 0.121602, 0.189415
3.89921, 0.970288, 1.98514, 0.13138, 0.165729
3.92484, 0.97378, 1.98908, 0.141165, 0.142046
3.95046, 0.977523, 1.99242, 0.150957, 0.118366
3.97609, 0.981517, 1.99515, 0.160755, 0.0946885
4.00171, 0.985762, 1.99727, 0.170559, 0.0710132
4.02734, 0.990258, 1.99879, 0.180368, 0.0473405
4.05296, 0.995006, 1.9997, 0.190183, 0.0236703
4.07858, 1, 2, 0.200004, 1.53109e-06
