32.821, 0
0, 0, 0, 0.5, 0
0.172278, 0.0712992, 0.000104349, 0.327728, 0.00129929
0.344555, 0.112922, 0.000432518, 0.155455, 0.00259859
0.516833, 0.124863, 0.000984551, -0.0168177, 0.00389787
0.68911, 0.107122, 0.00176045, -0.18909, 0.00519717
0.861388, 0.05971, 0.00276012, -0.361363, 0.00649646
1.03367, -0.0173839, 0.00398366, -0.533636, 0.00779575
1.20594, -0.124159, 0.00543106, -0.705909, 0.00909504
1.37822, -0.260609, 0.00710226, -0.878181, 0.0103943
1.5505, -0.42674, 0.00899732, -1.05045, 0.0116936
1.72278, -0.622547, 0.0111162, -1.22273, 0.0129929
1.89505, -0.848037, 0.013459, -1.395, 0.0142922
2.06733, -1.1032, 0.0160255, -1.56727, 0.0155915
2.23961, -1.38805, 0.0188159, -1.73954, 0.0168908
2.41189, -1.70257, 0.0218302, -1.91182, 0.0181901
2.58416, -2.04677, 0.0250683, -2.08409, 0.0194894
2.75644, -2.42066, 0.0285302, -2.25636, 0.0207887
2.92872, -2.82422, 0.032216, -2.42864, 0.022088
3.101, -3.25746, 0.0361256, -2.60091, 0.0233873
3.27327, -3.72037, 0.040259, -2.77318, 0.0246865
3.44555, -4.21297, 0.0446163, -2.94545, 0.0259858
3.61783, -4.73524, 0.0491974, -3.11773, 0.0272851
3.79011, -5.2872, 0.0540024, -3.29, 0.0285844
3.96238, -5.86883, 0.0590312, -3.46227, 0.0298837
4.13466, -6.48014, 0.0642838, -3.63454, 0.031183
4.30694, -7.12113, 0.0697603, -3.80682, 0.0324823
4.47922, -7.7918, 0.0754606, -3.97909, 0.0337816
4.65149, -8.49215, 0.0813848, -4.15136, 0.0350809
4.82377, -9.22217, 0.0875328, -4.32363, 0.0363802
4.99605, -9.98187, 0.0939046, -4.49591, 0.0376795
5.16833, -10.7713, 0.1005, -4.66818, 0.0389788
5.3406, -11.5903, 0.10732, -4.84045, 0.040278
5.51288, -12.4391, 0.114363, -5.01272, 0.0415773
5.68516, -13.3175, 0.12163, -5.185, 0.0428766
5.85744, -14.2256, 0.129121, -5.35727, 0.0441759
6.02972, -15.1634, 0.136836, -5.52954, 0.0454752
6.20199, -16.1308, 0.147544, -5.70182, 0.0456209
6.37427, -17.1279, 0.152937, -5.87409, 0.0480738
6.54655, -18.1548, 0.161324, -6.04636, 0.0493731
6.71883, -19.2113, 0.169934, -6.21863, 0.0506724
6.8911, -20.2974, 0.178768, -6.39091, 0.0519717
7.06338, -21.4133, 0.187826, -6.56318, 0.053271
7.23566, -22.5588, 0.197108, -6.73545, 0.0545703
7.40794, -23.734, 0.206613, -6.90772, 0.0558696
7.58021, -24.9389, 0.216343, -7.08, 0.0571689
7.75249, -26.1735, 0.226296, -7.25227, 0.0584681
7.92477, -27.4377, 0.236473, -7.42454, 0.0597674
8.09705, -28.7316, 0.246874, -7.59682, 0.0610668
8.26932, -30.0552, 0.257499, -7.7691, 0.0623661
8.4416, -31.4085, 0.268551, -7.94136, 0.0624006
8.61388, -32.7913, 0.279402, -8.09158, 0.063211
8.78616, -34.1705, 0.290165, -7.91908, 0.0617864
8.95843, -35.5199, 0.300695, -7.74683, 0.0604582
9.13071, -36.8397, 0.310997, -7.57455, 0.0591415
9.30299, -38.1297, 0.321072, -7.40228, 0.0578298
9.47527, -39.3901, 0.330922, -7.23, 0.0565208
9.64754, -40.6209, 0.340547, -7.05773, 0.0552136
9.81982, -41.8219, 0.349947, -6.88546, 0.0539076
9.9921, -42.9933, 0.359121, -6.71319, 0.0526025
10.1644, -44.135, 0.368071, -6.54092, 0.0512981
10.3367, -45.247, 0.376796, -6.36864, 0.0499942
10.5089, -46.3293, 0.385297, -6.19637, 0.0486907
10.6812, -47.382, 0.393573, -6.02409, 0.0473876
10.8535, -48.405, 0.401624, -5.85182, 0.0460848
11.0258, -49.3983, 0.409452, -5.67955, 0.0447823
11.198, -50.3619, 0.417054, -5.50728, 0.04348
11.3703, -51.2958, 0.424433, -5.335, 0.0421779
11.5426, -52.2001, 0.431587, -5.16273, 0.0408759
11.7149, -53.0747, 0.438517, -4.99046, 0.0395741
11.8872, -53.9196, 0.445222, -4.81818, 0.0382724
12.0594, -54.7348, 0.451704, -4.64591, 0.0369709
12.2317, -55.5204, 0.457961, -4.47364, 0.0356695
12.404, -56.2762, 0.463994, -4.30137, 0.0343681
12.5763, -57.0024, 0.469803, -4.1291, 0.0330669
12.7485, -57.6989, 0.475387, -3.95682, 0.0317658
12.9208, -58.3658, 0.480748, -3.78455, 0.0304647
13.0931, -59.0029, 0.485884, -3.61228, 0.0291637
13.2654, -59.6104, 0.490796, -3.44, 0.0278627
13.4377, -60.1882, 0.495484, -3.26773, 0.0265618
13.6099, -60.7363, 0.499948, -3.09546, 0.025261
13.7822, -61.2547, 0.504188, -2.92319, 0.0239602
13.9545, -61.7435, 0.508204, -2.75092, 0.0226595
14.1268, -62.2026, 0.511996, -2.57864, 0.0213588
14.299, -62.632, 0.515563, -2.40637, 0.0200582
14.4713, -63.0317, 0.518907, -2.23409, 0.0187576
14.6436, -63.4017, 0.522026, -2.06182, 0.017457
14.8159, -63.7421, 0.524922, -1.88955, 0.0161565
14.9881, -64.0528, 0.527593, -1.71728, 0.014856
15.1604, -64.3338, 0.53004, -1.545, 0.0135555
15.3327, -64.5852, 0.532264, -1.37273, 0.0122551
15.505, -64.8068, 0.534263, -1.20046, 0.0109547
15.6773, -64.9988, 0.536038, -1.02819, 0.00965431
15.8495, -65.1611, 0.537589, -0.855914, 0.00835395
16.0218, -65.2937, 0.538917, -0.68364, 0.00705362
16.1941, -65.3966, 0.54002, -0.51137, 0.00575333
16.3664, -65.4699, 0.540899, -0.339096, 0.00445305
16.5386, -65.5135, 0.541554, -0.166826, 0.00315281
16.7109, -65.5274, 0.541985, 0.00544807, 0.00185256
16.8832, -65.5116, 0.542192, 0.177723, 0.000552329
17.0555, -65.4661, 0.542176, 0.349994, -0.000747853
17.2131, -65.3985, 0.548594, 0.507651, 0.00114547
17.3708, -65.306, 0.548872, 0.665302, 0.00229094
17.5284, -65.1887, 0.54933, 0.822953, 0.00343641
17.6861, -65.0465, 0.549969, 0.980604, 0.00458188
17.8438, -64.8795, 0.550788, 1.13826, 0.00572735
18.0014, -64.6876, 0.551788, 1.29591, 0.00687282
18.1591, -64.4709, 0.552969, 1.45356, 0.00801829
18.3167, -64.2293, 0.55433, 1.61121, 0.00916376
18.4744, -63.9629, 0.555872, 1.76886, 0.0103092
18.632, -63.6716, 0.557595, 1.92651, 0.0114547
18.7897, -63.3554, 0.559498, 2.08416, 0.0126002
18.9473, -63.0144, 0.561581, 2.24181, 0.0137456
19.105, -62.6485, 0.563845, 2.39946, 0.0148911
19.2626, -62.2578, 0.56629, 2.55711, 0.0160366
19.4203, -61.8423, 0.568915, 2.71476, 0.017182
19.578, -61.4018, 0.571721, 2.87242, 0.0183275
19.7356, -60.9366, 0.574708, 3.03007, 0.019473
19.8933, -60.4464, 0.577875, 3.18772, 0.0206185
20.0509, -59.9314, 0.581223, 3.34537, 0.0217639
20.2086, -59.3916, 0.584751, 3.50302, 0.0229094
20.3662, -58.8269, 0.58846, 3.66067, 0.0240549
20.5239, -58.2373, 0.592349, 3.81832, 0.0252003
20.6815, -57.6229, 0.596419, 3.97597, 0.0263458
20.8392, -56.9837, 0.60067, 4.13362, 0.0274913
20.9969, -56.3196, 0.605101, 4.29127, 0.0286368
21.1545, -55.6306, 0.609713, 4.44892, 0.0297822
21.3122, -54.9168, 0.614506, 4.60658, 0.0309277
21.4698, -54.1781, 0.619479, 4.76423, 0.0320732
21.6275, -53.4146, 0.623289, 4.92187, 0.0336337
21.7851, -52.6262, 0.629966, 5.07953, 0.0343641
21.9428, -51.8129, 0.635481, 5.23718, 0.0355096
22.1004, -50.9748, 0.641177, 5.39483, 0.036655
22.2581, -50.1119, 0.647053, 5.55248, 0.0378005
22.4158, -49.2241, 0.653109, 5.71013, 0.038946
22.5734, -48.3114, 0.659346, 5.86778, 0.0400915
22.7311, -47.3739, 0.664879, 6.02543, 0.041652
22.8887, -46.4116, 0.672362, 6.18309, 0.0423824
23.0464, -45.4243, 0.679141, 6.34073, 0.0435279
23.204, -44.4123, 0.685412, 6.49838, 0.0450884
23.3617, -43.3753, 0.693241, 6.65604, 0.0458188
23.5193, -42.3135, 0.700561, 6.81369, 0.0469643
23.677, -41.2269, 0.708063, 6.97134, 0.0481097
23.8346, -40.1154, 0.715744, 7.12899, 0.0492552
23.9923, -38.9791, 0.723204, 7.28663, 0.0508632
24.15, -37.8179, 0.73165, 7.44429, 0.0515462
24.3076, -36.6318, 0.739593, 7.60193, 0.0531964
24.4653, -35.4209, 0.748278, 7.7596, 0.0538371
24.6229, -34.1851, 0.756863, 7.91725, 0.0549826
24.7806, -32.9245, 0.765587, 8.07489, 0.0566271
24.9382, -31.6446, 0.774597, 8.08256, 0.0571196
25.0959, -30.3828, 0.783516, 7.92491, 0.056023
25.2535, -29.1458, 0.79226, 7.76724, 0.0548998
25.4112, -27.9337, 0.800826, 7.6096, 0.053769
25.5689, -26.7465, 0.809214, 7.45194, 0.0526345
25.7265, -25.5841, 0.817422, 7.29429, 0.0514977
25.8842, -24.4465, 0.825452, 7.13664, 0.0503595
26.0418, -23.3338, 0.833301, 6.97899, 0.0492202
26.1995, -22.246, 0.840971, 6.82134, 0.0480802
26.3571, -21.183, 0.848461, 6.66369, 0.0469395
26.5148, -20.1448, 0.855772, 6.50604, 0.0457984
26.6724, -19.1315, 0.862902, 6.34839, 0.0446569
26.8301, -18.1431, 0.869852, 6.19073, 0.043515
26.9878, -17.1795, 0.876623, 6.03308, 0.0423729
27.1454, -16.2408, 0.883213, 5.87543, 0.0412305
27.3031, -15.327, 0.889623, 5.71778, 0.0400879
27.4607, -14.4379, 0.895853, 5.56013, 0.0389451
27.6184, -13.5738, 0.901903, 5.40248, 0.0378022
27.776, -12.7345, 0.907773, 5.24483, 0.0366591
27.9337, -11.92, 0.913462, 5.08718, 0.0355159
28.0913, -11.1304, 0.918971, 4.92953, 0.0343726
28.249, -10.3657, 0.9243, 4.77188, 0.0332292
28.4066, -9.62584, 0.929449, 4.61422, 0.0320857
28.5643, -8.91079, 0.934417, 4.45657, 0.0309421
28.722, -8.22062, 0.939205, 4.29892, 0.0297985
28.8796, -7.55532, 0.943813, 4.14127, 0.0286547
29.0373, -6.91485, 0.94824, 3.98362, 0.0275109
29.1949, -6.29922, 0.952487, 3.82597, 0.0263671
29.3526, -5.70847, 0.956554, 3.66832, 0.0252231
29.5102, -5.14257, 0.96044, 3.51067, 0.0240791
29.6679, -4.60152, 0.964146, 3.35302, 0.0229351
29.8255, -4.08533, 0.967672, 3.19537, 0.021791
29.9832, -3.594, 0.971017, 3.03772, 0.0206469
30.1409, -3.12751, 0.974182, 2.88006, 0.0195028
30.2985, -2.68588, 0.977167, 2.72241, 0.0183586
30.4562, -2.26909, 0.979971, 2.56476, 0.0172143
30.6138, -1.87719, 0.982594, 2.40711, 0.0160701
30.7715, -1.51011, 0.985038, 2.24946, 0.0149258
30.9291, -1.16791, 0.987301, 2.09181, 0.0137814
31.0868, -0.850533, 0.989383, 1.93416, 0.0126371
31.2444, -0.558044, 0.991285, 1.77651, 0.0114927
31.4021, -0.290382, 0.993007, 1.61886, 0.0103483
31.5597, -0.0476074, 0.994548, 1.46121, 0.00920381
31.7174, 0.170334, 0.995909, 1.30355, 0.00805935
31.8751, 0.363434, 0.99709, 1.1459, 0.00691487
32.0327, 0.531662, 0.998089, 0.988254, 0.00577036
32.1904, 0.675041, 0.998909, 0.830603, 0.00462583
32.348, 0.793556, 0.999548, 0.672952, 0.00348128
32.5057, 0.887215, 1.00001, 0.515301, 0.00233671
32.6633, 0.956032, 1.00028, 0.357651, 0.00119213
32.821, 0.999992, 1.00038, 0.2, 4.75209e-05
