28.6129, 0
0, 0, 0, 0.5, 0
0.150942, 0.0640807, 0.000102967, 0.349065, 0.00148292
0.301884, 0.105376, 0.0004298, 0.19813, 0.00296583
0.452826, 0.123893, 0.000980422, 0.0471955, 0.00444875
0.603768, 0.119627, 0.00175489, -0.103739, 0.00593167
0.75471, 0.0925733, 0.00275324, -0.254674, 0.00741458
0.905652, 0.0427415, 0.00397539, -0.405608, 0.0088975
1.05659, -0.029872, 0.00542136, -0.556543, 0.0103804
1.20754, -0.12527, 0.00709118, -0.707478, 0.0118633
1.35848, -0.243448, 0.00898482, -0.858413, 0.0133463
1.50942, -0.384411, 0.0111023, -1.00935, 0.0148292
1.66036, -0.548155, 0.0134436, -1.16028, 0.0163121
1.8113, -0.734683, 0.0160088, -1.31122, 0.017795
1.96225, -0.94399, 0.0187978, -1.46215, 0.0192779
2.11319, -1.17608, 0.0218106, -1.61309, 0.0207608
2.26413, -1.43096, 0.0250473, -1.76402, 0.0222438
2.41507, -1.70861, 0.0285078, -1.91496, 0.0237267
2.56602, -2.00905, 0.0321921, -2.06589, 0.0252096
2.71696, -2.33227, 0.0361003, -2.21683, 0.0266925
2.8679, -2.67828, 0.0402323, -2.36776, 0.0281754
3.01884, -3.04706, 0.0445881, -2.5187, 0.0296583
3.16978, -3.43863, 0.0491678, -2.66963, 0.0311413
3.32073, -3.85298, 0.0539712, -2.82056, 0.0326242
3.47167, -4.29011, 0.0589986, -2.9715, 0.0341071
3.62261, -4.75003, 0.0642498, -3.12243, 0.03559
3.77355, -5.23273, 0.0697248, -3.27337, 0.0370729
3.92449, -5.73821, 0.0754236, -3.4243, 0.0385558
4.07544, -6.26647, 0.0813463, -3.57524, 0.0400388
4.22638, -6.81747, 0.0926543, -3.72619, 0.0399671
4.37732, -7.39134, 0.0938631, -3.87711, 0.0430046
4.52826, -7.98796, 0.100457, -4.02804, 0.0444875
4.6792, -8.6073, 0.111733, -4.17899, 0.0444159
4.83015, -9.24948, 0.118652, -4.32993, 0.0458577
4.98109, -9.91444, 0.125571, -4.48086, 0.0473817
5.13203, -10.6022, 0.132826, -4.6318, 0.0488646
5.28297, -11.3127, 0.136786, -4.78272, 0.0519021
5.43391, -12.046, 0.144723, -4.93365, 0.053385
5.58486, -12.8021, 0.156014, -5.0846, 0.0532723
5.7358, -13.581, 0.164084, -5.23554, 0.0547963
5.88674, -14.3826, 0.172566, -5.38647, 0.0562141
6.03768, -15.2071, 0.17871, -5.53739, 0.0593167
6.18862, -16.0543, 0.187766, -5.68833, 0.0607996
6.33957, -16.9243, 0.197047, -5.83926, 0.0622825
6.49051, -17.8171, 0.208192, -5.99021, 0.0622109
6.64145, -18.7326, 0.217723, -6.14114, 0.0636527
6.79239, -19.671, 0.227434, -6.29208, 0.0651356
6.94333, -20.6321, 0.236406, -6.443, 0.0682142
7.09428, -21.616, 0.247545, -6.59395, 0.0680604
7.24522, -22.6227, 0.25794, -6.74488, 0.0694833
7.39616, -23.6522, 0.268275, -6.8958, 0.0726629
7.5471, -24.7045, 0.279345, -7.04628, 0.0722078
7.69804, -25.7566, 0.290083, -6.89486, 0.0703376
7.84899, -26.7859, 0.300584, -6.74394, 0.0688138
7.99993, -27.7925, 0.310857, -6.593, 0.0673069
8.15087, -28.7762, 0.320904, -6.44207, 0.065807
8.30181, -29.7372, 0.330724, -6.29114, 0.0643109
8.45275, -30.6754, 0.340318, -6.1402, 0.0628172
8.6037, -31.5909, 0.349687, -5.98927, 0.0613252
8.75464, -32.4835, 0.358831, -5.83833, 0.0598343
8.90558, -33.3534, 0.36775, -5.6874, 0.0583445
9.05652, -34.2004, 0.376445, -5.53646, 0.0568553
9.20747, -35.0247, 0.384914, -5.38553, 0.0553667
9.35841, -35.8262, 0.393159, -5.23459, 0.0538787
9.50935, -36.605, 0.401179, -5.08366, 0.052391
9.66029, -37.3609, 0.408975, -4.93272, 0.0509037
9.81123, -38.0941, 0.416546, -4.78179, 0.0494167
9.96218, -38.8045, 0.423893, -4.63085, 0.0479299
10.1131, -39.4921, 0.431016, -4.47992, 0.0464435
10.2641, -40.1569, 0.437914, -4.32898, 0.0449571
10.415, -40.7989, 0.444588, -4.17805, 0.043471
10.5659, -41.4182, 0.451037, -4.02712, 0.0419851
10.7169, -42.0146, 0.457262, -3.87618, 0.0404993
10.8678, -42.5883, 0.463263, -3.72525, 0.0390136
11.0188, -43.1392, 0.46904, -3.57431, 0.037528
11.1697, -43.6674, 0.474592, -3.42338, 0.0360426
11.3207, -44.1727, 0.47992, -3.27244, 0.0345573
11.4716, -44.6552, 0.485025, -3.12151, 0.0330721
11.6225, -45.115, 0.489904, -2.97057, 0.0315869
11.7735, -45.552, 0.49456, -2.81964, 0.0301018
11.9244, -45.9662, 0.498992, -2.6687, 0.0286168
12.0754, -46.3577, 0.503199, -2.51777, 0.0271319
12.2263, -46.7263, 0.507182, -2.36684, 0.0256471
12.3772, -47.0722, 0.510942, -2.2159, 0.0241622
12.5282, -47.3952, 0.514477, -2.06496, 0.0226775
12.6791, -47.6955, 0.517787, -1.91403, 0.0211928
12.8301, -47.9731, 0.520874, -1.76309, 0.0197082
12.981, -48.2278, 0.523737, -1.61216, 0.0182236
13.132, -48.4597, 0.526376, -1.46123, 0.0167391
13.2829, -48.6689, 0.52879, -1.31029, 0.0152546
13.4338, -48.8553, 0.530981, -1.15936, 0.0137701
13.5848, -49.0189, 0.532947, -1.00842, 0.0122857
13.7357, -49.1597, 0.53469, -0.857487, 0.0108013
13.8867, -49.2778, 0.536208, -0.706554, 0.00931699
14.0376, -49.373, 0.537502, -0.555617, 0.00783266
14.1886, -49.4455, 0.538573, -0.404682, 0.00634838
14.3395, -49.4952, 0.539419, -0.253747, 0.00486413
14.4904, -49.5221, 0.540041, -0.102813, 0.00337992
14.6414, -49.5262, 0.540439, 0.0481227, 0.00189572
14.7923, -49.5076, 0.540613, 0.199056, 0.000411565
14.9433, -49.4661, 0.540563, 0.349991, -0.00107257
15.08, -49.4089, 0.548595, 0.48669, 0.00132105
15.2167, -49.333, 0.548874, 0.62338, 0.00264212
15.3534, -49.2385, 0.549334, 0.76007, 0.00396317
15.49, -49.1252, 0.549974, 0.89676, 0.00528423
15.6267, -48.9933, 0.550795, 1.03345, 0.00660528
15.7634, -48.8427, 0.551796, 1.17014, 0.00792634
15.9001, -48.6734, 0.552839, 1.30683, 0.00927131
16.0368, -48.4854, 0.55434, 1.44352, 0.0105685
16.1735, -48.2787, 0.555883, 1.58021, 0.0118895
16.3102, -48.0534, 0.557607, 1.7169, 0.0132106
16.4469, -47.8093, 0.559511, 1.85359, 0.0145316
16.5836, -47.5466, 0.561596, 1.99028, 0.0158527
16.7203, -47.2652, 0.563742, 2.12697, 0.0171977
16.857, -46.9651, 0.566307, 2.26366, 0.0184948
16.9937, -46.6464, 0.568821, 2.40035, 0.0198398
17.1304, -46.3089, 0.571741, 2.53704, 0.0211369
17.2671, -45.9527, 0.574728, 2.67373, 0.022458
17.4038, -45.5779, 0.577897, 2.81042, 0.023779
17.5405, -45.1844, 0.581075, 2.94711, 0.025141
17.6772, -44.7722, 0.584775, 3.0838, 0.0264211
17.8139, -44.3413, 0.588392, 3.22049, 0.0277661
17.9506, -43.8917, 0.592222, 3.35718, 0.0291041
18.0873, -43.4235, 0.59636, 3.49387, 0.0304082
18.224, -42.9365, 0.600556, 3.63056, 0.0317462
18.3607, -42.4309, 0.605051, 3.76725, 0.0330503
18.4974, -41.9066, 0.609613, 3.90394, 0.0343884
18.6341, -41.3636, 0.614412, 4.04063, 0.0357094
18.7708, -40.8019, 0.619392, 4.17732, 0.0370305
18.9075, -40.2215, 0.624515, 4.31401, 0.0383647
19.0442, -39.6225, 0.629893, 4.4507, 0.0396726
19.1808, -39.0048, 0.635414, 4.58739, 0.0409936
19.3175, -38.3683, 0.641116, 4.72408, 0.0423147
19.4542, -37.7132, 0.646969, 4.86077, 0.0436489
19.5909, -37.0394, 0.653012, 4.99746, 0.0449807
19.7276, -36.347, 0.659259, 5.13415, 0.0463018
19.8643, -35.6358, 0.66567, 5.27083, 0.0476319
20.001, -34.906, 0.672266, 5.40752, 0.0489609
20.1377, -34.1574, 0.679083, 5.54422, 0.0502649
20.2744, -33.3902, 0.686029, 5.6809, 0.051603
20.4111, -32.6043, 0.693181, 5.81759, 0.052924
20.5478, -31.7997, 0.700486, 5.95428, 0.054269
20.6845, -30.9764, 0.708008, 6.09097, 0.0555849
20.8212, -30.1345, 0.7157, 6.22766, 0.0569111
20.9579, -29.2738, 0.723548, 6.36434, 0.058273
21.0946, -28.3945, 0.731613, 6.50103, 0.0595915
21.2313, -27.4965, 0.739861, 6.63773, 0.0609043
21.368, -26.5798, 0.748274, 6.77441, 0.06226
21.5047, -25.6444, 0.756875, 6.91108, 0.0636201
21.6414, -24.6904, 0.765668, 7.04774, 0.0649697
21.7781, -23.7232, 0.774619, 7.03442, 0.0652993
21.9148, -22.771, 0.78346, 6.89777, 0.0640398
22.0515, -21.8374, 0.792126, 6.7611, 0.0627483
22.1882, -20.9225, 0.800614, 6.62442, 0.0614469
22.3249, -20.0264, 0.808925, 6.48773, 0.0601404
22.4616, -19.1489, 0.817056, 6.35104, 0.0588312
22.5983, -18.29, 0.825009, 6.21435, 0.0575199
22.735, -17.4499, 0.832782, 6.07766, 0.0562072
22.8717, -16.6284, 0.840375, 5.94098, 0.0548935
23.0083, -15.8257, 0.847789, 5.80429, 0.053579
23.145, -15.0416, 0.855023, 5.6676, 0.0522638
23.2817, -14.2762, 0.862078, 5.53091, 0.0509481
23.4184, -13.5295, 0.868952, 5.39422, 0.0496319
23.5551, -12.8014, 0.875647, 5.25753, 0.0483154
23.6918, -12.0921, 0.882161, 5.12084, 0.0469986
23.8285, -11.4015, 0.888496, 4.98415, 0.0456814
23.9652, -10.7295, 0.89465, 4.84746, 0.0443641
24.1019, -10.0762, 0.900625, 4.71077, 0.0430465
24.2386, -9.44158, 0.906419, 4.57408, 0.0417287
24.3753, -8.82566, 0.912033, 4.43739, 0.0404107
24.512, -8.22843, 0.917467, 4.3007, 0.0390926
24.6487, -7.64988, 0.92272, 4.16401, 0.0377744
24.7854, -7.09002, 0.927794, 4.02732, 0.036456
24.9221, -6.54884, 0.932687, 3.89063, 0.0351375
25.0588, -6.02635, 0.9374, 3.75394, 0.0338189
25.1955, -5.52254, 0.941933, 3.61725, 0.0325002
25.3322, -5.03742, 0.946286, 3.48056, 0.0311814
25.4689, -4.57098, 0.950458, 3.34387, 0.0298625
25.6056, -4.12323, 0.95445, 3.20718, 0.0285436
25.7423, -3.69416, 0.958261, 3.07049, 0.0272245
25.879, -3.28378, 0.961893, 2.9338, 0.0259054
26.0157, -2.89208, 0.965344, 2.79711, 0.0245863
26.1524, -2.51907, 0.968614, 2.66042, 0.0232671
26.2891, -2.16474, 0.971705, 2.52373, 0.0219478
26.4258, -1.8291, 0.974615, 2.38704, 0.0206285
26.5625, -1.51215, 0.977345, 2.25035, 0.0193091
26.6992, -1.21387, 0.979894, 2.11366, 0.0179897
26.8358, -0.93428, 0.982263, 1.97697, 0.0166702
26.9725, -0.673389, 0.984451, 1.84028, 0.0153507
27.1092, -0.43116, 0.98646, 1.70359, 0.0140312
27.2459, -0.207634, 0.988287, 1.5669, 0.0127116
27.3826, -0.00278854, 0.989935, 1.43021, 0.0113919
27.5193, 0.183384, 0.991402, 1.29352, 0.0100723
27.656, 0.350861, 0.992689, 1.15683, 0.00875261
27.7927, 0.499649, 0.993795, 1.02014, 0.0074329
27.9294, 0.629749, 0.99472, 0.88345, 0.00611313
28.0661, 0.741169, 0.995466, 0.746761, 0.00479336
28.2028, 0.83392, 0.996031, 0.610071, 0.00347356
28.3395, 0.907974, 0.996416, 0.473382, 0.00215374
28.4762, 0.963326, 0.99662, 0.336692, 0.000833879
28.6129, 1.00002, 0.996644, 0.200001, -0.000486003
