4.12555, 0
0, 0, 0, 0.5, 0
0.0143264, 0.00688105, 0.000793893, 0.512403, 0.00702293
0.0286529, 0.013941, 0.00168846, 0.524801, 0.014045
0.0429793, 0.0211797, 0.00268364, 0.537196, 0.0210663
0.0573058, 0.0285973, 0.00377941, 0.549586, 0.0280865
0.0716322, 0.0361937, 0.00497577, 0.561972, 0.0351057
0.0859587, 0.0439689, 0.0062727, 0.574352, 0.0421238
0.100285, 0.0519231, 0.00767017, 0.586726, 0.0491407
0.114612, 0.0600561, 0.00916815, 0.599095, 0.0561563
0.128938, 0.068368, 0.0107666, 0.611456, 0.0631704
0.143264, 0.0768587, 0.0124655, 0.623811, 0.0701829
0.157591, 0.0855284, 0.0142648, 0.636157, 0.0771936
0.171917, 0.094377, 0.0161645, 0.648494, 0.0842024
0.186244, 0.103404, 0.0181645, 0.660821, 0.0912091
0.20057, 0.112611, 0.0202648, 0.673138, 0.0982134
0.214897, 0.121996, 0.0224653, 0.685442, 0.105215
0.229223, 0.131561, 0.0247659, 0.697733, 0.112214
0.24355, 0.141304, 0.0271665, 0.710009, 0.119209
0.257876, 0.151227, 0.029667, 0.722267, 0.126201
0.272202, 0.161328, 0.0322674, 0.734506, 0.133188
0.286529, 0.171609, 0.0349674, 0.746723, 0.140171
0.300855, 0.182068, 0.0377669, 0.758916, 0.147148
0.315182, 0.192707, 0.0406657, 0.771079, 0.154118
0.329508, 0.203526, 0.0436636, 0.783208, 0.161081
0.343835, 0.214523, 0.0467603, 0.795299, 0.168036
0.358161, 0.2257, 0.0499553, 0.807344, 0.17498
0.372488, 0.237056, 0.0532483, 0.819335, 0.181912
0.386814, 0.248592, 0.0566386, 0.831261, 0.188829
0.401141, 0.260308, 0.0601256, 0.843108, 0.195729
0.415467, 0.272204, 0.0637083, 0.854859, 0.202606
0.429793, 0.28428, 0.0673854, 0.86649, 0.209456
0.44412, 0.296537, 0.0711554, 0.877972, 0.216271
0.458446, 0.308974, 0.0750159, 0.889263, 0.223042
0.472773, 0.321592, 0.078964, 0.900304, 0.229753
0.487099, 0.334392, 0.0829951, 0.911014, 0.236385
0.501426, 0.347374, 0.0871029, 0.921276, 0.242907
0.515752, 0.360537, 0.0912782, 0.930918, 0.249276
0.530079, 0.373881, 0.095507, 0.939686, 0.255421
0.544405, 0.387403, 0.0997688, 0.947205, 0.261237
0.558731, 0.401094, 0.104034, 0.952954, 0.266567
0.573058, 0.414931, 0.108266, 0.956286, 0.271197
0.587384, 0.428875, 0.112424, 0.956594, 0.274887
0.601711, 0.442862, 0.116485, 0.953614, 0.277452
0.616037, 0.456817, 0.120446, 0.947612, 0.278852
0.630364, 0.470675, 0.124325, 0.939222, 0.279185
0.64469, 0.484388, 0.128139, 0.929136, 0.278615
0.659017, 0.497927, 0.131904, 0.917913, 0.277311
0.673343, 0.511279, 0.135628, 0.905943, 0.27541
0.687669, 0.524433, 0.139313, 0.893484, 0.273024
0.701996, 0.537387, 0.142962, 0.880705, 0.270236
0.716322, 0.550138, 0.146571, 0.867715, 0.267112
0.730649, 0.562685, 0.150139, 0.854586, 0.2637
0.744975, 0.57503, 0.153662, 0.841366, 0.260043
0.759302, 0.587173, 0.157139, 0.828088, 0.256171
0.773628, 0.599113, 0.160566, 0.814775, 0.252112
0.787955, 0.610853, 0.163942, 0.801442, 0.247885
0.802281, 0.622393, 0.167262, 0.7881, 0.24351
0.816607, 0.633734, 0.170526, 0.774758, 0.239002
0.830934, 0.644876, 0.173731, 0.761419, 0.234374
0.84526, 0.65582, 0.176875, 0.748089, 0.229636
0.859587, 0.666568, 0.179957, 0.734769, 0.224798
0.873913, 0.677119, 0.182974, 0.721462, 0.219869
0.88824, 0.687475, 0.185925, 0.708169, 0.214856
0.902566, 0.697636, 0.188809, 0.69489, 0.209766
0.916893, 0.707602, 0.191624, 0.681626, 0.204604
0.931219, 0.717375, 0.194369, 0.668378, 0.199375
0.945546, 0.726954, 0.197043, 0.655145, 0.194085
0.959872, 0.73634, 0.199645, 0.641926, 0.188736
0.974198, 0.745534, 0.202174, 0.628723, 0.183334
0.988525, 0.754535, 0.204628, 0.615535, 0.177881
1.00285, 0.763345, 0.207008, 0.60236, 0.17238
1.01718, 0.771964, 0.209312, 0.5892, 0.166834
1.0315, 0.780392, 0.211539, 0.576053, 0.161247
1.04583, 0.788629, 0.213689, 0.56292, 0.155619
1.06016, 0.796676, 0.215761, 0.549799, 0.149953
1.07448, 0.804533, 0.217754, 0.536691, 0.144252
1.08881, 0.8122, 0.219668, 0.523595, 0.138516
1.10314, 0.819678, 0.221502, 0.510511, 0.132749
1.11746, 0.826967, 0.223255, 0.497438, 0.12695
1.13179, 0.834066, 0.224928, 0.484376, 0.121123
1.14612, 0.840978, 0.226519, 0.471325, 0.115267
1.16044, 0.8477, 0.228028, 0.458284, 0.109385
1.17477, 0.854235, 0.229454, 0.445254, 0.103477
1.1891, 0.860581, 0.230798, 0.432232, 0.0975453
1.20342, 0.86674, 0.232058, 0.419221, 0.0915899
1.21775, 0.872711, 0.233235, 0.406218, 0.0856122
1.23207, 0.878494, 0.234328, 0.393225, 0.079613
1.2464, 0.884091, 0.235336, 0.380239, 0.0735932
1.26073, 0.8895, 0.23626, 0.367262, 0.0675535
1.27505, 0.894722, 0.237098, 0.354294, 0.0614949
1.28938, 0.899757, 0.237851, 0.341332, 0.0554178
1.30371, 0.904606, 0.238519, 0.328379, 0.0493231
1.31803, 0.909268, 0.2391, 0.315433, 0.0432115
1.33236, 0.913744, 0.239595, 0.302494, 0.0370833
1.34669, 0.918034, 0.240003, 0.289562, 0.0309393
1.36101, 0.922138, 0.240325, 0.276637, 0.02478
1.37534, 0.926056, 0.240559, 0.263718, 0.018606
1.38967, 0.929788, 0.240706, 0.250806, 0.0124177
1.40399, 0.933334, 0.240765, 0.2379, 0.00621547
1.41832, 0.936694, 0.240737, 0.225, -1.49012e-08
1.44539, 0.942641, 0.241077, 0.217434, 0.0259937
1.47246, 0.948383, 0.24212, 0.209868, 0.0519873
1.49954, 0.95392, 0.243867, 0.202303, 0.077981
1.52661, 0.959253, 0.246318, 0.194737, 0.103975
1.55368, 0.964603, 0.249537, 0.186988, 0.129915
1.58075, 0.969521, 0.253394, 0.179422, 0.155909
1.60782, 0.974234, 0.257954, 0.171857, 0.181902
1.6349, 0.978742, 0.263219, 0.164291, 0.207896
1.66197, 0.983228, 0.269239, 0.156561, 0.233842
1.68904, 0.987322, 0.27591, 0.148996, 0.259836
1.71611, 0.991211, 0.283284, 0.14143, 0.285829
1.74319, 0.994895, 0.291361, 0.133864, 0.311823
1.77026, 0.998524, 0.300186, 0.12615, 0.337773
1.79733, 1.00179, 0.30967, 0.118585, 0.363767
1.8244, 1.00486, 0.319858, 0.111019, 0.389761
1.85148, 1.00772, 0.330749, 0.103453, 0.415754
1.87855, 1.01038, 0.342344, 0.0958872, 0.441748
1.90562, 1.01305, 0.354708, 0.0880621, 0.467666
1.93269, 1.01529, 0.367709, 0.0804963, 0.49366
1.95976, 1.01733, 0.381413, 0.0729305, 0.519653
1.98684, 1.01925, 0.395847, 0.0652497, 0.545613
2.01391, 1.02087, 0.410958, 0.0576839, 0.571607
2.04098, 1.02237, 0.426795, 0.050011, 0.597569
2.06805, 1.02358, 0.443312, 0.0424453, 0.623563
2.09513, 1.02465, 0.460553, 0.0347793, 0.649527
2.1222, 1.02545, 0.478477, 0.0272135, 0.675521
2.14927, 1.0261, 0.497122, 0.0195536, 0.701487
2.17634, 1.02659, 0.516482, 0.0118152, 0.72743
2.20342, 1.02671, 0.536501, 0.00433333, 0.753449
2.23049, 1.02673, 0.557252, -0.00331636, 0.779418
2.25756, 1.02658, 0.578715, -0.0110375, 0.805366
2.28463, 1.02614, 0.600858, -0.0186033, 0.83136
2.31171, 1.02561, 0.623741, -0.0264396, 0.857274
2.33878, 1.0247, 0.647272, -0.033876, 0.883305
2.36585, 1.02374, 0.671555, -0.0416906, 0.909226
2.39292, 1.02249, 0.696516, -0.0493128, 0.935203
2.41999, 1.02106, 0.72219, -0.0570365, 0.961151
2.44707, 1.01939, 0.748555, -0.0646516, 0.98713
2.47414, 1.01758, 0.775642, -0.072484, 1.01305
2.50121, 1.01549, 0.803413, -0.0801294, 1.03902
2.52828, 1.01323, 0.831897, -0.0879119, 1.06495
2.55536, 1.01075, 0.861079, -0.0956679, 1.09088
2.58243, 1.00801, 0.89095, -0.103204, 1.11689
2.6095, 1.00512, 0.921542, -0.111097, 1.14278
2.63657, 1.00201, 0.952831, -0.118954, 1.16869
2.66365, 0.99868, 0.98482, -0.126816, 1.1946
2.69072, 0.995128, 1.01751, -0.134672, 1.2205
2.71779, 0.991386, 1.0509, -0.143078, 1.24624
2.74486, 0.987395, 1.08499, -0.151512, 1.27197
2.77193, 0.983161, 1.11976, -0.162405, 1.29669
2.79901, 0.978666, 1.15464, -0.16461, 1.27542
2.82608, 0.974293, 1.18882, -0.158239, 1.24911
2.85315, 0.970102, 1.22228, -0.151339, 1.22292
2.88022, 0.966101, 1.25503, -0.144238, 1.1968
2.9073, 0.962294, 1.28708, -0.13703, 1.17071
2.93437, 0.958682, 1.31842, -0.129754, 1.14463
2.96144, 0.955268, 1.34905, -0.122433, 1.11856
2.98851, 0.952053, 1.37898, -0.115078, 1.09251
3.01559, 0.949038, 1.40821, -0.107698, 1.06646
3.04266, 0.946222, 1.43673, -0.100298, 1.04042
3.06973, 0.943607, 1.46454, -0.0928826, 1.01439
3.0968, 0.941193, 1.49165, -0.0854533, 0.988352
3.12388, 0.938981, 1.51805, -0.0780132, 0.962322
3.15095, 0.936969, 1.54375, -0.0705638, 0.936295
3.17802, 0.93516, 1.56875, -0.0631061, 0.91027
3.20509, 0.933553, 1.59304, -0.0556412, 0.884247
3.23216, 0.932147, 1.61663, -0.0481703, 0.858226
3.25924, 0.930945, 1.63951, -0.0406941, 0.832207
3.28631, 0.929944, 1.66169, -0.0332127, 0.806188
3.31338, 0.929146, 1.68316, -0.0257271, 0.780171
3.34045, 0.928551, 1.70393, -0.0182377, 0.754156
3.36753, 0.928159, 1.72399, -0.0107445, 0.728141
3.3946, 0.927969, 1.74335, -0.00324808, 0.702127
3.42167, 0.927983, 1.76201, 0.00425121, 0.676114
3.44874, 0.9282, 1.77996, 0.0117533, 0.650102
3.47582, 0.928619, 1.79721, 0.0192578, 0.624091
3.50289, 0.929242, 1.81375, 0.0267647, 0.59808
3.52996, 0.930069, 1.82959, 0.0342739, 0.57207
3.55703, 0.931098, 1.84473, 0.0417849, 0.54606
3.5841, 0.932331, 1.85916, 0.0492978, 0.520051
3.61118, 0.933767, 1.87288, 0.0568125, 0.494043
3.63825, 0.935407, 1.88591, 0.0643288, 0.468035
3.66532, 0.93725, 1.89823, 0.0718466, 0.442027
3.69239, 0.939297, 1.90984, 0.0793659, 0.41602
3.71947, 0.941548, 1.92075, 0.0868865, 0.390013
3.74654, 0.944002, 1.93096, 0.0944083, 0.364007
3.77361, 0.946659, 1.94046, 0.101931, 0.338001
3.80068, 0.949521, 1.94926, 0.109456, 0.311995
3.82776, 0.952586, 1.95735, 0.116981, 0.28599
3.85483, 0.955855, 1.96474, 0.124507, 0.259985
3.8819, 0.959327, 1.97143, 0.132035, 0.23398
3.90897, 0.963004, 1.97741, 0.139563, 0.207975
3.93605, 0.966884, 1.98269, 0.147092, 0.181971
3.96312, 0.970968, 1.98727, 0.154622, 0.155967
3.99019, 0.975256, 1.99114, 0.162153, 0.129963
4.01726, 0.979748, 1.9943, 0.169684, 0.10396
4.04433, 0.984443, 1.99677, 0.177217, 0.0779561
4.07141, 0.989343, 1.99852, 0.18475, 0.0519533
4.09848, 0.994447, 1.99958, 0.192283, 0.0259503
4.12555, 0.999754, 1.99993, 0.199818, -5.26411e-05
