37.2, 0
0, 0, 0, 0.5, 0
0.19446, 0.078324, 0.00010517, 0.305544, 0.0011511
0.38892, 0.11883, 0.000434208, 0.111087, 0.00230219
0.583379, 0.12153, 0.000987036, -0.0833699, 0.0034533
0.777839, 0.0864064, 0.00176377, -0.277825, 0.00460439
0.972299, 0.013477, 0.00276429, -0.472282, 0.00575549
1.16676, -0.0972705, 0.00398868, -0.666738, 0.00690658
1.36122, -0.245833, 0.00543692, -0.861195, 0.00805768
1.55568, -0.432207, 0.00710899, -1.05565, 0.00920878
1.75014, -0.656396, 0.00900491, -1.25011, 0.0103599
1.9446, -0.918397, 0.0111247, -1.44456, 0.011511
2.13906, -1.21821, 0.0134682, -1.63902, 0.0126621
2.33352, -1.55585, 0.0160357, -1.83348, 0.0138132
2.52798, -1.93129, 0.018827, -2.02793, 0.0149643
2.72244, -2.34455, 0.0218421, -2.22239, 0.0161154
2.9169, -2.79562, 0.025081, -2.41685, 0.0172665
3.11136, -3.2845, 0.0285439, -2.6113, 0.0184176
3.30582, -3.8112, 0.0322305, -2.80576, 0.0195687
3.50028, -4.37572, 0.036141, -3.00021, 0.0207197
3.69474, -4.97805, 0.0402753, -3.19467, 0.0218708
3.8892, -5.61819, 0.0446335, -3.38913, 0.0230219
4.08365, -6.29615, 0.0492155, -3.58358, 0.024173
4.27811, -7.01192, 0.0540214, -3.77804, 0.0253241
4.47257, -7.7655, 0.0590511, -3.9725, 0.0264752
4.66703, -8.55689, 0.0643046, -4.16695, 0.0276263
4.86149, -9.38611, 0.069782, -4.36141, 0.0287774
5.05595, -10.2531, 0.0754833, -4.55587, 0.0299285
5.25041, -11.158, 0.0814083, -4.75032, 0.0310796
5.44487, -12.1006, 0.0875572, -4.94478, 0.0322307
5.63933, -13.0811, 0.09393, -5.13924, 0.0333818
5.83379, -14.0994, 0.100527, -5.33369, 0.0345329
6.02825, -15.1555, 0.107347, -5.52815, 0.035684
6.22271, -16.2494, 0.114391, -5.7226, 0.0368351
6.41717, -17.3811, 0.121659, -5.91706, 0.0379862
6.61163, -18.5506, 0.129151, -6.11152, 0.0391373
6.80609, -19.758, 0.136867, -6.30597, 0.0402884
7.00055, -21.0032, 0.144807, -6.50043, 0.0414395
7.19501, -22.2861, 0.15297, -6.69489, 0.0425906
7.38947, -23.6069, 0.161358, -6.88934, 0.0437417
7.58393, -24.9655, 0.169969, -7.0838, 0.0448928
7.77839, -26.362, 0.178804, -7.27826, 0.0460439
7.97285, -27.7962, 0.187863, -7.47271, 0.047195
8.16731, -29.2682, 0.197145, -7.66717, 0.0483461
8.36177, -30.7781, 0.206652, -7.86162, 0.0494972
8.55623, -32.3258, 0.216382, -8.05608, 0.0506483
8.75069, -33.9113, 0.226337, -8.25055, 0.0517994
8.94515, -35.5346, 0.236515, -8.445, 0.0529505
9.13961, -37.1957, 0.246917, -8.63945, 0.0541016
9.33407, -38.8946, 0.257542, -8.83392, 0.0552528
9.52853, -40.6314, 0.268392, -9.02837, 0.0564038
9.72299, -42.4054, 0.279448, -9.17856, 0.056596
9.91745, -44.1713, 0.290332, -8.98392, 0.0553646
10.1119, -45.8995, 0.300983, -8.78947, 0.0541914
10.3064, -47.5897, 0.311408, -8.595, 0.0530268
10.5008, -49.2422, 0.321607, -8.40054, 0.051866
10.6953, -50.8569, 0.33158, -8.20608, 0.0507074
10.8897, -52.4337, 0.341328, -8.01163, 0.0495501
11.0842, -53.9727, 0.350851, -7.81717, 0.0483937
11.2787, -55.474, 0.360149, -7.62271, 0.0472381
11.4731, -56.9374, 0.369223, -7.42826, 0.0460829
11.6676, -58.363, 0.378072, -7.2338, 0.0449282
11.862, -59.7507, 0.386696, -7.03934, 0.0437739
12.0565, -61.1007, 0.395096, -6.84488, 0.0426197
12.251, -62.4128, 0.403272, -6.65043, 0.0414659
12.4454, -63.6872, 0.411223, -6.45597, 0.0403122
12.6399, -64.9237, 0.41895, -6.26152, 0.0391588
12.8343, -66.1224, 0.426453, -6.06706, 0.0380055
13.0288, -67.2833, 0.433731, -5.87261, 0.0368523
13.2233, -68.4064, 0.440785, -5.67815, 0.0356992
13.4177, -69.4916, 0.447615, -5.48369, 0.0345463
13.6122, -70.5391, 0.454221, -5.28924, 0.0333934
13.8066, -71.5487, 0.460603, -5.09478, 0.0322406
14.0011, -72.5205, 0.46676, -4.90032, 0.0310879
14.1956, -73.4545, 0.472693, -4.70586, 0.0299353
14.39, -74.3507, 0.478403, -4.51141, 0.0287827
14.5845, -75.2091, 0.483888, -4.31695, 0.0276302
14.7789, -76.0297, 0.489148, -4.1225, 0.0264778
14.9734, -76.8124, 0.494185, -3.92804, 0.0253254
15.1679, -77.5574, 0.498998, -3.73358, 0.024173
15.3623, -78.2645, 0.503587, -3.53913, 0.0230207
15.5568, -78.9338, 0.507951, -3.34467, 0.0218684
15.7512, -79.5653, 0.512092, -3.15021, 0.0207162
15.9457, -80.159, 0.516008, -2.95576, 0.019564
16.1402, -80.7149, 0.519701, -2.7613, 0.0184118
16.3346, -81.2329, 0.523169, -2.56685, 0.0172597
16.5291, -81.7131, 0.526413, -2.37239, 0.0161076
16.7235, -82.1556, 0.529433, -2.17793, 0.0149556
16.918, -82.5602, 0.53223, -1.98348, 0.0138035
17.1125, -82.927, 0.534802, -1.78902, 0.0126515
17.3069, -83.256, 0.53715, -1.59456, 0.0114995
17.5014, -83.5471, 0.539274, -1.40011, 0.0103475
17.6958, -83.8005, 0.541175, -1.20565, 0.00919558
17.8903, -84.0161, 0.542851, -1.01119, 0.00804362
18.0848, -84.1938, 0.544303, -0.816739, 0.00689173
18.2792, -84.3337, 0.545531, -0.62228, 0.00573982
18.4737, -84.4358, 0.546535, -0.427826, 0.00458796
18.6681, -84.5001, 0.547315, -0.23337, 0.0034361
18.8626, -84.5266, 0.547871, -0.0389116, 0.00228425
19.0571, -84.5152, 0.548204, 0.155544, 0.00113243
19.2515, -84.4661, 0.548312, 0.35, -1.93774e-05
19.431, -84.3871, 0.545873, 0.52948, 0.00131817
19.6105, -84.276, 0.54887, 0.708964, 0.00201236
19.79, -84.1327, 0.549327, 0.888447, 0.00301854
19.9695, -83.9571, 0.549965, 1.06793, 0.00402472
20.1489, -83.7493, 0.550784, 1.24741, 0.00503089
20.3284, -83.5093, 0.551783, 1.42689, 0.00603707
20.5079, -83.2371, 0.550578, 1.60637, 0.00735524
20.6874, -82.9326, 0.551994, 1.78586, 0.00836142
20.8669, -82.596, 0.555863, 1.96534, 0.00905561
21.0464, -82.2272, 0.557585, 2.14482, 0.0100618
21.2259, -81.8261, 0.559487, 2.3243, 0.011068
21.4053, -81.3928, 0.56157, 2.50379, 0.0120741
21.5848, -80.9273, 0.563833, 2.68327, 0.0130803
21.7643, -80.4296, 0.566277, 2.86275, 0.0140865
21.9438, -79.8997, 0.568901, 3.04223, 0.0150927
22.1233, -79.3375, 0.571706, 3.22171, 0.0160989
22.3028, -78.7432, 0.574692, 3.4012, 0.017105
22.4822, -78.1166, 0.577858, 3.58068, 0.0181112
22.6617, -77.4578, 0.581205, 3.76016, 0.0191174
22.8412, -76.7668, 0.584732, 3.93964, 0.0201236
23.0207, -76.0436, 0.58844, 4.11913, 0.0211298
23.2002, -75.2882, 0.592329, 4.29861, 0.0221359
23.3797, -74.5005, 0.596398, 4.47809, 0.0231421
23.5592, -73.6807, 0.600648, 4.65757, 0.0241483
23.7386, -72.8286, 0.605078, 4.83705, 0.0251545
23.9181, -71.9443, 0.608369, 5.01653, 0.0264726
24.0976, -71.0278, 0.614481, 5.19602, 0.0271668
24.2771, -70.0791, 0.618244, 5.3755, 0.028485
24.4566, -69.0982, 0.624606, 5.55498, 0.0291792
24.6361, -68.085, 0.629939, 5.73447, 0.0301854
24.8155, -67.0397, 0.634413, 5.91394, 0.0315035
24.995, -65.9621, 0.640163, 6.09343, 0.0325097
25.1745, -64.8523, 0.647023, 6.27291, 0.0332039
25.354, -63.7103, 0.653078, 6.45239, 0.0342101
25.5335, -62.5361, 0.659315, 6.63188, 0.0352163
25.713, -61.3297, 0.665732, 6.81136, 0.0362224
25.8925, -60.091, 0.672329, 6.99084, 0.0372286
26.0719, -58.8202, 0.679107, 7.17032, 0.0382348
26.2514, -57.5171, 0.685473, 7.3498, 0.039553
26.4309, -56.1818, 0.692669, 7.52928, 0.0405591
26.6104, -54.8143, 0.700525, 7.70877, 0.0412533
26.7899, -53.4146, 0.708026, 7.88825, 0.0422595
26.9694, -51.9827, 0.715338, 8.06773, 0.0435777
27.1489, -50.5185, 0.723568, 8.24722, 0.0442719
27.3283, -49.0222, 0.731325, 8.42669, 0.0456257
27.5078, -47.4936, 0.739604, 8.60617, 0.0466412
27.6873, -45.9328, 0.748237, 8.78566, 0.0472904
27.8668, -44.3398, 0.75672, 8.96514, 0.0486536
28.0463, -42.7146, 0.765542, 9.14461, 0.0497178
28.2258, -41.0628, 0.774548, 9.17414, 0.0501793
28.4053, -39.4323, 0.783468, 8.99464, 0.0492127
28.5847, -37.834, 0.792212, 8.81515, 0.0482238
28.7642, -36.2679, 0.800779, 8.63566, 0.0472289
28.9437, -34.734, 0.809166, 8.45618, 0.046231
29.1232, -33.2324, 0.817374, 8.2767, 0.0452315
29.3027, -31.763, 0.825403, 8.09722, 0.0442308
29.4822, -30.3257, 0.833251, 7.91774, 0.0432293
29.6616, -28.9207, 0.840921, 7.73825, 0.0422272
29.8411, -27.5479, 0.84841, 7.55877, 0.0412247
30.0206, -26.2074, 0.855719, 7.37929, 0.0402218
30.2001, -24.899, 0.862848, 7.19981, 0.0392186
30.3796, -23.6228, 0.869797, 7.02032, 0.0382151
30.5591, -22.3789, 0.876566, 6.84084, 0.0372115
30.7386, -21.1672, 0.883155, 6.66136, 0.0362076
30.918, -19.9877, 0.889564, 6.48187, 0.0352036
31.0975, -18.8404, 0.895792, 6.3024, 0.0341995
31.277, -17.7253, 0.90184, 6.12291, 0.0331952
31.4565, -16.6424, 0.907708, 5.94343, 0.0321909
31.636, -15.5918, 0.913396, 5.76395, 0.0311864
31.8155, -14.5733, 0.918903, 5.58447, 0.0301819
31.9949, -13.5871, 0.92423, 5.40498, 0.0291772
32.1744, -12.6331, 0.929377, 5.2255, 0.0281725
32.3539, -11.7113, 0.934343, 5.04602, 0.0271678
32.5334, -10.8218, 0.939129, 4.86654, 0.0261629
32.7129, -9.96441, 0.943735, 4.68705, 0.0251581
32.8924, -9.13926, 0.94816, 4.50757, 0.0241532
33.0719, -8.34632, 0.952405, 4.32809, 0.0231482
33.2513, -7.58559, 0.95647, 4.14861, 0.0221432
33.4308, -6.85709, 0.960354, 3.96913, 0.0211381
33.6103, -6.1608, 0.964058, 3.78964, 0.020133
33.7898, -5.49673, 0.967581, 3.61016, 0.0191279
33.9693, -4.86488, 0.970924, 3.43068, 0.0181227
34.1488, -4.26521, 0.974087, 3.2512, 0.0171175
34.3283, -3.69778, 0.977069, 3.07172, 0.0161123
34.5077, -3.16256, 0.97987, 2.89223, 0.0151071
34.6872, -2.65956, 0.982492, 2.71275, 0.0141018
34.8667, -2.18877, 0.984933, 2.53327, 0.0130965
35.0462, -1.75018, 0.987193, 2.35379, 0.0120912
35.2257, -1.34383, 0.989273, 2.1743, 0.0110858
35.4052, -0.969688, 0.991172, 1.99482, 0.0100804
35.5846, -0.627739, 0.992892, 1.81534, 0.00907507
35.7641, -0.318031, 0.99443, 1.63586, 0.00806965
35.9436, -0.0405273, 0.995788, 1.45638, 0.00706424
36.1231, 0.204773, 0.996966, 1.27689, 0.00605879
36.3026, 0.417839, 0.997963, 1.09741, 0.00505334
36.4821, 0.598701, 0.99878, 0.917928, 0.00404786
36.6616, 0.747353, 0.999416, 0.738446, 0.00304237
36.841, 0.863777, 0.999872, 0.558964, 0.00203687
37.0205, 0.948006, 1.00015, 0.379485, 0.00103137
37.2, 1.00001, 1.00024, 0.200002, 2.58389e-05
