38.163, 0
0, 0, 0, 0.5, 0
0.199336, 0.0798134, 0.00296277, 0.300666, 0.000829657
0.398672, 0.119872, 0.000434545, 0.101334, 0.00224588
0.598008, 0.1202, 0.000987623, -0.0979987, 0.00336882
0.797344, 0.0807952, 0.00176453, -0.297331, 0.00449176
0.99668, 0.00166202, 0.00276525, -0.496664, 0.00561471
1.19602, -0.117206, 0.00398982, -0.695997, 0.00673765
1.39535, -0.275816, 0.00543826, -0.89533, 0.00786059
1.59469, -0.47414, 0.00955868, -1.09466, 0.00869025
1.79402, -0.712213, 0.0113963, -1.294, 0.00981319
1.99336, -0.990015, 0.0134578, -1.49333, 0.0109361
2.1927, -1.30756, 0.0157431, -1.69266, 0.0120591
2.39203, -1.66484, 0.0182523, -1.892, 0.013182
2.59137, -2.06185, 0.0209853, -2.09133, 0.014305
2.7907, -2.49859, 0.0239422, -2.29066, 0.0154279
2.99004, -2.97508, 0.0250839, -2.48999, 0.0168441
3.18938, -3.49129, 0.0285469, -2.68933, 0.0179671
3.38871, -4.04724, 0.0322338, -2.88866, 0.01909
3.58805, -4.64292, 0.0361445, -3.08799, 0.0202129
3.78738, -5.27833, 0.040279, -3.28732, 0.0213359
3.98672, -5.95348, 0.0446374, -3.48666, 0.0224588
4.18606, -6.66837, 0.0492196, -3.68599, 0.0235818
4.38539, -7.42298, 0.0556553, -3.88532, 0.0244114
4.58473, -8.21734, 0.0590556, -4.08466, 0.0258276
4.78406, -9.05142, 0.0643093, -4.28399, 0.0269506
4.9834, -9.92523, 0.0712412, -4.48332, 0.0277802
5.18274, -10.8388, 0.0754883, -4.68265, 0.0291965
5.38207, -11.7921, 0.082751, -4.88199, 0.0300261
5.58141, -12.7851, 0.0888416, -5.08132, 0.0311491
5.78074, -13.8179, 0.0939357, -5.28065, 0.0325653
5.98008, -14.8903, 0.101785, -5.47999, 0.0333721
6.17942, -16.0026, 0.108457, -5.67932, 0.0345179
6.37875, -17.1545, 0.114398, -5.87865, 0.0359341
6.57809, -18.3462, 0.122774, -6.07798, 0.0367276
6.77742, -19.5777, 0.129158, -6.27732, 0.03818
6.97676, -20.8488, 0.136874, -6.47665, 0.0393029
7.1761, -22.1597, 0.145625, -6.67598, 0.0401326
7.37543, -23.5103, 0.152978, -6.87532, 0.0415488
7.57477, -24.9007, 0.161365, -7.07465, 0.0426718
7.7741, -26.3308, 0.170711, -7.27398, 0.0434558
7.97344, -27.8007, 0.179493, -7.47331, 0.0445714
8.17278, -29.3102, 0.187871, -7.67265, 0.0460406
8.37211, -30.8595, 0.197154, -7.87198, 0.0471635
8.57145, -32.4486, 0.206661, -8.07131, 0.0482865
8.77078, -34.0773, 0.216797, -8.27064, 0.0490632
8.97012, -35.7458, 0.226346, -8.46998, 0.0505324
9.16946, -37.4541, 0.2368, -8.66931, 0.051298
9.36879, -39.202, 0.247133, -8.86864, 0.0524165
9.56813, -40.9897, 0.257552, -9.06799, 0.0539012
9.76746, -42.8172, 0.268402, -9.26732, 0.0550242
9.9668, -44.6838, 0.279457, -9.41715, 0.0552032
10.1661, -46.5411, 0.29034, -9.21796, 0.0540086
10.3655, -48.3587, 0.300991, -9.01864, 0.0528648
10.5648, -50.1366, 0.311416, -8.81931, 0.0517291
10.7641, -51.8747, 0.321615, -8.61997, 0.0505971
10.9635, -53.5731, 0.331588, -8.42065, 0.049467
11.1628, -55.2318, 0.341336, -8.22131, 0.0483382
11.3622, -56.8507, 0.350859, -8.02197, 0.0472103
11.5615, -58.4299, 0.360157, -7.82265, 0.046083
11.7608, -59.9694, 0.369231, -7.62331, 0.0449563
11.9602, -61.4691, 0.37808, -7.42398, 0.0438299
12.1595, -62.9291, 0.386705, -7.22465, 0.0427039
12.3588, -64.3494, 0.395105, -7.02532, 0.0415781
12.5582, -65.7299, 0.403281, -6.82598, 0.0404525
12.7575, -67.0707, 0.411232, -6.62665, 0.0393272
12.9568, -68.3718, 0.418959, -6.42731, 0.038202
13.1562, -69.6331, 0.426462, -6.22798, 0.0370769
13.3555, -70.8547, 0.433741, -6.02865, 0.035952
13.5548, -72.0366, 0.440795, -5.82932, 0.0348272
13.7542, -73.1787, 0.447626, -5.62998, 0.0337025
13.9535, -74.2811, 0.454232, -5.43065, 0.0325779
14.1529, -75.3437, 0.460614, -5.23132, 0.0314534
14.3522, -76.3667, 0.466771, -5.03199, 0.0303289
14.5515, -77.3499, 0.472705, -4.83266, 0.0292045
14.7509, -78.2933, 0.478414, -4.63332, 0.0280802
14.9502, -79.197, 0.4839, -4.43399, 0.0269559
15.1495, -80.061, 0.489161, -4.23466, 0.0258317
15.3489, -80.8853, 0.494198, -4.03532, 0.0247075
15.5482, -81.6698, 0.499011, -3.83599, 0.0235834
15.7475, -82.4146, 0.5036, -3.63666, 0.0224593
15.9469, -83.1196, 0.507965, -3.43732, 0.0213352
16.1462, -83.7849, 0.512106, -3.23799, 0.0202112
16.3456, -84.4105, 0.516023, -3.03866, 0.0190872
16.5449, -84.9964, 0.519715, -2.83933, 0.0179633
16.7442, -85.5425, 0.523184, -2.63999, 0.0168394
16.9436, -86.0489, 0.526429, -2.44066, 0.0157155
17.1429, -86.5155, 0.529449, -2.24133, 0.0145916
17.3422, -86.9424, 0.532246, -2.042, 0.0134678
17.5416, -87.3296, 0.534819, -1.84266, 0.0123439
17.7409, -87.677, 0.537167, -1.64333, 0.0112202
17.9402, -87.9847, 0.539292, -1.444, 0.0100964
18.1396, -88.2527, 0.541192, -1.24466, 0.00897262
18.3389, -88.4809, 0.542869, -1.04533, 0.00784889
18.5382, -88.6695, 0.544321, -0.846, 0.0067252
18.7376, -88.8182, 0.54555, -0.646664, 0.00560149
18.9369, -88.9273, 0.546555, -0.447332, 0.00447781
19.1363, -88.9966, 0.547335, -0.247999, 0.00335415
19.3356, -89.0261, 0.547892, -0.0486647, 0.0022305
19.5349, -89.016, 0.548225, 0.150665, 0.00110688
19.7343, -88.9661, 0.548333, 0.349998, -1.67371e-05
19.9186, -88.8846, 0.548593, 0.534285, 0.000979941
20.1028, -88.7691, 0.548869, 0.71857, 0.00195988
20.2871, -88.6197, 0.549326, 0.902856, 0.00293982
20.4714, -88.4364, 0.549964, 1.08714, 0.00391976
20.6557, -88.219, 0.550782, 1.27143, 0.0048997
20.84, -87.9678, 0.551781, 1.45571, 0.00587964
21.0243, -87.6825, 0.55296, 1.64, 0.00685958
21.2086, -87.3633, 0.55432, 1.82428, 0.00783953
21.3929, -87.0101, 0.555861, 2.00857, 0.00881947
21.5771, -86.623, 0.557582, 2.19285, 0.00979941
21.7614, -86.2019, 0.559483, 2.37714, 0.0107794
21.9457, -85.7468, 0.561566, 2.56142, 0.0117593
22.13, -85.2578, 0.563829, 2.74571, 0.0127392
22.3143, -84.7348, 0.566272, 2.92999, 0.0137192
22.4986, -84.1779, 0.568896, 3.11428, 0.0146991
22.6829, -83.587, 0.571701, 3.29856, 0.0156791
22.8672, -82.9621, 0.574686, 3.48285, 0.016659
23.0514, -82.3033, 0.577852, 3.66713, 0.0176389
23.2357, -81.6105, 0.581198, 3.85142, 0.0186189
23.42, -80.8838, 0.584725, 4.0357, 0.0195988
23.6043, -80.123, 0.588433, 4.21999, 0.0205788
23.7886, -79.3284, 0.592321, 4.40427, 0.0215587
23.9729, -78.4997, 0.59639, 4.58856, 0.0225386
24.1572, -77.6371, 0.60064, 4.77284, 0.0235186
24.3415, -76.7406, 0.60507, 4.95713, 0.0244985
24.5257, -75.8101, 0.60968, 5.14142, 0.0254785
24.71, -74.8456, 0.614471, 5.3257, 0.0264584
24.8943, -73.8471, 0.619443, 5.50999, 0.0274383
25.0786, -72.8147, 0.624595, 5.69427, 0.0284183
25.2629, -71.7484, 0.629928, 5.87856, 0.0293982
25.4472, -70.648, 0.635442, 6.06284, 0.0303782
25.6315, -69.5138, 0.641136, 6.24713, 0.0313581
25.8158, -68.3455, 0.647011, 6.43141, 0.0323381
26, -67.1433, 0.653066, 6.6157, 0.033318
26.1843, -65.9071, 0.659302, 6.79998, 0.0342979
26.3686, -64.637, 0.665719, 6.98427, 0.0352779
26.5529, -63.3329, 0.672316, 7.16855, 0.0362578
26.7372, -61.9948, 0.679093, 7.35284, 0.0372378
26.9215, -60.6228, 0.686052, 7.53712, 0.0382177
27.1058, -59.2168, 0.69319, 7.72141, 0.0391976
27.2901, -57.7769, 0.699496, 7.90569, 0.0408176
27.4744, -56.303, 0.70801, 8.08998, 0.0411575
27.6586, -54.7951, 0.715691, 8.27427, 0.0421375
27.8429, -53.2533, 0.722892, 8.45854, 0.0437574
28.0272, -51.6775, 0.731594, 8.64284, 0.0440973
28.2115, -50.0678, 0.739816, 8.82712, 0.0450773
28.3958, -48.424, 0.748219, 9.01141, 0.0460572
28.5801, -46.7464, 0.756803, 9.1957, 0.0470372
28.7644, -45.0348, 0.765567, 9.38004, 0.0480175
28.9487, -43.2948, 0.774552, 9.41429, 0.0491968
29.1329, -41.5768, 0.783532, 9.22999, 0.0482539
29.3172, -39.8928, 0.792336, 9.04572, 0.0472901
29.5015, -38.2428, 0.800962, 8.86141, 0.0463204
29.6858, -36.6267, 0.809408, 8.67713, 0.0453482
29.8701, -35.0446, 0.817676, 8.49284, 0.0443743
30.0544, -33.4965, 0.825764, 8.30855, 0.0433995
30.2387, -31.9823, 0.833672, 8.12427, 0.0424239
30.423, -30.5021, 0.8414, 7.93998, 0.0414477
30.6072, -29.0558, 0.848948, 7.75569, 0.0404711
30.7915, -27.6435, 0.856317, 7.57141, 0.0394942
30.9758, -26.2652, 0.863505, 7.38713, 0.038517
31.1601, -24.9208, 0.870513, 7.20284, 0.0375396
31.3444, -23.6104, 0.877341, 7.01856, 0.036562
31.5287, -22.3339, 0.883989, 6.83427, 0.0355842
31.713, -21.0914, 0.890457, 6.64998, 0.0346062
31.8973, -19.8829, 0.896744, 6.4657, 0.0336282
32.0815, -18.7083, 0.902851, 6.28141, 0.03265
32.2658, -17.5678, 0.908778, 6.09713, 0.0316717
32.4501, -16.4611, 0.914525, 5.91284, 0.0306934
32.6344, -15.3884, 0.920091, 5.72856, 0.029715
32.8187, -14.3497, 0.925477, 5.54427, 0.0287364
33.003, -13.3449, 0.930682, 5.35999, 0.0277579
33.1873, -12.3741, 0.935708, 5.1757, 0.0267792
33.3716, -11.4373, 0.940552, 4.99141, 0.0258005
33.5558, -10.5344, 0.945217, 4.80713, 0.0248218
33.7401, -9.6655, 0.949701, 4.62284, 0.023843
33.9244, -8.83057, 0.954005, 4.43856, 0.0228642
34.1087, -8.02956, 0.958128, 4.25427, 0.0218853
34.293, -7.26254, 0.962071, 4.06999, 0.0209064
34.4773, -6.52946, 0.965834, 3.8857, 0.0199275
34.6616, -5.83037, 0.969416, 3.70142, 0.0189485
34.8459, -5.16521, 0.972818, 3.51713, 0.0179695
35.0302, -4.53402, 0.976039, 3.33285, 0.0169905
35.2144, -3.93681, 0.97908, 3.14856, 0.0160114
35.3987, -3.37354, 0.981941, 2.96428, 0.0150323
35.583, -2.84423, 0.984621, 2.77999, 0.0140532
35.7673, -2.3489, 0.98712, 2.5957, 0.0130741
35.9516, -1.88754, 0.989439, 2.41142, 0.0120949
36.1359, -1.46012, 0.991578, 2.22714, 0.0111158
36.3202, -1.06667, 0.993536, 2.04285, 0.0101366
36.5045, -0.707184, 0.995314, 1.85856, 0.00915735
36.6887, -0.381645, 0.996912, 1.67428, 0.00817813
36.873, -0.0900803, 0.998329, 1.49, 0.00719889
37.0573, 0.167534, 0.999565, 1.30571, 0.00621963
37.2416, 0.39119, 1.00062, 1.12143, 0.00524037
37.4259, 0.580864, 1.0015, 0.937141, 0.00426107
37.6102, 0.736588, 1.00219, 0.752853, 0.00328175
37.7945, 0.858345, 1.00271, 0.568571, 0.00230245
37.9788, 0.946144, 1.00304, 0.384284, 0.00132311
38.163, 0.999985, 1.00319, 0.199999, 0.000343772
