30.6581, 0
0, 0, 0, 0.5, 0
0.161315, 0.0676433, 0.000103573, 0.338692, 0.00138758
0.322629, 0.109269, 0.000430949, 0.177383, 0.00277516
0.483944, 0.124876, 0.000982144, 0.0160742, 0.00416274
0.645258, 0.114458, 0.0017572, -0.145235, 0.00555032
0.806573, 0.0780172, 0.00275611, -0.306543, 0.0069379
0.967888, 0.0155574, 0.00397883, -0.467852, 0.00832548
1.1292, -0.0729234, 0.00542538, -0.629161, 0.00971306
1.29052, -0.187427, 0.00709579, -0.790469, 0.0111006
1.45183, -0.327953, 0.00899004, -0.951778, 0.0124882
1.61315, -0.494498, 0.0111081, -1.11309, 0.0138758
1.77446, -0.687067, 0.01345, -1.27439, 0.0152634
1.93578, -0.905655, 0.0160158, -1.4357, 0.016651
2.09709, -1.15027, 0.0188054, -1.59701, 0.0180385
2.2584, -1.4209, 0.0218188, -1.75832, 0.0194261
2.41972, -1.71755, 0.0250561, -1.91963, 0.0208137
2.58103, -2.04023, 0.0285172, -2.08094, 0.0222013
2.74235, -2.38892, 0.0322021, -2.24225, 0.0235889
2.90366, -2.76364, 0.0361109, -2.40356, 0.0249764
3.06498, -3.16438, 0.0402435, -2.56486, 0.026364
3.22629, -3.59114, 0.0445999, -2.72617, 0.0277516
3.38761, -4.04392, 0.0491802, -2.88748, 0.0291392
3.54892, -4.52273, 0.0539843, -3.04879, 0.0305268
3.71024, -5.02755, 0.0590123, -3.2101, 0.0319143
3.87155, -5.5584, 0.0642641, -3.37141, 0.0333019
4.03286, -6.11527, 0.0697397, -3.53272, 0.0346895
4.19418, -6.69816, 0.0754392, -3.69402, 0.0360771
4.35549, -7.30707, 0.0813625, -3.85533, 0.0374647
4.51681, -7.942, 0.0875096, -4.01664, 0.0388522
4.67812, -8.60295, 0.0938806, -4.17795, 0.0402398
4.83944, -9.28992, 0.100475, -4.33926, 0.0416274
5.00075, -10.0029, 0.107294, -4.50057, 0.043015
5.16207, -10.7419, 0.114337, -4.66188, 0.0444026
5.32338, -11.507, 0.121603, -4.82319, 0.0457902
5.4847, -12.298, 0.129093, -4.98449, 0.0471777
5.64601, -13.1151, 0.136807, -5.1458, 0.0485653
5.80732, -13.9582, 0.144745, -5.30711, 0.0499529
5.96864, -14.8274, 0.152907, -5.46842, 0.0513405
6.12995, -15.7225, 0.161292, -5.62973, 0.0527281
6.29127, -16.6437, 0.169901, -5.79104, 0.0541157
6.45258, -17.5909, 0.178735, -5.95235, 0.0555032
6.6139, -18.5641, 0.187792, -6.11366, 0.0568908
6.77521, -19.5633, 0.197072, -6.27496, 0.0582784
6.93653, -20.5886, 0.206577, -6.43628, 0.059666
7.09784, -21.6398, 0.216306, -6.59758, 0.0610536
7.25916, -22.7171, 0.226258, -6.75889, 0.0624411
7.42047, -23.8204, 0.236434, -6.9202, 0.0638288
7.58179, -24.9498, 0.246834, -7.08151, 0.0652163
7.7431, -26.1051, 0.257458, -7.24283, 0.066604
7.90441, -27.2865, 0.268306, -7.40414, 0.0679915
8.06573, -28.4939, 0.279372, -7.55473, 0.0683192
8.22704, -29.6995, 0.290259, -7.39284, 0.0667481
8.38836, -30.879, 0.300911, -7.2315, 0.0653252
8.54967, -32.0326, 0.311336, -7.07021, 0.063917
8.71099, -33.1601, 0.321533, -6.9089, 0.0625146
8.8723, -34.2616, 0.331505, -6.74759, 0.0611155
9.03362, -35.337, 0.341251, -6.58628, 0.0597185
9.19493, -36.3865, 0.350772, -6.42497, 0.0583229
9.35625, -37.4099, 0.360068, -6.26366, 0.0569284
9.51756, -38.4073, 0.369139, -6.10235, 0.0555348
9.67887, -39.3787, 0.377985, -5.94104, 0.0541417
9.84019, -40.3241, 0.386606, -5.77973, 0.0527492
10.0015, -41.2434, 0.395003, -5.61842, 0.0513571
10.1628, -42.1368, 0.403176, -5.45712, 0.0499654
10.3241, -43.0041, 0.411123, -5.29581, 0.048574
10.4854, -43.8453, 0.418847, -5.1345, 0.0471828
10.6468, -44.6606, 0.426346, -4.97319, 0.0457919
10.8081, -45.4498, 0.433621, -4.81188, 0.0444012
10.9694, -46.213, 0.440671, -4.65057, 0.0430107
11.1307, -46.9503, 0.447497, -4.48926, 0.0416203
11.292, -47.6614, 0.454099, -4.32795, 0.04023
11.4533, -48.3466, 0.460477, -4.16665, 0.0388399
11.6146, -49.0057, 0.46663, -4.00534, 0.03745
11.776, -49.6388, 0.472559, -3.84403, 0.0360601
11.9373, -50.2459, 0.478264, -3.68272, 0.0346703
12.0986, -50.827, 0.483745, -3.52141, 0.0332805
12.2599, -51.382, 0.489001, -3.3601, 0.031891
12.4212, -51.911, 0.494034, -3.19879, 0.0305014
12.5825, -52.414, 0.498842, -3.03749, 0.029112
12.7439, -52.891, 0.503426, -2.87617, 0.0277225
12.9052, -53.342, 0.507786, -2.71487, 0.0263332
13.0665, -53.7669, 0.511922, -2.55356, 0.0249439
13.2278, -54.1658, 0.515834, -2.39225, 0.0235547
13.3891, -54.5387, 0.519521, -2.23094, 0.0221655
13.5504, -54.8856, 0.522985, -2.06963, 0.0207764
13.7117, -55.2064, 0.526224, -1.90832, 0.0193873
13.8731, -55.5013, 0.52924, -1.74702, 0.0179983
14.0344, -55.7701, 0.532031, -1.58571, 0.0166093
14.1957, -56.0129, 0.534598, -1.4244, 0.0152203
14.357, -56.2296, 0.536942, -1.26309, 0.0138314
14.5183, -56.4204, 0.539061, -1.10178, 0.0124425
14.6796, -56.5851, 0.540956, -0.940472, 0.0110536
14.8409, -56.7238, 0.542627, -0.779163, 0.0096648
15.0023, -56.8365, 0.544074, -0.617854, 0.008276
15.1636, -56.9231, 0.545297, -0.456545, 0.00688722
15.3249, -56.9838, 0.546296, -0.295238, 0.00549849
15.4862, -57.0184, 0.547071, -0.133929, 0.00410976
15.6475, -57.027, 0.547622, 0.0273795, 0.00272107
15.8088, -57.0095, 0.547949, 0.18869, 0.00133238
15.9701, -56.9661, 0.548052, 0.349997, -5.62549e-05
16.117, -56.9039, 0.548595, 0.496875, 0.00122948
16.2639, -56.8201, 0.548873, 0.64375, 0.00245895
16.4108, -56.7148, 0.549332, 0.790625, 0.00368842
16.5577, -56.5879, 0.549971, 0.9375, 0.0049179
16.7045, -56.4394, 0.550791, 1.08437, 0.00614737
16.8514, -56.2693, 0.551791, 1.23125, 0.00737685
16.9983, -56.0777, 0.552973, 1.37812, 0.00860633
17.1452, -55.8645, 0.554334, 1.525, 0.0098358
17.2921, -55.6297, 0.555877, 1.67187, 0.0110653
17.4389, -55.3733, 0.557599, 1.81875, 0.0122948
17.5858, -55.0954, 0.559503, 1.96562, 0.0135242
17.7327, -54.7959, 0.561587, 2.1125, 0.0147537
17.8796, -54.4749, 0.563852, 2.25937, 0.0159832
18.0265, -54.1322, 0.566297, 2.40625, 0.0172127
18.1733, -53.768, 0.568923, 2.55312, 0.0184421
18.3202, -53.3822, 0.571729, 2.7, 0.0196716
18.4671, -52.9748, 0.574716, 2.84687, 0.0209011
18.614, -52.5459, 0.577884, 2.99375, 0.0221306
18.7609, -52.0954, 0.581232, 3.14062, 0.02336
18.9077, -51.6233, 0.584761, 3.2875, 0.0245895
19.0546, -51.1297, 0.58847, 3.43437, 0.025819
19.2015, -50.6144, 0.59236, 3.58125, 0.0270484
19.3484, -50.0776, 0.59643, 3.72812, 0.0282779
19.4953, -49.5193, 0.600681, 3.875, 0.0295074
19.6421, -48.9393, 0.605113, 4.02187, 0.0307369
19.789, -48.3378, 0.609725, 4.16875, 0.0319664
19.9359, -47.7147, 0.614518, 4.31562, 0.0331958
20.0828, -47.07, 0.619492, 4.4625, 0.0344253
20.2297, -46.4038, 0.624646, 4.60937, 0.0356548
20.3765, -45.716, 0.62998, 4.75625, 0.0368843
20.5234, -45.0066, 0.635495, 4.90312, 0.0381137
20.6703, -44.2756, 0.641191, 5.05, 0.0393432
20.8172, -43.5231, 0.647067, 5.19687, 0.0405727
20.9641, -42.749, 0.653124, 5.34375, 0.0418022
21.1109, -41.9533, 0.659362, 5.49062, 0.0430316
21.2578, -41.1361, 0.66578, 5.6375, 0.0442611
21.4047, -40.2973, 0.672379, 5.78437, 0.0454906
21.5516, -39.4369, 0.679158, 5.93125, 0.0467201
21.6985, -38.5549, 0.686118, 6.07813, 0.0479496
21.8453, -37.6514, 0.693258, 6.225, 0.049179
21.9922, -36.7262, 0.700579, 6.37187, 0.0504085
22.1391, -35.7796, 0.708081, 6.51875, 0.051638
22.286, -34.8113, 0.715763, 6.66562, 0.0528674
22.4329, -33.8215, 0.723626, 6.8125, 0.0540969
22.5797, -32.8101, 0.731669, 6.95938, 0.0553265
22.7266, -31.7771, 0.739893, 7.10625, 0.0565559
22.8735, -30.7225, 0.748298, 7.25313, 0.0577854
23.0204, -29.6464, 0.756883, 7.40003, 0.059015
23.1673, -28.5487, 0.765649, 7.54689, 0.0602444
23.3141, -27.4351, 0.774685, 7.54383, 0.062148
23.461, -26.3378, 0.783728, 7.39687, 0.0609719
23.6079, -25.2621, 0.792595, 7.25001, 0.0597679
23.7548, -24.2081, 0.801284, 7.10312, 0.0585549
23.9017, -23.1755, 0.809796, 6.95625, 0.0573381
24.0485, -22.1646, 0.818128, 6.80937, 0.0561185
24.1954, -21.1752, 0.826281, 6.6625, 0.0548974
24.3423, -20.2074, 0.834255, 6.51562, 0.053675
24.4892, -19.2612, 0.842049, 6.36874, 0.0524517
24.6361, -18.3365, 0.849663, 6.22186, 0.0512278
24.7829, -17.4335, 0.857097, 6.07499, 0.0500033
24.9298, -16.5519, 0.864352, 5.92812, 0.0487784
25.0767, -15.692, 0.871426, 5.78124, 0.0475531
25.2236, -14.8536, 0.878321, 5.63437, 0.0463274
25.3705, -14.0369, 0.885035, 5.48749, 0.0451015
25.5173, -13.2416, 0.89157, 5.34062, 0.0438753
25.6642, -12.468, 0.897924, 5.19374, 0.042649
25.8111, -11.7159, 0.904098, 5.04687, 0.0414224
25.958, -10.9854, 0.910092, 4.89999, 0.0401957
26.1049, -10.2765, 0.915906, 4.75312, 0.0389689
26.2517, -9.58916, 0.92154, 4.60624, 0.0377419
26.3986, -8.92337, 0.926993, 4.45937, 0.0365148
26.5455, -8.27917, 0.932267, 4.31249, 0.0352876
26.6924, -7.65654, 0.937359, 4.16562, 0.0340602
26.8393, -7.05548, 0.942272, 4.01874, 0.0328329
26.9861, -6.47599, 0.947004, 3.87187, 0.0316054
27.133, -5.91808, 0.951556, 3.72499, 0.0303778
27.2799, -5.38173, 0.955928, 3.57812, 0.0291502
27.4268, -4.86697, 0.96012, 3.43124, 0.0279225
27.5737, -4.37378, 0.964131, 3.28437, 0.0266947
27.7205, -3.90216, 0.967961, 3.13749, 0.0254669
27.8674, -3.45211, 0.971612, 2.99062, 0.0242391
28.0143, -3.02363, 0.975082, 2.84374, 0.0230111
28.1612, -2.61673, 0.978372, 2.69687, 0.0217832
28.3081, -2.2314, 0.981481, 2.54999, 0.0205552
28.4549, -1.86765, 0.98441, 2.40312, 0.0193271
28.6018, -1.52547, 0.987158, 2.25624, 0.018099
28.7487, -1.20486, 0.989727, 2.10937, 0.0168709
28.8956, -0.905815, 0.992114, 1.96249, 0.0156427
29.0425, -0.628353, 0.994322, 1.81562, 0.0144145
29.1893, -0.372456, 0.996349, 1.66874, 0.0131863
29.3362, -0.138142, 0.998196, 1.52187, 0.011958
29.4831, 0.0746002, 0.999862, 1.37499, 0.0107298
29.63, 0.265778, 1.00135, 1.22812, 0.00950143
29.7769, 0.435375, 1.00265, 1.08124, 0.00827309
29.9237, 0.583405, 1.00378, 0.934368, 0.00704474
30.0706, 0.709858, 1.00472, 0.787493, 0.00581635
30.2175, 0.814743, 1.00549, 0.640619, 0.00458794
30.3644, 0.898041, 1.00607, 0.49374, 0.00335947
30.5113, 0.959785, 1.00647, 0.346869, 0.00213105
30.6581, 0.999939, 1.0067, 0.199993, 0.00090256
