2.68005, 0.141262
0, 0, 0, 0.5, 0
0.0160853, 0.00791534, 2.29885e-05, 0.484174, 0.00287549
0.0321706, 0.0155763, 9.29345e-05, 0.468361, 0.00582348
0.048256, 0.0229829, 0.000210669, 0.452563, 0.00884811
0.0643413, 0.0301356, 0.000377834, 0.43678, 0.0119526
0.0804266, 0.0370345, 0.000595557, 0.421014, 0.0151415
0.0965119, 0.04368, 0.000865092, 0.405266, 0.0184193
0.112597, 0.0500722, 0.00118894, 0.389538, 0.0217891
0.128683, 0.0562117, 0.00156704, 0.373831, 0.025259
0.144768, 0.0620988, 0.0020019, 0.358148, 0.028833
0.160853, 0.0677337, 0.00249493, 0.34249, 0.0325177
0.176939, 0.0731171, 0.0030485, 0.32686, 0.0363189
0.193024, 0.0782492, 0.00366435, 0.311261, 0.040244
0.209109, 0.0831307, 0.00434377, 0.295696, 0.0443027
0.225194, 0.0877621, 0.00509015, 0.280169, 0.0485009
0.24128, 0.0921441, 0.00590499, 0.264683, 0.0528501
0.257365, 0.0962774, 0.00679117, 0.249243, 0.0573598
0.27345, 0.100163, 0.00775136, 0.233854, 0.0620415
0.289536, 0.103801, 0.00878807, 0.218523, 0.0669087
0.305621, 0.107193, 0.00990494, 0.203256, 0.0719742
0.321706, 0.11034, 0.0111046, 0.188062, 0.0772552
0.337792, 0.113244, 0.0123914, 0.172951, 0.0827674
0.353877, 0.115905, 0.0137688, 0.157934, 0.0885311
0.369962, 0.118325, 0.0152408, 0.143025, 0.0945682
0.386048, 0.120506, 0.0168127, 0.128239, 0.100901
0.402133, 0.122451, 0.0184889, 0.113597, 0.107559
0.418218, 0.124162, 0.0202748, 0.0991212, 0.114572
0.434304, 0.125641, 0.0221767, 0.0848405, 0.121974
0.450389, 0.126892, 0.0242011, 0.0707896, 0.129802
0.466474, 0.12792, 0.0263551, 0.0570108, 0.1381
0.48256, 0.128728, 0.0286466, 0.0435568, 0.146914
0.498645, 0.129323, 0.0310844, 0.0304927, 0.156296
0.51473, 0.129712, 0.0336781, 0.0178995, 0.166301
0.530816, 0.129902, 0.0364381, 0.00587782, 0.176985
0.546901, 0.129905, 0.0393757, -0.00544816, 0.188402
0.562986, 0.129731, 0.0425033, -0.0159262, 0.200601
0.579072, 0.129398, 0.0458336, -0.0253741, 0.213614
0.595157, 0.128922, 0.0493797, -0.0335802, 0.227441
0.611242, 0.128325, 0.0531547, -0.0403128, 0.24204
0.627328, 0.127634, 0.0571699, -0.045337, 0.257311
0.643413, 0.126877, 0.0614352, -0.0484461, 0.273082
0.659498, 0.126087, 0.0659566, -0.049497, 0.289121
0.675583, 0.125296, 0.0707364, -0.0484397, 0.30516
0.691669, 0.124539, 0.0757724, -0.0453306, 0.320931
0.707754, 0.123848, 0.0810583, -0.0403171, 0.336206
0.723839, 0.123251, 0.0865848, -0.0336094, 0.350817
0.739925, 0.122775, 0.0923402, -0.0254408, 0.364666
0.75601, 0.122439, 0.098312, -0.0160419, 0.377714
0.772095, 0.122264, 0.104487, -0.00562155, 0.389963
0.788181, 0.122263, 0.110853, 0.00564012, 0.401444
0.804266, 0.122449, 0.117398, 0.0175936, 0.412204
0.820351, 0.122832, 0.124111, 0.030116, 0.422297
0.836437, 0.123421, 0.13098, 0.0431083, 0.431778
0.852522, 0.124221, 0.137998, 0.0564903, 0.440701
0.868607, 0.12524, 0.145155, 0.0701978, 0.449117
0.884693, 0.126481, 0.152444, 0.0841788, 0.45707
0.900778, 0.127949, 0.159857, 0.0983907, 0.464602
0.916863, 0.129647, 0.167389, 0.112799, 0.471752
0.932949, 0.131579, 0.175032, 0.127376, 0.478551
0.949034, 0.133746, 0.182782, 0.142098, 0.485031
0.965119, 0.136151, 0.190634, 0.156946, 0.491218
0.981205, 0.138795, 0.198583, 0.171903, 0.497135
0.99729, 0.141681, 0.206626, 0.186957, 0.502804
1.01338, 0.14481, 0.214758, 0.202094, 0.508243
1.02946, 0.148183, 0.222975, 0.217306, 0.513471
1.04555, 0.151802, 0.231275, 0.232585, 0.518501
1.06163, 0.155666, 0.239655, 0.247922, 0.523349
1.07772, 0.159778, 0.248111, 0.263312, 0.528026
1.0938, 0.164137, 0.256641, 0.27875, 0.532544
1.10989, 0.168745, 0.265242, 0.29423, 0.536913
1.12597, 0.173603, 0.273913, 0.30975, 0.541142
1.14206, 0.17871, 0.282651, 0.325304, 0.545241
1.15814, 0.184068, 0.291453, 0.340891, 0.549216
1.17423, 0.189677, 0.300319, 0.356506, 0.553075
1.19031, 0.195538, 0.309245, 0.372148, 0.556825
1.2064, 0.20165, 0.318231, 0.387815, 0.560471
1.22248, 0.208014, 0.327275, 0.403504, 0.564019
1.23857, 0.214631, 0.336376, 0.419213, 0.567475
1.25466, 0.2215, 0.345531, 0.434942, 0.570842
1.27074, 0.228623, 0.35474, 0.450689, 0.574126
1.28683, 0.235999, 0.364001, 0.466452, 0.57733
1.30291, 0.243629, 0.373312, 0.48223, 0.580459
1.319, 0.251513, 0.382674, 0.498022, 0.583515
1.33508, 0.259651, 0.392084, 0.513828, 0.586502
1.35117, 0.268043, 0.401542, 0.529645, 0.589424
1.36725, 0.27669, 0.411046, 0.545475, 0.592283
1.38334, 0.285592, 0.420595, 0.561315, 0.595081
1.39942, 0.294748, 0.43019, 0.577165, 0.597822
1.41551, 0.30416, 0.439828, 0.593025, 0.600507
1.43159, 0.313826, 0.449508, 0.608893, 0.60314
1.44768, 0.323748, 0.459231, 0.62477, 0.605721
1.46376, 0.333925, 0.468994, 0.640654, 0.608253
1.47985, 0.344358, 0.478798, 0.656547, 0.610739
1.49593, 0.355047, 0.488642, 0.672446, 0.613178
1.51202, 0.365992, 0.498524, 0.688352, 0.615575
1.52811, 0.377192, 0.508445, 0.704264, 0.617929
1.54419, 0.388648, 0.518403, 0.720182, 0.620242
1.56028, 0.400361, 0.528399, 0.736106, 0.622517
1.57636, 0.412329, 0.53843, 0.752035, 0.624753
1.59245, 0.424554, 0.548497, 0.767969, 0.626953
1.60332, 0.432761, 0.555376, 0.767098, 0.6377
1.6142, 0.440961, 0.562372, 0.766179, 0.648423
1.62507, 0.449155, 0.569486, 0.765198, 0.659114
1.63595, 0.45734, 0.576717, 0.764132, 0.669762
1.64683, 0.465519, 0.584065, 0.762948, 0.680346
1.6577, 0.47369, 0.59153, 0.761593, 0.690833
1.66858, 0.481852, 0.599111, 0.759978, 0.701161
1.67946, 0.490005, 0.606805, 0.757939, 0.711208
1.69033, 0.498148, 0.61461, 0.75516, 0.720689
1.70121, 0.506277, 0.622516, 0.750995, 0.72884
1.71208, 0.514382, 0.630497, 0.74446, 0.733523
1.72296, 0.522437, 0.638489, 0.736258, 0.731624
1.73384, 0.530419, 0.64642, 0.729361, 0.724428
1.74471, 0.538335, 0.654254, 0.72438, 0.715101
1.75559, 0.546202, 0.66198, 0.720721, 0.70499
1.76646, 0.554033, 0.669592, 0.717922, 0.694542
1.77734, 0.561835, 0.67709, 0.715709, 0.683927
1.78822, 0.569615, 0.684471, 0.713916, 0.67322
1.79909, 0.577376, 0.691736, 0.712436, 0.662458
1.80997, 0.585122, 0.698882, 0.7112, 0.651662
1.82084, 0.592855, 0.705912, 0.710156, 0.640842
1.83172, 0.600578, 0.712823, 0.709269, 0.630007
1.8426, 0.608291, 0.719617, 0.708512, 0.619161
1.85347, 0.615996, 0.726292, 0.707865, 0.608307
1.86435, 0.623695, 0.732849, 0.707311, 0.597448
1.87522, 0.631388, 0.739288, 0.706838, 0.586583
1.8861, 0.639076, 0.745609, 0.706436, 0.575716
1.89698, 0.646759, 0.751812, 0.706095, 0.564847
1.90785, 0.654439, 0.757896, 0.705809, 0.553976
1.91873, 0.662117, 0.763862, 0.705572, 0.543103
1.9296, 0.669791, 0.76971, 0.705379, 0.532229
1.94048, 0.677464, 0.77544, 0.705226, 0.521355
1.95136, 0.685135, 0.781051, 0.705109, 0.51048
1.96223, 0.692805, 0.786544, 0.705024, 0.499605
1.97311, 0.700475, 0.791919, 0.704969, 0.488729
1.98398, 0.708143, 0.797175, 0.704942, 0.477854
1.99486, 0.715812, 0.802314, 0.70494, 0.466978
2.00574, 0.72348, 0.807333, 0.704962, 0.456102
2.01661, 0.731149, 0.812235, 0.705006, 0.445226
2.02749, 0.738818, 0.817018, 0.705069, 0.434351
2.03837, 0.746489, 0.821683, 0.705152, 0.423475
2.04924, 0.75416, 0.82623, 0.705252, 0.4126
2.06012, 0.761832, 0.830658, 0.705369, 0.401725
2.07099, 0.769505, 0.834968, 0.705501, 0.39085
2.08187, 0.77718, 0.83916, 0.705647, 0.379975
2.09275, 0.784857, 0.843234, 0.705808, 0.3691
2.10362, 0.792535, 0.847189, 0.705981, 0.358225
2.1145, 0.800216, 0.851026, 0.706167, 0.347351
2.12537, 0.807898, 0.854745, 0.706364, 0.336477
2.13625, 0.815583, 0.858345, 0.706572, 0.325603
2.14713, 0.82327, 0.861828, 0.706791, 0.314729
2.158, 0.830959, 0.865192, 0.707019, 0.303855
2.16888, 0.838651, 0.868437, 0.707257, 0.292982
2.17975, 0.846345, 0.871565, 0.707504, 0.282109
2.19063, 0.854042, 0.874574, 0.707759, 0.271236
2.20151, 0.861742, 0.877465, 0.708023, 0.260363
2.21238, 0.869445, 0.880237, 0.708295, 0.24949
2.22326, 0.877151, 0.882892, 0.708574, 0.238618
2.23413, 0.88486, 0.885428, 0.70886, 0.227746
2.24501, 0.892572, 0.887846, 0.709153, 0.216874
2.25589, 0.900287, 0.890146, 0.709452, 0.206002
2.26676, 0.908005, 0.892327, 0.709758, 0.19513
2.27764, 0.915727, 0.89439, 0.71007, 0.184259
2.28851, 0.923452, 0.896335, 0.710388, 0.173387
2.29939, 0.931181, 0.898162, 0.710712, 0.162516
2.31027, 0.938913, 0.89987, 0.711041, 0.151645
2.32114, 0.946649, 0.901461, 0.711375, 0.140774
2.33202, 0.954389, 0.902933, 0.711714, 0.129903
2.34289, 0.962132, 0.904286, 0.712058, 0.119033
2.35377, 0.969879, 0.905522, 0.712407, 0.108162
2.36465, 0.97763, 0.906639, 0.71276, 0.0972919
2.37552, 0.985384, 0.907638, 0.713118, 0.0864218
2.3864, 0.993143, 0.908519, 0.71348, 0.0755519
2.39727, 1.00091, 0.909282, 0.713846, 0.0646819
2.40815, 1.00867, 0.909926, 0.714216, 0.0538122
2.41903, 1.01644, 0.910452, 0.71459, 0.0429427
2.4299, 1.02422, 0.91086, 0.714968, 0.0320731
2.44078, 1.032, 0.91115, 0.71535, 0.0212039
2.45166, 1.03978, 0.911322, 0.715734, 0.0103347
2.46253, 1.04757, 0.911375, 0.716123, -0.000534415
2.47341, 1.05536, 0.91131, 0.716514, -0.0114034
2.48428, 1.06315, 0.911127, 0.716909, -0.0222723
2.49516, 1.07095, 0.910826, 0.717307, -0.0331411
2.50604, 1.07876, 0.910406, 0.717708, -0.0440097
2.51691, 1.08656, 0.909868, 0.718112, -0.0548783
2.52779, 1.09438, 0.909212, 0.718519, -0.0657467
2.53866, 1.1022, 0.908438, 0.718929, -0.076615
2.54954, 1.11002, 0.907546, 0.719342, -0.0874833
2.56042, 1.11784, 0.906536, 0.719757, -0.0983514
2.57129, 1.12567, 0.905407, 0.720175, -0.109219
2.58217, 1.13351, 0.90416, 0.720595, -0.120087
2.59304, 1.14135, 0.902795, 0.721018, -0.130955
2.60392, 1.14919, 0.901311, 0.721443, -0.141823
2.6148, 1.15704, 0.89971, 0.72187, -0.152691
2.62567, 1.1649, 0.89799, 0.7223, -0.163558
2.63655, 1.17276, 0.896152, 0.722732, -0.174425
2.64742, 1.18062, 0.894196, 0.723167, -0.185293
2.6583, 1.18849, 0.892122, 0.723603, -0.19616
2.66918, 1.19636, 0.889929, 0.724041, -0.207027
2.68005, 1.20424, 0.887618, 0.724482, -0.217895
