32.5741, 0
0, 0, 0, 0.5, 0
0.171026, 0.0708886, 0.000104112, 0.328979, 0.0013088
0.342052, 0.112528, 0.000432061, 0.157958, 0.00261759
0.513079, 0.124916, 0.00098387, -0.0130637, 0.00392639
0.684105, 0.108055, 0.00175952, -0.184085, 0.00523519
0.855131, 0.0619508, 0.00275896, -0.355106, 0.00654399
1.02616, -0.0134023, 0.00398223, -0.526127, 0.00785279
1.19718, -0.117987, 0.00841815, -0.697151, 0.0087546
1.36821, -0.251867, 0.00710039, -0.86817, 0.0104704
1.53924, -0.414973, 0.00899522, -1.03919, 0.0117792
1.71026, -0.607323, 0.0111139, -1.21021, 0.013088
1.88129, -0.828928, 0.0134564, -1.38123, 0.0143968
2.05231, -1.07978, 0.0160227, -1.55225, 0.0157056
2.22334, -1.35988, 0.0188129, -1.72328, 0.0170144
2.39437, -1.66923, 0.0218269, -1.8943, 0.0183232
2.56539, -2.00783, 0.0250648, -2.06532, 0.019632
2.73642, -2.37568, 0.0285265, -2.23634, 0.0209408
2.90745, -2.77277, 0.032212, -2.40736, 0.0222496
3.07847, -3.19912, 0.0361213, -2.57838, 0.0235584
3.2495, -3.65472, 0.0402546, -2.7494, 0.0248672
3.42052, -4.13956, 0.0446116, -2.92042, 0.026176
3.59155, -4.65366, 0.0491925, -3.09144, 0.0274848
3.76258, -5.197, 0.0539972, -3.26247, 0.0287936
3.9336, -5.76959, 0.0590258, -3.43349, 0.0301024
4.10463, -6.37143, 0.0642782, -3.60451, 0.0314111
4.27566, -7.00252, 0.0697544, -3.77553, 0.03272
4.44668, -7.66286, 0.0754545, -3.94655, 0.0340287
4.61771, -8.35245, 0.0813784, -4.11757, 0.0353375
4.78873, -9.07127, 0.0890532, -4.2886, 0.0362393
4.95976, -9.81937, 0.0938978, -4.45962, 0.0379551
5.13079, -10.5967, 0.100493, -4.63064, 0.0392639
5.30181, -11.4033, 0.107313, -4.80166, 0.0405727
5.47284, -12.2391, 0.114356, -4.97268, 0.0418815
5.64386, -13.1042, 0.121623, -5.1437, 0.0431903
5.81489, -13.9985, 0.129113, -5.31472, 0.0444991
5.98592, -14.9221, 0.136828, -5.48574, 0.0458079
6.15694, -15.875, 0.144766, -5.65676, 0.0471167
6.32797, -16.857, 0.152929, -5.82779, 0.0484255
6.499, -17.8684, 0.16221, -5.99881, 0.0492957
6.67002, -18.9089, 0.169925, -6.16983, 0.0510431
6.84105, -19.9788, 0.178759, -6.34085, 0.0523519
7.01207, -21.0778, 0.188439, -6.51187, 0.0532537
7.1831, -22.2062, 0.197098, -6.68289, 0.0549695
7.35413, -23.3637, 0.206603, -6.85391, 0.0562783
7.52515, -24.5506, 0.216332, -7.02493, 0.0575871
7.69618, -25.7666, 0.226285, -7.19595, 0.0588959
7.86721, -27.012, 0.236462, -7.36698, 0.0602047
8.03823, -28.2865, 0.247115, -7.538, 0.0610116
8.20926, -29.5903, 0.257647, -7.70902, 0.0623418
8.38028, -30.9234, 0.268336, -7.88005, 0.0641312
8.55131, -32.2856, 0.279399, -8.03035, 0.0643967
8.72234, -33.6443, 0.290284, -7.85903, 0.062955
8.89336, -34.9738, 0.300936, -7.688, 0.0616158
9.06439, -36.274, 0.311361, -7.51698, 0.0602889
9.23542, -37.545, 0.321559, -7.34595, 0.0589671
9.40644, -38.7867, 0.331531, -7.17493, 0.0576483
9.57747, -39.9992, 0.341277, -7.00391, 0.0563313
9.74849, -41.1824, 0.350799, -6.83289, 0.0550155
9.91952, -42.3364, 0.360096, -6.66187, 0.0537007
10.0905, -43.4612, 0.369167, -6.49085, 0.0523866
10.2616, -44.5566, 0.378015, -6.31983, 0.051073
10.4326, -45.6229, 0.386637, -6.14881, 0.0497599
10.6036, -46.6599, 0.395035, -5.97778, 0.0484471
10.7747, -47.6676, 0.403209, -5.80676, 0.0471347
10.9457, -48.6461, 0.411158, -5.63574, 0.0458225
11.1167, -49.5953, 0.418882, -5.46472, 0.0445106
11.2877, -50.5153, 0.426383, -5.2937, 0.0431988
11.4588, -51.406, 0.433659, -5.12268, 0.0418873
11.6298, -52.2675, 0.44071, -4.95166, 0.0405759
11.8008, -53.0997, 0.447538, -4.78064, 0.0392646
11.9718, -53.9027, 0.454141, -4.60962, 0.0379535
12.1429, -54.6765, 0.46052, -4.43859, 0.0366425
12.3139, -55.421, 0.466674, -4.26757, 0.0353316
12.4849, -56.1362, 0.472605, -4.09655, 0.0340207
12.6559, -56.8222, 0.478311, -3.92553, 0.03271
12.827, -57.4789, 0.483794, -3.75451, 0.0313993
12.998, -58.1064, 0.489052, -3.58348, 0.0300887
13.169, -58.7047, 0.494085, -3.41246, 0.0287782
13.34, -59.2737, 0.498895, -3.24144, 0.0274678
13.5111, -59.8134, 0.503481, -3.07042, 0.0261574
13.6821, -60.3239, 0.507843, -2.8994, 0.0248471
13.8531, -60.8052, 0.51198, -2.72838, 0.0235367
14.0241, -61.2572, 0.515893, -2.55736, 0.0222265
14.1952, -61.6799, 0.519583, -2.38634, 0.0209163
14.3662, -62.0734, 0.523048, -2.21532, 0.0196062
14.5372, -62.4377, 0.526289, -2.0443, 0.018296
14.7083, -62.7727, 0.529306, -1.87327, 0.016986
14.8793, -63.0784, 0.532099, -1.70226, 0.0156759
15.0503, -63.3549, 0.534668, -1.53123, 0.0143659
15.2213, -63.6022, 0.537013, -1.36021, 0.0130559
15.3924, -63.8202, 0.539134, -1.18919, 0.011746
15.5634, -64.009, 0.541031, -1.01817, 0.0104361
15.7344, -64.1685, 0.542703, -0.847147, 0.00912615
15.9054, -64.2987, 0.544152, -0.676128, 0.00781629
16.0765, -64.3997, 0.545377, -0.505104, 0.00650642
16.2475, -64.4715, 0.546378, -0.334084, 0.00519661
16.4185, -64.514, 0.547155, -0.163062, 0.00388681
16.5895, -64.5273, 0.547707, 0.00795862, 0.00257703
16.7606, -64.5113, 0.548036, 0.178979, 0.00126728
16.9316, -64.4661, 0.548141, 0.35, -4.24542e-05
17.088, -64.3991, 0.548678, 0.506421, 0.00115467
17.2444, -64.3076, 0.549039, 0.66284, 0.00230934
17.4009, -64.1917, 0.549581, 0.819261, 0.00346402
17.5573, -64.0513, 0.550304, 0.975682, 0.00461869
17.7137, -63.8865, 0.551207, 1.1321, 0.00577336
17.8701, -63.6972, 0.552291, 1.28852, 0.00692804
18.0266, -63.4834, 0.553555, 1.44494, 0.00808271
18.183, -63.2451, 0.555, 1.60136, 0.00923738
18.3394, -62.9824, 0.556626, 1.75778, 0.0103921
18.4958, -62.6952, 0.558432, 1.9142, 0.0115467
18.6523, -62.3835, 0.560419, 2.07062, 0.0127014
18.8087, -62.0474, 0.562587, 2.22705, 0.0138561
18.9651, -61.6868, 0.564935, 2.38347, 0.0150107
19.1215, -61.3017, 0.567464, 2.53989, 0.0161654
19.278, -60.8922, 0.570173, 2.69631, 0.0173201
19.4344, -60.4582, 0.573063, 2.85273, 0.0184748
19.5908, -59.9997, 0.576134, 3.00915, 0.0196294
19.7472, -59.5168, 0.579385, 3.16557, 0.0207841
19.9037, -59.0094, 0.582817, 3.32199, 0.0219388
20.0601, -58.4775, 0.58643, 3.47841, 0.0230935
20.2165, -57.9212, 0.590223, 3.63483, 0.0242481
20.3729, -57.3404, 0.594196, 3.79125, 0.0254028
20.5294, -56.7351, 0.598351, 3.94767, 0.0265575
20.6858, -56.1053, 0.602686, 4.10409, 0.0277121
20.8422, -55.4511, 0.607201, 4.26051, 0.0288668
20.9986, -54.7724, 0.611898, 4.41693, 0.0300215
21.1551, -54.0693, 0.616774, 4.57335, 0.0311762
21.3115, -53.3417, 0.621832, 4.72977, 0.0323308
21.4679, -52.5896, 0.62707, 4.88619, 0.0334855
21.6243, -51.813, 0.632489, 5.04261, 0.0346402
21.7808, -51.012, 0.638088, 5.19903, 0.0357949
21.9372, -50.1865, 0.643868, 5.35545, 0.0369495
22.0936, -49.3366, 0.649828, 5.51187, 0.0381042
22.25, -48.4621, 0.65597, 5.66829, 0.0392589
22.4065, -47.5632, 0.662291, 5.82471, 0.0404135
22.5629, -46.6399, 0.668794, 5.98114, 0.0415682
22.7193, -45.692, 0.675477, 6.13756, 0.0427229
22.8757, -44.7197, 0.682341, 6.29398, 0.0438776
23.0322, -43.723, 0.689385, 6.4504, 0.0450322
23.1886, -42.7018, 0.69661, 6.60682, 0.0461869
23.345, -41.656, 0.704015, 6.76324, 0.0473416
23.5014, -40.5859, 0.711601, 6.91966, 0.0484963
23.6579, -39.4912, 0.719368, 7.07608, 0.0496509
23.8143, -38.3721, 0.727316, 7.2325, 0.0508056
23.9707, -37.2286, 0.735444, 7.38892, 0.0519603
24.1271, -36.0605, 0.743752, 7.54535, 0.053115
24.2836, -34.868, 0.752241, 7.70177, 0.0542697
24.44, -33.651, 0.760911, 7.85819, 0.0554244
24.5964, -32.4096, 0.769762, 8.01465, 0.0565794
24.7528, -31.1493, 0.778667, 8.02101, 0.0566572
24.9093, -29.9068, 0.787363, 7.86462, 0.0555624
25.0657, -28.6889, 0.795894, 7.70821, 0.0544619
25.2221, -27.4953, 0.804259, 7.55176, 0.0533565
25.3785, -26.3263, 0.812457, 7.39535, 0.0522474
25.535, -25.1817, 0.820485, 7.23893, 0.0511349
25.6914, -24.0616, 0.828343, 7.08251, 0.0500196
25.8478, -22.9659, 0.83603, 6.92608, 0.0489018
26.0042, -21.8948, 0.843544, 6.76967, 0.0477817
26.1606, -20.8481, 0.850886, 6.61324, 0.0466597
26.3171, -19.8258, 0.858055, 6.45682, 0.0455359
26.4735, -18.828, 0.86505, 6.3004, 0.0444106
26.6299, -17.8547, 0.871871, 6.14398, 0.0432839
26.7863, -16.9059, 0.878517, 5.98756, 0.0421559
26.9428, -15.9815, 0.884988, 5.83114, 0.0410267
27.0992, -15.0816, 0.891284, 5.67472, 0.0398964
27.2556, -14.2062, 0.897404, 5.5183, 0.0387651
27.412, -13.3552, 0.903349, 5.36188, 0.037633
27.5685, -12.5288, 0.909117, 5.20546, 0.0364999
27.7249, -11.7267, 0.914709, 5.04904, 0.0353661
27.8813, -10.9492, 0.920125, 4.89262, 0.0342316
28.0377, -10.1961, 0.925365, 4.73619, 0.0330964
28.1942, -9.46743, 0.930427, 4.57977, 0.0319606
28.3506, -8.76328, 0.935313, 4.42336, 0.0308241
28.507, -8.0836, 0.940022, 4.26693, 0.0296871
28.6634, -7.42838, 0.944553, 4.11051, 0.0285496
28.8199, -6.79763, 0.948907, 3.95409, 0.0274116
28.9763, -6.19135, 0.953084, 3.79767, 0.0262731
29.1327, -5.60953, 0.957083, 3.64125, 0.0251342
29.2891, -5.05218, 0.960905, 3.48483, 0.0239949
29.4456, -4.5193, 0.964549, 3.32841, 0.0228552
29.602, -4.01089, 0.968015, 3.17199, 0.021715
29.7584, -3.52695, 0.971303, 3.01557, 0.0205746
29.9148, -3.06747, 0.974413, 2.85915, 0.0194338
30.0713, -2.63246, 0.977345, 2.70273, 0.0182926
30.2277, -2.22192, 0.980099, 2.54631, 0.0171512
30.3841, -1.83585, 0.982675, 2.38989, 0.0160094
30.5405, -1.47425, 0.985073, 2.23347, 0.0148674
30.697, -1.13712, 0.987292, 2.07705, 0.0137251
30.8534, -0.824444, 0.989334, 1.92063, 0.0125826
31.0098, -0.53624, 0.991196, 1.76421, 0.0114398
31.1662, -0.272514, 0.99288, 1.60779, 0.0102967
31.3227, -0.0332489, 0.994386, 1.45137, 0.00915348
31.4791, 0.181541, 0.995713, 1.29494, 0.00800997
31.6355, 0.371872, 0.996862, 1.13852, 0.00686628
31.7919, 0.537735, 0.997832, 0.982104, 0.00572237
31.9484, 0.679123, 0.998623, 0.825682, 0.00457826
32.1048, 0.796043, 0.999235, 0.669263, 0.00343397
32.2612, 0.888504, 0.999669, 0.512842, 0.0022895
32.4176, 0.956482, 0.999924, 0.35642, 0.00114483
32.5741, 0.999992, 1, 0.199999, 4.88944e-09
