27.7522, 0
0, 0, 0, 0.5, 0
0.146575, 0.0625496, 0.000417918, 0.353432, 0.0014832
0.29315, 0.103608, 0.000429113, 0.206866, 0.00305418
0.439725, 0.12319, 0.00128184, 0.0602988, 0.00453739
0.5863, 0.12129, 0.00204951, -0.0862683, 0.00606448
0.732875, 0.0978985, 0.00275152, -0.232835, 0.00763546
0.87945, 0.0530306, 0.00425646, -0.379402, 0.00911866
1.02602, -0.0133212, 0.00569565, -0.525969, 0.0106458
1.1726, -0.101161, 0.00708844, -0.672536, 0.0122167
1.31917, -0.210475, 0.00924556, -0.819103, 0.0136999
1.46575, -0.341277, 0.0113563, -0.96567, 0.015227
1.61232, -0.493563, 0.0136908, -1.11224, 0.0167541
1.7589, -0.667331, 0.0162492, -1.2588, 0.0182812
1.90547, -0.862583, 0.0190314, -1.40537, 0.0198083
2.05205, -1.07932, 0.0220374, -1.55194, 0.0213354
2.19862, -1.31753, 0.0252673, -1.6985, 0.0228625
2.3452, -1.57723, 0.028849, -1.84507, 0.0243639
2.49177, -1.85842, 0.0323985, -1.99164, 0.0259167
2.63835, -2.16108, 0.0364204, -2.13821, 0.0274181
2.78492, -2.48523, 0.0405418, -2.28477, 0.0289452
2.9315, -2.83086, 0.0448871, -2.43134, 0.0304723
3.07807, -3.19798, 0.0494562, -2.57791, 0.0319994
3.22465, -3.58658, 0.0542492, -2.72447, 0.0335264
3.37122, -3.99666, 0.0592659, -2.87104, 0.0350535
3.5178, -4.42822, 0.0645065, -3.01761, 0.0365806
3.66437, -4.88127, 0.069971, -3.16417, 0.0381077
3.81095, -5.3558, 0.0756593, -3.31074, 0.0396348
3.95752, -5.85181, 0.0815714, -3.45731, 0.0411619
4.1041, -6.36931, 0.0877661, -3.60387, 0.0426708
4.25067, -6.90829, 0.0941232, -3.75044, 0.0441979
4.39725, -7.46875, 0.100704, -3.89701, 0.045725
4.54382, -8.0507, 0.107509, -4.04357, 0.047252
4.6904, -8.65413, 0.114575, -4.19014, 0.048765
4.83697, -9.27904, 0.121825, -4.33671, 0.0502921
4.98355, -9.92544, 0.129299, -4.48328, 0.0518192
5.13012, -10.5933, 0.136997, -4.62984, 0.0533463
5.2767, -11.2827, 0.144919, -4.77641, 0.0548734
5.42327, -11.9935, 0.153106, -4.92298, 0.0563791
5.56985, -12.7258, 0.161472, -5.06954, 0.0579062
5.71642, -13.4797, 0.170062, -5.21611, 0.0594333
5.863, -14.2549, 0.178876, -5.36268, 0.0609604
6.00957, -15.0517, 0.187935, -5.50924, 0.0624716
6.15615, -15.87, 0.197195, -5.65581, 0.0639987
6.30272, -16.7097, 0.206711, -5.80237, 0.0654934
6.4493, -17.571, 0.216414, -5.94894, 0.0670205
6.59587, -18.4537, 0.226337, -6.09551, 0.0685519
6.74245, -19.3579, 0.23649, -6.24207, 0.0700746
6.88902, -20.2835, 0.246886, -6.38863, 0.0715517
7.0356, -21.2307, 0.257485, -6.53518, 0.0730486
7.18217, -22.1993, 0.268298, -6.68173, 0.0745527
7.32875, -23.1894, 0.279329, -6.82572, 0.0758132
7.47532, -24.1801, 0.290304, -6.68516, 0.0740511
7.6219, -25.1492, 0.301043, -6.53862, 0.0724799
7.76847, -26.0969, 0.311553, -6.39206, 0.0709271
7.91505, -27.023, 0.321835, -6.24549, 0.0693818
8.06162, -27.9277, 0.331892, -6.09892, 0.0678405
8.2082, -28.8109, 0.341723, -5.95237, 0.0663019
8.35477, -29.6727, 0.351329, -5.8058, 0.0647651
8.50135, -30.5129, 0.360709, -5.65923, 0.0632295
8.64792, -31.3317, 0.369864, -5.51267, 0.061695
8.7945, -32.129, 0.378795, -5.3661, 0.0601612
8.94107, -32.9048, 0.387501, -5.21953, 0.0586281
9.08765, -33.6591, 0.395982, -5.07296, 0.0570954
9.23422, -34.3919, 0.404238, -4.9264, 0.0555633
9.3808, -35.1032, 0.41227, -4.77983, 0.0540315
9.52737, -35.7931, 0.420078, -4.63327, 0.0525
9.67395, -36.4615, 0.427661, -4.4867, 0.0509689
9.82052, -37.1084, 0.435019, -4.34013, 0.0494379
9.9671, -37.7338, 0.442153, -4.19357, 0.0479072
10.1137, -38.3377, 0.449063, -4.047, 0.0463767
10.2602, -38.9202, 0.455749, -3.90043, 0.0448464
10.4068, -39.4811, 0.46221, -3.75387, 0.0433162
10.5534, -40.0206, 0.468447, -3.6073, 0.0417862
10.7, -40.5386, 0.474459, -3.46073, 0.0402563
10.8465, -41.0351, 0.480248, -3.31416, 0.0387264
10.9931, -41.5102, 0.485812, -3.1676, 0.0371968
11.1397, -41.9637, 0.491152, -3.02103, 0.0356672
11.2863, -42.3958, 0.496268, -2.87446, 0.0341377
11.4328, -42.8064, 0.50116, -2.7279, 0.0326083
11.5794, -43.1955, 0.505827, -2.58133, 0.031079
11.726, -43.5631, 0.510271, -2.43477, 0.0295498
11.8726, -43.9092, 0.51449, -2.2882, 0.0280206
12.0191, -44.2339, 0.518485, -2.14163, 0.0264915
12.1657, -44.537, 0.522256, -1.99506, 0.0249625
12.3123, -44.8187, 0.525802, -1.8485, 0.0234335
12.4589, -45.0789, 0.529125, -1.70193, 0.0219046
12.6054, -45.3176, 0.532224, -1.55536, 0.0203757
12.752, -45.5349, 0.535098, -1.4088, 0.0188469
12.8986, -45.7306, 0.537749, -1.26223, 0.0173181
13.0452, -45.9049, 0.540175, -1.11566, 0.0157893
13.1917, -46.0577, 0.542377, -0.969095, 0.0142606
13.3383, -46.189, 0.544356, -0.822528, 0.012732
13.4849, -46.2988, 0.54611, -0.675962, 0.0112034
13.6315, -46.3872, 0.54764, -0.529396, 0.0096748
13.778, -46.454, 0.548946, -0.382826, 0.00814623
13.9246, -46.4994, 0.550028, -0.236261, 0.00661773
14.0712, -46.5233, 0.550886, -0.0896922, 0.00508923
14.2178, -46.5257, 0.55152, 0.0568731, 0.00356079
14.3643, -46.5066, 0.55193, 0.20344, 0.00203237
14.5109, -46.466, 0.552116, 0.350006, 0.000503978
14.6433, -46.411, 0.548695, 0.482405, 0.00136412
14.7757, -46.3383, 0.549073, 0.614811, 0.00272824
14.9082, -46.2481, 0.549632, 0.747216, 0.00409236
15.0406, -46.1404, 0.550372, 0.879622, 0.00545648
15.173, -46.0152, 0.551292, 1.01203, 0.0068206
15.3054, -45.8724, 0.552393, 1.14443, 0.00818472
15.4378, -45.7121, 0.553674, 1.27684, 0.00954884
15.5702, -45.5343, 0.555136, 1.40924, 0.010913
15.7026, -45.3389, 0.556779, 1.54165, 0.0122771
15.835, -45.126, 0.558602, 1.67405, 0.0136412
15.9675, -44.8956, 0.560606, 1.80646, 0.0150053
16.0999, -44.6476, 0.562791, 1.93887, 0.0163694
16.2323, -44.3821, 0.565156, 2.07127, 0.0177336
16.3647, -44.0991, 0.567702, 2.20368, 0.0190977
16.4971, -43.7986, 0.570428, 2.33608, 0.0204618
16.6295, -43.4805, 0.573335, 2.46849, 0.0218259
16.7619, -43.1448, 0.576423, 2.60089, 0.02319
16.8943, -42.7917, 0.579691, 2.7333, 0.0245542
17.0268, -42.421, 0.58314, 2.8657, 0.0259183
17.1592, -42.0328, 0.58677, 2.99811, 0.0272824
17.2916, -41.627, 0.59058, 3.13051, 0.0286465
17.424, -41.2037, 0.594571, 3.26292, 0.0300106
17.5564, -40.7629, 0.598742, 3.39532, 0.0313748
17.6888, -40.3046, 0.603094, 3.52773, 0.0327389
17.8212, -39.8287, 0.607627, 3.66014, 0.034103
17.9536, -39.3353, 0.61234, 3.79254, 0.0354671
18.0861, -38.8243, 0.617234, 3.92495, 0.0368312
18.2185, -38.2959, 0.622309, 4.05735, 0.0381954
18.3509, -37.7498, 0.627564, 4.18976, 0.0395595
18.4833, -37.1863, 0.633, 4.32216, 0.0409236
18.6157, -36.6052, 0.638617, 4.45457, 0.0422877
18.7481, -36.0066, 0.644414, 4.58697, 0.0436519
18.8805, -35.3905, 0.650391, 4.71938, 0.045016
19.0129, -34.7568, 0.65655, 4.85178, 0.0463801
19.1454, -34.1056, 0.662889, 4.98419, 0.0477442
19.2778, -33.4369, 0.669408, 5.11659, 0.0491083
19.4102, -32.7506, 0.676109, 5.249, 0.0504724
19.5426, -32.0468, 0.682989, 5.38141, 0.0518366
19.675, -31.3255, 0.690051, 5.51381, 0.0532007
19.8074, -30.5866, 0.697293, 5.64622, 0.0545648
19.9398, -29.8302, 0.704716, 5.77862, 0.0559289
20.0722, -29.0563, 0.712319, 5.91102, 0.057293
20.2047, -28.2648, 0.720103, 6.04343, 0.0586571
20.3371, -27.4559, 0.728068, 6.17584, 0.0600213
20.4695, -26.6293, 0.736213, 6.30823, 0.0613853
20.6019, -25.7853, 0.744539, 6.44063, 0.0627494
20.7343, -24.9237, 0.753045, 6.57303, 0.0641135
20.8667, -24.0446, 0.761733, 6.70542, 0.0654774
20.9991, -23.1479, 0.7706, 6.83774, 0.0668406
21.1315, -22.2394, 0.779473, 6.8202, 0.0667104
21.264, -21.345, 0.788126, 6.68785, 0.0654287
21.3964, -20.4682, 0.796617, 6.55545, 0.0641391
21.5288, -19.609, 0.804944, 6.42305, 0.0628433
21.6612, -18.7672, 0.813106, 6.29065, 0.0615421
21.7936, -17.9431, 0.8211, 6.15824, 0.0602363
21.926, -17.1364, 0.828926, 6.02584, 0.0589266
22.0584, -16.3473, 0.836582, 5.89344, 0.0576135
22.1908, -15.5757, 0.844067, 5.76103, 0.0562974
22.3233, -14.8216, 0.851382, 5.62863, 0.0549786
22.4557, -14.0851, 0.858524, 5.49622, 0.0536574
22.5881, -13.366, 0.865493, 5.36382, 0.0523341
22.7205, -12.6646, 0.87229, 5.23141, 0.0510087
22.8529, -11.9806, 0.878913, 5.099, 0.0496816
22.9853, -11.3142, 0.885362, 4.9666, 0.048353
23.1177, -10.6654, 0.891637, 4.83419, 0.0470227
23.2501, -10.034, 0.897737, 4.70179, 0.0456912
23.3826, -9.4202, 0.903662, 4.56938, 0.0443584
23.515, -8.82393, 0.909412, 4.43698, 0.0430244
23.6474, -8.24518, 0.914987, 4.30457, 0.0416894
23.7798, -7.68396, 0.920386, 4.17217, 0.0403533
23.9122, -7.14029, 0.925609, 4.03976, 0.0390163
24.0446, -6.61413, 0.930656, 3.90736, 0.0376785
24.177, -6.10551, 0.935527, 3.77495, 0.0363397
24.3094, -5.61443, 0.940221, 3.64254, 0.0350003
24.4419, -5.14088, 0.944739, 3.51014, 0.0336601
24.5743, -4.68486, 0.94908, 3.37773, 0.0323192
24.7067, -4.24638, 0.953244, 3.24533, 0.0309776
24.8391, -3.82541, 0.957231, 3.11292, 0.0296355
24.9715, -3.42199, 0.961042, 2.98052, 0.0282928
25.1039, -3.0361, 0.964675, 2.84811, 0.0269495
25.2363, -2.66774, 0.96813, 2.7157, 0.0256057
25.3687, -2.31691, 0.971409, 2.5833, 0.0242614
25.5012, -1.98361, 0.97451, 2.45089, 0.0229167
25.6336, -1.66785, 0.977433, 2.31849, 0.0215714
25.766, -1.36962, 0.980178, 2.18608, 0.0202258
25.8984, -1.08892, 0.982746, 2.05368, 0.0188797
26.0308, -0.825756, 0.985136, 1.92127, 0.0175333
26.1632, -0.580116, 0.987349, 1.78887, 0.0161864
26.2956, -0.352009, 0.989383, 1.65646, 0.0148392
26.428, -0.141445, 0.991239, 1.52405, 0.0134917
26.5605, 0.0515976, 0.992918, 1.39165, 0.0121438
26.6929, 0.227093, 0.994418, 1.25924, 0.0107956
26.8253, 0.385075, 0.99574, 1.12684, 0.00944714
26.9577, 0.525505, 0.996883, 0.994432, 0.00809835
27.0901, 0.648415, 0.997849, 0.862025, 0.00674927
27.2225, 0.753796, 0.998636, 0.72962, 0.00539992
27.3549, 0.84164, 0.999244, 0.597215, 0.00405031
27.4873, 0.911953, 0.999675, 0.46481, 0.00270045
27.6198, 0.964733, 0.999926, 0.332403, 0.00135032
27.7522, 0.999985, 1, 0.199998, -2.47965e-08
