25.7878, 0
0, 0, 0, 0.5, 0
0.136603, 0.0589717, 0.000101709, 0.363407, 0.00163855
0.273206, 0.0992857, 0.000427233, 0.226814, 0.0032771
0.409809, 0.120939, 0.00097661, 0.0902205, 0.00491565
0.546412, 0.123933, 0.00174982, -0.0463724, 0.00655419
0.683015, 0.108319, 0.00684688, -0.182973, 0.00752647
0.819618, 0.0739934, 0.00797674, -0.319567, 0.00916503
0.956221, 0.0210098, 0.00933042, -0.456159, 0.0108036
1.09282, -0.0506775, 0.00708091, -0.592745, 0.0131084
1.22943, -0.140977, 0.00897325, -0.729338, 0.0147469
1.36603, -0.249936, 0.0110894, -0.865931, 0.0163855
1.50263, -0.377515, 0.0169834, -1.00253, 0.0173578
1.63924, -0.523834, 0.0159933, -1.13912, 0.0196626
1.77584, -0.688768, 0.018781, -1.27571, 0.0213011
1.91244, -0.872365, 0.0217925, -1.4123, 0.0229397
2.04904, -1.07462, 0.0250278, -1.5489, 0.0245782
2.18565, -1.2955, 0.0315859, -1.6855, 0.0255505
2.32225, -1.53511, 0.03217, -1.82208, 0.0278553
2.45885, -1.79334, 0.0360768, -1.95868, 0.0294939
2.59546, -2.07023, 0.0402074, -2.09527, 0.0311324
2.73206, -2.36574, 0.0472968, -2.23187, 0.0321047
2.86866, -2.67996, 0.0517841, -2.36846, 0.0337432
3.00526, -3.01285, 0.0539424, -2.50505, 0.036048
3.14187, -3.36435, 0.0614302, -2.64165, 0.0370203
3.27847, -3.73457, 0.0642182, -2.77823, 0.0393251
3.41507, -4.12338, 0.0719716, -2.91484, 0.0402974
3.55168, -4.53091, 0.0753893, -3.05142, 0.0426022
3.68828, -4.95708, 0.0813106, -3.18801, 0.0442408
3.82488, -5.40187, 0.0894625, -3.32462, 0.0452131
3.96149, -5.86536, 0.0958893, -3.46121, 0.0467998
4.09809, -6.34752, 0.100417, -3.59779, 0.0491564
4.23469, -6.8483, 0.108968, -3.73439, 0.0501287
4.37129, -7.36775, 0.11612, -3.87099, 0.0516852
4.5079, -7.90589, 0.121539, -4.00757, 0.0540721
4.6445, -8.46267, 0.129027, -4.14417, 0.0557106
4.7811, -9.0381, 0.136739, -4.28076, 0.0573492
4.91771, -9.6322, 0.144675, -4.41735, 0.0589877
5.05431, -10.245, 0.152834, -4.55395, 0.0606263
5.19091, -10.8764, 0.161218, -4.69054, 0.0622648
5.32751, -11.5264, 0.169825, -4.82713, 0.0639034
5.46412, -12.1952, 0.179571, -4.96373, 0.0648756
5.60072, -12.8825, 0.188535, -5.10032, 0.0665142
5.73732, -13.5886, 0.197855, -5.23692, 0.0680325
5.87393, -14.3133, 0.207134, -5.37351, 0.0697913
6.01053, -15.0567, 0.216889, -5.5101, 0.0712844
6.14713, -15.8187, 0.226628, -5.6467, 0.0730684
6.28374, -16.5994, 0.236792, -5.78329, 0.0745615
6.42034, -17.3987, 0.246741, -5.91988, 0.0770118
6.55694, -18.2167, 0.257363, -6.05648, 0.0786504
6.69354, -19.0534, 0.268208, -6.19306, 0.0802888
6.83015, -19.9087, 0.279285, -6.32958, 0.0808676
6.96675, -20.7658, 0.290172, -6.20647, 0.0787904
7.10335, -21.6043, 0.300819, -6.06988, 0.0770983
7.23996, -22.4241, 0.311237, -5.93328, 0.0754287
7.37656, -23.2253, 0.321427, -5.79669, 0.0737684
7.51316, -24.0078, 0.331391, -5.6601, 0.072113
7.64977, -24.7717, 0.341129, -5.5235, 0.0704606
7.78637, -25.5169, 0.350642, -5.38691, 0.0688105
7.92297, -26.2434, 0.359929, -5.25032, 0.0671619
8.05957, -26.9513, 0.368991, -5.11373, 0.0655146
8.19618, -27.6405, 0.377828, -4.97713, 0.0638681
8.33278, -28.3111, 0.38644, -4.84054, 0.0622224
8.46938, -28.963, 0.394827, -4.70394, 0.0605773
8.60599, -29.5962, 0.40299, -4.56735, 0.0589327
8.74259, -30.2108, 0.410928, -4.43076, 0.0572886
8.87919, -30.8067, 0.418642, -4.29417, 0.0556449
9.01579, -31.384, 0.426131, -4.15758, 0.0540015
9.1524, -31.9426, 0.433395, -4.02098, 0.0523584
9.289, -32.4826, 0.440435, -3.88439, 0.0507156
9.4256, -33.0038, 0.447251, -3.74779, 0.049073
9.56221, -33.5065, 0.453842, -3.6112, 0.0474306
9.69881, -33.9905, 0.460209, -3.47461, 0.0457884
9.83541, -34.4558, 0.466352, -3.33802, 0.0441464
9.97201, -34.9024, 0.47227, -3.20142, 0.0425045
10.1086, -35.3304, 0.477964, -3.06483, 0.0408628
10.2452, -35.7397, 0.483434, -2.92824, 0.0392212
10.3818, -36.1304, 0.48868, -2.79164, 0.0375797
10.5184, -36.5024, 0.493701, -2.65505, 0.0359383
10.655, -36.8558, 0.498498, -2.51846, 0.034297
10.7916, -37.1905, 0.503071, -2.38187, 0.0326559
10.9282, -37.5065, 0.50742, -2.24527, 0.0310148
11.0648, -37.8039, 0.511545, -2.10868, 0.0293738
11.2014, -38.0826, 0.515445, -1.97209, 0.0277329
11.338, -38.3427, 0.519122, -1.83549, 0.026092
11.4746, -38.5841, 0.522574, -1.6989, 0.0244512
11.6113, -38.8069, 0.525802, -1.56231, 0.0228105
11.7479, -39.0109, 0.528806, -1.42571, 0.0211698
11.8845, -39.1964, 0.531586, -1.28912, 0.0195293
12.0211, -39.3631, 0.534141, -1.15252, 0.0178887
12.1577, -39.5112, 0.536473, -1.01593, 0.0162482
12.2943, -39.6407, 0.53858, -0.879341, 0.0146078
12.4309, -39.7515, 0.540464, -0.742747, 0.0129674
12.5675, -39.8436, 0.542123, -0.606154, 0.011327
12.7041, -39.9171, 0.543558, -0.469562, 0.00968674
12.8407, -39.9719, 0.54477, -0.332969, 0.00804647
12.9773, -40.0081, 0.545757, -0.196376, 0.00640624
13.1139, -40.0256, 0.54652, -0.0597819, 0.00476604
13.2505, -40.0244, 0.547059, 0.0768114, 0.00312588
13.3871, -40.0046, 0.547374, 0.213405, 0.00148575
13.5237, -39.9661, 0.547465, 0.349998, -0.000154333
13.6463, -39.9156, 0.548597, 0.472632, 0.00147243
13.769, -39.8501, 0.548877, 0.595264, 0.00294485
13.8916, -39.7696, 0.549337, 0.717895, 0.00441727
14.0143, -39.6741, 0.549979, 0.840527, 0.0058897
14.1369, -39.5635, 0.5508, 0.963159, 0.00736212
14.2595, -39.4378, 0.551803, 1.08579, 0.00883455
14.3822, -39.2971, 0.552986, 1.20842, 0.010307
14.5048, -39.1414, 0.554349, 1.33105, 0.0117794
14.6275, -38.9706, 0.555894, 1.45369, 0.0132518
14.7501, -38.7849, 0.557618, 1.57632, 0.0147242
14.8727, -38.584, 0.559524, 1.69895, 0.0161967
14.9954, -38.3681, 0.561609, 1.82158, 0.0176691
15.118, -38.1372, 0.563876, 1.94421, 0.0191415
15.2407, -37.8913, 0.566323, 2.06684, 0.0206139
15.3633, -37.6303, 0.568951, 2.18948, 0.0220864
15.4859, -37.3542, 0.571759, 2.31211, 0.0235588
15.6086, -37.0631, 0.574748, 2.43474, 0.0250312
15.7312, -36.757, 0.577917, 2.55737, 0.0265036
15.8539, -36.4359, 0.581267, 2.68, 0.0279761
15.9765, -36.0997, 0.584797, 2.80264, 0.0294485
16.0991, -35.7484, 0.588508, 2.92527, 0.0309209
16.2218, -35.3821, 0.5924, 3.0479, 0.0323933
16.3444, -35.0008, 0.596472, 3.17053, 0.0338658
16.4671, -34.6045, 0.600725, 3.29316, 0.0353382
16.5897, -34.1931, 0.605159, 3.41579, 0.0368106
16.7123, -33.7666, 0.609773, 3.53843, 0.038283
16.835, -33.3252, 0.614567, 3.66106, 0.0397555
16.9576, -32.8687, 0.619542, 3.78369, 0.0412279
17.0803, -32.3971, 0.624698, 3.90632, 0.0427003
17.2029, -31.9105, 0.630034, 4.02895, 0.0441727
17.3256, -31.4089, 0.635551, 4.15159, 0.0456452
17.4482, -30.8922, 0.641249, 4.27422, 0.0471176
17.5708, -30.3605, 0.647127, 4.39685, 0.04859
17.6935, -29.8137, 0.653185, 4.51948, 0.0500624
17.8161, -29.252, 0.659425, 4.64211, 0.0515349
17.9388, -28.6751, 0.665844, 4.76475, 0.0530073
18.0614, -28.0833, 0.672445, 4.88738, 0.0544797
18.184, -27.4763, 0.679226, 5.01001, 0.0559522
18.3067, -26.8544, 0.686187, 5.13264, 0.0574246
18.4293, -26.2174, 0.693329, 5.25527, 0.058897
18.552, -25.5654, 0.700652, 5.37791, 0.0603694
18.6746, -24.8983, 0.708155, 5.50054, 0.0618419
18.7972, -24.2162, 0.715839, 5.62317, 0.0633143
18.9199, -23.519, 0.723226, 5.74579, 0.0655098
19.0425, -22.8069, 0.731749, 5.86843, 0.0662591
19.1652, -22.0796, 0.739974, 5.99106, 0.0677316
19.2878, -21.3374, 0.74838, 6.11369, 0.069204
19.4104, -20.5801, 0.756967, 6.23633, 0.0706764
19.5331, -19.8077, 0.765734, 6.35899, 0.0721492
19.6557, -19.026, 0.774728, 6.33159, 0.0734859
19.7784, -18.257, 0.783656, 6.20897, 0.0720866
19.901, -17.503, 0.792408, 6.08633, 0.0706504
20.0236, -16.7641, 0.800984, 5.96369, 0.0692023
20.1463, -16.0402, 0.809382, 5.84107, 0.0677484
20.2689, -15.3314, 0.817602, 5.71843, 0.0662906
20.3916, -14.6376, 0.825642, 5.5958, 0.0648305
20.5142, -13.9589, 0.833503, 5.47317, 0.0633688
20.6368, -13.2951, 0.841185, 5.35053, 0.0619056
20.7595, -12.6465, 0.848687, 5.2279, 0.0604414
20.8821, -12.0128, 0.85601, 5.10527, 0.0589764
21.0048, -11.3942, 0.863153, 4.98264, 0.0575108
21.1274, -10.7907, 0.870116, 4.86001, 0.0560446
21.25, -10.2022, 0.8769, 4.73738, 0.0545779
21.3727, -9.6287, 0.883503, 4.61474, 0.0531108
21.4953, -9.07026, 0.889927, 4.49211, 0.0516434
21.618, -8.52687, 0.896171, 4.36948, 0.0501756
21.7406, -7.99851, 0.902234, 4.24685, 0.0487076
21.8633, -7.48519, 0.908118, 4.12422, 0.0472394
21.9859, -6.98692, 0.913821, 4.00159, 0.0457709
22.1085, -6.50368, 0.919344, 3.87895, 0.0443022
22.2312, -6.03548, 0.924688, 3.75632, 0.0428333
22.3538, -5.58233, 0.929851, 3.63369, 0.0413643
22.4765, -5.14421, 0.934833, 3.51106, 0.0398951
22.5991, -4.72113, 0.939636, 3.38842, 0.0384258
22.7217, -4.31309, 0.944259, 3.26579, 0.0369564
22.8444, -3.92009, 0.948701, 3.14316, 0.0354869
22.967, -3.54213, 0.952963, 3.02053, 0.0340172
23.0897, -3.17921, 0.957045, 2.8979, 0.0325475
23.2123, -2.83133, 0.960946, 2.77527, 0.0310776
23.3349, -2.4985, 0.964667, 2.65263, 0.0296077
23.4576, -2.18069, 0.968208, 2.53, 0.0281377
23.5802, -1.87793, 0.971569, 2.40737, 0.0266676
23.7029, -1.59021, 0.974749, 2.28474, 0.0251975
23.8255, -1.31753, 0.977749, 2.16211, 0.0237272
23.9481, -1.05988, 0.980569, 2.03947, 0.0222569
24.0708, -0.817284, 0.983209, 1.91684, 0.0207866
24.1934, -0.589722, 0.985668, 1.79421, 0.0193162
24.3161, -0.377197, 0.987946, 1.67158, 0.0178458
24.4387, -0.179714, 0.990045, 1.54895, 0.0163753
24.5613, 0.00273132, 0.991963, 1.42632, 0.0149047
24.684, 0.170135, 0.993701, 1.30368, 0.0134341
24.8066, 0.322498, 0.995258, 1.18105, 0.0119635
24.9293, 0.45982, 0.996635, 1.05842, 0.0104928
25.0519, 0.582115, 0.997832, 0.935788, 0.00902208
25.1745, 0.689362, 0.998848, 0.813157, 0.00755133
25.2972, 0.781559, 0.999684, 0.690525, 0.00608054
25.4198, 0.858723, 1.00034, 0.567894, 0.00460972
25.5425, 0.920856, 1.00081, 0.445261, 0.00313884
25.6651, 0.967945, 1.00111, 0.322632, 0.00166798
25.7878, 0.999992, 1.00122, 0.199998, 0.000197031
