3.06721, 0.120854
0, 0, 0, 0.5, 0
0.0162311, 0.0080403, 0.000108172, 0.490916, 0.013451
0.0324622, 0.0159388, 0.000438331, 0.481821, 0.0268948
0.0486933, 0.0236885, 0.000985925, 0.472723, 0.0403364
0.0649244, 0.031289, 0.0017507, 0.463623, 0.0537762
0.0811555, 0.0387346, 0.00272898, 0.454527, 0.0672189
0.0973865, 0.046036, 0.00392765, 0.445421, 0.0806554
0.113618, 0.0532023, 0.00535255, 0.436294, 0.0940771
0.129849, 0.0602026, 0.00698387, 0.427185, 0.107511
0.14608, 0.0670614, 0.00883732, 0.418062, 0.120936
0.162311, 0.073773, 0.0109092, 0.408932, 0.134356
0.178542, 0.0803406, 0.0132016, 0.399789, 0.147767
0.194773, 0.0867552, 0.0157087, 0.390647, 0.161178
0.211004, 0.0930204, 0.0184329, 0.381499, 0.174586
0.227235, 0.0991356, 0.0213737, 0.372347, 0.187991
0.243466, 0.105107, 0.0245351, 0.36318, 0.201385
0.259697, 0.110927, 0.027912, 0.354009, 0.214777
0.275929, 0.116597, 0.0315061, 0.344831, 0.228164
0.29216, 0.122118, 0.0353168, 0.335646, 0.241546
0.308391, 0.127493, 0.0393471, 0.326444, 0.254917
0.324622, 0.132716, 0.0435926, 0.317238, 0.268285
0.340853, 0.137791, 0.0480559, 0.308019, 0.281643
0.357084, 0.142716, 0.0527362, 0.298787, 0.294994
0.373315, 0.147493, 0.057634, 0.289542, 0.308334
0.389546, 0.152116, 0.0627457, 0.280291, 0.321671
0.405777, 0.156589, 0.0680744, 0.271025, 0.334998
0.422008, 0.160913, 0.0736201, 0.261742, 0.348312
0.438239, 0.165086, 0.0793815, 0.252444, 0.361616
0.454471, 0.169109, 0.0853595, 0.243126, 0.374905
0.470702, 0.172979, 0.0915519, 0.233794, 0.388186
0.486933, 0.176697, 0.0979599, 0.224442, 0.401452
0.503164, 0.180264, 0.104583, 0.215066, 0.414701
0.519395, 0.18368, 0.111423, 0.205662, 0.42793
0.535626, 0.18694, 0.118475, 0.19624, 0.441147
0.551857, 0.190049, 0.125742, 0.186784, 0.454338
0.568088, 0.193003, 0.133224, 0.177296, 0.467508
0.584319, 0.195803, 0.140918, 0.167773, 0.480651
0.60055, 0.19845, 0.148827, 0.158204, 0.493762
0.616781, 0.200939, 0.156947, 0.148592, 0.506841
0.633013, 0.203273, 0.16528, 0.138924, 0.519879
0.649244, 0.205449, 0.173824, 0.129196, 0.532872
0.665475, 0.207466, 0.182577, 0.119402, 0.545815
0.681706, 0.209324, 0.191541, 0.109517, 0.558688
0.697937, 0.211021, 0.200713, 0.0995293, 0.571483
0.714168, 0.212555, 0.210092, 0.0894115, 0.584175
0.730399, 0.213923, 0.219676, 0.0791468, 0.596747
0.74663, 0.215123, 0.229463, 0.0686677, 0.609143
0.762861, 0.216151, 0.239449, 0.057924, 0.621309
0.779092, 0.217001, 0.24963, 0.046805, 0.633131
0.795323, 0.217667, 0.259999, 0.0351284, 0.6444
0.811555, 0.218136, 0.270543, 0.022515, 0.654604
0.827786, 0.218389, 0.281236, 0.00827891, 0.662294
0.844017, 0.218395, 0.292, -0.00742131, 0.661733
0.860248, 0.218197, 0.302639, -0.0148983, 0.647973
0.876479, 0.217957, 0.313025, -0.0138297, 0.631837
0.89271, 0.217764, 0.323152, -0.00965083, 0.616161
0.908941, 0.217651, 0.333029, -0.0040924, 0.600914
0.925172, 0.217635, 0.342661, 0.00222707, 0.585965
0.941403, 0.217726, 0.352052, 0.0090265, 0.571227
0.957634, 0.21793, 0.361205, 0.0161548, 0.556645
0.973865, 0.218252, 0.370122, 0.0235225, 0.542183
0.990097, 0.218695, 0.378806, 0.0310723, 0.527815
1.00633, 0.219261, 0.387257, 0.0387649, 0.513522
1.02256, 0.219954, 0.395476, 0.0465726, 0.499292
1.03879, 0.220774, 0.403465, 0.0544751, 0.485115
1.05502, 0.221723, 0.411224, 0.0624568, 0.470982
1.07125, 0.222802, 0.418754, 0.0705057, 0.456887
1.08748, 0.224012, 0.426056, 0.0786127, 0.442826
1.10371, 0.225354, 0.43313, 0.08677, 0.428794
1.11995, 0.226829, 0.439976, 0.0949716, 0.414787
1.13618, 0.228437, 0.446595, 0.103212, 0.400803
1.15241, 0.230179, 0.452987, 0.111487, 0.38684
1.16864, 0.232056, 0.459152, 0.119794, 0.372896
1.18487, 0.234068, 0.465092, 0.128128, 0.358968
1.2011, 0.236216, 0.470805, 0.136488, 0.345055
1.21733, 0.238499, 0.476293, 0.144871, 0.331156
1.23356, 0.240919, 0.481555, 0.153276, 0.317271
1.24979, 0.243475, 0.486592, 0.161699, 0.303397
1.26603, 0.246168, 0.491404, 0.170141, 0.289533
1.28226, 0.248998, 0.495991, 0.178599, 0.27568
1.29849, 0.251966, 0.500354, 0.187072, 0.261836
1.31472, 0.255071, 0.504491, 0.19556, 0.248002
1.33095, 0.258314, 0.508404, 0.204061, 0.234174
1.34718, 0.261695, 0.512093, 0.212574, 0.220355
1.36341, 0.265215, 0.515558, 0.221099, 0.206543
1.37964, 0.268873, 0.518798, 0.229634, 0.192737
1.39587, 0.272669, 0.521814, 0.23818, 0.178938
1.4121, 0.276605, 0.524607, 0.246736, 0.165145
1.42834, 0.280679, 0.527175, 0.2553, 0.151357
1.44457, 0.284892, 0.52952, 0.263873, 0.137575
1.4608, 0.289245, 0.531641, 0.272454, 0.123798
1.47703, 0.293737, 0.533539, 0.281043, 0.110025
1.49326, 0.298368, 0.535213, 0.28964, 0.0962575
1.50949, 0.303139, 0.536664, 0.298242, 0.0824941
1.52572, 0.30805, 0.537891, 0.306852, 0.0687345
1.54195, 0.3131, 0.538895, 0.315468, 0.0549791
1.55818, 0.318291, 0.539676, 0.32409, 0.0412273
1.57442, 0.323621, 0.540233, 0.332718, 0.0274792
1.59065, 0.329091, 0.540568, 0.341351, 0.0137348
1.60688, 0.334702, 0.540679, 0.349989, -7.07805e-06
1.62148, 0.339065, 0.541295, 0.357218, 0.0126153
1.63608, 0.343527, 0.542089, 0.364434, 0.0252283
1.65069, 0.348095, 0.543069, 0.371648, 0.037839
1.66529, 0.352769, 0.544234, 0.378859, 0.0504471
1.67989, 0.35755, 0.545583, 0.386068, 0.0630526
1.6945, 0.362436, 0.547117, 0.393274, 0.0756551
1.7091, 0.36743, 0.548836, 0.400476, 0.0882545
1.7237, 0.372529, 0.55074, 0.407676, 0.100851
1.73831, 0.377735, 0.552828, 0.414871, 0.113443
1.75291, 0.383047, 0.555101, 0.422064, 0.126032
1.76751, 0.388466, 0.557559, 0.429251, 0.138616
1.78212, 0.393991, 0.560202, 0.436435, 0.151196
1.79672, 0.399623, 0.563029, 0.443614, 0.16377
1.81132, 0.405361, 0.566041, 0.450787, 0.17634
1.82593, 0.411206, 0.569238, 0.457955, 0.188903
1.84053, 0.417157, 0.572619, 0.465116, 0.20146
1.85513, 0.423215, 0.576185, 0.47227, 0.21401
1.86974, 0.42938, 0.579935, 0.479417, 0.226553
1.88434, 0.435651, 0.58387, 0.486556, 0.239086
1.89894, 0.442029, 0.587989, 0.493685, 0.25161
1.91355, 0.448514, 0.592293, 0.500804, 0.264124
1.92815, 0.455106, 0.596781, 0.507912, 0.276626
1.94275, 0.461805, 0.601453, 0.515006, 0.289115
1.95736, 0.46861, 0.606309, 0.522087, 0.301589
1.97196, 0.475524, 0.611349, 0.529151, 0.314046
1.98656, 0.482544, 0.616573, 0.536197, 0.326484
2.00117, 0.489672, 0.621981, 0.543222, 0.338901
2.01577, 0.496908, 0.627572, 0.550223, 0.351293
2.03037, 0.504251, 0.633347, 0.557197, 0.363657
2.04498, 0.511703, 0.639304, 0.564138, 0.375987
2.05958, 0.519264, 0.645444, 0.571042, 0.388279
2.07418, 0.526933, 0.651767, 0.577902, 0.400524
2.08879, 0.534712, 0.658271, 0.584709, 0.412715
2.10339, 0.542602, 0.664956, 0.591453, 0.42484
2.11799, 0.550602, 0.671821, 0.59812, 0.436885
2.1326, 0.558714, 0.678866, 0.604693, 0.448832
2.1472, 0.56694, 0.686087, 0.611149, 0.460656
2.1618, 0.57528, 0.693484, 0.617458, 0.472325
2.17641, 0.583738, 0.701054, 0.623577, 0.483794
2.19101, 0.592317, 0.708791, 0.62945, 0.495002
2.20561, 0.60102, 0.716691, 0.634997, 0.505862
2.22022, 0.609853, 0.724745, 0.640105, 0.516251
2.23482, 0.618822, 0.732939, 0.644613, 0.525992
2.24942, 0.627937, 0.741254, 0.648296, 0.53483
2.26403, 0.637205, 0.749661, 0.650854, 0.54242
2.27863, 0.64663, 0.758119, 0.651923, 0.548328
2.29323, 0.656204, 0.766576, 0.65116, 0.552111
2.30784, 0.665895, 0.77498, 0.648376, 0.553465
2.32244, 0.675652, 0.783284, 0.643655, 0.552372
2.33704, 0.685409, 0.791461, 0.637325, 0.549104
2.35165, 0.695111, 0.7995, 0.629805, 0.544073
2.36625, 0.704716, 0.807397, 0.621478, 0.537689
2.38085, 0.714195, 0.815151, 0.612632, 0.530286
2.39546, 0.723534, 0.822762, 0.603467, 0.522115
2.41006, 0.732723, 0.83023, 0.594117, 0.513356
2.42466, 0.741757, 0.837554, 0.584667, 0.504139
2.43927, 0.750636, 0.844731, 0.575175, 0.49456
2.45387, 0.759358, 0.851762, 0.565676, 0.484686
2.46847, 0.767925, 0.858643, 0.556195, 0.47457
2.48308, 0.776337, 0.865374, 0.546745, 0.464252
2.49768, 0.784597, 0.871953, 0.537336, 0.453762
2.51228, 0.792705, 0.878378, 0.527974, 0.443124
2.52689, 0.800663, 0.884647, 0.518661, 0.432359
2.54149, 0.808474, 0.890761, 0.509399, 0.421482
2.55609, 0.816138, 0.896716, 0.500188, 0.410505
2.5707, 0.823658, 0.902513, 0.491028, 0.399441
2.5853, 0.831033, 0.908149, 0.481917, 0.388297
2.5999, 0.838267, 0.913625, 0.472855, 0.377083
2.61451, 0.84536, 0.918938, 0.463839, 0.365804
2.62911, 0.852314, 0.924088, 0.454868, 0.354465
2.64371, 0.859128, 0.929075, 0.445941, 0.343074
2.65832, 0.865806, 0.933897, 0.437056, 0.331632
2.67292, 0.872347, 0.938554, 0.42821, 0.320145
2.68752, 0.878753, 0.943044, 0.419404, 0.308615
2.70213, 0.885024, 0.947369, 0.410634, 0.297047
2.71673, 0.891162, 0.951525, 0.401899, 0.285442
2.73133, 0.897167, 0.955514, 0.393199, 0.273802
2.74594, 0.90304, 0.959335, 0.384531, 0.262131
2.76054, 0.908781, 0.962987, 0.375894, 0.25043
2.77514, 0.914392, 0.966469, 0.367288, 0.238701
2.78975, 0.919873, 0.969782, 0.35871, 0.226946
2.80435, 0.925225, 0.972924, 0.35016, 0.215165
2.81895, 0.930448, 0.975896, 0.341637, 0.203361
2.83356, 0.935542, 0.978697, 0.333139, 0.191534
2.84816, 0.940509, 0.981326, 0.324666, 0.179686
2.86276, 0.945349, 0.983784, 0.316217, 0.167818
2.87737, 0.950063, 0.98607, 0.30779, 0.155931
2.89197, 0.95465, 0.988183, 0.299386, 0.144026
2.90657, 0.959111, 0.990124, 0.291003, 0.132103
2.92118, 0.963447, 0.991891, 0.28264, 0.120164
2.93578, 0.967658, 0.993486, 0.274297, 0.108209
2.95038, 0.971745, 0.994907, 0.265973, 0.0962386
2.96499, 0.975708, 0.996154, 0.257668, 0.0842538
2.97959, 0.979546, 0.997227, 0.249381, 0.072255
2.99419, 0.983262, 0.998126, 0.24111, 0.0602427
3.0088, 0.986854, 0.998851, 0.232857, 0.048218
3.0234, 0.990324, 0.9994, 0.22462, 0.0361809
3.038, 0.993671, 0.999775, 0.216398, 0.0241317
3.05261, 0.996897, 0.999975, 0.208192, 0.0120712
3.06721, 1, 1, 0.2, -1.3411e-07
