27.3115, 0
0, 0, 0, 0.5, 0
0.144339, 0.0617529, 0.000102335, 0.35567, 0.00155075
0.288677, 0.102675, 0.00042848, 0.211339, 0.00310149
0.433016, 0.12276, 0.000978514, 0.0670091, 0.00465224
0.577355, 0.122017, 0.00175233, -0.0773219, 0.00620299
0.721694, 0.100439, 0.00275001, -0.221652, 0.00775373
0.866032, 0.0579905, 0.000210086, -0.365976, 0.00989649
1.01037, -0.0052107, 0.00541682, -0.510313, 0.0108552
1.15471, -0.0892851, 0.00708599, -0.654643, 0.012406
1.29905, -0.194192, 0.00897899, -0.798973, 0.0139567
1.44339, -0.319932, 0.0110958, -0.943304, 0.0155075
1.58773, -0.466503, 0.0134365, -1.08763, 0.0170582
1.73206, -0.633907, 0.016001, -1.23196, 0.018609
1.8764, -0.822141, 0.0190352, -1.3763, 0.0201137
2.02074, -1.03121, 0.0220407, -1.52063, 0.0216644
2.16508, -1.26111, 0.0252701, -1.66496, 0.0232152
2.30942, -1.51185, 0.0284973, -1.80929, 0.024812
2.45376, -1.78342, 0.032181, -1.95362, 0.0263627
2.5981, -2.07581, 0.0363011, -2.09795, 0.0278674
2.74244, -2.38904, 0.0404258, -2.24228, 0.0294182
2.88677, -2.72311, 0.0447743, -2.38661, 0.0309689
3.03111, -3.078, 0.0493467, -2.53094, 0.0325197
3.17545, -3.45373, 0.0541428, -2.67527, 0.0340704
3.31979, -3.85029, 0.0591629, -2.8196, 0.0356212
3.46413, -4.26769, 0.0644067, -2.96393, 0.0371719
3.60847, -4.70591, 0.0698744, -3.10826, 0.0387227
3.75281, -5.16497, 0.0755659, -3.25259, 0.0402734
3.89715, -5.64487, 0.0814813, -3.39692, 0.0418241
4.04148, -6.14559, 0.087706, -3.54125, 0.043348
4.18582, -6.66714, 0.0940651, -3.68558, 0.0448987
4.33016, -7.20953, 0.10057, -3.82991, 0.0464764
4.4745, -7.77276, 0.107381, -3.97424, 0.0480271
4.61884, -8.35681, 0.114486, -4.11857, 0.049551
4.76318, -8.96169, 0.12174, -4.2629, 0.0511017
4.90752, -9.58741, 0.129262, -4.40723, 0.0526334
5.05186, -10.234, 0.13692, -4.55156, 0.0542032
5.19619, -10.9013, 0.144885, -4.69589, 0.0557349
5.34053, -11.5896, 0.153032, -4.84022, 0.0572856
5.48487, -12.2986, 0.161429, -4.98455, 0.0588215
5.62921, -13.0285, 0.170021, -5.12888, 0.0603723
5.77355, -13.7792, 0.17887, -5.27321, 0.0619006
5.91789, -14.5507, 0.187893, -5.41754, 0.0634616
6.06223, -15.3431, 0.197142, -5.56187, 0.0650245
6.20657, -16.1563, 0.206676, -5.7062, 0.0665292
6.3509, -16.9904, 0.216369, -5.85053, 0.0680948
6.49524, -17.8453, 0.226327, -5.99486, 0.0696083
6.63958, -18.721, 0.236467, -6.13919, 0.0711751
6.78392, -19.6175, 0.246864, -6.28351, 0.0726768
6.92826, -20.5349, 0.257455, -6.42784, 0.0742305
7.0726, -21.4731, 0.268283, -6.57214, 0.0757069
7.21694, -22.4321, 0.279314, -6.71442, 0.0769884
7.36128, -23.392, 0.290289, -6.5778, 0.0751951
7.50561, -24.331, 0.301027, -6.4335, 0.0735981
7.64995, -25.2492, 0.311536, -6.28917, 0.0720202
7.79429, -26.1465, 0.321818, -6.14485, 0.0704504
7.93863, -27.0231, 0.331874, -6.00052, 0.0688848
8.08297, -27.8787, 0.341704, -5.85619, 0.0673218
8.22731, -28.7136, 0.351308, -5.71187, 0.0657609
8.37165, -29.5276, 0.360687, -5.56753, 0.0642012
8.51598, -30.3208, 0.369842, -5.4232, 0.0626426
8.66032, -31.0932, 0.378771, -5.27888, 0.0610849
8.80466, -31.8447, 0.387476, -5.13454, 0.0595278
8.949, -32.5754, 0.395955, -4.99021, 0.0579713
9.09334, -33.2853, 0.40421, -4.84588, 0.0564152
9.23768, -33.9743, 0.412241, -4.70155, 0.0548595
9.38202, -34.6425, 0.420047, -4.55722, 0.0533042
9.52636, -35.2899, 0.427629, -4.41289, 0.0517492
9.67069, -35.9164, 0.434986, -4.26856, 0.0501944
9.81503, -36.5221, 0.442119, -4.12423, 0.0486398
9.95937, -37.107, 0.449027, -3.9799, 0.0470855
10.1037, -37.671, 0.455711, -3.83557, 0.0455314
10.248, -38.2142, 0.462171, -3.69124, 0.0439774
10.3924, -38.7366, 0.468407, -3.54691, 0.0424235
10.5367, -39.2382, 0.474418, -3.40258, 0.0408698
10.6811, -39.7189, 0.480205, -3.25825, 0.0393162
10.8254, -40.1787, 0.485768, -3.11392, 0.0377628
10.9697, -40.6178, 0.491106, -2.96959, 0.0362094
11.1141, -41.036, 0.496221, -2.82526, 0.0346562
11.2584, -41.4334, 0.501111, -2.68093, 0.033103
11.4028, -41.8099, 0.505777, -2.5366, 0.0315499
11.5471, -42.1656, 0.510218, -2.39227, 0.0299969
11.6914, -42.5005, 0.514436, -2.24794, 0.028444
11.8358, -42.8146, 0.51843, -2.10361, 0.0268912
11.9801, -43.1078, 0.522199, -1.95928, 0.0253384
12.1245, -43.3802, 0.525744, -1.81495, 0.0237856
12.2688, -43.6317, 0.529065, -1.67062, 0.022233
12.4131, -43.8624, 0.532162, -1.52629, 0.0206803
12.5575, -44.0723, 0.535035, -1.38196, 0.0191278
12.7018, -44.2614, 0.537684, -1.23763, 0.0175753
12.8461, -44.4296, 0.540109, -1.0933, 0.0160228
12.9905, -44.577, 0.54231, -0.948967, 0.0144704
13.1348, -44.7035, 0.544286, -0.804637, 0.012918
13.2792, -44.8093, 0.546039, -0.660306, 0.0113656
13.4235, -44.8941, 0.547567, -0.515975, 0.00981331
13.5678, -44.9582, 0.548872, -0.371643, 0.00826102
13.7122, -45.0014, 0.549952, -0.227314, 0.00670879
13.8565, -45.0238, 0.550808, -0.0829849, 0.0051566
14.0009, -45.0254, 0.551441, 0.0613454, 0.00360443
14.1452, -45.0061, 0.551849, 0.205677, 0.00205227
14.2895, -44.966, 0.552033, 0.350008, 0.000500145
14.4198, -44.912, 0.548596, 0.480212, 0.00138674
14.55, -44.841, 0.548594, 0.610424, 0.00281904
14.6802, -44.753, 0.54906, 0.740637, 0.00420578
14.8104, -44.6481, 0.549976, 0.87085, 0.00554697
14.9406, -44.5262, 0.550534, 1.00106, 0.00697926
15.0709, -44.3874, 0.551799, 1.13128, 0.00832047
15.2011, -44.2316, 0.552981, 1.26149, 0.00970721
15.3313, -44.0589, 0.554344, 1.3917, 0.011094
15.4615, -43.8691, 0.555648, 1.52191, 0.0125262
15.5917, -43.6625, 0.557612, 1.65212, 0.0138674
15.722, -43.4389, 0.559516, 1.78234, 0.0152542
15.8522, -43.1983, 0.561602, 1.91255, 0.0166409
15.9824, -42.9408, 0.563651, 2.04276, 0.0180732
16.1126, -42.6663, 0.566314, 2.17298, 0.0194144
16.2428, -42.3748, 0.568941, 2.30319, 0.0208012
16.3731, -42.0664, 0.57155, 2.4334, 0.0222335
16.5033, -41.7411, 0.577403, 2.56362, 0.0229432
16.6335, -41.3988, 0.577719, 2.69382, 0.0250069
16.7637, -41.0395, 0.581074, 2.82404, 0.0263937
16.8939, -40.6633, 0.587204, 2.95426, 0.0271034
17.0242, -40.2701, 0.588326, 3.08446, 0.0291672
17.1544, -39.86, 0.592223, 3.21467, 0.0305539
17.2846, -39.4329, 0.596301, 3.34489, 0.0319407
17.4148, -38.9888, 0.600559, 3.4751, 0.0333274
17.545, -38.5278, 0.604998, 3.60531, 0.0347141
17.6753, -38.0499, 0.609756, 3.73553, 0.0360553
17.8055, -37.5549, 0.614417, 3.86574, 0.0374876
17.9357, -37.0431, 0.619525, 3.99595, 0.0388288
18.0659, -36.5142, 0.624559, 4.12616, 0.0402611
18.1961, -35.9684, 0.6299, 4.25637, 0.0416479
18.3264, -35.4057, 0.635313, 4.38659, 0.0430801
18.4566, -34.826, 0.641125, 4.5168, 0.0444214
18.5868, -34.2293, 0.647106, 4.64701, 0.0457626
18.717, -33.6157, 0.653073, 4.77722, 0.0471948
18.8472, -32.9852, 0.659232, 4.90743, 0.0486271
18.9774, -32.3376, 0.665742, 5.03765, 0.0499683
19.1077, -31.6732, 0.672251, 5.16786, 0.0514153
19.2379, -30.9917, 0.679134, 5.29807, 0.0527418
19.3681, -30.2933, 0.68604, 5.42829, 0.0541741
19.4983, -29.578, 0.693216, 5.5585, 0.0555419
19.6285, -28.8457, 0.70132, 5.68872, 0.056225
19.7588, -28.0964, 0.70799, 5.81892, 0.0583876
19.889, -27.3302, 0.715698, 5.94913, 0.0597666
20.0192, -26.547, 0.723644, 6.07935, 0.0610623
20.1494, -25.7469, 0.731614, 6.20955, 0.0625896
20.2796, -24.9298, 0.73985, 6.33976, 0.0640067
20.4099, -24.0958, 0.748302, 6.46998, 0.0653345
20.5401, -23.2448, 0.756907, 6.60019, 0.0667322
20.6703, -22.3768, 0.765688, 6.73037, 0.0682457
20.8005, -21.4975, 0.774645, 6.71058, 0.0685707
20.9307, -20.6322, 0.783489, 6.58041, 0.0672505
21.061, -19.7837, 0.792158, 6.45021, 0.0658962
21.1912, -18.9523, 0.80065, 6.31998, 0.0645308
21.3214, -18.1377, 0.808964, 6.18978, 0.0631604
21.4516, -17.3402, 0.8171, 6.05956, 0.0617867
21.5818, -16.5596, 0.825056, 5.92935, 0.0604108
21.7121, -15.796, 0.832833, 5.79914, 0.0590334
21.8423, -15.0493, 0.84043, 5.66893, 0.0576547
21.9725, -14.3195, 0.847849, 5.53872, 0.0562753
22.1027, -13.6068, 0.855087, 5.4085, 0.054895
22.2329, -12.9109, 0.862145, 5.27829, 0.0535143
22.3632, -12.2321, 0.869024, 5.14808, 0.0521329
22.4934, -11.5702, 0.875723, 5.01787, 0.0507512
22.6236, -10.9252, 0.882242, 4.88766, 0.0493692
22.7538, -10.2972, 0.888581, 4.75744, 0.0479868
22.884, -9.6862, 0.894739, 4.62723, 0.0466041
23.0143, -9.09212, 0.900718, 4.49702, 0.0452212
23.1445, -8.515, 0.906517, 4.36681, 0.0438381
23.2747, -7.95484, 0.912135, 4.23659, 0.0424548
23.4049, -7.41162, 0.917574, 4.10638, 0.0410713
23.5351, -6.88537, 0.922832, 3.97617, 0.0396877
23.6654, -6.37607, 0.92791, 3.84596, 0.038304
23.7956, -5.88373, 0.932808, 3.71574, 0.03692
23.9258, -5.40835, 0.937525, 3.58553, 0.035536
24.056, -4.94992, 0.942063, 3.45532, 0.0341519
24.1862, -4.50844, 0.94642, 3.32511, 0.0327677
24.3165, -4.08392, 0.950597, 3.19489, 0.0313834
24.4467, -3.67636, 0.954593, 3.06468, 0.029999
24.5769, -3.28576, 0.95841, 2.93447, 0.0286145
24.7071, -2.91212, 0.962046, 2.80426, 0.02723
24.8373, -2.55542, 0.965501, 2.67404, 0.0258453
24.9676, -2.21568, 0.968777, 2.54383, 0.0244606
25.0978, -1.89291, 0.971872, 2.41362, 0.0230759
25.228, -1.58709, 0.974787, 2.2834, 0.0216911
25.3582, -1.29821, 0.977521, 2.15319, 0.0203062
25.4884, -1.02631, 0.980075, 2.02298, 0.0189213
25.6187, -0.771355, 0.982449, 1.89277, 0.0175363
25.7489, -0.533348, 0.984642, 1.76256, 0.0161513
25.8791, -0.312305, 0.986655, 1.63234, 0.0147662
26.0093, -0.108231, 0.988488, 1.50213, 0.0133811
26.1395, 0.0788994, 0.99014, 1.37192, 0.011996
26.2698, 0.249073, 0.991612, 1.2417, 0.0106108
26.4, 0.40229, 0.992904, 1.11149, 0.00922557
26.5302, 0.538555, 0.994015, 0.981281, 0.00784032
26.6604, 0.65786, 0.994946, 0.851069, 0.00645504
26.7906, 0.760201, 0.995696, 0.720854, 0.00506971
26.9209, 0.845592, 0.996266, 0.590641, 0.00368434
27.0511, 0.914024, 0.996656, 0.460429, 0.00229898
27.1813, 0.965511, 0.996865, 0.330216, 0.000913565
27.3115, 1.00003, 0.996894, 0.200004, -0.000471859
