37.5238, 0
0, 0, 0, 0.5, 0
0.196099, 0.0788251, 0.000105223, 0.303904, 0.00114147
0.392199, 0.119171, -0.00241887, 0.10781, 0.00258681
0.588298, 0.121105, 0.00098724, -0.0882878, 0.00342442
0.784397, 0.0845627, 0.00176401, -0.284383, 0.00456589
0.980496, 0.00955272, 9.01821e-05, -0.480478, 0.00601124
1.1766, -0.103882, 0.00398908, -0.676576, 0.00684884
1.37269, -0.255784, 0.00543736, -0.872671, 0.00799032
1.56879, -0.446143, 0.0071095, -1.06877, 0.00913179
1.76489, -0.674953, 0.00900547, -1.26486, 0.0102733
1.96099, -0.942223, 0.0111253, -1.46096, 0.0114147
2.15709, -1.24794, 0.013469, -1.65705, 0.0125562
2.35319, -1.59211, 0.0160364, -1.85315, 0.0136977
2.54929, -1.97474, 0.0188278, -2.04925, 0.0148392
2.74539, -2.39582, 0.021843, -2.24534, 0.0159806
2.94149, -2.85536, 0.025082, -2.44144, 0.0171221
3.13759, -3.35336, 0.0285449, -2.63753, 0.0182636
3.33369, -3.8898, 0.0322316, -2.83363, 0.0194051
3.52979, -4.4647, 0.0361422, -3.02973, 0.0205465
3.72589, -5.07806, 0.0402766, -3.22582, 0.021688
3.92199, -5.72987, 0.0448542, -3.42192, 0.022792
4.11808, -6.42013, 0.0492169, -3.61801, 0.023971
4.31418, -7.14885, 0.0540228, -3.81411, 0.0251124
4.51028, -7.91602, 0.0590526, -4.01021, 0.0262539
4.70638, -8.72164, 0.0643062, -4.2063, 0.0273954
4.90248, -9.56572, 0.0699663, -4.4024, 0.0284994
5.09858, -10.4483, 0.0754849, -4.59849, 0.0296783
5.29468, -11.3692, 0.0814101, -4.79459, 0.0308198
5.49078, -12.3287, 0.087559, -4.99069, 0.0319613
5.68688, -13.3266, 0.0940852, -5.18678, 0.0330653
5.88298, -14.3629, 0.100675, -5.38288, 0.0342068
6.07908, -15.4377, 0.107349, -5.57897, 0.0353857
6.27518, -16.551, 0.114559, -5.77507, 0.0364799
6.47128, -17.7027, 0.121786, -5.97116, 0.0376312
6.66738, -18.8929, 0.129324, -6.16726, 0.0387553
6.86347, -20.1215, 0.137007, -6.36336, 0.0399043
7.05957, -21.3886, 0.144809, -6.55945, 0.0410931
7.25567, -22.6941, 0.153067, -6.75555, 0.0421971
7.45177, -24.0381, 0.16136, -6.95165, 0.043376
7.64787, -25.4205, 0.169323, -7.14774, 0.0448214
7.84397, -26.8414, 0.178925, -7.34383, 0.0455979
8.04007, -28.3008, 0.187961, -7.53993, 0.0467456
8.23617, -29.7986, 0.197185, -7.73603, 0.0479183
8.43227, -31.3348, 0.206729, -7.93212, 0.0490285
8.62837, -32.9096, 0.216428, -8.12822, 0.0501874
8.82447, -34.5227, 0.226423, -8.32431, 0.0512789
9.02057, -36.1743, 0.236595, -8.5204, 0.0524056
9.21667, -37.8644, 0.246966, -8.7165, 0.0535675
9.41277, -39.5929, 0.257433, -8.9126, 0.0550946
9.60886, -41.3599, 0.26842, -9.10866, 0.0557862
9.80496, -43.1648, 0.279458, -9.25839, 0.0564217
10.0011, -44.9612, 0.290401, -9.06256, 0.0552053
10.1972, -46.7192, 0.301112, -8.86649, 0.0540421
10.3933, -48.4387, 0.311597, -8.6704, 0.0528875
10.5894, -50.1197, 0.321855, -8.47431, 0.0517366
10.7855, -51.7623, 0.331888, -8.27822, 0.0505877
10.9816, -53.3664, 0.341696, -8.08212, 0.0494402
11.1777, -54.9321, 0.351278, -7.88602, 0.0482935
11.3738, -56.4593, 0.360636, -7.68993, 0.0471476
11.5699, -57.9481, 0.36977, -7.49383, 0.0460022
11.766, -59.3984, 0.378678, -7.29773, 0.0448571
11.9621, -60.8102, 0.387363, -7.10164, 0.0437124
12.1582, -62.1836, 0.395822, -6.90555, 0.042568
12.3543, -63.5186, 0.404058, -6.70945, 0.0414239
12.5504, -64.815, 0.412069, -6.51335, 0.0402799
12.7465, -66.0731, 0.419855, -6.31726, 0.0391361
12.9426, -67.2926, 0.427418, -6.12116, 0.0379924
13.1387, -68.4738, 0.434756, -5.92506, 0.0368489
13.3348, -69.6165, 0.44187, -5.72897, 0.0357055
13.5308, -70.7207, 0.44876, -5.53287, 0.0345622
13.7269, -71.7865, 0.455425, -5.33678, 0.033419
13.923, -72.8138, 0.461866, -5.14068, 0.0322758
14.1191, -73.8026, 0.468084, -4.94459, 0.0311328
14.3152, -74.753, 0.474077, -4.74849, 0.0299898
14.5113, -75.665, 0.479846, -4.55239, 0.0288469
14.7074, -76.5385, 0.48539, -4.3563, 0.027704
14.9035, -77.3735, 0.490711, -4.1602, 0.0265612
15.0996, -78.1701, 0.495808, -3.96411, 0.0254185
15.2957, -78.9282, 0.50068, -3.76801, 0.0242758
15.4918, -79.6479, 0.505329, -3.57191, 0.0231331
15.6879, -80.3291, 0.509753, -3.37582, 0.0219905
15.884, -80.9719, 0.513953, -3.17972, 0.0208479
16.0801, -81.5762, 0.517929, -2.98363, 0.0197054
16.2762, -82.1421, 0.521682, -2.78753, 0.0185628
16.4723, -82.6695, 0.52521, -2.59143, 0.0174203
16.6684, -83.1584, 0.528514, -2.39534, 0.0162779
16.8645, -83.6089, 0.531594, -2.19924, 0.0151354
17.0606, -84.021, 0.53445, -2.00315, 0.013993
17.2567, -84.3945, 0.537082, -1.80705, 0.0128507
17.4528, -84.7297, 0.53949, -1.61096, 0.0117083
17.6489, -85.0264, 0.541674, -1.41486, 0.010566
17.845, -85.2846, 0.543634, -1.21876, 0.00942366
18.0411, -85.5043, 0.54537, -1.02267, 0.00828137
18.2372, -85.6857, 0.546882, -0.826571, 0.00713909
18.4333, -85.8285, 0.54817, -0.630477, 0.00599684
18.6294, -85.933, 0.549234, -0.43438, 0.0048546
18.8255, -85.9989, 0.550074, -0.238284, 0.00371238
19.0216, -86.0264, 0.55069, -0.0421888, 0.00257018
19.2177, -86.0155, 0.551082, 0.153909, 0.00142798
19.4138, -85.966, 0.55125, 0.350006, 0.000285795
19.5949, -85.8863, 0.545901, 0.531095, 0.00130321
19.776, -85.7737, 0.54887, 0.712194, 0.00199442
19.9571, -85.6283, 0.549327, 0.893291, 0.00299163
20.1382, -85.4501, 0.547439, 1.07439, 0.00429483
20.3193, -85.2392, 0.548312, 1.25548, 0.00529204
20.5004, -84.9954, 0.551782, 1.43658, 0.00598326
20.6815, -84.7188, 0.550602, 1.61768, 0.00728646
20.8626, -84.4095, 0.554322, 1.79877, 0.00797767
21.0437, -84.0673, 0.553614, 1.97987, 0.00928088
21.2248, -83.6924, 0.555391, 2.16097, 0.0102781
21.4059, -83.2846, 0.559486, 2.34207, 0.0109693
21.587, -82.8441, 0.561569, 2.52316, 0.0119665
21.7681, -82.3708, 0.563832, 2.70426, 0.0129637
21.9492, -81.8646, 0.564162, 2.88535, 0.014289
22.1303, -81.3257, 0.5689, 3.06645, 0.0149581
22.3114, -80.754, 0.571705, 3.24755, 0.0159553
22.4925, -80.1494, 0.574691, 3.42865, 0.0169526
22.6736, -79.5121, 0.576107, 3.60974, 0.0182558
22.8547, -78.842, 0.579509, 3.79084, 0.019253
23.0358, -78.1391, 0.584731, 3.97194, 0.0199442
23.2169, -77.4033, 0.588439, 4.15303, 0.0209414
23.398, -76.6348, 0.590799, 4.33413, 0.0222446
23.5791, -75.8335, 0.594924, 4.51523, 0.0232418
23.7602, -74.9994, 0.600647, 4.69633, 0.023933
23.9413, -74.1325, 0.605077, 4.87742, 0.0249302
24.1224, -73.2328, 0.608381, 5.05852, 0.0262334
24.3035, -72.3003, 0.613228, 5.23961, 0.0272307
24.4846, -71.335, 0.618119, 5.42071, 0.0282628
24.6657, -70.337, 0.624604, 5.60181, 0.0289191
24.8468, -69.3061, 0.628852, 5.7829, 0.0302223
25.0279, -68.2424, 0.634347, 5.964, 0.0312416
25.209, -67.1459, 0.640171, 6.1451, 0.0322167
25.3901, -66.0166, 0.646035, 6.32619, 0.033236
25.5712, -64.8546, 0.652151, 6.50729, 0.0342332
25.7523, -63.6597, 0.659313, 6.68839, 0.0349023
25.9334, -62.432, 0.664923, 6.86949, 0.0362276
26.1145, -61.1716, 0.672327, 7.05058, 0.0368967
26.2956, -59.8783, 0.678463, 7.23168, 0.0382
26.4767, -58.5523, 0.685393, 7.41277, 0.0392413
26.6578, -57.1934, 0.692672, 7.59387, 0.0401944
26.8389, -55.8018, 0.699993, 7.77497, 0.0412266
27.02, -54.3773, 0.707542, 7.95607, 0.0422329
27.2011, -52.9201, 0.715287, 8.13716, 0.0432301
27.3822, -51.43, 0.723189, 8.31826, 0.0442494
27.5633, -49.9072, 0.731286, 8.49935, 0.0452621
27.7444, -48.3516, 0.739592, 8.68045, 0.0462396
27.9255, -46.7631, 0.748052, 8.86154, 0.0472588
28.1066, -45.1419, 0.75671, 9.04264, 0.048242
28.2877, -43.4879, 0.765536, 9.22369, 0.0493081
28.4688, -41.8067, 0.774545, 9.25484, 0.049732
28.6499, -40.1471, 0.783465, 9.07374, 0.0487739
28.831, -38.5202, 0.792209, 8.89264, 0.0477937
29.0121, -36.9262, 0.800776, 8.71155, 0.0468075
29.1932, -35.3649, 0.809163, 8.53045, 0.0458185
29.3743, -33.8364, 0.817371, 8.34936, 0.0448278
29.5554, -32.3408, 0.8254, 8.16826, 0.043836
29.7365, -30.8779, 0.833248, 7.98716, 0.0428434
29.9176, -29.4478, 0.840917, 7.80607, 0.0418502
30.0987, -28.0505, 0.848406, 7.62497, 0.0408566
30.2798, -26.6861, 0.855716, 7.44387, 0.0398626
30.4609, -25.3544, 0.862845, 7.26278, 0.0388683
30.642, -24.0555, 0.869794, 7.08168, 0.0378738
30.8231, -22.7894, 0.876562, 6.90058, 0.036879
31.0042, -21.5561, 0.883151, 6.71949, 0.0358841
31.1853, -20.3556, 0.88956, 6.53839, 0.0348891
31.3664, -19.1879, 0.895788, 6.35729, 0.0338938
31.5475, -18.053, 0.901836, 6.1762, 0.0328985
31.7286, -16.9509, 0.907704, 5.9951, 0.0319031
31.9097, -15.8816, 0.913391, 5.814, 0.0309075
32.0908, -14.8451, 0.918898, 5.63291, 0.0299119
32.2719, -13.8413, 0.924225, 5.45181, 0.0289163
32.453, -12.8704, 0.929372, 5.27071, 0.0279205
32.6341, -11.9323, 0.934338, 5.08961, 0.0269247
32.8152, -11.027, 0.939124, 4.90852, 0.0259288
32.9963, -10.1544, 0.94373, 4.72742, 0.0249329
33.1774, -9.31469, 0.948155, 4.54633, 0.0239369
33.3585, -8.50775, 0.952399, 4.36523, 0.0229409
33.5396, -7.73361, 0.956464, 4.18413, 0.0219448
33.7207, -6.99226, 0.960348, 4.00303, 0.0209487
33.9018, -6.28371, 0.964051, 3.82194, 0.0199526
34.0829, -5.60796, 0.967575, 3.64084, 0.0189564
34.264, -4.965, 0.970917, 3.45974, 0.0179601
34.4451, -4.35484, 0.97408, 3.27865, 0.0169639
34.6262, -3.77747, 0.977062, 3.09755, 0.0159676
34.8073, -3.23292, 0.979863, 2.91645, 0.0149713
34.9884, -2.72115, 0.982484, 2.73536, 0.013975
35.1695, -2.24216, 0.984925, 2.55426, 0.0129787
35.3506, -1.796, 0.987185, 2.37316, 0.0119823
35.5317, -1.38261, 0.989265, 2.19206, 0.0109859
35.7128, -1.00204, 0.991164, 2.01097, 0.00998949
35.8939, -0.654243, 0.992883, 1.82987, 0.00899309
36.075, -0.339256, 0.994422, 1.64877, 0.00799663
36.2561, -0.0570526, 0.99578, 1.46768, 0.00700016
36.4372, 0.192337, 0.996957, 1.28658, 0.00600367
36.6183, 0.408943, 0.997954, 1.10548, 0.00500717
36.7994, 0.592751, 0.998771, 0.924386, 0.00401065
36.9805, 0.743759, 0.999407, 0.74329, 0.00301413
37.1616, 0.861961, 0.999862, 0.562193, 0.00201758
37.3427, 0.94738, 1.00014, 0.381096, 0.00102102
37.5238, 0.999992, 1.00023, 0.2, 2.44559e-05
