4.19346, 0
0, 0, 0, 0.5, 0
0.0153149, 0.00729765, 0.00119091, 0.513562, 0.00676411
0.0306298, 0.0148057, 0.00248508, 0.527115, 0.0135269
0.0459446, 0.0225242, 0.00388246, 0.540658, 0.0202883
0.0612595, 0.0304531, 0.00538299, 0.554191, 0.0270481
0.0765744, 0.0385925, 0.00698659, 0.567711, 0.0338061
0.0918893, 0.0469424, 0.00869318, 0.581219, 0.0405624
0.107204, 0.0555027, 0.0105027, 0.594713, 0.0473165
0.122519, 0.0642736, 0.012415, 0.608191, 0.0540685
0.137834, 0.0732549, 0.01443, 0.621653, 0.0608179
0.153149, 0.0824468, 0.0165475, 0.635095, 0.0675645
0.168464, 0.0918494, 0.0187675, 0.648517, 0.0743081
0.183779, 0.101462, 0.0210897, 0.661916, 0.0810483
0.199093, 0.111286, 0.0235139, 0.67529, 0.0877846
0.214408, 0.121321, 0.0260399, 0.688634, 0.0945167
0.229723, 0.131566, 0.0286675, 0.701946, 0.101244
0.245038, 0.142022, 0.0313963, 0.715221, 0.107965
0.260353, 0.152689, 0.0342259, 0.728455, 0.114681
0.275668, 0.163566, 0.037156, 0.741641, 0.121389
0.290983, 0.174655, 0.040186, 0.754772, 0.128089
0.306298, 0.185955, 0.0433152, 0.767841, 0.134778
0.321612, 0.197466, 0.0465429, 0.780836, 0.141457
0.336927, 0.209188, 0.0498682, 0.793746, 0.148122
0.352242, 0.221122, 0.05329, 0.806554, 0.154771
0.367557, 0.233267, 0.0568067, 0.819241, 0.161401
0.382872, 0.245624, 0.0604166, 0.831783, 0.168007
0.398187, 0.258193, 0.0641175, 0.844149, 0.174585
0.413502, 0.270974, 0.0679062, 0.856299, 0.181127
0.428817, 0.283966, 0.0717791, 0.86818, 0.187623
0.444131, 0.297171, 0.0757309, 0.879725, 0.194062
0.459446, 0.310588, 0.079755, 0.89084, 0.200426
0.474761, 0.324215, 0.0838422, 0.901403, 0.206691
0.490076, 0.338052, 0.0879801, 0.911246, 0.212823
0.505391, 0.352094, 0.0921522, 0.920147, 0.218775
0.520706, 0.366335, 0.0963366, 0.92781, 0.224482
0.536021, 0.380762, 0.100506, 0.933865, 0.229853
0.551336, 0.395353, 0.104627, 0.937892, 0.234776
0.56665, 0.410071, 0.108669, 0.939484, 0.239118
0.581965, 0.424865, 0.112607, 0.938374, 0.242758
0.59728, 0.439672, 0.116432, 0.934536, 0.24561
0.612595, 0.454426, 0.120151, 0.928209, 0.24765
0.62791, 0.46907, 0.123782, 0.919801, 0.248912
0.643225, 0.483559, 0.127345, 0.909766, 0.249464
0.65854, 0.497863, 0.130857, 0.89851, 0.24939
0.673855, 0.511962, 0.134329, 0.886359, 0.248772
0.68917, 0.525844, 0.137769, 0.873555, 0.247684
0.704484, 0.539499, 0.14118, 0.860278, 0.246187
0.719799, 0.552925, 0.144562, 0.846657, 0.244335
0.735114, 0.566117, 0.147916, 0.832783, 0.242172
0.750429, 0.579076, 0.15124, 0.818724, 0.239733
0.765744, 0.5918, 0.154532, 0.804529, 0.237051
0.781059, 0.604289, 0.157789, 0.790233, 0.234151
0.796374, 0.616544, 0.161008, 0.775864, 0.231055
0.811688, 0.628565, 0.164188, 0.761441, 0.227782
0.827003, 0.640352, 0.167326, 0.74698, 0.224349
0.842318, 0.651906, 0.170418, 0.732491, 0.220769
0.857633, 0.663228, 0.173463, 0.717984, 0.217055
0.872948, 0.674319, 0.17646, 0.703466, 0.213218
0.888263, 0.685178, 0.179404, 0.688942, 0.209267
0.903578, 0.695806, 0.182295, 0.674415, 0.205211
0.918893, 0.706205, 0.185131, 0.659889, 0.201057
0.934208, 0.716375, 0.18791, 0.645366, 0.196812
0.949522, 0.726315, 0.19063, 0.630849, 0.192483
0.964837, 0.736028, 0.19329, 0.616338, 0.188075
0.980152, 0.745512, 0.195889, 0.601834, 0.183592
0.995467, 0.75477, 0.198424, 0.587339, 0.17904
1.01078, 0.763801, 0.200895, 0.572854, 0.174422
1.0261, 0.772605, 0.2033, 0.558378, 0.169742
1.04141, 0.781183, 0.205639, 0.543911, 0.165004
1.05673, 0.789536, 0.20791, 0.529455, 0.160211
1.07204, 0.797664, 0.210111, 0.51501, 0.155365
1.08736, 0.805567, 0.212244, 0.500574, 0.150469
1.10267, 0.813246, 0.214305, 0.486148, 0.145527
1.11799, 0.8207, 0.216294, 0.471733, 0.14054
1.1333, 0.827931, 0.218211, 0.457328, 0.13551
1.14862, 0.834939, 0.220055, 0.442933, 0.130439
1.16393, 0.841723, 0.221825, 0.428547, 0.125329
1.17925, 0.848284, 0.22352, 0.414172, 0.120182
1.19456, 0.854623, 0.225139, 0.399806, 0.115
1.20988, 0.860739, 0.226682, 0.385449, 0.109783
1.22519, 0.866633, 0.228149, 0.371101, 0.104534
1.24051, 0.872305, 0.229538, 0.356763, 0.0992542
1.25582, 0.877756, 0.230849, 0.342433, 0.0939439
1.27113, 0.882985, 0.232081, 0.328112, 0.0886047
1.28645, 0.887993, 0.233234, 0.313799, 0.0832379
1.30176, 0.892781, 0.234308, 0.299495, 0.0778443
1.31708, 0.897347, 0.235302, 0.285198, 0.072425
1.33239, 0.901692, 0.236215, 0.270909, 0.0669809
1.34771, 0.905818, 0.237047, 0.256629, 0.061513
1.36302, 0.909723, 0.237798, 0.242355, 0.056022
1.37834, 0.913408, 0.238466, 0.228089, 0.0505086
1.39365, 0.916873, 0.239053, 0.213831, 0.0449739
1.40897, 0.920118, 0.239557, 0.199579, 0.0394182
1.42428, 0.923144, 0.239977, 0.185334, 0.0338426
1.4396, 0.92595, 0.240314, 0.171096, 0.0282474
1.45491, 0.928537, 0.240568, 0.156864, 0.0226333
1.47023, 0.930904, 0.240737, 0.142639, 0.017001
1.48554, 0.933053, 0.240822, 0.12842, 0.011351
1.50086, 0.934983, 0.240822, 0.114207, 0.00568382
1.51617, 0.936694, 0.240737, 0.1, 7.45058e-08
1.54295, 0.939296, 0.241087, 0.0951118, 0.0263229
1.56972, 0.941776, 0.242144, 0.0902199, 0.052645
1.59649, 0.944134, 0.243908, 0.0853244, 0.0789664
1.62326, 0.94637, 0.246378, 0.0804255, 0.105287
1.65004, 0.948419, 0.249541, 0.0755775, 0.131618
1.67681, 0.950381, 0.253418, 0.0706975, 0.157942
1.70358, 0.952193, 0.257996, 0.0658393, 0.18427
1.73036, 0.953942, 0.263292, 0.0609257, 0.210588
1.75713, 0.955459, 0.269273, 0.056108, 0.236924
1.7839, 0.956912, 0.275972, 0.0512353, 0.26325
1.81067, 0.95822, 0.283372, 0.0463816, 0.289579
1.83745, 0.959409, 0.29148, 0.0415227, 0.315907
1.86422, 0.960435, 0.300286, 0.0367032, 0.342243
1.89099, 0.961366, 0.309804, 0.0318551, 0.368573
1.91777, 0.962158, 0.320025, 0.0270224, 0.394906
1.94454, 0.962815, 0.33095, 0.0222038, 0.421242
1.97131, 0.963339, 0.342579, 0.0173978, 0.44758
1.99808, 0.963747, 0.354916, 0.012584, 0.473916
2.02486, 0.964024, 0.367958, 0.0077814, 0.500255
2.05163, 0.964158, 0.381701, 0.00300671, 0.526599
2.0784, 0.964179, 0.396153, -0.00177779, 0.552941
2.10518, 0.964061, 0.411309, -0.00653797, 0.579287
2.13195, 0.963832, 0.427172, -0.0113089, 0.605631
2.15872, 0.963469, 0.44374, -0.0160587, 0.631979
2.18549, 0.962974, 0.461013, -0.0207902, 0.658331
2.21227, 0.962352, 0.47899, -0.0255057, 0.684685
2.23904, 0.961605, 0.497674, -0.0302079, 0.711042
2.26581, 0.960736, 0.517064, -0.0348989, 0.7374
2.29259, 0.959725, 0.537156, -0.0395433, 0.763768
2.31936, 0.958612, 0.557959, -0.044208, 0.790131
2.34613, 0.957366, 0.579466, -0.0488343, 0.816501
2.3729, 0.955997, 0.601679, -0.0534397, 0.842875
2.39968, 0.954502, 0.624598, -0.0580084, 0.869255
2.42645, 0.952885, 0.648223, -0.0625479, 0.89564
2.45322, 0.951152, 0.672555, -0.0670651, 0.922029
2.48, 0.949304, 0.697596, -0.0715578, 0.948422
2.50677, 0.947329, 0.723341, -0.0759868, 0.974826
2.53354, 0.945238, 0.749794, -0.080368, 1.00124
2.56031, 0.943021, 0.776952, -0.0846512, 1.02767
2.58709, 0.940699, 0.80482, -0.088895, 1.0541
2.61386, 0.938261, 0.833395, -0.0930318, 1.08055
2.64063, 0.935717, 0.862679, -0.0970686, 1.10702
2.66741, 0.933064, 0.892671, -0.100943, 1.13351
2.69418, 0.93031, 0.923373, -0.104633, 1.16003
2.72095, 0.927466, 0.954786, -0.108085, 1.18657
2.74772, 0.924532, 0.98691, -0.111123, 1.21317
2.7745, 0.92152, 1.01975, -0.113442, 1.23985
2.80127, 0.918466, 1.0533, -0.114572, 1.26658
2.82804, 0.915419, 1.08757, -0.111937, 1.29316
2.85482, 0.91263, 1.12243, -0.0929875, 1.30349
2.88159, 0.910358, 1.15705, -0.0783229, 1.28139
2.90836, 0.908394, 1.19103, -0.0687705, 1.25639
2.93513, 0.906662, 1.22432, -0.060785, 1.23083
2.96191, 0.905133, 1.25693, -0.0535546, 1.20506
2.98868, 0.903791, 1.28885, -0.0467682, 1.17916
3.01545, 0.902626, 1.32007, -0.0402747, 1.15318
3.04223, 0.901632, 1.35059, -0.0339889, 1.12716
3.069, 0.900805, 1.38042, -0.0278576, 1.1011
3.09577, 0.90014, 1.40955, -0.0218463, 1.07501
3.12254, 0.899634, 1.43798, -0.0159307, 1.0489
3.14932, 0.899286, 1.46572, -0.010093, 1.02277
3.17609, 0.899093, 1.49275, -0.00432034, 0.996627
3.20286, 0.899054, 1.51908, 0.00139767, 0.970472
3.22964, 0.899168, 1.54471, 0.0070686, 0.944307
3.25641, 0.899432, 1.56964, 0.012699, 0.918132
3.28318, 0.899847, 1.59387, 0.0182939, 0.891951
3.30995, 0.900411, 1.6174, 0.0238575, 0.865762
3.33673, 0.901124, 1.64023, 0.0293934, 0.839568
3.3635, 0.901985, 1.66236, 0.0349042, 0.813369
3.39027, 0.902993, 1.68379, 0.0403929, 0.787165
3.41705, 0.904148, 1.70451, 0.0458613, 0.760956
3.44382, 0.905449, 1.72453, 0.0513114, 0.734744
3.47059, 0.906895, 1.74385, 0.0567447, 0.708528
3.49736, 0.908487, 1.76247, 0.0621627, 0.68231
3.52414, 0.910224, 1.78039, 0.0675666, 0.656088
3.55091, 0.912105, 1.7976, 0.0729574, 0.629863
3.57768, 0.91413, 1.81411, 0.0783362, 0.603636
3.60446, 0.916299, 1.82992, 0.0837038, 0.577407
3.63123, 0.918612, 1.84503, 0.089061, 0.551175
3.658, 0.921068, 1.85944, 0.0944085, 0.524942
3.68477, 0.923667, 1.87314, 0.0997468, 0.498707
3.71155, 0.926409, 1.88614, 0.105077, 0.47247
3.73832, 0.929293, 1.89844, 0.110399, 0.446231
3.76509, 0.93232, 1.91003, 0.115713, 0.419991
3.79187, 0.935489, 1.92093, 0.12102, 0.39375
3.81864, 0.9388, 1.93112, 0.126321, 0.367507
3.84541, 0.942253, 1.9406, 0.131615, 0.341262
3.87218, 0.945848, 1.94939, 0.136903, 0.315017
3.89896, 0.949584, 1.95747, 0.142186, 0.28877
3.92573, 0.953461, 1.96485, 0.147463, 0.262523
3.9525, 0.95748, 1.97153, 0.152735, 0.236274
3.97928, 0.961639, 1.9775, 0.158001, 0.210025
4.00605, 0.96594, 1.98278, 0.163264, 0.183774
4.03282, 0.970381, 1.98734, 0.168522, 0.157522
4.05959, 0.974963, 1.99121, 0.173775, 0.13127
4.08637, 0.979686, 1.99437, 0.179025, 0.105017
4.11314, 0.984549, 1.99683, 0.184271, 0.0787628
4.13991, 0.989553, 1.99859, 0.189513, 0.0525085
4.16669, 0.994697, 1.99964, 0.194751, 0.0262532
4.19346, 0.999981, 2, 0.199986, -2.87592e-06
