31.4387, 0
0, 0, 0, 0.5, 0
0.165271, 0.0689799, 0.000103933, 0.334734, 0.00135436
0.330543, 0.110646, 0.000431704, 0.169468, 0.00270873
0.495814, 0.124994, 0.000983345, 0.00420219, 0.00406309
0.661086, 0.112035, 0.00175877, -0.161064, 0.00541746
0.826357, 0.0717582, 0.00275807, -0.32633, 0.00677182
0.991629, 0.00416538, 0.00398123, -0.491596, 0.00812618
1.1569, -0.0907348, 0.00542817, -0.656862, 0.00948055
1.32217, -0.212953, 0.00709898, -0.822128, 0.0108349
1.48744, -0.362485, 0.00899362, -0.987393, 0.0121893
1.65271, -0.539328, 0.0111121, -1.15266, 0.0135436
1.81799, -0.743487, 0.0134544, -1.31793, 0.014898
1.98326, -0.97496, 0.0160206, -1.48319, 0.0162524
2.14853, -1.23375, 0.0188106, -1.64846, 0.0176067
2.3138, -1.51984, 0.0218244, -1.81372, 0.0189611
2.47907, -1.83326, 0.0250621, -1.97899, 0.0203155
2.64434, -2.17398, 0.0285236, -2.14426, 0.0216698
2.80961, -2.54203, 0.0322089, -2.30952, 0.0230242
2.97489, -2.93738, 0.0361181, -2.47479, 0.0243785
3.14016, -3.36005, 0.0402511, -2.64005, 0.0257329
3.30543, -3.81003, 0.044608, -2.80532, 0.0270873
3.4707, -4.28733, 0.0491886, -2.97059, 0.0284416
3.63597, -4.79194, 0.0539932, -3.13585, 0.029796
3.80124, -5.32386, 0.0590216, -3.30112, 0.0311504
3.96652, -5.8831, 0.0642738, -3.46638, 0.0325047
4.13179, -6.46965, 0.0697498, -3.63165, 0.0338591
4.29706, -7.08351, 0.0754497, -3.79691, 0.0352134
4.46233, -7.72469, 0.0813734, -3.96218, 0.0365678
4.6276, -8.39318, 0.0875209, -4.12745, 0.0379222
4.79287, -9.08899, 0.0938923, -4.29271, 0.0392765
4.95814, -9.81211, 0.100488, -4.45798, 0.0406309
5.12342, -10.5625, 0.107307, -4.62325, 0.0419853
5.28869, -11.3403, 0.11435, -4.78851, 0.0433396
5.45396, -12.1453, 0.121616, -4.95378, 0.044694
5.61923, -12.9777, 0.129107, -5.11904, 0.0460484
5.7845, -13.8374, 0.136821, -5.28431, 0.0474027
5.94977, -14.7244, 0.14476, -5.44958, 0.0487571
6.11504, -15.6387, 0.152922, -5.61484, 0.0501115
6.28032, -16.5804, 0.161308, -5.78011, 0.0514658
6.44559, -17.5493, 0.169917, -5.94537, 0.0528202
6.61086, -18.5456, 0.178751, -6.11064, 0.0541746
6.77613, -19.5691, 0.187808, -6.27591, 0.0555289
6.9414, -20.62, 0.19709, -6.44117, 0.0568833
7.10667, -21.6982, 0.206595, -6.60644, 0.0582377
7.27194, -22.8037, 0.216324, -6.77171, 0.0595921
7.43722, -23.9366, 0.226277, -6.93698, 0.0609465
7.60249, -25.0967, 0.236453, -7.10224, 0.0623008
7.76776, -26.2841, 0.246854, -7.26752, 0.0636553
7.93303, -27.4989, 0.257478, -7.43278, 0.0650096
8.0983, -28.741, 0.268326, -7.59803, 0.0663638
8.26357, -30.0103, 0.279385, -7.74876, 0.0658693
8.42884, -31.2772, 0.29014, -7.58283, 0.0643566
8.59412, -32.5168, 0.300661, -7.41751, 0.0629694
8.75939, -33.729, 0.310955, -7.25225, 0.0615959
8.92466, -34.9139, 0.321022, -7.08698, 0.0602278
9.08993, -36.0716, 0.330863, -6.92172, 0.0588628
9.2552, -37.2019, 0.340479, -6.75644, 0.0574996
9.42047, -38.3049, 0.349869, -6.59118, 0.0561379
9.58574, -39.3805, 0.359035, -6.42591, 0.0547771
9.75102, -40.4289, 0.367975, -6.26064, 0.0534171
9.91629, -41.4499, 0.376691, -6.09538, 0.0520576
10.0816, -42.4437, 0.385183, -5.93012, 0.0506987
10.2468, -43.4101, 0.393449, -5.76485, 0.0493402
10.4121, -44.3492, 0.401492, -5.59958, 0.0479819
10.5774, -45.261, 0.40931, -5.43432, 0.046624
10.7426, -46.1455, 0.416903, -5.26905, 0.0452664
10.9079, -47.0026, 0.424272, -5.10378, 0.0439089
11.0732, -47.8325, 0.431417, -4.93852, 0.0425516
11.2385, -48.635, 0.438337, -4.77325, 0.0411945
11.4037, -49.4103, 0.445033, -4.60799, 0.0398375
11.569, -50.1582, 0.451505, -4.44272, 0.0384807
11.7343, -50.8788, 0.457753, -4.27745, 0.0371239
11.8995, -51.5721, 0.463776, -4.11219, 0.0357674
12.0648, -52.238, 0.469575, -3.94693, 0.0344109
12.2301, -52.8767, 0.47515, -3.78166, 0.0330544
12.3954, -53.488, 0.480501, -3.61639, 0.0316981
12.5606, -54.0721, 0.485628, -3.45112, 0.0303419
12.7259, -54.6288, 0.490531, -3.28586, 0.0289857
12.8912, -55.1582, 0.495209, -3.12059, 0.0276295
13.0564, -55.6603, 0.499663, -2.95533, 0.0262735
13.2217, -56.135, 0.503893, -2.79006, 0.0249175
13.387, -56.5825, 0.5079, -2.62479, 0.0235616
13.5523, -57.0026, 0.511682, -2.45953, 0.0222057
13.7175, -57.3955, 0.51524, -2.29426, 0.0208498
13.8828, -57.761, 0.518573, -2.129, 0.019494
14.0481, -58.0992, 0.521683, -1.96373, 0.0181383
14.2133, -58.4101, 0.524569, -1.79846, 0.0167825
14.3786, -58.6937, 0.527231, -1.6332, 0.0154269
14.5439, -58.9499, 0.529668, -1.46793, 0.0140712
14.7092, -59.1789, 0.531882, -1.30267, 0.0127156
14.8744, -59.3805, 0.533871, -1.1374, 0.01136
15.0397, -59.5548, 0.535637, -0.972136, 0.0100045
15.205, -59.7018, 0.537178, -0.806867, 0.0086489
15.3702, -59.8215, 0.538495, -0.641603, 0.00729342
15.5355, -59.9139, 0.539589, -0.476337, 0.00593795
15.7008, -59.979, 0.540458, -0.31107, 0.0045825
15.8661, -60.0167, 0.541104, -0.145806, 0.00322708
16.0313, -60.0272, 0.541525, 0.0194604, 0.00187168
16.1966, -60.0103, 0.541722, 0.184728, 0.000516286
16.3619, -59.9661, 0.541696, 0.349992, -0.000839049
16.5126, -59.9019, 0.548594, 0.500763, 0.00119778
16.6634, -59.815, 0.545597, 0.651522, 0.00285291
16.8142, -59.7055, 0.549331, 0.802289, 0.00359336
16.9649, -59.5732, 0.54997, 0.953052, 0.00479114
17.1157, -59.4181, 0.55079, 1.10382, 0.00598892
17.2665, -59.2403, 0.551791, 1.25458, 0.00718671
17.4173, -59.0398, 0.552972, 1.40534, 0.0083845
17.568, -58.8166, 0.554333, 1.5561, 0.00958228
17.7188, -58.5706, 0.555875, 1.70687, 0.0107801
17.8696, -58.3019, 0.557598, 1.85763, 0.0119779
18.0203, -58.0104, 0.559502, 2.00839, 0.0131756
18.1711, -57.6963, 0.561585, 2.15916, 0.0143734
18.3219, -57.3594, 0.561333, 2.30992, 0.0160285
18.4726, -56.9997, 0.566295, 2.46068, 0.016769
18.6234, -56.6174, 0.568921, 2.61145, 0.0179668
18.7742, -56.2123, 0.571727, 2.76221, 0.0191646
18.9249, -55.7845, 0.574714, 2.91297, 0.0203623
19.0757, -55.3339, 0.577881, 3.06374, 0.0215601
19.2265, -54.8607, 0.581229, 3.2145, 0.0227579
19.3772, -54.3647, 0.584758, 3.36526, 0.0239557
19.528, -53.8459, 0.588467, 3.51603, 0.0251535
19.6788, -53.3044, 0.592357, 3.66679, 0.0263513
19.8295, -52.7402, 0.596428, 3.81755, 0.0275491
19.9803, -52.1533, 0.600678, 3.96831, 0.0287468
20.1311, -51.5437, 0.60511, 4.11908, 0.0299446
20.2818, -50.9113, 0.609722, 4.26984, 0.0311424
20.4326, -50.2561, 0.614515, 4.4206, 0.0323402
20.5834, -49.5783, 0.619488, 4.57137, 0.033538
20.7341, -48.8777, 0.623228, 4.72213, 0.0351931
20.8849, -48.1544, 0.629977, 4.87289, 0.0359336
21.0357, -47.4084, 0.635492, 5.02366, 0.0371313
21.1864, -46.6396, 0.641187, 5.17442, 0.0383291
21.3372, -45.8481, 0.647064, 5.32518, 0.0395269
21.488, -45.0339, 0.653121, 5.47595, 0.0407247
21.6388, -44.1969, 0.658358, 5.62671, 0.0423798
21.7895, -43.3372, 0.664845, 5.77747, 0.0435776
21.9403, -42.4548, 0.671513, 5.92823, 0.0447754
22.0911, -41.5496, 0.678361, 6.07899, 0.0459732
22.2418, -40.6217, 0.686114, 6.22976, 0.0467136
22.3926, -39.6711, 0.693254, 6.38053, 0.0479114
22.5434, -38.6978, 0.700575, 6.53129, 0.0491092
22.6941, -37.7017, 0.707559, 6.68205, 0.0507643
22.8449, -36.6829, 0.715759, 6.83282, 0.0515048
22.9957, -35.6414, 0.723621, 6.98358, 0.0527025
23.1464, -34.5771, 0.73131, 7.13433, 0.0544236
23.2972, -33.4901, 0.739889, 7.28511, 0.0550982
23.448, -32.3804, 0.748293, 7.43587, 0.056296
23.5987, -31.2479, 0.756749, 7.58662, 0.0580651
23.7495, -30.0928, 0.765599, 7.73737, 0.0592863
23.9003, -28.9205, 0.774616, 7.73814, 0.0597324
24.051, -27.7652, 0.783536, 7.58738, 0.0585871
24.2018, -26.6326, 0.792281, 7.43663, 0.0574138
24.3526, -25.5228, 0.800848, 7.28586, 0.056232
24.5033, -24.4356, 0.809237, 7.1351, 0.0550462
24.6541, -23.3713, 0.817446, 6.98434, 0.053858
24.8049, -22.3296, 0.825477, 6.83358, 0.0526682
24.9556, -21.3107, 0.833328, 6.68282, 0.0514772
25.1064, -20.3145, 0.840999, 6.53205, 0.0502854
25.2572, -19.341, 0.84849, 6.38129, 0.0490929
25.4079, -18.3903, 0.855802, 6.23052, 0.0478999
25.5587, -17.4623, 0.862934, 6.07976, 0.0467064
25.7095, -16.5571, 0.869886, 5.929, 0.0455126
25.8603, -15.6745, 0.876658, 5.77823, 0.0443185
26.011, -14.8147, 0.883249, 5.62747, 0.0431241
26.1618, -13.9776, 0.889661, 5.47671, 0.0419295
26.3126, -13.1633, 0.895893, 5.32595, 0.0407347
26.4633, -12.3717, 0.901944, 5.17518, 0.0395397
26.6141, -11.6028, 0.907815, 5.02442, 0.0383446
26.7649, -10.8566, 0.913506, 4.87365, 0.0371493
26.9156, -10.1332, 0.919017, 4.72289, 0.0359539
27.0664, -9.43251, 0.924348, 4.57213, 0.0347583
27.2172, -8.75455, 0.929498, 4.42137, 0.0335627
27.3679, -8.09931, 0.934468, 4.2706, 0.032367
27.5187, -7.4668, 0.939258, 4.11984, 0.0311712
27.6695, -6.85704, 0.943867, 3.96908, 0.0299753
27.8202, -6.27, 0.948296, 3.81831, 0.0287794
27.971, -5.70568, 0.952545, 3.66755, 0.0275834
28.1218, -5.16409, 0.956614, 3.51679, 0.0263873
28.2725, -4.64525, 0.960502, 3.36602, 0.0251911
28.4233, -4.14911, 0.96421, 3.21526, 0.0239949
28.5741, -3.67573, 0.967737, 3.0645, 0.0227987
28.7248, -3.22506, 0.971084, 2.91374, 0.0216024
28.8756, -2.79712, 0.974251, 2.76297, 0.020406
29.0264, -2.39193, 0.977237, 2.61221, 0.0192096
29.1771, -2.00945, 0.980044, 2.46145, 0.0180132
29.3279, -1.6497, 0.982669, 2.31068, 0.0168168
29.4787, -1.3127, 0.985114, 2.15992, 0.0156203
29.6294, -0.998421, 0.987379, 2.00916, 0.0144237
29.7802, -0.706871, 0.989464, 1.85839, 0.0132272
29.931, -0.438053, 0.991368, 1.70763, 0.0120305
30.0818, -0.191959, 0.993091, 1.55687, 0.0108339
30.2325, 0.0313988, 0.994634, 1.4061, 0.00963728
30.3833, 0.232033, 0.995997, 1.25534, 0.00844061
30.5341, 0.409931, 0.99718, 1.10458, 0.0072439
30.6848, 0.565094, 0.998181, 0.953813, 0.00604717
30.8356, 0.69754, 0.999003, 0.803051, 0.00485042
30.9864, 0.807247, 0.999644, 0.652287, 0.00365364
31.1371, 0.894222, 1.0001, 0.501524, 0.00245685
31.2879, 0.958481, 1.00038, 0.350761, 0.00126003
31.4387, 0.999992, 1.00048, 0.199998, 6.32071e-05
