36.5438, 0
0, 0, 0, 0.5, 0
0.191137, 0.0773023, 0.000105268, 0.308867, 0.00117111
0.382273, 0.118068, 0.000434401, 0.117734, 0.00234222
0.57341, 0.122307, 0.000987345, -0.0733989, 0.00351332
0.764546, 0.0900179, 0.0017641, -0.264532, 0.00468443
0.955683, 0.0211883, 0.00276475, -0.455665, 0.00585554
1.14682, -0.0841733, 0.00398923, -0.646798, 0.00702665
1.33796, -0.226071, 0.00543758, -0.837931, 0.00819775
1.52909, -0.404494, 0.00710972, -1.02906, 0.00936887
1.72023, -0.619449, 0.00900571, -1.2202, 0.01054
1.91137, -0.870943, 0.0111256, -1.41133, 0.0117111
2.1025, -1.15896, 0.0134692, -1.60246, 0.0128822
2.29364, -1.48352, 0.0160368, -1.7936, 0.0140533
2.48478, -1.84461, 0.0188281, -1.98473, 0.0152244
2.67591, -2.24223, 0.0218434, -2.17586, 0.0163955
2.86705, -2.67638, 0.0250824, -2.367, 0.0175666
3.05819, -3.14707, 0.0285453, -2.55813, 0.0187377
3.24932, -3.65429, 0.032232, -2.74926, 0.0199088
3.44046, -4.19804, 0.0361426, -2.94039, 0.0210799
3.6316, -4.77832, 0.040277, -3.13153, 0.0222511
3.82273, -5.39514, 0.0446353, -3.32266, 0.0234222
4.01387, -6.04848, 0.0492174, -3.51379, 0.0245933
4.205, -6.73836, 0.0540233, -3.70493, 0.0257644
4.39614, -7.46478, 0.0590531, -3.89606, 0.0269355
4.58728, -8.22772, 0.0643067, -4.08719, 0.0281066
4.77841, -9.0272, 0.0697842, -4.27833, 0.0292777
4.96955, -9.86321, 0.0754855, -4.46946, 0.0304488
5.16069, -10.7358, 0.0814107, -4.66059, 0.0316199
5.35182, -11.6448, 0.0875597, -4.85172, 0.032791
5.54296, -12.5904, 0.0939325, -5.04286, 0.0339621
5.7341, -13.5726, 0.100529, -5.23399, 0.0351332
5.92523, -14.5913, 0.10735, -5.42512, 0.0363043
6.11637, -15.6465, 0.114394, -5.61626, 0.0374755
6.30751, -16.7382, 0.121662, -5.80739, 0.0386466
6.49864, -17.8665, 0.129154, -5.99852, 0.0398177
6.68978, -19.0313, 0.13687, -6.18966, 0.0409888
6.88092, -20.2326, 0.14481, -6.38079, 0.0421599
7.07205, -21.4705, 0.152973, -6.57192, 0.043331
7.26319, -22.7449, 0.161361, -6.76306, 0.0445021
7.45433, -24.0558, 0.169972, -6.95419, 0.0456732
7.64546, -25.4033, 0.178807, -7.14532, 0.0468443
7.8366, -26.7873, 0.187866, -7.33646, 0.0480154
8.02774, -28.2078, 0.197149, -7.52759, 0.0491865
8.21887, -29.6649, 0.206655, -7.71872, 0.0503577
8.41001, -31.1585, 0.216386, -7.90986, 0.0515288
8.60115, -32.6886, 0.22634, -8.10099, 0.0526999
8.79228, -34.2552, 0.236518, -8.29212, 0.053871
8.98342, -35.8584, 0.247425, -8.48325, 0.0541289
9.17456, -37.4982, 0.257546, -8.6744, 0.0562133
9.36569, -39.1744, 0.268396, -8.86555, 0.0573845
9.55683, -40.8868, 0.279442, -9.01563, 0.0570342
9.74797, -42.5917, 0.290221, -8.82441, 0.0557813
9.9391, -44.2601, 0.300768, -8.63326, 0.0545877
10.1302, -45.892, 0.311089, -8.44212, 0.0534031
10.3214, -47.4873, 0.321183, -8.25099, 0.0522223
10.5125, -49.0461, 0.331052, -8.05985, 0.0510436
10.7036, -50.5684, 0.340696, -7.86872, 0.0498662
10.8948, -52.0541, 0.350115, -7.67759, 0.0486899
11.0859, -53.5033, 0.359309, -7.48646, 0.0475142
11.2771, -54.916, 0.368278, -7.29532, 0.046339
11.4682, -56.2921, 0.377023, -7.10419, 0.0451643
11.6593, -57.6317, 0.385543, -6.91306, 0.0439899
11.8505, -58.9348, 0.393839, -6.72192, 0.0428158
12.0416, -60.2014, 0.401911, -6.5308, 0.0416419
12.2327, -61.4314, 0.409758, -6.33966, 0.0404683
12.4239, -62.6248, 0.41738, -6.14852, 0.0392948
12.615, -63.7818, 0.424779, -5.95739, 0.0381214
12.8062, -64.9022, 0.431953, -5.76626, 0.0369482
12.9973, -65.986, 0.438903, -5.57513, 0.0357751
13.1884, -67.0334, 0.445629, -5.384, 0.0346022
13.3796, -68.0442, 0.452131, -5.19286, 0.0334293
13.5707, -69.0185, 0.458408, -5.00173, 0.0322565
13.7618, -69.9562, 0.464462, -4.8106, 0.0310838
13.953, -70.8574, 0.470291, -4.61946, 0.0299111
14.1441, -71.7221, 0.475896, -4.42833, 0.0287385
14.3352, -72.5503, 0.481277, -4.2372, 0.027566
14.5264, -73.3419, 0.486434, -4.04606, 0.0263935
14.7175, -74.097, 0.491366, -3.85493, 0.0252211
14.9087, -74.8155, 0.496075, -3.6638, 0.0240488
15.0998, -75.4975, 0.500559, -3.47267, 0.0228764
15.2909, -76.143, 0.50482, -3.28153, 0.0217042
15.4821, -76.752, 0.508856, -3.0904, 0.0205319
15.6732, -77.3244, 0.512669, -2.89927, 0.0193597
15.8643, -77.8603, 0.516257, -2.70813, 0.0181875
16.0555, -78.3597, 0.519621, -2.517, 0.0170154
16.2466, -78.8225, 0.522762, -2.32587, 0.0158433
16.4377, -79.2488, 0.525678, -2.13473, 0.0146712
16.6289, -79.6385, 0.52837, -1.9436, 0.0134991
16.82, -79.9918, 0.530838, -1.75247, 0.0123271
17.0112, -80.3085, 0.533082, -1.56133, 0.0111551
17.2023, -80.5886, 0.535102, -1.3702, 0.00998308
17.3934, -80.8322, 0.536899, -1.17907, 0.00881112
17.5846, -81.0393, 0.538471, -0.987936, 0.00763919
17.7757, -81.2099, 0.539819, -0.796799, 0.00646724
17.9668, -81.3439, 0.540943, -0.605667, 0.00529534
18.158, -81.4414, 0.541843, -0.414537, 0.00412347
18.3491, -81.5024, 0.542519, -0.223404, 0.0029516
18.5402, -81.5268, 0.542971, -0.03227, 0.00177974
18.7314, -81.5147, 0.5432, 0.158862, 0.000607905
18.9225, -81.4661, 0.543204, 0.349997, -0.000563931
19.0987, -81.3889, 0.548593, 0.52621, 0.00102486
19.2749, -81.2806, 0.54887, 0.702419, 0.00204972
19.4512, -81.1413, 0.549328, 0.878629, 0.00307458
19.6274, -80.971, 0.549966, 1.05484, 0.00409944
19.8036, -80.7696, 0.550784, 1.23105, 0.0051243
19.9798, -80.5371, 0.551783, 1.40726, 0.00614916
20.156, -80.2736, 0.552963, 1.58347, 0.00717402
20.3322, -79.9791, 0.554324, 1.75968, 0.00819888
20.5084, -79.6535, 0.555865, 1.93589, 0.00922375
20.6846, -79.2968, 0.557586, 2.1121, 0.0102486
20.8609, -78.9091, 0.559488, 2.28831, 0.0112735
21.0371, -78.4904, 0.561571, 2.46451, 0.0122983
21.2133, -78.0406, 0.563835, 2.64072, 0.0133232
21.3895, -77.5597, 0.566279, 2.81693, 0.014348
21.5657, -77.0478, 0.568903, 2.99314, 0.0153729
21.7419, -76.5048, 0.571708, 3.16935, 0.0163978
21.9181, -75.9308, 0.574694, 3.34556, 0.0174226
22.0943, -75.3258, 0.57786, 3.52177, 0.0184475
22.2706, -74.6897, 0.581207, 3.69798, 0.0194723
22.4468, -74.0225, 0.584735, 3.87419, 0.0204972
22.623, -73.3243, 0.588443, 4.0504, 0.0215221
22.7992, -72.5951, 0.592332, 4.22661, 0.0225469
22.9754, -71.8347, 0.596401, 4.40282, 0.0235718
23.1516, -71.0434, 0.600651, 4.57903, 0.0245966
23.3278, -70.221, 0.605081, 4.75524, 0.0256215
23.504, -69.3675, 0.609692, 4.93145, 0.0266464
23.6803, -68.483, 0.614484, 5.10766, 0.0276712
23.8565, -67.5675, 0.619456, 5.28387, 0.0286961
24.0327, -66.6208, 0.624609, 5.46008, 0.029721
24.2089, -65.6432, 0.629943, 5.63629, 0.0307458
24.3851, -64.6345, 0.635457, 5.8125, 0.0317707
24.5613, -63.5947, 0.641151, 5.98871, 0.0327955
24.7375, -62.5239, 0.647027, 6.16492, 0.0338204
24.9137, -61.4221, 0.653082, 6.34113, 0.0348453
25.09, -60.2891, 0.659319, 6.51734, 0.0358701
25.2662, -59.1252, 0.665736, 6.69355, 0.036895
25.4424, -57.9302, 0.672333, 6.86976, 0.0379198
25.6186, -56.7041, 0.679112, 7.04597, 0.0389447
25.7948, -55.447, 0.68607, 7.22218, 0.0399696
25.971, -54.1588, 0.69321, 7.39839, 0.0409944
26.1472, -52.8396, 0.70053, 7.5746, 0.0420193
26.3234, -51.4894, 0.70803, 7.75081, 0.0430442
26.4997, -50.108, 0.715711, 7.92702, 0.044069
26.6759, -48.6957, 0.723573, 8.10323, 0.0450939
26.8521, -47.2523, 0.731616, 8.27944, 0.0461187
27.0283, -45.7778, 0.739839, 8.45565, 0.0471436
27.2045, -44.2723, 0.748242, 8.63186, 0.0481685
27.3807, -42.7357, 0.756826, 8.80807, 0.0491933
27.5569, -41.1681, 0.765591, 8.98435, 0.0502186
27.7332, -39.5751, 0.774554, 9.01052, 0.0511108
27.9094, -38.0028, 0.783474, 8.83429, 0.0501267
28.0856, -36.4616, 0.792219, 8.65808, 0.0491198
28.2618, -34.9515, 0.800785, 8.48187, 0.0481066
28.438, -33.4724, 0.809173, 8.30565, 0.0470903
28.6142, -32.0244, 0.817381, 8.12944, 0.0460724
28.7904, -30.6074, 0.825409, 7.95323, 0.0450532
28.9666, -29.2215, 0.833259, 7.77702, 0.0440332
29.1428, -27.8666, 0.840928, 7.60081, 0.0430126
29.3191, -26.5428, 0.848417, 7.42459, 0.0419915
29.4953, -25.25, 0.855727, 7.24839, 0.0409701
29.6715, -23.9882, 0.862856, 7.07218, 0.0399483
29.8477, -22.7576, 0.869805, 6.89597, 0.0389263
30.0239, -21.5579, 0.876575, 6.71976, 0.037904
30.2001, -20.3894, 0.883164, 6.54355, 0.0368816
30.3763, -19.2518, 0.889573, 6.36734, 0.035859
30.5526, -18.1453, 0.895801, 6.19113, 0.0348363
30.7288, -17.0699, 0.90185, 6.01492, 0.0338134
30.905, -16.0255, 0.907718, 5.83871, 0.0327905
31.0812, -15.0122, 0.913406, 5.6625, 0.0317674
31.2574, -14.0299, 0.918914, 5.48629, 0.0307442
31.4336, -13.0787, 0.924241, 5.31008, 0.029721
31.6098, -12.1585, 0.929388, 5.13387, 0.0286976
31.786, -11.2694, 0.934355, 4.95766, 0.0276743
31.9622, -10.4113, 0.939141, 4.78145, 0.0266508
32.1385, -9.58428, 0.943747, 4.60524, 0.0256273
32.3147, -8.78831, 0.948173, 4.42903, 0.0246037
32.4909, -8.02338, 0.952418, 4.25282, 0.0235801
32.6671, -7.28951, 0.956483, 4.07661, 0.0225565
32.8433, -6.58669, 0.960368, 3.9004, 0.0215328
33.0195, -5.91492, 0.964072, 3.72419, 0.0205091
33.1957, -5.27417, 0.967596, 3.54798, 0.0194853
33.372, -4.66451, 0.970939, 3.37178, 0.0184615
33.5482, -4.08589, 0.974102, 3.19557, 0.0174377
33.7244, -3.53831, 0.977084, 3.01936, 0.0164138
33.9006, -3.02178, 0.979887, 2.84315, 0.0153899
34.0768, -2.53631, 0.982508, 2.66694, 0.014366
34.253, -2.08191, 0.984949, 2.49073, 0.013342
34.4292, -1.65852, 0.98721, 2.31452, 0.0123181
34.6054, -1.2662, 0.989291, 2.13831, 0.0112941
34.7817, -0.904938, 0.991191, 1.9621, 0.0102701
34.9579, -0.574715, 0.99291, 1.78589, 0.00924603
35.1341, -0.275551, 0.994449, 1.60968, 0.00822197
35.3103, -0.00741577, 0.995808, 1.43347, 0.00719791
35.4865, 0.229652, 0.996986, 1.25726, 0.00617382
35.6627, 0.435684, 0.997984, 1.08105, 0.00514972
35.8389, 0.610634, 0.998801, 0.904838, 0.00412557
36.0151, 0.754562, 0.999437, 0.728631, 0.00310145
36.1914, 0.867439, 0.999894, 0.552422, 0.00207729
36.3676, 0.949249, 1.00017, 0.37621, 0.00105311
36.5438, 1.00002, 1.00026, 0.200001, 2.89317e-05
