1.76929, 0
0, 0, 0, 0.5, 0
0.011209, 0.00501684, 9.67069e-06, 0.498627, 0.0111034
0.0224181, 0.0100184, 0.000144009, 0.497253, 0.0222061
0.0336271, 0.0150049, 0.000403095, 0.495879, 0.0333083
0.0448362, 0.0199762, 0.000786925, 0.494504, 0.0444097
0.0560452, 0.0249324, 0.00129543, 0.493129, 0.0555105
0.0672543, 0.0298734, 0.00192862, 0.491753, 0.0666106
0.0784633, 0.0347993, 0.00268653, 0.490377, 0.0777099
0.0896723, 0.03971, 0.00356918, 0.489, 0.0888084
0.100881, 0.0446056, 0.00457647, 0.487622, 0.0999061
0.11209, 0.049486, 0.00570846, 0.486243, 0.111003
0.123299, 0.0543513, 0.00696524, 0.484864, 0.122099
0.134509, 0.0592014, 0.00834663, 0.483485, 0.133194
0.145718, 0.0640364, 0.0098528, 0.482104, 0.144288
0.156927, 0.0688562, 0.0114836, 0.480723, 0.155381
0.168136, 0.0736609, 0.0132392, 0.47934, 0.166473
0.179345, 0.0784506, 0.0151194, 0.477957, 0.177564
0.190554, 0.083225, 0.0171243, 0.476573, 0.188654
0.201763, 0.0879843, 0.019254, 0.475188, 0.199742
0.212972, 0.0927285, 0.0215083, 0.473802, 0.21083
0.224181, 0.0974575, 0.0238873, 0.472415, 0.221915
0.23539, 0.102171, 0.026391, 0.471027, 0.233
0.246599, 0.10687, 0.0290194, 0.469637, 0.244083
0.257808, 0.111554, 0.0317725, 0.468247, 0.255164
0.269017, 0.116222, 0.0346503, 0.466855, 0.266244
0.280226, 0.120876, 0.0376528, 0.465461, 0.277322
0.291435, 0.125514, 0.0407799, 0.464067, 0.288398
0.302644, 0.130138, 0.0440317, 0.46267, 0.299472
0.313853, 0.134746, 0.0474082, 0.461273, 0.310545
0.325062, 0.139339, 0.0509094, 0.459873, 0.321614
0.336271, 0.143917, 0.0545352, 0.458471, 0.332682
0.34748, 0.148479, 0.0582857, 0.457068, 0.343747
0.358689, 0.153027, 0.0621609, 0.455663, 0.35481
0.369898, 0.15756, 0.0661608, 0.454255, 0.365869
0.381107, 0.162077, 0.0702853, 0.452845, 0.376926
0.392317, 0.16658, 0.0745344, 0.451433, 0.38798
0.403526, 0.171067, 0.0789082, 0.450018, 0.39903
0.414735, 0.17554, 0.0834067, 0.4486, 0.410076
0.425944, 0.179997, 0.0880298, 0.447179, 0.421119
0.437153, 0.18444, 0.0927775, 0.445755, 0.432157
0.448362, 0.188867, 0.0976498, 0.444328, 0.443191
0.459571, 0.193279, 0.102647, 0.442896, 0.45422
0.47078, 0.197677, 0.107768, 0.441461, 0.465244
0.481989, 0.202059, 0.113014, 0.440021, 0.476261
0.493198, 0.206426, 0.118385, 0.438577, 0.487273
0.504407, 0.210779, 0.123881, 0.437128, 0.498278
0.515616, 0.215116, 0.1295, 0.435673, 0.509276
0.526825, 0.219439, 0.135245, 0.434212, 0.520266
0.538034, 0.223747, 0.141114, 0.432744, 0.531246
0.549243, 0.22804, 0.147107, 0.43127, 0.542217
0.560452, 0.232318, 0.153225, 0.429787, 0.553178
0.571661, 0.236581, 0.159468, 0.428295, 0.564126
0.58287, 0.240829, 0.165834, 0.426795, 0.575062
0.594079, 0.245063, 0.172326, 0.425283, 0.585983
0.605288, 0.249283, 0.178941, 0.423759, 0.596888
0.616497, 0.253487, 0.185681, 0.422223, 0.607775
0.627706, 0.257677, 0.192545, 0.420672, 0.618641
0.638915, 0.261853, 0.199534, 0.419103, 0.629484
0.650125, 0.266015, 0.206646, 0.417517, 0.6403
0.661334, 0.270162, 0.213883, 0.415909, 0.651086
0.672543, 0.274295, 0.221244, 0.414276, 0.661838
0.683752, 0.278414, 0.228728, 0.412616, 0.672548
0.694961, 0.28252, 0.236336, 0.410923, 0.683212
0.70617, 0.286612, 0.244067, 0.409193, 0.69382
0.717379, 0.290691, 0.251922, 0.407419, 0.704362
0.728588, 0.294758, 0.259899, 0.405593, 0.714826
0.739797, 0.298812, 0.267999, 0.403705, 0.725194
0.751006, 0.302854, 0.276221, 0.401744, 0.735446
0.762215, 0.306886, 0.284564, 0.399693, 0.745553
0.773424, 0.310907, 0.293028, 0.397532, 0.755478
0.784633, 0.31492, 0.301611, 0.395235, 0.765174
0.795842, 0.318926, 0.31031, 0.392769, 0.77457
0.807051, 0.322927, 0.319125, 0.390092, 0.783575
0.81826, 0.326926, 0.32805, 0.387144, 0.792057
0.829469, 0.330927, 0.337079, 0.383858, 0.799834
0.840678, 0.334934, 0.346205, 0.380149, 0.806652
0.851887, 0.338951, 0.355413, 0.375934, 0.812179
0.863096, 0.342982, 0.364684, 0.371155, 0.816015
0.874305, 0.347026, 0.373991, 0.365829, 0.817766
0.885514, 0.351073, 0.3833, 0.36009, 0.81718
0.896724, 0.355111, 0.392579, 0.354177, 0.814272
0.907933, 0.359121, 0.401797, 0.348357, 0.809322
0.919142, 0.363091, 0.410934, 0.342837, 0.802747
0.930351, 0.367012, 0.419973, 0.337732, 0.794958
0.94156, 0.370881, 0.428908, 0.333082, 0.78629
0.952769, 0.3747, 0.43773, 0.328879, 0.776992
0.963978, 0.378471, 0.446437, 0.325094, 0.767242
0.975187, 0.382197, 0.455025, 0.321687, 0.757161
0.986396, 0.385882, 0.463493, 0.31862, 0.746837
0.997605, 0.389529, 0.47184, 0.315855, 0.73633
1.00881, 0.393142, 0.480065, 0.313358, 0.725684
1.02002, 0.396724, 0.488166, 0.311102, 0.714931
1.03123, 0.400278, 0.496144, 0.30906, 0.704094
1.04244, 0.403806, 0.503997, 0.307209, 0.693191
1.05365, 0.407311, 0.511726, 0.305531, 0.682235
1.06486, 0.410795, 0.519331, 0.30401, 0.671236
1.07607, 0.41426, 0.52681, 0.30263, 0.660203
1.08728, 0.417706, 0.534164, 0.301378, 0.649141
1.09849, 0.421137, 0.541393, 0.300245, 0.638057
1.1097, 0.424554, 0.548497, 0.299219, 0.626953
1.11629, 0.426057, 0.557487, 0.304385, 0.623304
1.12289, 0.427582, 0.566454, 0.309553, 0.619656
1.12948, 0.429159, 0.575392, 0.314722, 0.616008
1.13608, 0.430767, 0.58431, 0.319893, 0.612363
1.14268, 0.432406, 0.593195, 0.325064, 0.608718
1.14927, 0.434079, 0.602059, 0.330237, 0.605074
1.15587, 0.435794, 0.610892, 0.335412, 0.601431
1.16246, 0.437543, 0.619705, 0.340588, 0.59779
1.16906, 0.439323, 0.628484, 0.345765, 0.594149
1.17566, 0.441136, 0.637242, 0.350943, 0.59051
1.18225, 0.44299, 0.64597, 0.356123, 0.586872
1.18885, 0.444885, 0.654675, 0.361305, 0.583234
1.19544, 0.446805, 0.663358, 0.366488, 0.579599
1.20204, 0.448762, 0.67201, 0.371672, 0.575963
1.20864, 0.45076, 0.680636, 0.376857, 0.572329
1.21523, 0.452789, 0.689238, 0.382044, 0.568697
1.22183, 0.454851, 0.69781, 0.387231, 0.565065
1.22842, 0.456951, 0.706366, 0.392421, 0.561435
1.23502, 0.459096, 0.714885, 0.397612, 0.557805
1.24162, 0.461268, 0.723381, 0.402804, 0.554176
1.24821, 0.463468, 0.731854, 0.407997, 0.550549
1.25481, 0.465713, 0.740295, 0.413191, 0.546923
1.2614, 0.467995, 0.748719, 0.418388, 0.543298
1.268, 0.470308, 0.757106, 0.423585, 0.539673
1.2746, 0.47266, 0.765476, 0.428784, 0.53605
1.28119, 0.475042, 0.773817, 0.433984, 0.532428
1.28779, 0.477464, 0.782132, 0.439185, 0.528807
1.29438, 0.479917, 0.790424, 0.444388, 0.525188
1.30098, 0.482407, 0.798685, 0.449592, 0.521569
1.30758, 0.484936, 0.806925, 0.454797, 0.517951
1.31417, 0.487503, 0.815135, 0.460003, 0.514335
1.32077, 0.490097, 0.823322, 0.465212, 0.510719
1.32736, 0.492731, 0.831478, 0.47042, 0.507105
1.33396, 0.495404, 0.839614, 0.475631, 0.503492
1.34056, 0.498107, 0.847721, 0.480843, 0.499879
1.34715, 0.500844, 0.855799, 0.486055, 0.496268
1.35375, 0.503624, 0.863859, 0.49127, 0.492658
1.36034, 0.506435, 0.871891, 0.496486, 0.489049
1.36694, 0.509282, 0.879893, 0.501703, 0.485441
1.37354, 0.512162, 0.887875, 0.506921, 0.481835
1.38013, 0.515085, 0.895822, 0.512141, 0.478228
1.38673, 0.518036, 0.903755, 0.517361, 0.474624
1.39332, 0.521024, 0.911654, 0.522583, 0.47102
1.39992, 0.524047, 0.919528, 0.527807, 0.467418
1.40652, 0.527116, 0.927379, 0.533032, 0.463816
1.41311, 0.530208, 0.935204, 0.538257, 0.460216
1.41971, 0.533342, 0.942998, 0.543485, 0.456616
1.4263, 0.536505, 0.950773, 0.548713, 0.453018
1.4329, 0.539712, 0.958518, 0.553943, 0.449421
1.4395, 0.542948, 0.966239, 0.559174, 0.445825
1.44609, 0.546225, 0.973934, 0.564406, 0.44223
1.45269, 0.549538, 0.981604, 0.56964, 0.438636
1.45928, 0.552886, 0.989249, 0.574875, 0.435043
1.46588, 0.556264, 0.996867, 0.580111, 0.431451
1.47248, 0.559682, 1.00445, 0.585348, 0.42786
1.47907, 0.563136, 1.01202, 0.590587, 0.42427
1.48567, 0.566629, 1.01956, 0.595827, 0.420681
1.49226, 0.570152, 1.02708, 0.601068, 0.417094
1.49886, 0.573709, 1.03457, 0.606311, 0.413507
1.50546, 0.577307, 1.04203, 0.611554, 0.409922
1.51205, 0.580935, 1.04947, 0.616799, 0.406337
1.51865, 0.584605, 1.05688, 0.622045, 0.402754
1.52524, 0.588307, 1.06427, 0.627292, 0.399172
1.53184, 0.59205, 1.07163, 0.63254, 0.395591
1.53843, 0.595822, 1.07896, 0.63779, 0.39201
1.54503, 0.599635, 1.08628, 0.643042, 0.388432
1.55163, 0.60348, 1.09355, 0.648294, 0.384853
1.55822, 0.60736, 1.10082, 0.653548, 0.381277
1.56482, 0.61128, 1.10805, 0.658803, 0.3777
1.57141, 0.61523, 1.11525, 0.664058, 0.374126
1.57801, 0.619221, 1.12244, 0.669315, 0.370552
1.58461, 0.62325, 1.12959, 0.674574, 0.366979
1.5912, 0.627306, 1.13672, 0.679834, 0.363408
1.5978, 0.631404, 1.14383, 0.685095, 0.359837
1.60439, 0.635539, 1.15091, 0.690356, 0.356267
1.61099, 0.639704, 1.15796, 0.69562, 0.352699
1.61759, 0.643907, 1.16499, 0.700884, 0.349131
1.62418, 0.648152, 1.17199, 0.70615, 0.345565
1.63078, 0.652424, 1.17897, 0.711417, 0.342
1.63737, 0.656737, 1.18592, 0.716686, 0.338435
1.64397, 0.661082, 1.19285, 0.721955, 0.334872
1.65057, 0.665468, 1.19975, 0.727225, 0.331309
1.65716, 0.669887, 1.20662, 0.732497, 0.327748
1.66376, 0.674338, 1.21347, 0.73777, 0.324188
1.67035, 0.678837, 1.22029, 0.743045, 0.320629
1.67695, 0.683362, 1.22709, 0.74832, 0.317071
1.68355, 0.687923, 1.23387, 0.753596, 0.313514
1.69014, 0.692519, 1.24061, 0.758874, 0.309958
1.69674, 0.697151, 1.24734, 0.764153, 0.306403
1.70333, 0.701826, 1.25403, 0.769433, 0.302849
1.70993, 0.706529, 1.26071, 0.774714, 0.299297
1.71653, 0.71127, 1.26735, 0.779997, 0.295745
1.72312, 0.716049, 1.27397, 0.785281, 0.292195
1.72972, 0.720866, 1.28056, 0.790565, 0.288645
1.73631, 0.725708, 1.28714, 0.795852, 0.285097
1.74291, 0.730604, 1.29368, 0.801139, 0.281548
1.74951, 0.735525, 1.30019, 0.806427, 0.278002
1.7561, 0.740476, 1.30669, 0.811717, 0.274457
1.7627, 0.745473, 1.31316, 0.817008, 0.270912
1.76929, 0.750507, 1.3196, 0.8223, 0.267369
