4.13307, 0
0, 0, 0, 0.5, 0
0.0201778, 0.00849604, 0.000415352, 0.501796, 0.0200284
0.0403556, 0.017029, 0.00123613, 0.503591, 0.0400539
0.0605334, 0.0255988, 0.00246237, 0.505386, 0.0600763
0.0807112, 0.0342055, 0.004094, 0.507179, 0.0800956
0.100889, 0.0428492, 0.00613109, 0.508971, 0.100111
0.121067, 0.0515299, 0.0085736, 0.510762, 0.120123
0.141245, 0.0602475, 0.0114215, 0.512552, 0.140132
0.161422, 0.0690021, 0.0146748, 0.514341, 0.160136
0.1816, 0.0777937, 0.0183335, 0.516128, 0.180135
0.201778, 0.0866224, 0.0223977, 0.517913, 0.20013
0.221956, 0.0954882, 0.0268671, 0.519698, 0.220119
0.242134, 0.104391, 0.0317421, 0.52148, 0.240102
0.262311, 0.113331, 0.0370223, 0.52326, 0.26008
0.282489, 0.122308, 0.0427079, 0.525039, 0.28005
0.302667, 0.131323, 0.0487989, 0.526815, 0.300014
0.322845, 0.140375, 0.0552952, 0.528588, 0.319969
0.343023, 0.149464, 0.0621968, 0.53036, 0.339916
0.363201, 0.15859, 0.0695037, 0.532128, 0.359854
0.383378, 0.167754, 0.0772159, 0.533893, 0.379781
0.403556, 0.176956, 0.0853334, 0.535654, 0.399697
0.423734, 0.186195, 0.0938561, 0.537412, 0.4196
0.443912, 0.195472, 0.102784, 0.539165, 0.439489
0.46409, 0.204787, 0.112117, 0.540914, 0.459363
0.484267, 0.21414, 0.121855, 0.542657, 0.479219
0.504445, 0.223531, 0.131999, 0.544394, 0.499056
0.524623, 0.232961, 0.142547, 0.546125, 0.518871
0.544801, 0.242429, 0.1535, 0.547848, 0.538661
0.564979, 0.251936, 0.164858, 0.549563, 0.558423
0.585156, 0.261482, 0.176621, 0.551267, 0.578153
0.605334, 0.271068, 0.188789, 0.552961, 0.597846
0.625512, 0.280693, 0.201361, 0.554641, 0.617496
0.64569, 0.290359, 0.214338, 0.556306, 0.637096
0.665868, 0.300067, 0.227718, 0.557954, 0.656637
0.686045, 0.309817, 0.241503, 0.55958, 0.676108
0.706223, 0.319609, 0.255691, 0.561181, 0.695496
0.726401, 0.329446, 0.270282, 0.562752, 0.714783
0.746579, 0.33933, 0.285275, 0.564285, 0.733946
0.766757, 0.349261, 0.30067, 0.565772, 0.752955
0.786934, 0.359244, 0.316465, 0.567202, 0.771771
0.807112, 0.369282, 0.332659, 0.568558, 0.79034
0.82729, 0.379381, 0.34925, 0.569818, 0.808586
0.847468, 0.389549, 0.366233, 0.570951, 0.826402
0.867646, 0.399795, 0.383602, 0.571913, 0.843634
0.887823, 0.410137, 0.40135, 0.572639, 0.860053
0.908001, 0.420597, 0.41946, 0.573031, 0.875314
0.928179, 0.431207, 0.437906, 0.572952, 0.888906
0.948357, 0.442012, 0.456645, 0.572204, 0.900092
0.968535, 0.453059, 0.475602, 0.57055, 0.907919
0.988712, 0.464383, 0.494666, 0.567784, 0.911434
1.00889, 0.47597, 0.513702, 0.56385, 0.910124
1.02907, 0.487745, 0.532577, 0.55892, 0.904245
1.04925, 0.499608, 0.551193, 0.553301, 0.894649
1.06942, 0.511465, 0.569494, 0.5473, 0.882322
1.0896, 0.523252, 0.587448, 0.541139, 0.868076
1.10978, 0.534931, 0.605038, 0.534961, 0.852495
1.12996, 0.546481, 0.622256, 0.528849, 0.835972
1.15013, 0.557892, 0.639096, 0.522846, 0.818772
1.17031, 0.569159, 0.655555, 0.516975, 0.801074
1.19049, 0.580284, 0.67163, 0.511244, 0.783
1.21067, 0.591268, 0.687319, 0.505656, 0.764637
1.23085, 0.602115, 0.702621, 0.500207, 0.746045
1.25102, 0.612827, 0.717534, 0.494892, 0.727272
1.2712, 0.623408, 0.732057, 0.489705, 0.708351
1.29138, 0.633862, 0.746189, 0.48464, 0.689308
1.31156, 0.644193, 0.75993, 0.47969, 0.670164
1.33174, 0.654405, 0.773277, 0.474848, 0.650934
1.35191, 0.6645, 0.786232, 0.470109, 0.63163
1.37209, 0.674481, 0.798792, 0.465465, 0.612264
1.39227, 0.684352, 0.810958, 0.460912, 0.592844
1.41245, 0.694116, 0.822728, 0.456445, 0.573376
1.43262, 0.703775, 0.834103, 0.452059, 0.553865
1.4528, 0.713331, 0.845081, 0.447748, 0.534319
1.47298, 0.722787, 0.855663, 0.44351, 0.514738
1.49316, 0.732144, 0.865848, 0.43934, 0.495128
1.51334, 0.741406, 0.875636, 0.435235, 0.475492
1.53351, 0.750574, 0.885027, 0.431191, 0.455832
1.55369, 0.75965, 0.894019, 0.427205, 0.436149
1.57387, 0.768635, 0.902613, 0.423275, 0.416447
1.59405, 0.777531, 0.910809, 0.419397, 0.396727
1.61422, 0.786339, 0.918606, 0.41557, 0.37699
1.6344, 0.795062, 0.926004, 0.41179, 0.357238
1.65458, 0.8037, 0.933002, 0.408056, 0.337471
1.67476, 0.812254, 0.939601, 0.404366, 0.317692
1.69494, 0.820727, 0.945801, 0.400718, 0.2979
1.71511, 0.829119, 0.951601, 0.397109, 0.278097
1.73529, 0.83743, 0.957001, 0.393539, 0.258284
1.75547, 0.845664, 0.962, 0.390005, 0.238461
1.77565, 0.853819, 0.9666, 0.386507, 0.218629
1.79582, 0.861898, 0.970799, 0.383042, 0.198787
1.816, 0.8699, 0.974598, 0.37961, 0.178938
1.83618, 0.877828, 0.977995, 0.376209, 0.159082
1.85636, 0.885682, 0.980992, 0.372839, 0.139218
1.87654, 0.893462, 0.983588, 0.369497, 0.119347
1.89671, 0.90117, 0.985783, 0.366183, 0.0994703
1.91689, 0.908806, 0.987576, 0.362896, 0.0795871
1.93707, 0.916372, 0.988969, 0.359635, 0.0596984
1.95725, 0.923866, 0.98996, 0.3564, 0.039804
1.97742, 0.931291, 0.990549, 0.353188, 0.0199045
1.9976, 0.938647, 0.990737, 0.35, 2.97092e-07
2.01896, 0.946008, 0.990935, 0.33985, 0.018788
2.04031, 0.953161, 0.991539, 0.329687, 0.0375693
2.06167, 0.960104, 0.992547, 0.319513, 0.0563447
2.08302, 0.966803, 0.993943, 0.309359, 0.0751309
2.10438, 0.973307, 0.995751, 0.299179, 0.093903
2.12573, 0.979583, 0.997955, 0.289005, 0.112678
2.14709, 0.985646, 1.00056, 0.27882, 0.131447
2.16844, 0.991494, 1.00357, 0.268627, 0.150212
2.18979, 0.997126, 1.00698, 0.258425, 0.168973
2.21115, 1.00253, 1.01079, 0.24823, 0.187736
2.2325, 1.00773, 1.015, 0.238014, 0.206489
2.25386, 1.0127, 1.01961, 0.227805, 0.225245
2.27521, 1.01745, 1.02462, 0.217577, 0.243991
2.29657, 1.02199, 1.03003, 0.207344, 0.262734
2.31792, 1.02631, 1.03584, 0.197107, 0.281475
2.33928, 1.03041, 1.04205, 0.186865, 0.300213
2.36063, 1.03429, 1.04866, 0.17661, 0.318944
2.38199, 1.03795, 1.05567, 0.166341, 0.337668
2.40334, 1.04139, 1.06308, 0.15607, 0.35639
2.4247, 1.04462, 1.07089, 0.145768, 0.375096
2.44605, 1.04763, 1.0791, 0.135468, 0.393802
2.4674, 1.0504, 1.08771, 0.125169, 0.412509
2.48876, 1.05297, 1.09672, 0.114844, 0.431202
2.51011, 1.05531, 1.10613, 0.104505, 0.449886
2.53147, 1.05742, 1.11593, 0.0941619, 0.468569
2.55282, 1.05933, 1.12614, 0.0837826, 0.487232
2.57418, 1.06101, 1.13674, 0.0734041, 0.505895
2.59553, 1.06246, 1.14775, 0.0629956, 0.524541
2.61689, 1.0637, 1.15915, 0.0525691, 0.543177
2.63824, 1.06471, 1.17094, 0.0421275, 0.561805
2.6596, 1.0655, 1.18314, 0.0316533, 0.580415
2.68095, 1.06606, 1.19573, 0.0211587, 0.599012
2.70231, 1.0664, 1.20872, 0.0106291, 0.617591
2.72366, 1.06651, 1.22211, 7.1466e-05, 0.636153
2.74501, 1.0664, 1.23589, -0.0105247, 0.654693
2.76637, 1.06606, 1.25007, -0.0211666, 0.673207
2.78772, 1.0655, 1.26464, -0.0318483, 0.691698
2.80908, 1.0647, 1.27961, -0.0425822, 0.710159
2.83043, 1.06368, 1.29497, -0.0533835, 0.728581
2.85179, 1.06242, 1.31073, -0.0642526, 0.746963
2.87314, 1.06093, 1.32688, -0.0751896, 0.765304
2.8945, 1.05921, 1.34341, -0.0862471, 0.783573
2.91585, 1.05725, 1.36034, -0.0974117, 0.801776
2.93721, 1.05505, 1.37766, -0.108728, 0.819886
2.95856, 1.05261, 1.39536, -0.12024, 0.837872
2.97992, 1.04991, 1.41344, -0.131981, 0.855708
3.00127, 1.04697, 1.4319, -0.144091, 0.873298
3.02263, 1.04376, 1.45074, -0.156688, 0.890541
3.04398, 1.04027, 1.46993, -0.17007, 0.907179
3.06533, 1.03648, 1.48947, -0.184864, 0.922558
3.08669, 1.03235, 1.50931, -0.202717, 0.93403
3.10804, 1.02781, 1.52924, -0.221435, 0.928248
3.1294, 1.02302, 1.54885, -0.2249, 0.907481
3.15075, 1.01825, 1.568, -0.221472, 0.886425
3.17211, 1.01358, 1.58671, -0.215735, 0.865861
3.19346, 1.00904, 1.60498, -0.208889, 0.845635
3.21482, 1.00466, 1.62283, -0.201395, 0.825639
3.23617, 1.00044, 1.64024, -0.193477, 0.805805
3.25753, 0.996398, 1.65724, -0.185262, 0.786094
3.27888, 0.992531, 1.67382, -0.176824, 0.766477
3.30024, 0.988847, 1.68998, -0.168216, 0.746934
3.32159, 0.985348, 1.70572, -0.159473, 0.727453
3.34294, 0.982037, 1.72105, -0.150618, 0.70802
3.3643, 0.978916, 1.73596, -0.141672, 0.68863
3.38565, 0.975987, 1.75046, -0.132649, 0.669275
3.40701, 0.973251, 1.76454, -0.123559, 0.649951
3.42836, 0.97071, 1.77822, -0.114413, 0.630655
3.44972, 0.968365, 1.79148, -0.105216, 0.611381
3.47107, 0.966217, 1.80433, -0.0959758, 0.592129
3.49243, 0.964266, 1.81677, -0.0866969, 0.572897
3.51378, 0.962514, 1.8288, -0.0773829, 0.55368
3.53514, 0.960961, 1.84042, -0.0680377, 0.534479
3.55649, 0.959609, 1.85162, -0.0586643, 0.515291
3.57785, 0.958456, 1.86242, -0.0492653, 0.496116
3.5992, 0.957505, 1.87281, -0.0398429, 0.476953
3.62055, 0.956755, 1.88279, -0.0303991, 0.4578
3.64191, 0.956207, 1.89237, -0.0209358, 0.438657
3.66326, 0.955861, 1.90153, -0.0114541, 0.419522
3.68462, 0.955717, 1.91028, -0.00195566, 0.400396
3.70597, 0.955777, 1.91863, 0.00755835, 0.381278
3.72733, 0.95604, 1.92657, 0.0170866, 0.362167
3.74868, 0.956507, 1.9341, 0.0266285, 0.343063
3.77004, 0.957178, 1.94122, 0.0361831, 0.323965
3.79139, 0.958053, 1.94793, 0.0457495, 0.304873
3.81275, 0.959132, 1.95424, 0.055327, 0.285786
3.8341, 0.960415, 1.96014, 0.0649149, 0.266705
3.85546, 0.961904, 1.96563, 0.0745127, 0.247629
3.87681, 0.963598, 1.97072, 0.0841199, 0.228557
3.89817, 0.965497, 1.97539, 0.0937358, 0.20949
3.91952, 0.967601, 1.97966, 0.10336, 0.190427
3.94087, 0.969912, 1.98353, 0.112992, 0.171368
3.96223, 0.972427, 1.98698, 0.122632, 0.152314
3.98358, 0.975149, 1.99003, 0.132278, 0.133262
4.00494, 0.978077, 1.99267, 0.141932, 0.114214
4.02629, 0.981211, 1.99491, 0.151592, 0.095169
4.04765, 0.984551, 1.99674, 0.161258, 0.0761271
4.069, 0.988098, 1.99816, 0.17093, 0.0570884
4.09036, 0.991852, 1.99918, 0.180608, 0.0380528
4.11171, 0.995812, 1.99979, 0.190291, 0.0190197
4.13307, 0.999979, 1.99999, 0.199979, -1.06171e-05
