32.4499, 0
0, 0, 0, 0.5, 0
0.170397, 0.0706788, 0.000104097, 0.329608, 0.00131363
0.340794, 0.112329, 0.000692533, 0.159216, 0.00259537
0.511191, 0.124941, 0.00123886, -0.0111758, 0.003909
0.681588, 0.108523, 0.00200899, -0.181567, 0.00522263
0.851985, 0.0630656, 0.003003, -0.351959, 0.00653626
1.02238, -0.0114251, 0.00422085, -0.522351, 0.00784989
1.19278, -0.114951, 0.00542917, -0.692743, 0.00919541
1.36318, -0.247511, 0.00710013, -0.863134, 0.010509
1.53357, -0.409101, 0.00899489, -1.03353, 0.0118227
1.70397, -0.599727, 0.0113306, -1.20392, 0.0131044
1.87437, -0.819389, 0.0136676, -1.37431, 0.014418
2.04476, -1.06809, 0.0162285, -1.5447, 0.0157317
2.21516, -1.34581, 0.0190132, -1.71509, 0.0170453
2.38556, -1.65258, 0.022136, -1.88549, 0.0183403
2.55595, -1.98838, 0.0252541, -2.05588, 0.0196726
2.72635, -2.35321, 0.0287103, -2.22627, 0.0209862
2.89675, -2.74708, 0.0323904, -2.39666, 0.0222998
3.06714, -3.16998, 0.0362943, -2.56705, 0.0236135
3.23754, -3.62191, 0.0405204, -2.73744, 0.0249084
3.40794, -4.10288, 0.0447736, -2.90784, 0.0262407
3.57833, -4.61288, 0.049349, -3.07823, 0.0275543
3.74873, -5.15192, 0.0543001, -3.24862, 0.0288361
3.91913, -5.72, 0.0593178, -3.41901, 0.0301497
4.08953, -6.3171, 0.0645008, -3.5894, 0.0314766
4.25992, -6.94324, 0.0700246, -3.75979, 0.032777
4.43032, -7.59842, 0.0757138, -3.93019, 0.0340906
4.60072, -8.28263, 0.0816268, -4.10058, 0.0354042
4.77111, -8.99587, 0.0877637, -4.27097, 0.0367179
4.94151, -9.73815, 0.094161, -4.44136, 0.0380212
5.11191, -10.5095, 0.100664, -4.61175, 0.0393584
5.2823, -11.3098, 0.107517, -4.78215, 0.0406587
5.4527, -12.1392, 0.114549, -4.95254, 0.0419724
5.6231, -12.9976, 0.121859, -5.12293, 0.0432673
5.79349, -13.885, 0.129336, -5.29332, 0.044581
5.96389, -14.8015, 0.137037, -5.46371, 0.0458946
6.13429, -15.747, 0.144941, -5.6341, 0.0472166
6.30469, -16.7216, 0.153109, -5.8045, 0.0485219
6.47508, -17.7252, 0.161508, -5.97489, 0.0498223
6.64548, -18.7578, 0.170102, -6.14528, 0.0511359
6.81588, -19.8195, 0.178883, -6.31567, 0.0524711
6.98627, -20.9101, 0.18794, -6.48606, 0.0537764
7.15667, -22.0299, 0.19724, -6.65645, 0.0550665
7.32707, -23.1786, 0.206737, -6.82684, 0.0563717
7.49746, -24.3564, 0.216454, -6.99723, 0.0576783
7.66786, -25.5632, 0.226364, -7.16763, 0.0590177
7.83826, -26.7991, 0.236548, -7.33802, 0.0602966
8.00865, -28.064, 0.246934, -7.5084, 0.0615963
8.17905, -29.3579, 0.257541, -7.67879, 0.0628855
8.34945, -30.6809, 0.268368, -7.84914, 0.0641565
8.51985, -32.0328, 0.279401, -7.99831, 0.0650346
8.69024, -33.3813, 0.290357, -7.82878, 0.0635973
8.86064, -34.7008, 0.301079, -7.65838, 0.0622531
9.03104, -35.9912, 0.311573, -7.48801, 0.0609213
9.20143, -37.2527, 0.321841, -7.31762, 0.0595947
9.37183, -38.485, 0.331883, -7.14723, 0.058271
9.54223, -39.6884, 0.341699, -6.97683, 0.056949
9.71262, -40.8627, 0.35129, -6.80645, 0.0556284
9.88302, -42.008, 0.360657, -6.63605, 0.0543086
10.0534, -43.1242, 0.369799, -6.46566, 0.0529897
10.2238, -44.2114, 0.378716, -6.29527, 0.0516712
10.3942, -45.2696, 0.387408, -6.12488, 0.0503532
10.5646, -46.2988, 0.395876, -5.95449, 0.0490356
10.735, -47.2989, 0.404119, -5.78409, 0.0477183
10.9054, -48.2699, 0.412138, -5.61371, 0.0464013
11.0758, -49.212, 0.419932, -5.44332, 0.0450845
11.2462, -50.125, 0.427502, -5.27292, 0.0437679
11.4166, -51.009, 0.434848, -5.10253, 0.0424515
11.587, -51.8639, 0.44197, -4.93214, 0.0411353
11.7574, -52.6898, 0.448867, -4.76175, 0.0398191
11.9278, -53.4867, 0.45554, -4.59135, 0.0385031
12.0982, -54.2545, 0.461988, -4.42096, 0.0371873
12.2686, -54.9933, 0.468213, -4.25057, 0.0358715
12.439, -55.7031, 0.474213, -4.08018, 0.0345559
12.6094, -56.3838, 0.479989, -3.90979, 0.0332403
12.7798, -57.0355, 0.485541, -3.7394, 0.0319248
12.9502, -57.6582, 0.490869, -3.569, 0.0306093
13.1206, -58.2518, 0.495973, -3.39861, 0.029294
13.291, -58.8164, 0.500852, -3.22822, 0.0279787
13.4614, -59.352, 0.505508, -3.05783, 0.0266634
13.6318, -59.8585, 0.509939, -2.88744, 0.0253483
13.8021, -60.336, 0.514146, -2.71705, 0.0240331
13.9725, -60.7845, 0.518129, -2.54666, 0.022718
14.1429, -61.2039, 0.521888, -2.37626, 0.021403
14.3133, -61.5943, 0.525423, -2.20587, 0.020088
14.4837, -61.9556, 0.528734, -2.03548, 0.018773
14.6541, -62.2879, 0.531821, -1.86509, 0.0174581
14.8245, -62.5912, 0.534684, -1.6947, 0.0161432
14.9949, -62.8655, 0.537323, -1.5243, 0.0148283
15.1653, -63.1107, 0.539737, -1.35391, 0.0135135
15.3357, -63.3269, 0.541928, -1.18352, 0.0121987
15.5061, -63.5141, 0.543895, -1.01313, 0.010884
15.6765, -63.6722, 0.545637, -0.842737, 0.00956923
15.8469, -63.8013, 0.547156, -0.672344, 0.0082545
16.0173, -63.9013, 0.54845, -0.501953, 0.00693982
16.1877, -63.9723, 0.549521, -0.33156, 0.00562515
16.3581, -64.0143, 0.550367, -0.161169, 0.00431052
16.5285, -64.0272, 0.55099, 0.00922197, 0.0029959
16.6989, -64.0112, 0.551388, 0.179615, 0.0016813
16.8693, -63.966, 0.551563, 0.350006, 0.000366721
17.0251, -63.8994, 0.548594, 0.505801, 0.00115906
17.1809, -63.8085, 0.548872, 0.661603, 0.00231812
17.3367, -63.6932, 0.54933, 0.817405, 0.00347719
17.4925, -63.5537, 0.549969, 0.973207, 0.00463625
17.6483, -63.39, 0.550789, 1.12901, 0.00579531
17.8041, -63.2019, 0.551789, 1.28481, 0.00695437
17.9599, -62.9896, 0.55297, 1.44061, 0.00811344
18.1157, -62.753, 0.554331, 1.59641, 0.0092725
18.2715, -62.4922, 0.555873, 1.75221, 0.0104316
18.4274, -62.207, 0.557595, 1.90802, 0.0115906
18.5832, -61.8976, 0.559499, 2.06382, 0.0127497
18.739, -61.5639, 0.561582, 2.21962, 0.0139087
18.8948, -61.2059, 0.563846, 2.37542, 0.0150678
19.0506, -60.8237, 0.566291, 2.53122, 0.0162269
19.2064, -60.4172, 0.568917, 2.68702, 0.0173859
19.3622, -59.9864, 0.571723, 2.84283, 0.018545
19.518, -59.5313, 0.574709, 2.99863, 0.0197041
19.6738, -59.052, 0.577877, 3.15443, 0.0208631
19.8296, -58.5484, 0.581224, 3.31023, 0.0220222
19.9854, -58.0205, 0.584753, 3.46603, 0.0231812
20.1412, -57.4683, 0.588462, 3.62183, 0.0243403
20.297, -56.8919, 0.592351, 3.77764, 0.0254994
20.4528, -56.2912, 0.596421, 3.93344, 0.0266584
20.6086, -55.6662, 0.600672, 4.08924, 0.0278175
20.7644, -55.0169, 0.605103, 4.24504, 0.0289766
20.9202, -54.3434, 0.609715, 4.40084, 0.0301356
21.0761, -53.6455, 0.614508, 4.55665, 0.0312947
21.2319, -52.9235, 0.619481, 4.71245, 0.0324538
21.3877, -52.1771, 0.624635, 4.86825, 0.0336128
21.5435, -51.4064, 0.629969, 5.02405, 0.0347719
21.6993, -50.6115, 0.635484, 5.17985, 0.0359309
21.8551, -49.7924, 0.641179, 5.33565, 0.03709
22.0109, -48.9489, 0.647055, 5.49146, 0.0382491
22.1667, -48.0811, 0.653112, 5.64726, 0.0394081
22.3225, -47.1891, 0.659349, 5.80306, 0.0405672
22.4783, -46.2728, 0.665767, 5.95886, 0.0417263
22.6341, -45.3323, 0.672365, 6.11466, 0.0428853
22.7899, -44.3674, 0.679144, 6.27047, 0.0440444
22.9457, -43.3783, 0.686104, 6.42627, 0.0452035
23.1015, -42.3649, 0.693244, 6.58207, 0.0463625
23.2573, -41.3273, 0.700565, 6.73787, 0.0475216
23.4131, -40.2653, 0.708066, 6.89367, 0.0486807
23.5689, -39.1791, 0.715748, 7.04948, 0.0498397
23.7248, -38.0686, 0.723611, 7.20528, 0.0509988
23.8806, -36.9339, 0.731654, 7.36109, 0.0521579
24.0364, -35.7749, 0.739877, 7.51689, 0.053317
24.1922, -34.5915, 0.748282, 7.67269, 0.054476
24.348, -33.384, 0.756866, 7.82851, 0.0556352
24.5038, -32.1521, 0.765632, 7.98439, 0.0567948
24.6596, -30.9016, 0.774602, 7.99022, 0.0578013
24.8154, -29.6688, 0.783522, 7.83432, 0.0566913
24.9712, -28.4603, 0.792266, 7.67849, 0.055555
25.127, -27.2761, 0.800833, 7.52269, 0.0544109
25.2828, -26.1162, 0.809221, 7.36689, 0.053263
25.4386, -24.9805, 0.81743, 7.21109, 0.0521129
25.5944, -23.8691, 0.82546, 7.05528, 0.0509612
25.7502, -22.782, 0.83331, 6.89948, 0.0498085
25.906, -21.7192, 0.840981, 6.74367, 0.048655
26.0618, -20.6806, 0.848472, 6.58787, 0.0475008
26.2176, -19.6663, 0.855783, 6.43207, 0.0463462
26.3735, -18.6763, 0.862914, 6.27627, 0.0451912
26.5293, -17.7105, 0.869865, 6.12046, 0.0440358
26.6851, -16.7691, 0.876636, 5.96467, 0.0428802
26.8409, -15.8519, 0.883227, 5.80887, 0.0417243
26.9967, -14.959, 0.889637, 5.65306, 0.0405682
27.1525, -14.0903, 0.895868, 5.49726, 0.0394119
27.3083, -13.2459, 0.901919, 5.34146, 0.0382555
27.4641, -12.4259, 0.907789, 5.18566, 0.0370989
27.6199, -11.63, 0.913479, 5.02985, 0.0359421
27.7757, -10.8585, 0.918989, 4.87405, 0.0347853
27.9315, -10.1112, 0.924318, 4.71825, 0.0336283
28.0873, -9.38824, 0.929468, 4.56245, 0.0324713
28.2431, -8.68951, 0.934437, 4.40665, 0.0313141
28.3989, -8.01507, 0.939226, 4.25085, 0.0301569
28.5547, -7.3649, 0.943834, 4.09505, 0.0289996
28.7105, -6.73901, 0.948262, 3.93924, 0.0278423
28.8663, -6.13739, 0.95251, 3.78344, 0.0266849
29.0222, -5.56004, 0.956578, 3.62764, 0.0255274
29.178, -5.00698, 0.960465, 3.47184, 0.0243698
29.3338, -4.47818, 0.964172, 3.31604, 0.0232123
29.4896, -3.97366, 0.967698, 3.16023, 0.0220546
29.6454, -3.49343, 0.971044, 3.00443, 0.0208969
29.8012, -3.03744, 0.97421, 2.84863, 0.0197392
29.957, -2.60575, 0.977195, 2.69283, 0.0185815
30.1128, -2.19833, 0.98, 2.53703, 0.0174237
30.2686, -1.81519, 0.982624, 2.38123, 0.0162658
30.4244, -1.45631, 0.985068, 2.22543, 0.015108
30.5802, -1.12173, 0.987332, 2.06962, 0.0139501
30.736, -0.811394, 0.989416, 1.91382, 0.0127921
30.8918, -0.525337, 0.991318, 1.75802, 0.0116342
31.0476, -0.26358, 0.993041, 1.60222, 0.0104762
31.2034, -0.0260773, 0.994583, 1.44642, 0.00931821
31.3592, 0.187149, 0.995944, 1.29061, 0.00816018
31.515, 0.376091, 0.997126, 1.13481, 0.00700212
31.6709, 0.540771, 0.998126, 0.979011, 0.00584405
31.8267, 0.68116, 0.998947, 0.823209, 0.00468595
31.9825, 0.797279, 0.999587, 0.667408, 0.00352783
32.1383, 0.889137, 1.00005, 0.511604, 0.00236968
32.2941, 0.956711, 1.00033, 0.355805, 0.00121154
32.4499, 1, 1.00042, 0.200002, 5.33541e-05
