2.02327, 0
0, 0, 0, 0.5, 0
0.0112046, 0.0048738, 3.01977e-05, 0.499008, 0.0111257
0.0224092, 0.00973689, 0.000185469, 0.498014, 0.0222505
0.0336138, 0.0145896, 0.000465723, 0.49702, 0.0333741
0.0448184, 0.0194319, 0.000871108, 0.496023, 0.0444966
0.0560229, 0.0242636, 0.00140148, 0.495026, 0.055618
0.0672275, 0.0290847, 0.00205692, 0.494026, 0.0667383
0.0784321, 0.0338954, 0.00283739, 0.493025, 0.0778573
0.0896367, 0.0386957, 0.00374292, 0.492023, 0.0889748
0.100841, 0.0434855, 0.00477343, 0.491018, 0.100091
0.112046, 0.0482647, 0.00592904, 0.490012, 0.111206
0.12325, 0.0530334, 0.00720968, 0.489004, 0.12232
0.134455, 0.0577917, 0.00861532, 0.487994, 0.133431
0.14566, 0.0625394, 0.010146, 0.486982, 0.144542
0.156864, 0.0672767, 0.0118017, 0.485968, 0.15565
0.168069, 0.0720034, 0.0135824, 0.484951, 0.166757
0.179273, 0.0767197, 0.0154881, 0.483932, 0.177862
0.190478, 0.0814254, 0.0175188, 0.482911, 0.188965
0.201683, 0.0861208, 0.0196746, 0.481887, 0.200066
0.212887, 0.0908056, 0.0219553, 0.480861, 0.211165
0.224092, 0.09548, 0.024361, 0.479831, 0.222262
0.235296, 0.100144, 0.0268917, 0.478799, 0.233356
0.246501, 0.104797, 0.0295474, 0.477763, 0.244448
0.257706, 0.10944, 0.0323281, 0.476725, 0.255537
0.26891, 0.114073, 0.0352338, 0.475682, 0.266624
0.280115, 0.118695, 0.0382644, 0.474636, 0.277707
0.291319, 0.123306, 0.04142, 0.473587, 0.288788
0.302524, 0.127907, 0.0447005, 0.472533, 0.299865
0.313729, 0.132498, 0.0481059, 0.471475, 0.310939
0.324933, 0.137078, 0.0516363, 0.470412, 0.32201
0.336138, 0.141648, 0.0552917, 0.469345, 0.333076
0.347342, 0.146207, 0.0590719, 0.468273, 0.344139
0.358547, 0.150756, 0.062977, 0.467195, 0.355197
0.369751, 0.155294, 0.067007, 0.466112, 0.36625
0.380956, 0.159822, 0.0711619, 0.465023, 0.377298
0.392161, 0.16434, 0.0754416, 0.463927, 0.388342
0.403365, 0.168847, 0.0798462, 0.462825, 0.399379
0.41457, 0.173344, 0.0843756, 0.461715, 0.410411
0.425774, 0.17783, 0.0890298, 0.460597, 0.421436
0.436979, 0.182306, 0.0938087, 0.459471, 0.432455
0.448184, 0.186772, 0.0987125, 0.458336, 0.443466
0.459388, 0.191227, 0.103741, 0.457192, 0.454469
0.470593, 0.195672, 0.108894, 0.456038, 0.465463
0.481797, 0.200106, 0.114172, 0.454872, 0.476448
0.493002, 0.20453, 0.119574, 0.453694, 0.487423
0.504207, 0.208944, 0.125102, 0.452504, 0.498387
0.515411, 0.213348, 0.130753, 0.4513, 0.509338
0.526616, 0.217741, 0.136529, 0.45008, 0.520277
0.53782, 0.222124, 0.14243, 0.448844, 0.531202
0.549025, 0.226497, 0.148455, 0.447591, 0.542111
0.560229, 0.230859, 0.154604, 0.446317, 0.553002
0.571434, 0.235212, 0.160878, 0.445022, 0.563875
0.582639, 0.239554, 0.167275, 0.443704, 0.574727
0.593843, 0.243886, 0.173797, 0.44236, 0.585555
0.605048, 0.248209, 0.180443, 0.440988, 0.596357
0.616252, 0.252521, 0.187212, 0.439583, 0.60713
0.627457, 0.256823, 0.194105, 0.438144, 0.617871
0.638662, 0.261116, 0.201122, 0.436665, 0.628575
0.649866, 0.265398, 0.208262, 0.435143, 0.639237
0.661071, 0.269671, 0.215524, 0.433571, 0.649851
0.672275, 0.273935, 0.22291, 0.431943, 0.660411
0.68348, 0.278189, 0.230418, 0.430251, 0.670908
0.694685, 0.282433, 0.238047, 0.428489, 0.681333
0.705889, 0.286669, 0.245799, 0.426643, 0.691673
0.717094, 0.290896, 0.25367, 0.424703, 0.701913
0.728298, 0.295114, 0.261662, 0.422653, 0.712035
0.739503, 0.299324, 0.269773, 0.420475, 0.722016
0.750708, 0.303526, 0.278002, 0.418147, 0.731827
0.761912, 0.307721, 0.286346, 0.415644, 0.741433
0.773117, 0.311909, 0.294805, 0.412934, 0.750786
0.784321, 0.316091, 0.303375, 0.409979, 0.759825
0.795526, 0.320267, 0.312054, 0.406731, 0.768473
0.806731, 0.324439, 0.320835, 0.403137, 0.776628
0.817935, 0.328606, 0.329713, 0.399137, 0.784158
0.82914, 0.332771, 0.33868, 0.394663, 0.790897
0.840344, 0.336932, 0.347723, 0.389656, 0.796638
0.851549, 0.341087, 0.356829, 0.384074, 0.801144
0.862753, 0.345234, 0.365978, 0.377917, 0.804165
0.873958, 0.349365, 0.375148, 0.371252, 0.805489
0.885163, 0.353471, 0.384315, 0.364217, 0.804992
0.896367, 0.357539, 0.393454, 0.357009, 0.802684
0.907572, 0.361559, 0.402542, 0.349836, 0.798703
0.918776, 0.365521, 0.411563, 0.342876, 0.793281
0.929981, 0.369419, 0.420503, 0.336252, 0.786674
0.941186, 0.373251, 0.42935, 0.330032, 0.779125
0.95239, 0.377017, 0.438098, 0.32424, 0.770841
0.963595, 0.38072, 0.446741, 0.31887, 0.761987
0.974799, 0.384363, 0.455275, 0.313902, 0.752692
0.986004, 0.387949, 0.463697, 0.309308, 0.743051
0.997208, 0.391481, 0.472004, 0.305057, 0.73314
1.00841, 0.394964, 0.480195, 0.301119, 0.723015
1.01962, 0.3984, 0.488268, 0.297464, 0.712719
1.03082, 0.401793, 0.496221, 0.294066, 0.702284
1.04203, 0.405146, 0.504054, 0.290902, 0.691736
1.05323, 0.408461, 0.511767, 0.28795, 0.681094
1.06444, 0.411742, 0.519358, 0.285192, 0.670377
1.07564, 0.414989, 0.526827, 0.28261, 0.659594
1.08685, 0.418205, 0.534173, 0.280189, 0.648757
1.09805, 0.421393, 0.541397, 0.277917, 0.637875
1.10925, 0.424554, 0.548497, 0.275781, 0.626953
1.11839, -nan, -nan, 0.27786, 0.625722
1.12753, -nan, -nan, 0.280059, 0.62442
1.13667, -nan, -nan, 0.282377, 0.623047
1.14582, -nan, -nan, 0.284812, 0.621605
1.15496, -nan, -nan, 0.287362, 0.620095
1.1641, -nan, -nan, 0.290026, 0.618517
1.17324, -nan, -nan, 0.292801, 0.616873
1.18238, -nan, -nan, 0.295687, 0.615164
1.19152, -nan, -nan, 0.29868, 0.613391
1.20066, -nan, -nan, 0.30178, 0.611556
1.2098, -nan, -nan, 0.304983, 0.609659
1.21894, -nan, -nan, 0.308289, 0.607701
1.22808, -nan, -nan, 0.311694, 0.605684
1.23722, -nan, -nan, 0.315198, 0.603609
1.24636, -nan, -nan, 0.318797, 0.601477
1.2555, -nan, -nan, 0.322491, 0.59929
1.26464, -nan, -nan, 0.326277, 0.597048
1.27378, -nan, -nan, 0.330153, 0.594752
1.28292, -nan, -nan, 0.334117, 0.592405
1.29206, -nan, -nan, 0.338167, 0.590006
1.3012, -nan, -nan, 0.342301, 0.587558
1.31034, -nan, -nan, 0.346518, 0.58506
1.31948, -nan, -nan, 0.350815, 0.582516
1.32862, -nan, -nan, 0.35519, 0.579924
1.33776, -nan, -nan, 0.359643, 0.577287
1.3469, -nan, -nan, 0.36417, 0.574606
1.35604, -nan, -nan, 0.36877, 0.571882
1.36518, -nan, -nan, 0.373441, 0.569115
1.37432, -nan, -nan, 0.378182, 0.566307
1.38346, -nan, -nan, 0.382991, 0.563459
1.3926, -nan, -nan, 0.387866, 0.560572
1.40174, -nan, -nan, 0.392806, 0.557647
1.41088, -nan, -nan, 0.397808, 0.554684
1.42002, -nan, -nan, 0.402872, 0.551685
1.42916, -nan, -nan, 0.407996, 0.548651
1.4383, -nan, -nan, 0.413178, 0.545582
1.44744, -nan, -nan, 0.418417, 0.542479
1.45658, -nan, -nan, 0.423711, 0.539344
1.46572, -nan, -nan, 0.429059, 0.536176
1.47486, -nan, -nan, 0.43446, 0.532978
1.484, -nan, -nan, 0.439912, 0.529749
1.49314, -nan, -nan, 0.445414, 0.52649
1.50228, -nan, -nan, 0.450965, 0.523203
1.51142, -nan, -nan, 0.456563, 0.519887
1.52056, -nan, -nan, 0.462208, 0.516545
1.5297, -nan, -nan, 0.467898, 0.513175
1.53884, -nan, -nan, 0.473631, 0.509779
1.54798, -nan, -nan, 0.479407, 0.506358
1.55712, -nan, -nan, 0.485226, 0.502913
1.56626, -nan, -nan, 0.491084, 0.499443
1.5754, -nan, -nan, 0.496983, 0.49595
1.58454, -nan, -nan, 0.50292, 0.492433
1.59368, -nan, -nan, 0.508895, 0.488895
1.60282, -nan, -nan, 0.514906, 0.485335
1.61196, -nan, -nan, 0.520953, 0.481753
1.6211, -nan, -nan, 0.527035, 0.478151
1.63024, -nan, -nan, 0.533152, 0.474529
1.63938, -nan, -nan, 0.539301, 0.470887
1.64852, -nan, -nan, 0.545483, 0.467226
1.65766, -nan, -nan, 0.551696, 0.463547
1.66681, -nan, -nan, 0.55794, 0.459849
1.67595, -nan, -nan, 0.564214, 0.456133
1.68509, -nan, -nan, 0.570517, 0.4524
1.69423, -nan, -nan, 0.576849, 0.44865
1.70337, -nan, -nan, 0.583209, 0.444883
1.71251, -nan, -nan, 0.589596, 0.441101
1.72165, -nan, -nan, 0.59601, 0.437302
1.73079, -nan, -nan, 0.602449, 0.433489
1.73993, -nan, -nan, 0.608914, 0.42966
1.74907, -nan, -nan, 0.615403, 0.425817
1.75821, -nan, -nan, 0.621917, 0.421959
1.76735, -nan, -nan, 0.628454, 0.418088
1.77649, -nan, -nan, 0.635014, 0.414203
1.78563, -nan, -nan, 0.641596, 0.410304
1.79477, -nan, -nan, 0.6482, 0.406393
1.80391, -nan, -nan, 0.654826, 0.402469
1.81305, -nan, -nan, 0.661473, 0.398533
1.82219, -nan, -nan, 0.66814, 0.394584
1.83133, -nan, -nan, 0.674827, 0.390624
1.84047, -nan, -nan, 0.681533, 0.386652
1.84961, -nan, -nan, 0.688259, 0.382669
1.85875, -nan, -nan, 0.695003, 0.378675
1.86789, -nan, -nan, 0.701765, 0.37467
1.87703, -nan, -nan, 0.708545, 0.370655
1.88617, -nan, -nan, 0.715343, 0.366629
1.89531, -nan, -nan, 0.722157, 0.362593
1.90445, -nan, -nan, 0.728989, 0.358547
1.91359, -nan, -nan, 0.735836, 0.354492
1.92273, -nan, -nan, 0.742699, 0.350427
1.93187, -nan, -nan, 0.749578, 0.346353
1.94101, -nan, -nan, 0.756473, 0.34227
1.95015, -nan, -nan, 0.763382, 0.338179
1.95929, -nan, -nan, 0.770305, 0.334078
1.96843, -nan, -nan, 0.777243, 0.329969
1.97757, -nan, -nan, 0.784195, 0.325852
1.98671, -nan, -nan, 0.791161, 0.321727
1.99585, -nan, -nan, 0.79814, 0.317594
2.00499, -nan, -nan, 0.805132, 0.313453
2.01413, -nan, -nan, 0.812137, 0.309304
2.02327, -nan, -nan, 0.819154, 0.305148
