2.3207, 0
0, 0, 0, 0.5, 0
0.0113956, 0.00491093, 2.75014e-05, 0.498936, 0.0113069
0.0227913, 0.00981051, 0.000184337, 0.49787, 0.0226126
0.0341869, 0.0146985, 0.000470402, 0.496803, 0.0339171
0.0455826, 0.019575, 0.000885792, 0.495735, 0.0452204
0.0569782, 0.0244403, 0.00143053, 0.494664, 0.0565224
0.0683739, 0.0292939, 0.00210451, 0.493592, 0.067823
0.0797695, 0.034136, 0.00290771, 0.492519, 0.0791224
0.0911652, 0.0389667, 0.00384025, 0.491444, 0.0904201
0.102561, 0.0437859, 0.00490207, 0.490367, 0.101716
0.113956, 0.0485937, 0.00609317, 0.489288, 0.113011
0.125352, 0.0533901, 0.00741358, 0.488207, 0.124304
0.136748, 0.058175, 0.00886319, 0.487124, 0.135596
0.148143, 0.0629483, 0.010442, 0.486039, 0.146885
0.159539, 0.0677104, 0.0121502, 0.484951, 0.158173
0.170935, 0.072461, 0.0139876, 0.483861, 0.169458
0.18233, 0.0772, 0.0159543, 0.482769, 0.180742
0.193726, 0.0819277, 0.0180502, 0.481674, 0.192023
0.205122, 0.0866439, 0.0202754, 0.480577, 0.203302
0.216517, 0.0913487, 0.0226298, 0.479476, 0.214579
0.227913, 0.096042, 0.0251134, 0.478373, 0.225853
0.239309, 0.100724, 0.0277263, 0.477266, 0.237125
0.250704, 0.105394, 0.0304683, 0.476157, 0.248394
0.2621, 0.110053, 0.0333396, 0.475043, 0.25966
0.273495, 0.114701, 0.0363401, 0.473926, 0.270922
0.284891, 0.119337, 0.0394698, 0.472806, 0.282182
0.296287, 0.123962, 0.0427287, 0.471681, 0.293438
0.307682, 0.128575, 0.0461167, 0.470552, 0.30469
0.319078, 0.133177, 0.049634, 0.469418, 0.315939
0.330474, 0.137768, 0.0532804, 0.46828, 0.327183
0.341869, 0.142347, 0.0570559, 0.467137, 0.338423
0.353265, 0.146915, 0.0609606, 0.465988, 0.349659
0.364661, 0.151472, 0.0649944, 0.464834, 0.360889
0.376056, 0.156017, 0.0691573, 0.463674, 0.372115
0.387452, 0.16055, 0.0734493, 0.462507, 0.383335
0.398848, 0.165073, 0.0778704, 0.461334, 0.394549
0.410243, 0.169584, 0.0824205, 0.460154, 0.405756
0.421639, 0.174084, 0.0870997, 0.458965, 0.416957
0.433034, 0.178572, 0.0919078, 0.457769, 0.42815
0.44443, 0.183049, 0.096845, 0.456564, 0.439336
0.455826, 0.187515, 0.101911, 0.455349, 0.450513
0.467221, 0.19197, 0.107106, 0.454124, 0.461681
0.478617, 0.196413, 0.11243, 0.452888, 0.472839
0.490013, 0.200845, 0.117883, 0.451641, 0.483987
0.501408, 0.205266, 0.123465, 0.450381, 0.495123
0.512804, 0.209675, 0.129175, 0.449107, 0.506247
0.5242, 0.214074, 0.135014, 0.447819, 0.517357
0.535595, 0.218461, 0.140982, 0.446514, 0.528452
0.546991, 0.222838, 0.147078, 0.445192, 0.539531
0.558387, 0.227203, 0.153303, 0.443851, 0.550591
0.569782, 0.231557, 0.159657, 0.442489, 0.561633
0.581178, 0.2359, 0.166139, 0.441104, 0.572652
0.592574, 0.240232, 0.172749, 0.439694, 0.583648
0.603969, 0.244554, 0.179487, 0.438257, 0.594616
0.615365, 0.248865, 0.186353, 0.436788, 0.605555
0.62676, 0.253164, 0.193347, 0.435286, 0.616461
0.638156, 0.257454, 0.200469, 0.433747, 0.627329
0.649552, 0.261733, 0.207718, 0.432165, 0.638154
0.660947, 0.266001, 0.215094, 0.430536, 0.648932
0.672343, 0.270259, 0.222598, 0.428854, 0.659654
0.683739, 0.274507, 0.230227, 0.427112, 0.670314
0.695134, 0.278746, 0.237983, 0.425302, 0.680901
0.70653, 0.282974, 0.245865, 0.423414, 0.691404
0.717926, 0.287193, 0.253872, 0.421438, 0.701808
0.729321, 0.291403, 0.262002, 0.419359, 0.712097
0.740717, 0.295605, 0.270256, 0.417162, 0.722249
0.752113, 0.299798, 0.278633, 0.414828, 0.732238
0.763508, 0.303984, 0.287129, 0.412332, 0.742029
0.774904, 0.308163, 0.295745, 0.409648, 0.751581
0.7863, 0.312335, 0.304476, 0.406742, 0.760839
0.797695, 0.316503, 0.313321, 0.403573, 0.769733
0.809091, 0.320666, 0.322274, 0.400095, 0.778176
0.820486, 0.324826, 0.331331, 0.396252, 0.786051
0.831882, 0.328984, 0.340482, 0.391987, 0.793216
0.843278, 0.333141, 0.349719, 0.38724, 0.799489
0.854673, 0.337296, 0.359028, 0.381963, 0.80466
0.866069, 0.341447, 0.368393, 0.376133, 0.808494
0.877465, 0.345589, 0.377791, 0.369779, 0.810771
0.88886, 0.349715, 0.387201, 0.362989, 0.811323
0.900256, 0.353814, 0.396596, 0.355913, 0.810083
0.911652, 0.357873, 0.405954, 0.348741, 0.807113
0.923047, 0.361882, 0.415253, 0.341657, 0.802577
0.934443, 0.365832, 0.424477, 0.334811, 0.796703
0.945839, 0.369718, 0.433613, 0.328302, 0.789734
0.957234, 0.373537, 0.442652, 0.322185, 0.781889
0.96863, 0.37729, 0.451586, 0.316475, 0.773357
0.980025, 0.38098, 0.46041, 0.311167, 0.764285
0.991421, 0.384609, 0.469121, 0.306242, 0.754793
1.00282, 0.38818, 0.477714, 0.301675, 0.744968
1.01421, 0.391696, 0.486189, 0.297436, 0.734881
1.02561, 0.395163, 0.494543, 0.293499, 0.724582
1.037, 0.398581, 0.502775, 0.289837, 0.714114
1.0484, 0.401956, 0.510883, 0.286426, 0.703507
1.05979, 0.405289, 0.518867, 0.283244, 0.692787
1.07119, 0.408583, 0.526725, 0.28027, 0.681973
1.08259, 0.411841, 0.534458, 0.277487, 0.671082
1.09398, 0.415065, 0.542065, 0.274879, 0.660125
1.10538, 0.418257, 0.549544, 0.272431, 0.649112
1.11677, 0.42142, 0.556897, 0.270132, 0.638053
1.12817, 0.424554, 0.564122, 0.267969, 0.626953
1.14009, 0.428902, 0.57178, 0.271517, 0.637556
1.15202, 0.433276, 0.579568, 0.275141, 0.648104
1.16394, 0.437675, 0.587486, 0.278845, 0.658592
1.17587, 0.442101, 0.595533, 0.282633, 0.669017
1.1878, 0.446553, 0.603709, 0.286508, 0.679374
1.19972, 0.451032, 0.612012, 0.290475, 0.68966
1.21165, 0.455539, 0.620443, 0.294539, 0.699868
1.22357, 0.460075, 0.629, 0.298705, 0.709993
1.2355, 0.464639, 0.637682, 0.302978, 0.72003
1.24742, 0.469233, 0.646487, 0.307364, 0.729971
1.25935, 0.473857, 0.655416, 0.311869, 0.739809
1.27127, 0.478512, 0.664467, 0.316499, 0.749536
1.2832, 0.483199, 0.673638, 0.32126, 0.759144
1.29512, 0.487919, 0.682928, 0.32616, 0.768623
1.30705, 0.492672, 0.692335, 0.331206, 0.777962
1.31897, 0.49746, 0.701857, 0.336406, 0.78715
1.3309, 0.502283, 0.711494, 0.341767, 0.796174
1.34282, 0.507143, 0.721242, 0.347298, 0.80502
1.35475, 0.512041, 0.731099, 0.353007, 0.813673
1.36667, 0.516979, 0.741063, 0.358903, 0.822117
1.3786, 0.521957, 0.751131, 0.364996, 0.830332
1.39053, 0.526977, 0.7613, 0.371292, 0.838299
1.40245, 0.53204, 0.771567, 0.377802, 0.845996
1.41438, 0.53715, 0.781928, 0.384534, 0.853399
1.4263, 0.542306, 0.792379, 0.391494, 0.860482
1.43823, 0.547512, 0.802916, 0.398691, 0.867217
1.45015, 0.55277, 0.813534, 0.406129, 0.873574
1.46208, 0.558081, 0.824228, 0.413813, 0.879521
1.474, 0.563448, 0.834991, 0.421743, 0.885026
1.48593, 0.568874, 0.845819, 0.429921, 0.890053
1.49785, 0.574362, 0.856704, 0.438341, 0.894568
1.50978, 0.579915, 0.867639, 0.446997, 0.898534
1.5217, 0.585535, 0.878616, 0.455877, 0.901917
1.53363, 0.591226, 0.889628, 0.464965, 0.904685
1.54555, 0.596991, 0.900666, 0.474241, 0.906806
1.55748, 0.602834, 0.911721, 0.48368, 0.908256
1.5694, 0.608757, 0.922785, 0.493252, 0.909013
1.58133, 0.614765, 0.933847, 0.502926, 0.909062
1.59326, 0.62086, 0.944898, 0.512664, 0.908396
1.60518, 0.627044, 0.95593, 0.522429, 0.907015
1.61711, 0.633322, 0.966934, 0.532183, 0.904925
1.62903, 0.639694, 0.9779, 0.541888, 0.902142
1.64096, 0.646163, 0.98882, 0.551508, 0.898687
1.65288, 0.652729, 0.999686, 0.56101, 0.894587
1.66481, 0.659394, 1.01049, 0.570363, 0.889873
1.67673, 0.666158, 1.02123, 0.579542, 0.884579
1.68866, 0.67302, 1.03189, 0.588526, 0.878743
1.70058, 0.679981, 1.04247, 0.597296, 0.872403
1.71251, 0.687038, 1.05296, 0.60584, 0.865595
1.72443, 0.694191, 1.06336, 0.614148, 0.858357
1.73636, 0.701439, 1.07367, 0.622215, 0.850725
1.74828, 0.708778, 1.08388, 0.630038, 0.842733
1.76021, 0.716208, 1.09398, 0.637616, 0.834411
1.77213, 0.723726, 1.10398, 0.644951, 0.825789
1.78406, 0.73133, 1.11386, 0.652045, 0.816896
1.79598, 0.739017, 1.12364, 0.658905, 0.807754
1.80791, 0.746786, 1.13329, 0.665536, 0.798388
1.81984, 0.754633, 1.14284, 0.671943, 0.788818
1.83176, 0.762556, 1.15226, 0.678133, 0.779062
1.84369, 0.770554, 1.16156, 0.684115, 0.769138
1.85561, 0.778624, 1.17073, 0.689895, 0.75906
1.86754, 0.786763, 1.17979, 0.69548, 0.748843
1.87946, 0.794969, 1.18871, 0.700878, 0.738498
1.89139, 0.803241, 1.19752, 0.706097, 0.728038
1.90331, 0.811576, 1.20619, 0.711143, 0.717471
1.91524, 0.819972, 1.21473, 0.716023, 0.706808
1.92716, 0.828427, 1.22314, 0.720744, 0.696056
1.93909, 0.83694, 1.23143, 0.725312, 0.685223
1.95101, 0.845508, 1.23958, 0.729734, 0.674315
1.96294, 0.854131, 1.2476, 0.734016, 0.663339
1.97486, 0.862805, 1.25548, 0.738162, 0.6523
1.98679, 0.87153, 1.26323, 0.74218, 0.641203
1.99871, 0.880304, 1.27085, 0.746073, 0.630053
2.01064, 0.889125, 1.27833, 0.749846, 0.618853
2.02257, 0.897993, 1.28568, 0.753506, 0.607607
2.03449, 0.906905, 1.29289, 0.757055, 0.59632
2.04642, 0.915861, 1.29997, 0.760498, 0.584993
2.05834, 0.924859, 1.30691, 0.763839, 0.57363
2.07027, 0.933898, 1.31371, 0.767083, 0.562233
2.08219, 0.942976, 1.32038, 0.770232, 0.550805
2.09412, 0.952093, 1.3269, 0.773291, 0.539348
2.10604, 0.961248, 1.33329, 0.776262, 0.527863
2.11797, 0.970439, 1.33955, 0.779148, 0.516353
2.12989, 0.979665, 1.34566, 0.781953, 0.50482
2.14182, 0.988925, 1.35164, 0.78468, 0.493264
2.15374, 0.998219, 1.35747, 0.787331, 0.481688
2.16567, 1.00755, 1.36317, 0.789909, 0.470093
2.17759, 1.0169, 1.36873, 0.792417, 0.458479
2.18952, 1.02629, 1.37415, 0.794856, 0.446849
2.20144, 1.03571, 1.37943, 0.797229, 0.435203
2.21337, 1.04516, 1.38457, 0.799538, 0.423541
2.2253, 1.05463, 1.38957, 0.801785, 0.411866
2.23722, 1.06414, 1.39444, 0.803973, 0.400178
2.24915, 1.07367, 1.39916, 0.806103, 0.388477
2.26107, 1.08322, 1.40374, 0.808176, 0.376764
2.273, 1.09281, 1.40818, 0.810195, 0.365041
2.28492, 1.10241, 1.41248, 0.812161, 0.353307
2.29685, 1.11204, 1.41664, 0.814076, 0.341563
2.30877, 1.1217, 1.42066, 0.815941, 0.32981
2.3207, 1.13138, 1.42454, 0.817758, 0.318048
