18.4563, 0
0, 0, 0, 0.5, 0
0.0992894, 0.044717, 9.66112e-05, 0.400736, 0.00225412
0.198579, 0.0795875, 0.00092818, 0.30147, 0.00440156
0.297868, 0.104593, 0.00146182, 0.202206, 0.00665568
0.397158, 0.119731, 0.00172936, 0.102945, 0.00901648
0.496447, 0.125035, 0.00320053, 0.00367853, 0.0111639
0.595737, 0.120471, 0.00440565, -0.0955853, 0.013418
0.695026, 0.106052, 0.00583454, -0.194849, 0.0156722
0.794315, 0.081777, 0.00748725, -0.294113, 0.0179263
0.893605, 0.047647, 0.00936375, -0.393377, 0.0201804
0.992894, 0.00365952, 0.0114641, -0.492641, 0.0224345
1.09218, -0.0501822, 0.0137882, -0.591904, 0.0246886
1.19147, -0.11388, 0.0163362, -0.691168, 0.0269427
1.29076, -0.187435, 0.0191079, -0.790432, 0.0291969
1.39005, -0.270844, 0.0221035, -0.889696, 0.031451
1.48934, -0.36411, 0.0253229, -0.98896, 0.0337051
1.58863, -0.467231, 0.028766, -1.08822, 0.0359592
1.68792, -0.580209, 0.032433, -1.18749, 0.0382133
1.78721, -0.703043, 0.0363239, -1.28675, 0.0404675
1.8865, -0.835732, 0.0404385, -1.38601, 0.0427216
1.98579, -0.978277, 0.0447769, -1.48528, 0.0449757
2.08508, -1.13067, 0.049649, -1.58454, 0.0471231
2.18437, -1.29293, 0.0541252, -1.68381, 0.0494839
2.28366, -1.46505, 0.059135, -1.78307, 0.0517381
2.38295, -1.64701, 0.0643687, -1.88233, 0.0539922
2.48224, -1.83883, 0.0700937, -1.9816, 0.0561396
2.58153, -2.04051, 0.0757644, -2.08086, 0.0583937
2.68081, -2.25205, 0.0815567, -2.18013, 0.0606921
2.7801, -2.47344, 0.0877772, -2.27939, 0.062902
2.87939, -2.70469, 0.0940259, -2.37865, 0.0652004
2.97868, -2.94579, 0.100596, -2.47792, 0.0674545
3.07797, -3.19675, 0.107541, -2.57718, 0.06963
3.17726, -3.45757, 0.114295, -2.67645, 0.0720251
3.27655, -3.72824, 0.121726, -2.77571, 0.0741726
3.37584, -4.00877, 0.129187, -2.87497, 0.0764267
3.47513, -4.29915, 0.136924, -2.97424, 0.0786464
3.57442, -4.59939, 0.144869, -3.0735, 0.0808725
3.67371, -4.90948, 0.152996, -3.17277, 0.0831266
3.773, -5.22943, 0.1614, -3.27203, 0.0853365
3.87229, -5.55924, 0.16992, -3.37129, 0.0876349
3.97158, -5.8989, 0.178763, -3.47056, 0.0898447
4.07087, -6.24842, 0.18778, -3.56982, 0.0920988
4.17016, -6.60779, 0.197072, -3.66909, 0.0942905
4.26945, -6.97702, 0.206486, -3.76835, 0.096607
4.36873, -7.35611, 0.216196, -3.86761, 0.0988268
4.46802, -7.74505, 0.226143, -3.96688, 0.101009
4.56731, -8.14384, 0.236273, -4.06614, 0.103253
4.6666, -8.5525, 0.246632, -4.1654, 0.105475
4.76589, -8.97101, 0.257172, -4.26467, 0.10786
4.86518, -9.39938, 0.268017, -4.36392, 0.109797
4.96447, -9.8376, 0.279023, -4.46305, 0.111766
5.06376, -10.2802, 0.290038, -4.41461, 0.109615
5.16305, -10.7136, 0.300802, -4.31535, 0.10723
5.26234, -11.1371, 0.311333, -4.2161, 0.104906
5.36163, -11.5508, 0.321635, -4.11684, 0.102604
5.46092, -11.9547, 0.331709, -4.01757, 0.100314
5.56021, -12.3486, 0.341555, -3.91832, 0.0980304
5.6595, -12.7328, 0.351175, -3.81905, 0.0957515
5.75879, -13.107, 0.36057, -3.71979, 0.0934761
5.85808, -13.4714, 0.369738, -3.62053, 0.0912033
5.95737, -13.826, 0.378681, -3.52126, 0.0889326
6.05666, -14.1707, 0.387398, -3.422, 0.0866634
6.15594, -14.5055, 0.39589, -3.32274, 0.0843956
6.25523, -14.8305, 0.404157, -3.22347, 0.0821289
6.35452, -15.1456, 0.412199, -3.12421, 0.0798632
6.45381, -15.4509, 0.420017, -3.02495, 0.0775982
6.5531, -15.7463, 0.427609, -2.92568, 0.075334
6.65239, -16.0319, 0.434976, -2.82642, 0.0730704
6.75168, -16.3076, 0.442119, -2.72716, 0.0708074
6.85097, -16.5734, 0.449037, -2.62789, 0.0685448
6.95026, -16.8294, 0.455731, -2.52863, 0.0662827
7.04955, -17.0756, 0.4622, -2.42937, 0.064021
7.14884, -17.3119, 0.468444, -2.3301, 0.0617596
7.24813, -17.5383, 0.474464, -2.23084, 0.0594986
7.34742, -17.7549, 0.480259, -2.13157, 0.0572378
7.44671, -17.9616, 0.48583, -2.03231, 0.0549774
7.546, -18.1584, 0.491176, -1.93305, 0.0527171
7.64529, -18.3454, 0.496298, -1.83378, 0.0504572
7.74458, -18.5226, 0.501196, -1.73452, 0.0481974
7.84387, -18.6899, 0.505869, -1.63526, 0.0459378
7.94315, -18.8473, 0.510318, -1.53599, 0.0436784
8.04244, -18.9949, 0.514543, -1.43673, 0.0414192
8.14173, -19.1326, 0.518543, -1.33747, 0.0391602
8.24102, -19.2605, 0.522319, -1.2382, 0.0369013
8.34031, -19.3785, 0.525871, -1.13894, 0.0346426
8.4396, -19.4867, 0.529199, -1.03967, 0.0323839
8.53889, -19.585, 0.532302, -0.940411, 0.0301255
8.63818, -19.6734, 0.535181, -0.841148, 0.0278671
8.73747, -19.752, 0.537836, -0.741884, 0.0256089
8.83676, -19.8207, 0.540266, -0.64262, 0.0233507
8.93605, -19.8796, 0.542473, -0.543356, 0.0210927
9.03534, -19.9286, 0.544455, -0.444092, 0.0188347
9.13463, -19.9678, 0.546213, -0.344829, 0.0165769
9.23392, -19.9971, 0.547747, -0.245565, 0.0143191
9.33321, -20.0166, 0.549056, -0.146302, 0.0120615
9.4325, -20.0261, 0.550142, -0.0470369, 0.00980384
9.53179, -20.0259, 0.551003, 0.0522255, 0.00754635
9.63107, -20.0158, 0.551641, 0.151491, 0.00528887
9.73036, -19.9958, 0.552054, 0.250756, 0.00303146
9.82965, -19.966, 0.552242, 0.350018, 0.000774177
9.91592, -19.9322, 0.548602, 0.436241, 0.00209301
10.0022, -19.8906, 0.542333, 0.522443, 0.00579794
10.0885, -19.842, 0.549353, 0.608724, 0.00627902
10.1747, -19.7858, 0.549999, 0.694965, 0.00837203
10.261, -19.7221, 0.550826, 0.781206, 0.010465
10.3473, -19.651, 0.551834, 0.867447, 0.012558
10.4335, -19.5724, 0.553022, 0.953689, 0.0146511
10.5198, -19.4865, 0.554391, 1.03993, 0.0167441
10.6061, -19.393, 0.55594, 1.12617, 0.0188371
10.6923, -19.292, 0.552228, 1.21237, 0.022542
10.7786, -19.1838, 0.55958, 1.29865, 0.0230231
10.8649, -19.0681, 0.561671, 1.38489, 0.0251161
10.9511, -18.9449, 0.563942, 1.47114, 0.0272091
11.0374, -18.8143, 0.566394, 1.55738, 0.0293021
11.1237, -18.6762, 0.569027, 1.64362, 0.0313951
11.2099, -18.5307, 0.57184, 1.72986, 0.0334881
11.2962, -18.3777, 0.574833, 1.8161, 0.0355811
11.3825, -18.2174, 0.578008, 1.90234, 0.0376741
11.4687, -18.0495, 0.581362, 1.98858, 0.0397671
11.555, -17.8743, 0.584898, 2.07483, 0.0418601
11.6413, -17.6916, 0.588614, 2.16107, 0.0439532
11.7275, -17.5014, 0.59251, 2.24731, 0.0460462
11.8138, -17.3038, 0.596587, 2.33355, 0.0481392
11.9001, -17.0988, 0.600845, 2.41979, 0.0502322
11.9863, -16.8863, 0.605283, 2.50603, 0.0523252
12.0726, -16.6664, 0.609901, 2.59227, 0.0544182
12.1589, -16.4391, 0.614701, 2.67851, 0.0565112
12.2451, -16.2042, 0.61653, 2.76471, 0.0603324
12.3314, -15.9621, 0.624841, 2.851, 0.0606972
12.4177, -15.7124, 0.630182, 2.93724, 0.0627902
12.5039, -15.4553, 0.635703, 3.02348, 0.0648832
12.5902, -15.1907, 0.641405, 3.10972, 0.0669762
12.6765, -14.9188, 0.647288, 3.19596, 0.0690692
12.7627, -14.6393, 0.653351, 3.2822, 0.0711622
12.849, -14.3525, 0.659594, 3.36844, 0.0732553
12.9353, -14.0581, 0.664193, 3.45465, 0.0769602
13.0215, -13.7564, 0.672624, 3.54093, 0.0774413
13.1078, -13.4472, 0.679409, 3.62717, 0.0795343
13.1941, -13.1306, 0.686375, 3.71341, 0.0816273
13.2803, -12.8065, 0.692106, 3.79961, 0.0855165
13.3666, -12.4751, 0.700848, 3.88589, 0.0858133
13.4529, -12.1361, 0.708356, 3.97213, 0.0879063
13.5391, -11.7897, 0.716044, 4.05837, 0.0899993
13.6254, -11.4359, 0.723913, 4.14462, 0.0920923
13.7117, -11.0746, 0.731962, 4.23086, 0.0941853
13.7979, -10.7059, 0.740192, 4.3171, 0.0962783
13.8842, -10.3298, 0.748602, 4.40335, 0.0983715
13.9705, -9.94622, 0.757, 4.48953, 0.102445
14.0567, -9.5552, 0.765965, 4.57587, 0.102558
14.143, -9.16236, 0.775042, 4.51207, 0.104843
14.2293, -8.77685, 0.784002, 4.42582, 0.102878
14.3155, -8.39876, 0.792791, 4.33957, 0.100857
14.4018, -8.02812, 0.801403, 4.25333, 0.0988144
14.4881, -7.66492, 0.809839, 4.16709, 0.0967599
14.5743, -7.30916, 0.818097, 4.08084, 0.0946982
14.6606, -6.96084, 0.826177, 3.9946, 0.0926315
14.7469, -6.61996, 0.834079, 3.90836, 0.0905614
14.8331, -6.28652, 0.841802, 3.82212, 0.0884884
14.9194, -5.96052, 0.849346, 3.73588, 0.0864133
15.0057, -5.64196, 0.856711, 3.64964, 0.0843365
15.0919, -5.33083, 0.863897, 3.5634, 0.0822583
15.1782, -5.02715, 0.870904, 3.47715, 0.0801788
15.2645, -4.73091, 0.877731, 3.39091, 0.0780983
15.3507, -4.44211, 0.884378, 3.30467, 0.0760171
15.437, -4.16074, 0.890846, 3.21843, 0.073935
15.5233, -3.88682, 0.897134, 3.13219, 0.0718522
15.6095, -3.62034, 0.903243, 3.04594, 0.0697689
15.6958, -3.3613, 0.909172, 2.9597, 0.067685
15.7821, -3.10969, 0.914921, 2.87346, 0.0656006
15.8683, -2.86552, 0.92049, 2.78722, 0.0635159
15.9546, -2.6288, 0.925879, 2.70098, 0.0614307
16.0409, -2.39952, 0.931089, 2.61474, 0.0593452
16.1271, -2.17767, 0.936118, 2.5285, 0.0572594
16.2134, -1.96327, 0.940968, 2.44225, 0.0551733
16.2997, -1.7563, 0.945638, 2.35601, 0.0530869
16.3859, -1.55678, 0.950127, 2.26977, 0.0510002
16.4722, -1.36469, 0.954437, 2.18353, 0.0489133
16.5585, -1.18005, 0.958566, 2.09729, 0.0468262
16.6447, -1.00284, 0.962516, 2.01105, 0.0447389
16.731, -0.833073, 0.966285, 1.92481, 0.0426514
16.8173, -0.670748, 0.969875, 1.83856, 0.0405638
16.9035, -0.515856, 0.973284, 1.75232, 0.038476
16.9898, -0.368414, 0.976513, 1.66608, 0.036388
17.0761, -0.228403, 0.979562, 1.57984, 0.0342999
17.1623, -0.0958385, 0.982431, 1.4936, 0.0322116
17.2486, 0.0292912, 0.98512, 1.40736, 0.0301232
17.3349, 0.14698, 0.987628, 1.32112, 0.0280347
17.4211, 0.257223, 0.989957, 1.23487, 0.0259461
17.5074, 0.360039, 0.992105, 1.14863, 0.0238573
17.5937, 0.455408, 0.994073, 1.06239, 0.0217685
17.6799, 0.543335, 0.995861, 0.976151, 0.0196795
17.7662, 0.623827, 0.997468, 0.88991, 0.0175905
17.8525, 0.696873, 0.998896, 0.803668, 0.0155013
17.9387, 0.762486, 1.00014, 0.717427, 0.0134121
18.025, 0.820648, 1.00121, 0.631185, 0.0113228
18.1113, 0.871384, 1.0021, 0.544944, 0.0092334
18.1975, 0.914673, 1.0028, 0.458702, 0.00714393
18.2838, 0.950527, 1.00333, 0.372461, 0.00505439
18.3701, 0.978937, 1.00367, 0.28622, 0.0029648
18.4563, 0.999908, 1.00384, 0.199979, 0.000875131
