4.14001, 0
0, 0, 0, 0.5, 0
0.0201888, 0.00850976, 0.000432769, 0.502023, 0.0200181
0.0403775, 0.017061, 0.00127109, 0.504044, 0.0400333
0.0605663, 0.0256537, 0.00251472, 0.506065, 0.0600456
0.0807551, 0.034288, 0.00416382, 0.508084, 0.0800546
0.100944, 0.0429638, 0.00621838, 0.510103, 0.10006
0.121133, 0.0516812, 0.00867832, 0.51212, 0.120062
0.141321, 0.0604402, 0.0115437, 0.514136, 0.14006
0.16151, 0.0692407, 0.0148145, 0.516151, 0.160054
0.181699, 0.0780829, 0.0184906, 0.518164, 0.180043
0.201888, 0.0869667, 0.0225722, 0.520176, 0.200028
0.222077, 0.0958922, 0.0270592, 0.522186, 0.220007
0.242265, 0.104859, 0.0319515, 0.524194, 0.239981
0.262454, 0.113868, 0.0372492, 0.526201, 0.259948
0.282643, 0.122919, 0.0429523, 0.528205, 0.279909
0.302832, 0.132012, 0.0490607, 0.530207, 0.299862
0.32302, 0.141146, 0.0555744, 0.532206, 0.319808
0.343209, 0.150323, 0.0624934, 0.534203, 0.339745
0.363398, 0.159541, 0.0698178, 0.536196, 0.359673
0.383587, 0.168802, 0.0775474, 0.538187, 0.379591
0.403775, 0.178104, 0.0856823, 0.540173, 0.399497
0.423964, 0.187449, 0.0942224, 0.542156, 0.41939
0.444153, 0.196837, 0.103168, 0.544134, 0.43927
0.464342, 0.206267, 0.112518, 0.546108, 0.459134
0.484531, 0.215739, 0.122274, 0.548075, 0.478981
0.504719, 0.225254, 0.132434, 0.550037, 0.498809
0.524908, 0.234812, 0.143, 0.551992, 0.518615
0.545097, 0.244414, 0.153971, 0.553939, 0.538396
0.565286, 0.254059, 0.165346, 0.555877, 0.558149
0.585474, 0.263747, 0.177126, 0.557805, 0.57787
0.605663, 0.27348, 0.189311, 0.559721, 0.597554
0.625852, 0.283257, 0.201901, 0.561624, 0.617195
0.646041, 0.29308, 0.214894, 0.563511, 0.636787
0.66623, 0.302948, 0.228292, 0.565379, 0.65632
0.686418, 0.312863, 0.242094, 0.567226, 0.675783
0.706607, 0.322826, 0.256299, 0.569046, 0.695163
0.726796, 0.332837, 0.270907, 0.570835, 0.714441
0.746985, 0.3429, 0.285917, 0.572585, 0.733596
0.767173, 0.353015, 0.301329, 0.574287, 0.752598
0.787362, 0.363186, 0.31714, 0.575928, 0.771405
0.807551, 0.373417, 0.333351, 0.577493, 0.789964
0.82774, 0.383714, 0.349957, 0.578958, 0.8082
0.847929, 0.394083, 0.366955, 0.58029, 0.826004
0.868117, 0.404537, 0.38434, 0.581442, 0.843219
0.888306, 0.41509, 0.402101, 0.582346, 0.859615
0.908495, 0.425766, 0.420224, 0.582901, 0.874843
0.928684, 0.436598, 0.438681, 0.582957, 0.888382
0.948872, 0.447629, 0.457426, 0.582308, 0.899487
0.969061, 0.458907, 0.476383, 0.580705, 0.907196
0.98925, 0.470464, 0.495441, 0.577929, 0.910559
1.00944, 0.482281, 0.51446, 0.57393, 0.909085
1.02963, 0.494282, 0.533312, 0.568892, 0.903067
1.04982, 0.506361, 0.5519, 0.563138, 0.893374
1.07001, 0.518428, 0.570171, 0.556982, 0.880989
1.09019, 0.530418, 0.588093, 0.550655, 0.866717
1.11038, 0.542295, 0.605653, 0.544301, 0.851133
1.13057, 0.554037, 0.62284, 0.538007, 0.834622
1.15076, 0.565634, 0.639651, 0.531816, 0.817444
1.17095, 0.577085, 0.656082, 0.525753, 0.799774
1.19114, 0.588389, 0.672129, 0.519828, 0.781732
1.21133, 0.599547, 0.687792, 0.514041, 0.763402
1.23152, 0.610563, 0.703069, 0.508392, 0.744848
1.2517, 0.621441, 0.717958, 0.502875, 0.726112
1.27189, 0.632184, 0.732458, 0.497484, 0.707229
1.29208, 0.642796, 0.746568, 0.492213, 0.688224
1.31227, 0.65328, 0.760287, 0.487056, 0.669117
1.33246, 0.66364, 0.773614, 0.482006, 0.649925
1.35265, 0.67388, 0.786548, 0.477057, 0.630659
1.37284, 0.684002, 0.79909, 0.472203, 0.61133
1.39303, 0.694009, 0.811237, 0.467439, 0.591945
1.41321, 0.703905, 0.82299, 0.46276, 0.572514
1.4334, 0.713691, 0.834348, 0.458161, 0.553039
1.45359, 0.723371, 0.845311, 0.453637, 0.533527
1.47378, 0.732946, 0.855878, 0.449185, 0.513981
1.49397, 0.742419, 0.866048, 0.444801, 0.494405
1.51416, 0.751791, 0.875822, 0.440481, 0.474802
1.53435, 0.761065, 0.885199, 0.436222, 0.455175
1.55454, 0.770242, 0.894179, 0.43202, 0.435525
1.57472, 0.779325, 0.90276, 0.427874, 0.415855
1.59491, 0.788314, 0.910945, 0.42378, 0.396167
1.6151, 0.797211, 0.91873, 0.419735, 0.376461
1.63529, 0.806018, 0.926117, 0.415739, 0.35674
1.65548, 0.814736, 0.933106, 0.411787, 0.337004
1.67567, 0.823366, 0.939696, 0.407879, 0.317254
1.69586, 0.83191, 0.945886, 0.404013, 0.297493
1.71605, 0.840368, 0.951677, 0.400186, 0.277718
1.73623, 0.848743, 0.957069, 0.396397, 0.257934
1.75642, 0.857034, 0.962061, 0.392645, 0.23814
1.77661, 0.865242, 0.966653, 0.388927, 0.218336
1.7968, 0.87337, 0.970846, 0.385243, 0.198523
1.81699, 0.881418, 0.974638, 0.381592, 0.178701
1.83718, 0.889386, 0.978029, 0.377972, 0.158872
1.85737, 0.897275, 0.98102, 0.374381, 0.139035
1.87756, 0.905087, 0.983611, 0.37082, 0.119192
1.89774, 0.912822, 0.985801, 0.367286, 0.099341
1.91793, 0.92048, 0.98759, 0.363779, 0.0794841
1.93812, 0.928063, 0.988979, 0.360297, 0.0596213
1.95831, 0.935571, 0.989966, 0.356841, 0.0397529
1.9785, 0.943006, 0.990552, 0.353409, 0.0198788
1.99869, 0.950366, 0.990737, 0.35, -1.08965e-07
2.0201, 0.957758, 0.990942, 0.339617, 0.0187277
2.04151, 0.964919, 0.991543, 0.329239, 0.0374577
2.06293, 0.971847, 0.99254, 0.318865, 0.0561902
2.08434, 0.978576, 0.993951, 0.308465, 0.0749082
2.10575, 0.985056, 0.995748, 0.298085, 0.0936372
2.12717, 0.991334, 0.997957, 0.28768, 0.112353
2.14858, 0.997378, 1.00056, 0.277281, 0.131071
2.16999, 1.00322, 1.00357, 0.266859, 0.149777
2.19141, 1.00882, 1.00698, 0.256443, 0.168486
2.21282, 1.0142, 1.01079, 0.24602, 0.187191
2.23423, 1.01935, 1.01499, 0.235603, 0.2059
2.25565, 1.02428, 1.0196, 0.225167, 0.224597
2.27706, 1.02899, 1.02461, 0.214725, 0.243292
2.29847, 1.03348, 1.03003, 0.204266, 0.261978
2.31989, 1.03774, 1.03583, 0.193816, 0.280667
2.3413, 1.04177, 1.04204, 0.183361, 0.299355
2.36271, 1.04559, 1.04865, 0.17287, 0.318022
2.38413, 1.04918, 1.05566, 0.162389, 0.336695
2.40554, 1.05255, 1.06307, 0.151896, 0.355361
2.42695, 1.05568, 1.07088, 0.141393, 0.374021
2.44836, 1.0586, 1.07909, 0.130871, 0.392671
2.46978, 1.06129, 1.0877, 0.120341, 0.411316
2.49119, 1.06376, 1.09671, 0.109796, 0.429953
2.5126, 1.066, 1.10611, 0.099247, 0.448587
2.53402, 1.068, 1.11592, 0.0886856, 0.467214
2.55543, 1.06979, 1.12612, 0.0780973, 0.485827
2.57684, 1.07135, 1.13672, 0.0675016, 0.504434
2.59826, 1.07268, 1.14772, 0.0568696, 0.523022
2.61967, 1.07379, 1.15912, 0.0462282, 0.541604
2.64108, 1.07466, 1.17092, 0.0355656, 0.560173
2.6625, 1.07531, 1.18311, 0.0248855, 0.578733
2.68391, 1.07572, 1.1957, 0.0141787, 0.597277
2.70532, 1.07591, 1.20869, 0.00343224, 0.615798
2.72674, 1.07588, 1.22208, -0.00735202, 0.634298
2.74815, 1.0756, 1.23586, -0.0181611, 0.652783
2.76956, 1.0751, 1.25003, -0.0290038, 0.671247
2.79098, 1.07436, 1.2646, -0.0399001, 0.689681
2.81239, 1.07339, 1.27957, -0.0508459, 0.708085
2.8338, 1.07218, 1.29493, -0.0618481, 0.726455
2.85522, 1.07074, 1.31068, -0.0729314, 0.744777
2.87663, 1.06906, 1.32682, -0.0840788, 0.76306
2.89804, 1.06714, 1.34336, -0.0953416, 0.781272
2.91945, 1.06497, 1.36028, -0.106721, 0.799411
2.94087, 1.06256, 1.37759, -0.118229, 0.817469
2.96228, 1.05991, 1.39529, -0.129933, 0.8354
2.98369, 1.057, 1.41337, -0.141875, 0.853174
3.00511, 1.05383, 1.43183, -0.154151, 0.870717
3.02652, 1.05039, 1.45066, -0.166928, 0.887901
3.04793, 1.04668, 1.46985, -0.180446, 0.904501
3.06935, 1.04266, 1.48938, -0.195359, 0.919849
3.09076, 1.03829, 1.50922, -0.213205, 0.931448
3.11217, 1.03351, 1.52915, -0.232132, 0.926182
3.13359, 1.02847, 1.54877, -0.235642, 0.905407
3.155, 1.02346, 1.56793, -0.232021, 0.884329
3.17641, 1.01855, 1.58665, -0.226054, 0.863769
3.19783, 1.01379, 1.60493, -0.218969, 0.843563
3.21924, 1.00918, 1.62277, -0.211236, 0.823596
3.24065, 1.00474, 1.6402, -0.203081, 0.803797
3.26207, 1.00049, 1.6572, -0.194627, 0.784124
3.28348, 0.996411, 1.67378, -0.185953, 0.764546
3.30489, 0.992523, 1.68994, -0.17711, 0.745044
3.3263, 0.988827, 1.70569, -0.168131, 0.725605
3.34772, 0.985323, 1.72102, -0.159043, 0.706216
3.36913, 0.982016, 1.73593, -0.149864, 0.68687
3.39054, 0.978906, 1.75043, -0.140607, 0.667561
3.41196, 0.975995, 1.76452, -0.131286, 0.648283
3.43337, 0.973284, 1.7782, -0.121908, 0.629033
3.45478, 0.970774, 1.79146, -0.11248, 0.609806
3.4762, 0.968467, 1.80431, -0.103009, 0.590602
3.49761, 0.966363, 1.81675, -0.0934996, 0.571416
3.51902, 0.964463, 1.82879, -0.0839557, 0.552248
3.54044, 0.962768, 1.84041, -0.0743808, 0.533094
3.56185, 0.961278, 1.85162, -0.0647779, 0.513955
3.58326, 0.959994, 1.86242, -0.0551498, 0.494829
3.60468, 0.958916, 1.87281, -0.0454985, 0.475714
3.62609, 0.958045, 1.88279, -0.0358258, 0.45661
3.6475, 0.957382, 1.89236, -0.026134, 0.437516
3.66892, 0.956926, 1.90153, -0.0164241, 0.418431
3.69033, 0.956679, 1.91028, -0.00669751, 0.399354
3.71174, 0.95664, 1.91863, 0.00304449, 0.380285
3.73315, 0.956809, 1.92657, 0.0128007, 0.361224
3.75457, 0.957188, 1.9341, 0.0225703, 0.342169
3.77598, 0.957776, 1.94122, 0.0323525, 0.323121
3.79739, 0.958573, 1.94794, 0.0421463, 0.304079
3.81881, 0.959581, 1.95425, 0.0519512, 0.285042
3.84022, 0.960799, 1.96015, 0.0617663, 0.266011
3.86163, 0.962226, 1.96564, 0.071591, 0.246985
3.88305, 0.963865, 1.97072, 0.0814253, 0.227963
3.90446, 0.965713, 1.9754, 0.091268, 0.208946
3.92587, 0.967773, 1.97967, 0.101119, 0.189934
3.94729, 0.970044, 1.98353, 0.110978, 0.170925
3.9687, 0.972526, 1.98699, 0.120844, 0.15192
3.99011, 0.975219, 1.99004, 0.130717, 0.13292
4.01153, 0.978124, 1.99268, 0.140597, 0.113922
4.03294, 0.981241, 1.99492, 0.150484, 0.0949274
4.05435, 0.984569, 1.99675, 0.160376, 0.0759362
4.07577, 0.988109, 1.99817, 0.170275, 0.0569482
4.09718, 0.991861, 1.99919, 0.180178, 0.0379631
4.11859, 0.995825, 1.9998, 0.190088, 0.0189809
4.14001, 1, 2, 0.200002, 1.02073e-06
