1.73925, 0.121123
0, 0, 0, 0.5, 0
0.0111793, 0.00477393, 9.57085e-05, 0.499796, 0.0111271
0.0223585, 0.0095471, 0.000316212, 0.499589, 0.0222528
0.0335378, 0.0143192, 0.000661552, 0.499378, 0.0333771
0.0447171, 0.0190905, 0.00113175, 0.499164, 0.0445
0.0558964, 0.0238606, 0.00172676, 0.498947, 0.0556213
0.0670756, 0.02863, 0.00244659, 0.498726, 0.0667411
0.0782549, 0.0333985, 0.00329122, 0.498501, 0.0778591
0.0894342, 0.0381658, 0.00426066, 0.498272, 0.0889755
0.100613, 0.0429324, 0.00535485, 0.498039, 0.10009
0.111793, 0.0476977, 0.00657391, 0.497802, 0.111203
0.122972, 0.0524623, 0.00791769, 0.49756, 0.122314
0.134151, 0.057226, 0.00938629, 0.497314, 0.133422
0.145331, 0.0619884, 0.0109796, 0.497063, 0.144529
0.15651, 0.06675, 0.0126977, 0.496807, 0.155633
0.167689, 0.0715108, 0.0145405, 0.496546, 0.166735
0.178868, 0.0762704, 0.0165081, 0.496279, 0.177835
0.190048, 0.0810291, 0.0186004, 0.496007, 0.188932
0.201227, 0.0857867, 0.0208175, 0.495728, 0.200026
0.212406, 0.0905433, 0.0231592, 0.495444, 0.211117
0.223585, 0.0952988, 0.0256256, 0.495153, 0.222206
0.234765, 0.100053, 0.0282167, 0.494855, 0.233291
0.245944, 0.104807, 0.0309324, 0.49455, 0.244373
0.257123, 0.109559, 0.0337728, 0.494237, 0.255452
0.268303, 0.114311, 0.0367378, 0.493916, 0.266527
0.279482, 0.119061, 0.0398274, 0.493587, 0.277598
0.290661, 0.12381, 0.0430416, 0.493249, 0.288665
0.30184, 0.128559, 0.0463804, 0.492902, 0.299727
0.31302, 0.133306, 0.0498437, 0.492546, 0.310785
0.324199, 0.138052, 0.0534315, 0.492179, 0.321838
0.335378, 0.142797, 0.0571438, 0.491801, 0.332887
0.346557, 0.14754, 0.0609807, 0.491412, 0.343929
0.357737, 0.152283, 0.0649419, 0.491011, 0.354966
0.368916, 0.157024, 0.0690275, 0.490597, 0.365997
0.380095, 0.161765, 0.0732376, 0.490169, 0.377021
0.391275, 0.166504, 0.0775719, 0.489728, 0.388038
0.402454, 0.171242, 0.0820306, 0.489271, 0.399047
0.413633, 0.175978, 0.0866135, 0.488797, 0.410049
0.424812, 0.180713, 0.0913206, 0.488306, 0.421042
0.435992, 0.185447, 0.0961519, 0.487797, 0.432025
0.447171, 0.19018, 0.101107, 0.487269, 0.442999
0.45835, 0.194911, 0.106187, 0.486719, 0.453962
0.469529, 0.199641, 0.11139, 0.486146, 0.464913
0.480709, 0.20437, 0.116717, 0.48555, 0.475852
0.491888, 0.209097, 0.122168, 0.484927, 0.486777
0.503067, 0.213822, 0.127743, 0.484276, 0.497687
0.514246, 0.218546, 0.133441, 0.483596, 0.508582
0.525426, 0.223269, 0.139263, 0.482882, 0.519458
0.536605, 0.22799, 0.145208, 0.482134, 0.530316
0.547784, 0.232709, 0.151276, 0.481347, 0.541152
0.558964, 0.237426, 0.157468, 0.480519, 0.551965
0.570143, 0.242141, 0.163782, 0.479646, 0.562753
0.581322, 0.246854, 0.170219, 0.478723, 0.573512
0.592501, 0.251566, 0.176778, 0.477746, 0.58424
0.603681, 0.256275, 0.18346, 0.47671, 0.594933
0.61486, 0.260982, 0.190263, 0.475609, 0.605586
0.626039, 0.265686, 0.197188, 0.474436, 0.616196
0.637218, 0.270388, 0.204235, 0.473184, 0.626756
0.648398, 0.275087, 0.211401, 0.471844, 0.63726
0.659577, 0.279783, 0.218688, 0.470406, 0.6477
0.670756, 0.284476, 0.226095, 0.468859, 0.658068
0.681936, 0.289166, 0.23362, 0.467189, 0.668351
0.693115, 0.293852, 0.241263, 0.465381, 0.678537
0.704294, 0.298534, 0.249023, 0.463419, 0.688611
0.715473, 0.303211, 0.256899, 0.46128, 0.698553
0.726653, 0.307883, 0.264889, 0.458943, 0.70834
0.737832, 0.31255, 0.272992, 0.456378, 0.717943
0.749011, 0.31721, 0.281204, 0.453556, 0.727327
0.76019, 0.321863, 0.289524, 0.450437, 0.736447
0.77137, 0.326508, 0.297948, 0.446982, 0.745249
0.782549, 0.331143, 0.306472, 0.443142, 0.753664
0.793728, 0.335767, 0.31509, 0.438865, 0.761607
0.804908, 0.340377, 0.323797, 0.434097, 0.768973
0.816087, 0.34497, 0.332583, 0.428787, 0.775636
0.827266, 0.349542, 0.341438, 0.42289, 0.781445
0.838445, 0.354089, 0.350351, 0.416385, 0.786237
0.849625, 0.358604, 0.359306, 0.409281, 0.78984
0.860804, 0.363078, 0.368286, 0.401632, 0.792099
0.871983, 0.367502, 0.377274, 0.393545, 0.792905
0.883162, 0.371867, 0.386251, 0.385169, 0.792213
0.894342, 0.376164, 0.395199, 0.376674, 0.790057
0.905521, 0.380385, 0.404103, 0.368229, 0.786542
0.9167, 0.384525, 0.412949, 0.359969, 0.781818
0.92788, 0.388583, 0.421724, 0.351998, 0.776056
0.939059, 0.392557, 0.430421, 0.344376, 0.769424
0.950238, 0.39645, 0.439032, 0.337133, 0.762074
0.961417, 0.400263, 0.447549, 0.330277, 0.754134
0.972597, 0.404, 0.45597, 0.323799, 0.745714
0.983776, 0.407664, 0.464289, 0.317682, 0.7369
0.994955, 0.411259, 0.472504, 0.311904, 0.727763
1.00613, 0.414788, 0.480612, 0.306441, 0.71836
1.01731, 0.418255, 0.488611, 0.301269, 0.708734
1.02849, 0.421663, 0.496499, 0.296366, 0.698924
1.03967, 0.425014, 0.504274, 0.29171, 0.688957
1.05085, 0.428312, 0.511935, 0.287281, 0.678858
1.06203, 0.43156, 0.519481, 0.283061, 0.668646
1.07321, 0.434758, 0.526911, 0.279035, 0.658338
1.08439, 0.437911, 0.534224, 0.275186, 0.647946
1.09557, 0.441019, 0.54142, 0.271501, 0.637481
1.10675, 0.444085, 0.548497, 0.267969, 0.626953
1.11307, 0.444792, 0.557683, 0.273461, 0.623864
1.1194, 0.446821, 0.565854, 0.278958, 0.620763
1.12572, 0.446807, 0.574788, 0.284457, 0.617667
1.13205, 0.448206, 0.583864, 0.289949, 0.614578
1.13837, 0.449506, 0.591689, 0.29544, 0.611478
1.1447, 0.450881, 0.600457, 0.300938, 0.608383
1.15102, 0.452275, 0.609476, 0.30643, 0.605295
1.15735, 0.452951, 0.618263, 0.311928, 0.6022
1.16367, 0.454941, 0.625958, 0.317419, 0.5991
1.17, 0.455662, 0.635323, 0.322918, 0.596012
1.17632, 0.457699, 0.643597, 0.32841, 0.592918
1.18265, 0.458319, 0.651693, 0.333908, 0.589818
1.18897, 0.459009, 0.660657, 0.3394, 0.58673
1.1953, 0.461765, 0.669166, 0.344898, 0.583637
1.20162, 0.46305, 0.676805, 0.350389, 0.580538
1.20795, 0.463763, 0.686059, 0.355888, 0.57745
1.21427, 0.464397, 0.694333, 0.36138, 0.574357
1.2206, 0.467099, 0.702152, 0.366878, 0.571258
1.22692, 0.467779, 0.711004, 0.37237, 0.568171
1.23325, 0.46983, 0.719456, 0.377869, 0.565078
1.23957, 0.472576, 0.727836, 0.383367, 0.561985
1.2459, 0.473878, 0.735692, 0.388865, 0.558887
1.25222, 0.475201, 0.743799, 0.394357, 0.555795
1.25855, 0.477294, 0.752794, 0.399856, 0.552708
1.26487, 0.479958, 0.760137, 0.405347, 0.549611
1.2712, 0.481304, 0.768534, 0.410846, 0.546519
1.27752, 0.482696, 0.777529, 0.416345, 0.543433
1.28385, 0.484659, 0.784871, 0.421836, 0.540336
1.29017, 0.486697, 0.793158, 0.427335, 0.537244
1.2965, 0.489478, 0.801987, 0.432834, 0.534158
1.30282, 0.490043, 0.809384, 0.438325, 0.531061
1.30915, 0.492773, 0.817559, 0.443824, 0.52797
1.31547, 0.494826, 0.826042, 0.449316, 0.524885
1.3218, 0.496808, 0.83362, 0.454814, 0.521789
1.32812, 0.50023, 0.841685, 0.460313, 0.518698
1.33445, 0.50156, 0.849896, 0.465812, 0.515607
1.34077, 0.503586, 0.858035, 0.471311, 0.512516
1.3471, 0.505583, 0.86581, 0.476802, 0.509427
1.35342, 0.507606, 0.873909, 0.482301, 0.506336
1.35975, 0.511021, 0.881883, 0.4878, 0.503246
1.36607, 0.512316, 0.889655, 0.493292, 0.500157
1.3724, 0.515679, 0.896974, 0.49879, 0.497061
1.37872, 0.517745, 0.905617, 0.50429, 0.493977
1.38505, 0.521154, 0.913515, 0.509788, 0.490888
1.39137, 0.523119, 0.920888, 0.515287, 0.487792
1.3977, 0.52518, 0.929476, 0.520786, 0.484709
1.40402, 0.527861, 0.937028, 0.526278, 0.48162
1.41035, 0.530546, 0.944636, 0.531783, 0.478525
1.41667, 0.533272, 0.952769, 0.537276, 0.475442
1.423, 0.535926, 0.959994, 0.542774, 0.472348
1.42932, 0.538628, 0.967817, 0.548273, 0.469259
1.43565, 0.542025, 0.975567, 0.553772, 0.466171
1.44197, 0.544724, 0.983353, 0.559271, 0.463082
1.4483, 0.548167, 0.991683, 0.56477, 0.46
1.45462, 0.55009, 0.998525, 0.570262, 0.456907
1.46095, 0.552785, 1.00626, 0.575761, 0.453819
1.46727, 0.555478, 1.01397, 0.58126, 0.450731
1.4736, 0.55812, 1.02105, 0.586758, 0.447638
1.47992, 0.562253, 1.02923, 0.592258, 0.444556
1.48625, 0.564245, 1.03694, 0.597757, 0.441469
1.49257, 0.568276, 1.04385, 0.603256, 0.438376
1.4989, 0.570913, 1.05086, 0.608754, 0.435283
1.50522, 0.57504, 1.05897, 0.614254, 0.432202
1.51155, 0.577722, 1.06655, 0.619753, 0.429115
1.51787, 0.580355, 1.0735, 0.625251, 0.426023
1.5242, 0.58378, 1.0816, 0.630751, 0.422942
1.53052, 0.587106, 1.08846, 0.636249, 0.41985
1.53685, 0.591176, 1.09586, 0.641749, 0.416764
1.54317, 0.593155, 1.1034, 0.647248, 0.413678
1.5495, 0.596526, 1.11082, 0.652747, 0.410592
1.55582, 0.600591, 1.11816, 0.658246, 0.407506
1.56215, 0.60391, 1.12493, 0.663745, 0.404415
1.56847, 0.608022, 1.13285, 0.669244, 0.401335
1.5748, 0.61069, 1.14025, 0.674743, 0.39825
1.58113, 0.614701, 1.1469, 0.680242, 0.395158
1.58745, 0.618112, 1.15482, 0.685742, 0.392079
1.59378, 0.62212, 1.16144, 0.691241, 0.388988
1.6001, 0.625479, 1.16871, 0.69674, 0.385904
1.60643, 0.628864, 1.17631, 0.702246, 0.382819
1.61275, 0.632916, 1.18348, 0.707745, 0.379734
1.61908, 0.636222, 1.19008, 0.713244, 0.376644
1.6254, 0.640271, 1.19722, 0.718743, 0.37356
1.63173, 0.644368, 1.20496, 0.724243, 0.370481
1.63805, 0.648394, 1.21179, 0.729749, 0.367391
1.64438, 0.651715, 1.21859, 0.735241, 0.364308
1.6507, 0.655786, 1.226, 0.740748, 0.361224
1.65703, 0.660525, 1.23299, 0.746247, 0.35814
1.66335, 0.663869, 1.24007, 0.751746, 0.355057
1.66968, 0.667163, 1.24652, 0.757245, 0.351968
1.676, 0.671974, 1.25442, 0.762752, 0.34889
1.68233, 0.676658, 1.26072, 0.768251, 0.345801
1.68865, 0.680693, 1.26768, 0.77375, 0.342718
1.69498, 0.684726, 1.27461, 0.77925, 0.339635
1.7013, 0.689455, 1.28148, 0.784749, 0.336553
1.70763, 0.692789, 1.28843, 0.790248, 0.333471
1.71395, 0.69819, 1.29493, 0.795754, 0.330382
1.72028, 0.702266, 1.30241, 0.801254, 0.327306
1.7266, 0.706222, 1.30837, 0.80676, 0.324211
1.73293, 0.710992, 1.31576, 0.81226, 0.321135
1.73925, 0.715016, 1.32256, 0.817759, 0.318054
