4.0561, 0.661314
0, 0, 0, 0.5, 0
0.02019, 0.00842139, 0.000100873, 0.497922, 0.020013
0.0403801, 0.0168012, 0.000607161, 0.495844, 0.040023
0.0605701, 0.0251395, 0.00151902, 0.493766, 0.0600298
0.0807601, 0.0334362, 0.00283631, 0.491687, 0.0800334
0.10095, 0.0416914, 0.00455907, 0.489608, 0.100033
0.12114, 0.0499051, 0.0066873, 0.487528, 0.12003
0.14133, 0.0580774, 0.00922101, 0.485449, 0.140022
0.16152, 0.0662082, 0.0121602, 0.483368, 0.16001
0.18171, 0.0742975, 0.0155049, 0.481287, 0.179993
0.2019, 0.0823455, 0.019255, 0.479206, 0.199971
0.22209, 0.0903521, 0.0234106, 0.477124, 0.219944
0.24228, 0.0983174, 0.0279717, 0.475041, 0.239911
0.26247, 0.106241, 0.0329383, 0.472958, 0.259872
0.28266, 0.114124, 0.0383103, 0.470874, 0.279826
0.30285, 0.121966, 0.0440877, 0.46879, 0.299772
0.32304, 0.129766, 0.0502707, 0.466704, 0.319711
0.34323, 0.137525, 0.056859, 0.464618, 0.339641
0.363421, 0.145243, 0.0638528, 0.46253, 0.359562
0.383611, 0.152921, 0.0712521, 0.460442, 0.379471
0.403801, 0.160557, 0.0790568, 0.458352, 0.39937
0.423991, 0.168152, 0.087267, 0.456261, 0.419256
0.444181, 0.175707, 0.0958825, 0.454169, 0.439128
0.464371, 0.183222, 0.104903, 0.452075, 0.458984
0.484561, 0.190696, 0.11433, 0.449979, 0.478823
0.504751, 0.198129, 0.124162, 0.447882, 0.498643
0.524941, 0.205523, 0.134399, 0.445782, 0.518442
0.545131, 0.212876, 0.145041, 0.44368, 0.538215
0.565321, 0.22019, 0.156089, 0.441574, 0.557962
0.585511, 0.227465, 0.167542, 0.439466, 0.577677
0.605701, 0.234701, 0.179401, 0.437354, 0.597356
0.625891, 0.241898, 0.191664, 0.435238, 0.616993
0.646081, 0.249058, 0.204333, 0.433117, 0.636582
0.666271, 0.25618, 0.217407, 0.43099, 0.656116
0.686461, 0.263265, 0.230886, 0.428857, 0.675583
0.706651, 0.270315, 0.244769, 0.426716, 0.694971
0.726841, 0.27733, 0.259058, 0.424566, 0.714265
0.747031, 0.284313, 0.27375, 0.422404, 0.733444
0.767221, 0.291265, 0.288847, 0.420229, 0.752483
0.787411, 0.298188, 0.304348, 0.418037, 0.771347
0.807601, 0.305088, 0.320251, 0.415823, 0.789989
0.827791, 0.311967, 0.336556, 0.413583, 0.808347
0.847981, 0.318833, 0.353262, 0.411308, 0.826333
0.868171, 0.325696, 0.370365, 0.408988, 0.843822
0.888361, 0.332568, 0.387861, 0.406606, 0.860633
0.908551, 0.33947, 0.405744, 0.404141, 0.876496
0.928741, 0.34643, 0.424, 0.401564, 0.891014
0.948931, 0.353491, 0.442606, 0.398831, 0.903599
0.969121, 0.360706, 0.461519, 0.395893, 0.913436
0.989311, 0.368138, 0.480667, 0.392709, 0.919541
1.0095, 0.375832, 0.499935, 0.389273, 0.921053
1.02969, 0.383783, 0.519184, 0.385651, 0.917683
1.04988, 0.391933, 0.538278, 0.381967, 0.909908
1.07007, 0.400198, 0.557113, 0.37835, 0.898669
1.09026, 0.408504, 0.575624, 0.374896, 0.88493
1.11045, 0.4168, 0.593775, 0.371656, 0.869454
1.13064, 0.425056, 0.611545, 0.368652, 0.852775
1.15083, 0.433255, 0.628922, 0.365884, 0.835256
1.17102, 0.441389, 0.645901, 0.363347, 0.817136
1.19121, 0.449457, 0.662477, 0.361026, 0.79858
1.2114, 0.457459, 0.678648, 0.358908, 0.779699
1.23159, 0.465398, 0.694413, 0.356979, 0.760573
1.25178, 0.473276, 0.709771, 0.355224, 0.741258
1.27197, 0.481097, 0.724721, 0.353631, 0.721796
1.29216, 0.488865, 0.739262, 0.352187, 0.702216
1.31235, 0.496584, 0.753395, 0.350883, 0.682543
1.33254, 0.504257, 0.767119, 0.349707, 0.662793
1.35273, 0.511888, 0.780435, 0.348651, 0.642981
1.37292, 0.51948, 0.793341, 0.347707, 0.623117
1.39311, 0.527036, 0.805839, 0.346867, 0.60321
1.4133, 0.53456, 0.817927, 0.346125, 0.583268
1.43349, 0.542054, 0.829607, 0.345474, 0.563296
1.45368, 0.549521, 0.840878, 0.344908, 0.543297
1.47387, 0.556963, 0.851739, 0.344424, 0.523277
1.49406, 0.564382, 0.862192, 0.344015, 0.503238
1.51425, 0.571781, 0.872236, 0.343678, 0.483184
1.53444, 0.579161, 0.881871, 0.343408, 0.463115
1.55463, 0.586525, 0.891097, 0.343202, 0.443035
1.57482, 0.593875, 0.899915, 0.343057, 0.422943
1.59501, 0.601212, 0.908324, 0.34297, 0.402843
1.6152, 0.608537, 0.916324, 0.342937, 0.382736
1.63539, 0.615853, 0.923915, 0.342956, 0.362621
1.65558, 0.623161, 0.931098, 0.343025, 0.3425
1.67577, 0.630461, 0.937873, 0.343141, 0.322374
1.69596, 0.637757, 0.944239, 0.343301, 0.302244
1.71615, 0.645047, 0.950196, 0.343505, 0.282109
1.73634, 0.652335, 0.955745, 0.34375, 0.261971
1.75653, 0.659621, 0.960886, 0.344034, 0.24183
1.77672, 0.666906, 0.965619, 0.344356, 0.221686
1.79691, 0.674191, 0.969943, 0.344714, 0.20154
1.8171, 0.681477, 0.973859, 0.345107, 0.181392
1.83729, 0.688765, 0.977366, 0.345533, 0.161242
1.85748, 0.696056, 0.980466, 0.345991, 0.14109
1.87767, 0.70335, 0.983157, 0.34648, 0.120937
1.89786, 0.71065, 0.985441, 0.346998, 0.100783
1.91805, 0.717954, 0.987316, 0.347546, 0.0806281
1.93824, 0.725265, 0.988783, 0.34812, 0.060472
1.95843, 0.732583, 0.989842, 0.348722, 0.0403152
1.97862, 0.739908, 0.990494, 0.349348, 0.020158
1.99881, 0.747241, 0.990737, 0.35, -1.24797e-07
2.01939, 0.754364, 0.990935, 0.343598, 0.0195512
2.03996, 0.761373, 0.99154, 0.337174, 0.0390955
2.06053, 0.768237, 0.992543, 0.330756, 0.0586415
2.0811, 0.774984, 0.993953, 0.324317, 0.0781811
2.10168, 0.781585, 0.995761, 0.317885, 0.0977226
2.12225, 0.788055, 0.997971, 0.311447, 0.117262
2.14282, 0.794402, 1.00059, 0.304991, 0.136796
2.1634, 0.800613, 1.0036, 0.298531, 0.156328
2.18397, 0.806679, 1.00702, 0.292077, 0.175863
2.20454, 0.812628, 1.01084, 0.285598, 0.195388
2.22511, 0.818439, 1.01506, 0.279115, 0.214913
2.24569, 0.824112, 1.01968, 0.27263, 0.234437
2.26626, 0.829654, 1.0247, 0.266133, 0.253957
2.28683, 0.835063, 1.03013, 0.259625, 0.273474
2.30741, 0.840339, 1.03596, 0.253107, 0.292987
2.32798, 0.845479, 1.04219, 0.246579, 0.312497
2.34855, 0.850482, 1.04881, 0.240044, 0.332004
2.36912, 0.855354, 1.05585, 0.233493, 0.351506
2.3897, 0.860086, 1.06328, 0.226937, 0.371006
2.41027, 0.864688, 1.07111, 0.220359, 0.390499
2.43084, 0.869153, 1.07934, 0.21377, 0.409988
2.45142, 0.873489, 1.08798, 0.207156, 0.429469
2.47199, 0.877682, 1.09702, 0.200534, 0.448947
2.49256, 0.881737, 1.10645, 0.1939, 0.468421
2.51313, 0.885659, 1.11629, 0.18724, 0.487886
2.53371, 0.889438, 1.12653, 0.180572, 0.507348
2.55428, 0.893085, 1.13716, 0.173872, 0.526799
2.57485, 0.89659, 1.1482, 0.167156, 0.546245
2.59543, 0.899964, 1.15964, 0.160397, 0.565676
2.616, 0.903193, 1.17148, 0.153625, 0.585102
2.63657, 0.906282, 1.18371, 0.14682, 0.604517
2.65715, 0.909235, 1.19635, 0.139974, 0.623918
2.67772, 0.912042, 1.20939, 0.1331, 0.643308
2.69829, 0.914712, 1.22282, 0.126174, 0.662681
2.71886, 0.917234, 1.23665, 0.119213, 0.68204
2.73944, 0.919613, 1.25088, 0.1122, 0.70138
2.76001, 0.921851, 1.26551, 0.105114, 0.720694
2.78058, 0.92394, 1.28054, 0.0979686, 0.739987
2.80116, 0.925879, 1.29596, 0.0907516, 0.759252
2.82173, 0.927674, 1.31178, 0.0834244, 0.778476
2.8423, 0.929313, 1.32799, 0.0759987, 0.797662
2.86287, 0.930798, 1.3446, 0.0684479, 0.816798
2.88345, 0.932126, 1.3616, 0.0607316, 0.835869
2.90402, 0.933297, 1.37899, 0.0527894, 0.854848
2.92459, 0.934299, 1.39677, 0.0446035, 0.873721
2.94517, 0.935129, 1.41494, 0.0360569, 0.892434
2.96574, 0.935779, 1.43349, 0.0270143, 0.910911
2.98631, 0.936236, 1.45241, 0.0171901, 0.928985
3.00688, 0.936478, 1.47171, 0.00607651, 0.946287
3.02746, 0.936469, 1.49134, -0.00759742, 0.961584
3.04803, 0.936129, 1.51122, -0.0263091, 0.968401
3.0686, 0.93542, 1.53102, -0.0401633, 0.954517
3.08918, 0.934548, 1.55046, -0.0436693, 0.934325
3.10975, 0.933649, 1.56947, -0.0433314, 0.913766
3.13032, 0.932776, 1.58805, -0.0412992, 0.893297
3.15089, 0.931956, 1.60622, -0.0383314, 0.872941
3.17147, 0.931203, 1.62397, -0.0347723, 0.852677
3.19204, 0.930528, 1.64131, -0.0308076, 0.832491
3.21261, 0.929938, 1.65823, -0.0265469, 0.812365
3.23319, 0.929437, 1.67473, -0.0220607, 0.792287
3.25376, 0.929031, 1.69083, -0.0173973, 0.77225
3.27433, 0.928722, 1.70651, -0.012591, 0.752247
3.2949, 0.928514, 1.72178, -0.00766674, 0.732272
3.31548, 0.928408, 1.73664, -0.00264391, 0.712322
3.33605, 0.928406, 1.75109, 0.00246292, 0.692393
3.35662, 0.928509, 1.76513, 0.00764206, 0.672482
3.3772, 0.92872, 1.77876, 0.0128838, 0.652588
3.39777, 0.92904, 1.79198, 0.0181808, 0.632709
3.41834, 0.929469, 1.80479, 0.0235263, 0.612843
3.43892, 0.930008, 1.81719, 0.0289155, 0.592988
3.45949, 0.930659, 1.82919, 0.0343436, 0.573144
3.48006, 0.931421, 1.84078, 0.0398066, 0.553311
3.50063, 0.932297, 1.85196, 0.0453016, 0.533485
3.52121, 0.933286, 1.86273, 0.0508256, 0.513667
3.54178, 0.934388, 1.87309, 0.056376, 0.493857
3.56235, 0.935605, 1.88305, 0.0619507, 0.474054
3.58293, 0.936937, 1.8926, 0.0675478, 0.454257
3.6035, 0.938385, 1.90174, 0.0731656, 0.434466
3.62407, 0.939948, 1.91047, 0.0788024, 0.414681
3.64464, 0.941627, 1.9188, 0.0844573, 0.3949
3.66522, 0.943423, 1.92672, 0.0901286, 0.375125
3.68579, 0.945336, 1.93424, 0.0958155, 0.355353
3.70636, 0.947366, 1.94134, 0.101517, 0.335586
3.72694, 0.949513, 1.94804, 0.107232, 0.315823
3.74751, 0.951778, 1.95434, 0.11296, 0.296064
3.76808, 0.954161, 1.96023, 0.1187, 0.276308
3.78865, 0.956662, 1.96571, 0.124451, 0.256555
3.80923, 0.959282, 1.97078, 0.130213, 0.236805
3.8298, 0.96202, 1.97545, 0.135985, 0.217059
3.85037, 0.964877, 1.97971, 0.141767, 0.197315
3.87095, 0.967853, 1.98357, 0.147558, 0.177574
3.89152, 0.970948, 1.98702, 0.153357, 0.157836
3.91209, 0.974163, 1.99006, 0.159165, 0.1381
3.93266, 0.977497, 1.9927, 0.164981, 0.118366
3.95324, 0.980951, 1.99493, 0.170804, 0.0986343
3.97381, 0.984525, 1.99676, 0.176635, 0.0789048
3.99438, 0.988219, 1.99818, 0.182472, 0.0591777
4.01496, 0.992033, 1.9992, 0.188316, 0.039452
4.03553, 0.995968, 1.9998, 0.194166, 0.0197287
4.0561, 1.00002, 2.00001, 0.200022, 6.65709e-06
