25.9442, 0
0, 0, 0, 0.5, 0
0.137397, 0.0592611, 0.000101768, 0.362612, 0.00162908
0.274795, 0.0996438, 0.000427387, 0.225224, 0.00325815
0.412192, 0.1212, 0.00522893, 0.0878291, 0.00422941
0.54959, 0.123781, 0.00175009, -0.0495511, 0.0065163
0.686987, 0.107535, 0.00274718, -0.186939, 0.00814537
0.824385, 0.0724096, 0.00396814, -0.324327, 0.00977445
0.961782, 0.0184106, 0.00541289, -0.461715, 0.0114035
1.09918, -0.054465, 0.00708147, -0.599102, 0.0130326
1.23658, -0.146221, 0.00897392, -0.73649, 0.0146617
1.37397, -0.256806, 0.0147096, -0.873885, 0.0156329
1.51137, -0.386315, 0.0169593, -1.01127, 0.017262
1.64877, -0.5347, 0.0194328, -1.14866, 0.0188911
1.78617, -0.702001, 0.0187819, -1.28604, 0.021178
1.92356, -0.888137, 0.0217935, -1.42343, 0.0228071
2.06096, -1.09315, 0.0250289, -1.56082, 0.0244361
2.19836, -1.31704, 0.0284881, -1.6982, 0.0260652
2.33576, -1.55981, 0.0321712, -1.83559, 0.0276943
2.47315, -1.82142, 0.0389745, -1.97299, 0.0286655
2.61055, -2.10194, 0.0430148, -2.11038, 0.0302946
2.74795, -2.40137, 0.0445634, -2.24776, 0.0325815
2.88535, -2.71962, 0.051767, -2.38515, 0.0335528
3.02274, -3.0568, 0.053944, -2.52253, 0.0358397
3.16014, -3.4128, 0.0614145, -2.65993, 0.0368109
3.29754, -3.78773, 0.0642199, -2.79731, 0.0390978
3.43494, -4.18151, 0.0696937, -2.93469, 0.0407269
3.57233, -4.59414, 0.0775645, -3.07209, 0.0416981
3.70973, -5.0257, 0.0813126, -3.20947, 0.043985
3.84713, -5.47611, 0.0874578, -3.34686, 0.0456141
3.98453, -5.9454, 0.0938268, -3.48425, 0.0472432
4.12192, -6.43354, 0.102372, -3.62164, 0.0481633
4.25932, -6.94059, 0.108958, -3.75903, 0.0498435
4.39672, -7.46653, 0.114277, -3.89641, 0.0521304
4.53411, -8.0113, 0.123082, -4.0338, 0.0531017
4.67151, -8.57499, 0.129029, -4.17118, 0.0553886
4.80891, -9.15752, 0.138207, -4.30858, 0.0563087
4.94631, -9.75895, 0.146103, -4.44597, 0.0579078
5.0837, -10.3793, 0.154108, -4.58336, 0.0595668
5.2211, -11.0184, 0.162309, -4.72074, 0.061247
5.3585, -11.6765, 0.169828, -4.85812, 0.0635339
5.4959, -12.3534, 0.178659, -4.99551, 0.065163
5.63329, -13.0492, 0.187714, -5.1329, 0.0667921
5.77069, -13.7639, 0.19781, -5.27029, 0.0676823
5.90809, -14.4975, 0.206496, -5.40768, 0.0700502
6.04549, -15.2499, 0.216222, -5.54506, 0.0716793
6.18288, -16.0212, 0.226735, -5.68246, 0.0724971
6.32028, -16.8114, 0.236792, -5.81984, 0.074136
6.45768, -17.6205, 0.246745, -5.95723, 0.0765666
6.59508, -18.4484, 0.257601, -6.09462, 0.0773608
6.73247, -19.2953, 0.268212, -6.23201, 0.0798247
6.86987, -20.161, 0.279288, -6.36936, 0.0804627
7.00727, -21.0284, 0.290176, -6.24462, 0.0783379
7.14467, -21.8769, 0.300823, -6.10722, 0.0766558
7.28206, -22.7066, 0.311241, -5.96983, 0.0749962
7.41946, -23.5174, 0.321432, -5.83245, 0.0733457
7.55686, -24.3093, 0.331397, -5.69506, 0.0717
7.69426, -25.0824, 0.341135, -5.55767, 0.0700573
7.83165, -25.8365, 0.350648, -5.42029, 0.0684168
7.96905, -26.5718, 0.359936, -5.2829, 0.0667778
8.10645, -27.2883, 0.368998, -5.14551, 0.06514
8.24384, -27.9858, 0.377836, -5.00812, 0.0635031
8.38124, -28.6645, 0.386449, -4.87073, 0.0618669
8.51864, -29.3242, 0.394837, -4.73335, 0.0602314
8.65604, -29.9652, 0.403, -4.59596, 0.0585964
8.79344, -30.5872, 0.410939, -4.45857, 0.0569619
8.93083, -31.1904, 0.418653, -4.32119, 0.0553277
9.06823, -31.7746, 0.426143, -4.1838, 0.0536938
9.20563, -32.34, 0.433408, -4.04641, 0.0520603
9.34302, -32.8866, 0.440448, -3.90902, 0.050427
9.48042, -33.4142, 0.447265, -3.77163, 0.0487939
9.61782, -33.923, 0.453857, -3.63424, 0.047161
9.75522, -34.4129, 0.460224, -3.49686, 0.0455284
9.89261, -34.8839, 0.466368, -3.35947, 0.0438958
10.03, -35.3361, 0.472287, -3.22208, 0.0422635
10.1674, -35.7693, 0.477981, -3.08469, 0.0406313
10.3048, -36.1837, 0.483452, -2.94731, 0.0389992
10.4422, -36.5792, 0.488698, -2.80992, 0.0373672
10.5796, -36.9559, 0.49372, -2.67253, 0.0357353
10.717, -37.3136, 0.498518, -2.53514, 0.0341036
10.8544, -37.6525, 0.503092, -2.39776, 0.0324719
10.9918, -37.9725, 0.507441, -2.26037, 0.0308403
11.1292, -38.2737, 0.511567, -2.12298, 0.0292088
11.2666, -38.5559, 0.515468, -1.98559, 0.0275774
11.404, -38.8193, 0.519145, -1.8482, 0.025946
11.5414, -39.0638, 0.522598, -1.71082, 0.0243148
11.6788, -39.2894, 0.525826, -1.57343, 0.0226835
11.8162, -39.4962, 0.528831, -1.43604, 0.0210524
11.9536, -39.684, 0.531611, -1.29865, 0.0194213
12.091, -39.853, 0.534168, -1.16127, 0.0177903
12.2284, -40.0031, 0.5365, -1.02388, 0.0161593
12.3658, -40.1344, 0.538608, -0.886489, 0.0145283
12.5032, -40.2467, 0.540492, -0.749103, 0.0128974
12.6406, -40.3402, 0.542152, -0.611715, 0.0112666
12.778, -40.4148, 0.543588, -0.474328, 0.00963575
12.9154, -40.4706, 0.5448, -0.336941, 0.00800499
13.0528, -40.5074, 0.545788, -0.199553, 0.00637425
13.1902, -40.5254, 0.546552, -0.0621641, 0.00474354
13.3275, -40.5245, 0.547092, 0.0752229, 0.00311289
13.4649, -40.5047, 0.547407, 0.212611, 0.00148225
13.6023, -40.4661, 0.547499, 0.349998, -0.000148331
13.7258, -40.4152, 0.544341, 0.473401, 0.00217558
13.8492, -40.3492, 0.548876, 0.59682, 0.00292629
13.9726, -40.2679, 0.549337, 0.72023, 0.00438944
14.096, -40.1714, 0.549978, 0.84364, 0.00585258
14.2194, -40.0597, 0.5508, 0.96705, 0.00731573
14.3429, -39.9327, 0.551802, 1.09046, 0.00877887
14.4663, -39.7905, 0.552985, 1.21387, 0.010242
14.5897, -39.6331, 0.554349, 1.33728, 0.0117052
14.7131, -39.4604, 0.555893, 1.46069, 0.0131683
14.8365, -39.2726, 0.557617, 1.5841, 0.0146315
14.9599, -39.0694, 0.556147, 1.7075, 0.016807
15.0834, -38.8511, 0.561609, 1.83092, 0.0175577
15.2068, -38.6175, 0.563875, 1.95433, 0.0190209
15.3302, -38.3687, 0.566322, 2.07774, 0.020484
15.4536, -38.1046, 0.568949, 2.20115, 0.0219472
15.577, -37.8254, 0.571758, 2.32456, 0.0234103
15.7005, -37.5308, 0.574746, 2.44797, 0.0248735
15.8239, -37.2211, 0.577916, 2.57138, 0.0263366
15.9473, -36.8961, 0.581265, 2.69479, 0.0277998
16.0707, -36.5559, 0.584796, 2.8182, 0.0292629
16.1941, -36.2005, 0.588507, 2.94161, 0.0307261
16.3176, -35.8298, 0.592399, 3.06502, 0.0321892
16.441, -35.4439, 0.596471, 3.18843, 0.0336523
16.5644, -35.0428, 0.600723, 3.31184, 0.0351155
16.6878, -34.6265, 0.605157, 3.43525, 0.0365786
16.8112, -34.1949, 0.609771, 3.55866, 0.0380418
16.9346, -33.748, 0.614565, 3.68207, 0.0395049
17.0581, -33.286, 0.61954, 3.80548, 0.0409681
17.1815, -32.8087, 0.624696, 3.92889, 0.0424312
17.3049, -32.3162, 0.630032, 4.0523, 0.0438944
17.4283, -31.8085, 0.635549, 4.17571, 0.0453575
17.5517, -31.2855, 0.641246, 4.29912, 0.0468206
17.6752, -30.7473, 0.647124, 4.42253, 0.0482838
17.7986, -30.1938, 0.653183, 4.54594, 0.0497469
17.922, -29.6251, 0.658157, 4.66934, 0.0519225
18.0454, -29.0413, 0.665842, 4.79276, 0.0526732
18.1688, -28.4421, 0.672442, 4.91617, 0.0541364
18.2923, -27.8278, 0.679223, 5.03958, 0.0555995
18.4157, -27.1982, 0.685205, 5.16298, 0.0578265
18.5391, -26.5534, 0.693326, 5.2864, 0.0585258
18.6625, -25.8933, 0.700649, 5.40981, 0.059989
18.7859, -25.218, 0.708152, 5.53322, 0.0614521
18.9093, -24.5275, 0.715836, 5.65663, 0.0629153
19.0328, -23.8217, 0.723158, 5.78003, 0.0651936
19.1562, -23.1008, 0.731745, 5.90345, 0.0658415
19.2796, -22.3646, 0.739971, 6.02686, 0.0673047
19.403, -21.6131, 0.748377, 6.15027, 0.0687679
19.5264, -20.8464, 0.756804, 6.27366, 0.0711576
19.6499, -20.0645, 0.765684, 6.39706, 0.072661
19.7733, -19.273, 0.774725, 6.37051, 0.0730378
19.8967, -18.4944, 0.783654, 6.24709, 0.0716467
20.0201, -17.731, 0.792409, 6.12368, 0.0702194
20.1435, -16.9829, 0.800987, 6.00026, 0.0687802
20.2669, -16.2499, 0.809386, 5.87685, 0.0673353
20.3904, -15.5322, 0.817607, 5.75345, 0.0658867
20.5138, -14.8298, 0.825649, 5.63004, 0.0644357
20.6372, -14.1425, 0.833512, 5.50663, 0.0629831
20.7606, -13.4705, 0.841196, 5.38322, 0.0615291
20.884, -12.8138, 0.8487, 5.2598, 0.060074
21.0075, -12.1722, 0.856024, 5.13639, 0.0586182
21.1309, -11.5459, 0.863169, 5.01299, 0.0571618
21.2543, -10.9348, 0.870134, 4.88958, 0.0557048
21.3777, -10.339, 0.876919, 4.76616, 0.0542472
21.5011, -9.75836, 0.883524, 4.64275, 0.0527894
21.6246, -9.19297, 0.889949, 4.51935, 0.0513311
21.748, -8.64281, 0.896195, 4.39594, 0.0498726
21.8714, -8.10789, 0.90226, 4.27253, 0.0484138
21.9948, -7.5882, 0.908145, 4.14911, 0.0469547
22.1182, -7.08373, 0.91385, 4.0257, 0.0454955
22.2416, -6.5945, 0.919375, 3.90229, 0.044036
22.3651, -6.12049, 0.92472, 3.77889, 0.0425764
22.4885, -5.66173, 0.929884, 3.65548, 0.0411166
22.6119, -5.2182, 0.934869, 3.53207, 0.0396567
22.7353, -4.78989, 0.939673, 3.40866, 0.0381966
22.8587, -4.37681, 0.944297, 3.28525, 0.0367364
22.9822, -3.97897, 0.948741, 3.16183, 0.0352761
23.1056, -3.59635, 0.953005, 3.03842, 0.0338157
23.229, -3.22897, 0.957088, 2.91501, 0.0323552
23.3524, -2.87682, 0.960991, 2.79161, 0.0308946
23.4758, -2.53989, 0.964714, 2.6682, 0.0294339
23.5993, -2.2182, 0.968256, 2.54479, 0.0279731
23.7227, -1.91174, 0.971619, 2.42138, 0.0265123
23.8461, -1.62052, 0.974801, 2.29797, 0.0250514
23.9695, -1.34452, 0.977802, 2.17456, 0.0235904
24.0929, -1.08376, 0.980624, 2.05115, 0.0221294
24.2163, -0.838219, 0.983265, 1.92774, 0.0206683
24.3398, -0.607925, 0.985725, 1.80433, 0.0192071
24.4632, -0.392849, 0.988006, 1.68092, 0.0177459
24.5866, -0.193012, 0.990106, 1.55751, 0.0162847
24.71, -0.00839996, 0.992025, 1.4341, 0.0148234
24.8334, 0.16098, 0.993765, 1.31069, 0.013362
24.9569, 0.315132, 0.995324, 1.18728, 0.0119007
25.0803, 0.454044, 0.996702, 1.06387, 0.0104393
25.2037, 0.577728, 0.9979, 0.940459, 0.00897779
25.3271, 0.68618, 0.998918, 0.817045, 0.00751624
25.4505, 0.779404, 0.999756, 0.693636, 0.00605472
25.5739, 0.857391, 1.00041, 0.570228, 0.00459317
25.6974, 0.920155, 1.00089, 0.446817, 0.00313156
25.8208, 0.967682, 1.00119, 0.323406, 0.0016699
25.9442, 0.999989, 1.0013, 0.199998, 0.000208264
