5.10807, 0
0, 0, 0, 0.5, 0
0.0177874, 0.00885472, 0.000175531, 0.504793, 0.0171289
0.0355749, 0.0177947, 0.000655758, 0.509587, 0.0342577
0.0533623, 0.0268199, 0.00144065, 0.51438, 0.0513865
0.0711498, 0.0359305, 0.00253024, 0.519173, 0.0685153
0.0889372, 0.0451262, 0.00392453, 0.523966, 0.085644
0.106725, 0.0544073, 0.0056235, 0.52876, 0.102773
0.124512, 0.0637736, 0.00762715, 0.533553, 0.119901
0.1423, 0.0732251, 0.00993551, 0.538346, 0.13703
0.160087, 0.0827619, 0.0125485, 0.543139, 0.154158
0.177874, 0.092384, 0.0154663, 0.547932, 0.171287
0.195662, 0.102091, 0.0186887, 0.552725, 0.188415
0.213449, 0.111884, 0.0222158, 0.557518, 0.205544
0.231237, 0.121762, 0.0260475, 0.562311, 0.222672
0.249024, 0.131725, 0.030184, 0.567105, 0.2398
0.266812, 0.141773, 0.0346252, 0.571898, 0.256928
0.284599, 0.151907, 0.039371, 0.57669, 0.274055
0.302387, 0.162126, 0.0444216, 0.581483, 0.291183
0.320174, 0.17243, 0.0497768, 0.586276, 0.30831
0.337961, 0.18282, 0.0554367, 0.591069, 0.325437
0.355749, 0.193294, 0.0614013, 0.595861, 0.342564
0.373536, 0.203854, 0.0676706, 0.600654, 0.35969
0.391324, 0.2145, 0.0742446, 0.605446, 0.376816
0.409111, 0.22523, 0.0811232, 0.610239, 0.393942
0.426899, 0.236046, 0.0883066, 0.615031, 0.411066
0.444686, 0.246947, 0.0957946, 0.619822, 0.42819
0.462474, 0.257933, 0.103587, 0.624614, 0.445312
0.480261, 0.269005, 0.111685, 0.629404, 0.462433
0.498048, 0.280162, 0.120087, 0.634194, 0.479551
0.515836, 0.291404, 0.128794, 0.638983, 0.496665
0.533623, 0.302731, 0.137805, 0.64377, 0.513772
0.551411, 0.314144, 0.147121, 0.648553, 0.530868
0.569198, 0.325642, 0.156742, 0.653329, 0.547941
0.586986, 0.337226, 0.166667, 0.658087, 0.564952
0.604773, 0.348896, 0.176897, 0.66276, 0.581684
0.622561, 0.360682, 0.187401, 0.665131, 0.590814
0.640348, 0.372541, 0.197781, 0.66024, 0.575752
0.658135, 0.384302, 0.207861, 0.654933, 0.559018
0.675923, 0.395963, 0.217642, 0.649649, 0.54212
0.69371, 0.407523, 0.227121, 0.644404, 0.525167
0.711498, 0.418986, 0.2363, 0.639197, 0.508184
0.729285, 0.430352, 0.245177, 0.634022, 0.491182
0.747073, 0.441624, 0.253753, 0.628876, 0.474166
0.76486, 0.452801, 0.262026, 0.623755, 0.457139
0.782648, 0.463885, 0.269997, 0.618655, 0.440104
0.800435, 0.474876, 0.277665, 0.613574, 0.423062
0.818223, 0.485775, 0.285031, 0.60851, 0.406015
0.83601, 0.496582, 0.292093, 0.603461, 0.388962
0.853797, 0.507298, 0.298853, 0.598426, 0.371904
0.871585, 0.517924, 0.30531, 0.593402, 0.354843
0.889372, 0.528459, 0.311463, 0.58839, 0.337778
0.90716, 0.538903, 0.317313, 0.583387, 0.32071
0.924947, 0.549258, 0.32286, 0.578393, 0.303639
0.942735, 0.559523, 0.328103, 0.573408, 0.286565
0.960522, 0.569699, 0.333043, 0.568431, 0.269489
0.978309, 0.579785, 0.337679, 0.56346, 0.252411
0.996097, 0.589782, 0.342012, 0.558496, 0.235331
1.01388, 0.599691, 0.346041, 0.553538, 0.218249
1.03167, 0.60951, 0.349766, 0.548586, 0.201165
1.04946, 0.619241, 0.353188, 0.543639, 0.18408
1.06725, 0.628883, 0.356306, 0.538697, 0.166993
1.08503, 0.638437, 0.35912, 0.53376, 0.149905
1.10282, 0.647903, 0.36163, 0.528827, 0.132816
1.12061, 0.657281, 0.363836, 0.523898, 0.115725
1.1384, 0.66657, 0.365739, 0.518974, 0.0986332
1.15618, 0.675772, 0.367337, 0.514052, 0.0815403
1.17397, 0.684886, 0.368632, 0.509134, 0.0644465
1.19176, 0.693912, 0.369623, 0.50422, 0.0473516
1.20955, 0.70285, 0.370309, 0.499308, 0.0302559
1.22733, 0.7117, 0.370692, 0.4944, 0.0131592
1.24512, 0.720463, 0.37077, 0.489494, -0.00393831
1.26291, 0.729138, 0.370545, 0.484591, -0.0210364
1.2807, 0.737726, 0.370015, 0.479691, -0.0381354
1.29848, 0.746227, 0.369182, 0.474793, -0.0552349
1.31627, 0.75464, 0.368044, 0.469897, -0.0723353
1.33406, 0.762966, 0.366602, 0.465004, -0.0894363
1.35185, 0.771204, 0.364856, 0.460112, -0.106538
1.36963, 0.779356, 0.362806, 0.455223, -0.12364
1.38742, 0.78742, 0.360452, 0.450336, -0.140743
1.40521, 0.795397, 0.357794, 0.44545, -0.157846
1.423, 0.803287, 0.354831, 0.440567, -0.17495
1.44078, 0.81109, 0.351564, 0.435685, -0.192054
1.45857, 0.818806, 0.347993, 0.430805, -0.209159
1.47636, 0.826435, 0.344118, 0.425926, -0.226264
1.49415, 0.833977, 0.339939, 0.421049, -0.24337
1.51193, 0.841432, 0.335455, 0.416173, -0.260476
1.52972, 0.8488, 0.330668, 0.411299, -0.277583
1.54751, 0.856081, 0.325576, 0.406426, -0.29469
1.5653, 0.863276, 0.320179, 0.401555, -0.311797
1.58308, 0.870384, 0.314479, 0.396685, -0.328905
1.60087, 0.877405, 0.308474, 0.391816, -0.346013
1.61866, 0.884339, 0.302165, 0.386948, -0.363121
1.63645, 0.891187, 0.295551, 0.382082, -0.38023
1.65423, 0.897948, 0.288634, 0.377217, -0.397339
1.67202, 0.904622, 0.281412, 0.372352, -0.414448
1.68981, 0.911209, 0.273885, 0.367489, -0.431558
1.70759, 0.917711, 0.266055, 0.362627, -0.448668
1.72538, 0.924125, 0.25792, 0.357766, -0.465778
1.74317, 0.930453, 0.249481, 0.352906, -0.482889
1.76096, 0.936694, 0.240737, 0.348047, -0.5
1.79443, 0.948705, 0.22443, 0.368201, -0.473277
1.8279, 0.961391, 0.209018, 0.388355, -0.446554
1.86137, 0.973826, 0.195197, 0.409014, -0.420211
1.89484, 0.987878, 0.181561, 0.429168, -0.393488
1.92831, 1.0035, 0.168148, 0.448818, -0.366385
1.96178, 1.01888, 0.156314, 0.468972, -0.339662
1.99525, 1.03408, 0.14602, 0.489631, -0.313319
2.02873, 1.05083, 0.135962, 0.509785, -0.286596
2.0622, 1.06908, 0.126177, 0.529435, -0.259492
2.09567, 1.08636, 0.118528, 0.550094, -0.23315
2.12914, 1.10592, 0.110558, 0.569744, -0.206046
2.16261, 1.12535, 0.10409, 0.589898, -0.179323
2.19608, 1.14546, 0.0985171, 0.610052, -0.1526
2.22955, 1.16624, 0.0938382, 0.630207, -0.125877
2.26302, 1.18697, 0.0905984, 0.650865, -0.0995345
2.2965, 1.20982, 0.087164, 0.670515, -0.072431
2.32997, 1.23194, 0.0856875, 0.691174, -0.0460883
2.36344, 1.25611, 0.0840674, 0.710824, -0.0189849
2.39691, 1.27961, 0.0843544, 0.731482, 0.00735784
2.43038, 1.30445, 0.0850295, 0.751636, 0.0340809
2.46385, 1.32997, 0.0865991, 0.771791, 0.0608039
2.49732, 1.35617, 0.0890632, 0.791945, 0.087527
2.53079, 1.38269, 0.0926806, 0.812394, 0.114028
2.56426, 1.41058, 0.0966747, 0.832253, 0.140973
2.59774, 1.4388, 0.101822, 0.852408, 0.167696
2.63121, 1.46737, 0.1081, 0.872857, 0.194197
2.66468, 1.49695, 0.115029, 0.893011, 0.22092
2.69815, 1.5272, 0.122853, 0.913165, 0.247643
2.73162, 1.55813, 0.13157, 0.93332, 0.274366
2.76509, 1.59001, 0.140976, 0.953179, 0.301311
2.79856, 1.62201, 0.151689, 0.973628, 0.327812
2.83203, 1.65496, 0.16309, 0.993782, 0.354535
2.8655, 1.68841, 0.175517, 1.01415, 0.3811
2.89898, 1.72271, 0.188702, 1.0343, 0.407823
2.93245, 1.75785, 0.20266, 1.05425, 0.434704
2.96592, 1.7935, 0.217639, 1.0744, 0.461427
2.99939, 1.82957, 0.233708, 1.09493, 0.48787
3.03286, 1.86668, 0.250385, 1.11492, 0.514715
3.06633, 1.90436, 0.268042, 1.13507, 0.541438
3.0998, 1.94272, 0.286593, 1.15523, 0.568162
3.13327, 1.98175, 0.306039, 1.17538, 0.594885
3.16674, 2.02145, 0.32638, 1.19553, 0.621608
3.20022, 2.06175, 0.347675, 1.21585, 0.648208
3.23369, 2.1028, 0.3698, 1.236, 0.674931
3.26716, 2.14439, 0.39293, 1.2565, 0.701396
3.30063, 2.18681, 0.416835, 1.27666, 0.728119
3.3341, 2.2299, 0.441635, 1.29681, 0.754842
3.36757, 2.27367, 0.46733, 1.31696, 0.781565
3.40104, 2.31806, 0.493954, 1.33728, 0.808165
3.43451, 2.36318, 0.521433, 1.35743, 0.834888
3.46798, 2.40896, 0.549819, 1.37766, 0.861559
3.50146, 2.4554, 0.579111, 1.39799, 0.888149
3.53493, 2.50255, 0.609273, 1.41819, 0.914834
3.5684, 2.55037, 0.640331, 1.43844, 0.941488
3.60187, 2.59886, 0.672283, 1.45874, 0.968094
3.63534, 2.64803, 0.705128, 1.47918, 0.994602
3.66881, 2.69788, 0.738867, 1.5003, 1.02057
3.70228, 2.74845, 0.773396, 1.51637, 1.03237
3.73575, 2.79889, 0.807485, 1.49753, 1.00477
3.76923, 2.84869, 0.840663, 1.47782, 0.977723
3.8027, 2.89782, 0.872937, 1.45794, 0.950795
3.83617, 2.94628, 0.904312, 1.43798, 0.923926
3.86964, 2.99408, 0.934788, 1.41798, 0.897086
3.90311, 3.04121, 0.964365, 1.39796, 0.870266
3.93658, 3.08766, 0.993045, 1.37791, 0.843463
3.97005, 3.13345, 1.02083, 1.35785, 0.816667
4.00352, 3.17856, 1.04772, 1.33778, 0.789882
4.03699, 3.223, 1.07371, 1.3177, 0.763103
4.07047, 3.26677, 1.0988, 1.29762, 0.736329
4.10394, 3.30987, 1.123, 1.27752, 0.709558
4.13741, 3.35229, 1.1463, 1.25743, 0.682793
4.17088, 3.39404, 1.1687, 1.23733, 0.65603
4.20435, 3.43512, 1.19021, 1.21722, 0.62927
4.23782, 3.47553, 1.21083, 1.19711, 0.602511
4.27129, 3.51526, 1.23055, 1.177, 0.575756
4.30476, 3.55432, 1.24937, 1.15689, 0.549001
4.33823, 3.5927, 1.2673, 1.13677, 0.522249
4.37171, 3.63042, 1.28433, 1.11666, 0.495498
4.40518, 3.66745, 1.30047, 1.09654, 0.468748
4.43865, 3.70382, 1.31571, 1.07642, 0.442001
4.47212, 3.73951, 1.33006, 1.0563, 0.415253
4.50559, 3.77453, 1.34351, 1.03617, 0.388507
4.53906, 3.80888, 1.35607, 1.01605, 0.361762
4.57253, 3.84255, 1.36773, 0.995922, 0.335018
4.606, 3.87555, 1.37849, 0.975795, 0.308274
4.63947, 3.90787, 1.38836, 0.955667, 0.281531
4.67295, 3.93952, 1.39734, 0.935537, 0.254788
4.70642, 3.9705, 1.40542, 0.915408, 0.228047
4.73989, 4.0008, 1.4126, 0.895277, 0.201306
4.77336, 4.03043, 1.4189, 0.875146, 0.174566
4.80683, 4.05938, 1.42429, 0.855014, 0.147826
4.8403, 4.08766, 1.42879, 0.834881, 0.121086
4.87377, 4.11527, 1.4324, 0.814748, 0.094348
4.90724, 4.14221, 1.43511, 0.794614, 0.0676094
4.94071, 4.16847, 1.43692, 0.77448, 0.0408717
4.97419, 4.19405, 1.43784, 0.754345, 0.0141338
5.00766, 4.21896, 1.43787, 0.734209, -0.0126032
5.04113, 4.2432, 1.437, 0.714073, -0.0393403
5.0746, 4.26676, 1.43524, 0.693937, -0.0660767
5.10807, 4.28965, 1.43258, 0.6738, -0.0928129
