4.07694, 0
0, 0, 0, 0.5, 0
0.0138539, 0.00672068, 0.000408472, 0.510535, 0.00896774
0.0277077, 0.0135876, 0.000941244, 0.521069, 0.0179352
0.0415616, 0.0206007, 0.00159833, 0.531602, 0.0269023
0.0554155, 0.0277601, 0.00237968, 0.542134, 0.0358691
0.0692693, 0.0350657, 0.00328535, 0.552665, 0.0448356
0.0831232, 0.0425176, 0.00431531, 0.563195, 0.0538016
0.0969771, 0.0501157, 0.00546955, 0.573724, 0.0627673
0.110831, 0.05786, 0.0067481, 0.584251, 0.0717324
0.124685, 0.0657505, 0.00815092, 0.594777, 0.0806972
0.138539, 0.0737873, 0.00967802, 0.605301, 0.0896613
0.152393, 0.0819704, 0.0113294, 0.615823, 0.0986249
0.166246, 0.0902997, 0.0131051, 0.626343, 0.107588
0.1801, 0.0987752, 0.015005, 0.636862, 0.11655
0.193954, 0.107397, 0.0170291, 0.647378, 0.125512
0.207808, 0.116165, 0.0191776, 0.657891, 0.134472
0.221662, 0.125079, 0.0214503, 0.668402, 0.143432
0.235516, 0.13414, 0.0238472, 0.67891, 0.152391
0.24937, 0.143347, 0.0263684, 0.689414, 0.161349
0.263223, 0.1527, 0.0290138, 0.699915, 0.170305
0.277077, 0.162199, 0.0317833, 0.710411, 0.17926
0.290931, 0.171845, 0.0346771, 0.720902, 0.188214
0.304785, 0.181637, 0.0376951, 0.731389, 0.197165
0.318639, 0.191575, 0.0408372, 0.741869, 0.206115
0.332493, 0.20166, 0.0441035, 0.752342, 0.215062
0.346347, 0.211891, 0.0474939, 0.762808, 0.224007
0.360201, 0.222268, 0.0510083, 0.773264, 0.232949
0.374054, 0.232791, 0.0546468, 0.78371, 0.241887
0.387908, 0.243461, 0.0584093, 0.794144, 0.250821
0.401762, 0.254278, 0.0622957, 0.804563, 0.259751
0.415616, 0.265241, 0.0663059, 0.814964, 0.268674
0.42947, 0.27635, 0.07044, 0.825346, 0.277591
0.443324, 0.287606, 0.0746976, 0.835701, 0.286499
0.457178, 0.299008, 0.0790787, 0.846026, 0.295396
0.471031, 0.310557, 0.0835831, 0.856312, 0.30428
0.484885, 0.322253, 0.0882104, 0.866547, 0.313147
0.498739, 0.334096, 0.0929602, 0.876718, 0.321991
0.512593, 0.346086, 0.097832, 0.886802, 0.330805
0.526447, 0.358224, 0.102825, 0.896768, 0.339578
0.540301, 0.37051, 0.107937, 0.906565, 0.348291
0.554155, 0.382944, 0.113167, 0.916114, 0.356913
0.568009, 0.395528, 0.11851, 0.925274, 0.365393
0.581862, 0.408263, 0.12396, 0.933796, 0.373631
0.595716, 0.421152, 0.129502, 0.941197, 0.38143
0.60957, 0.434192, 0.135107, 0.946536, 0.388374
0.623424, 0.447369, 0.140723, 0.948247, 0.393679
0.637278, 0.460616, 0.146288, 0.944954, 0.396403
0.651132, 0.473825, 0.151774, 0.937238, 0.396339
0.664986, 0.486906, 0.15719, 0.926977, 0.394131
0.67884, 0.49982, 0.162544, 0.915565, 0.390491
0.692693, 0.512553, 0.167835, 0.903685, 0.385892
0.706547, 0.525105, 0.173059, 0.891639, 0.380623
0.720401, 0.537476, 0.178211, 0.879561, 0.374861
0.734255, 0.54967, 0.183284, 0.867509, 0.368724
0.748109, 0.561688, 0.188275, 0.85551, 0.362289
0.761963, 0.573533, 0.193179, 0.843574, 0.355616
0.775817, 0.585207, 0.197994, 0.831702, 0.348744
0.78967, 0.596711, 0.202716, 0.819893, 0.341706
0.803524, 0.608048, 0.207342, 0.808145, 0.334526
0.817378, 0.619218, 0.211872, 0.796453, 0.327223
0.831232, 0.630224, 0.216302, 0.784813, 0.319815
0.845086, 0.641065, 0.220631, 0.773222, 0.312312
0.85894, 0.651743, 0.224858, 0.761677, 0.304726
0.872794, 0.66226, 0.228982, 0.750173, 0.297067
0.886648, 0.672615, 0.233001, 0.738708, 0.28934
0.900501, 0.682809, 0.236915, 0.727279, 0.281554
0.914355, 0.692843, 0.240722, 0.715883, 0.273713
0.928209, 0.702719, 0.244421, 0.704519, 0.265822
0.942063, 0.712435, 0.248012, 0.693184, 0.257886
0.955917, 0.721993, 0.251494, 0.681875, 0.249908
0.969771, 0.731393, 0.254867, 0.670593, 0.241891
0.983625, 0.740637, 0.258129, 0.659333, 0.233838
0.997478, 0.749723, 0.261281, 0.648097, 0.225753
1.01133, 0.758652, 0.264322, 0.636881, 0.217636
1.02519, 0.767426, 0.26725, 0.625684, 0.209491
1.03904, 0.776043, 0.270067, 0.614507, 0.201318
1.05289, 0.784505, 0.272771, 0.603347, 0.193121
1.06675, 0.792811, 0.275362, 0.592204, 0.1849
1.0806, 0.800963, 0.27784, 0.581076, 0.176656
1.09446, 0.80896, 0.280205, 0.569964, 0.168392
1.10831, 0.816802, 0.282455, 0.558866, 0.160108
1.12216, 0.82449, 0.284591, 0.547781, 0.151805
1.13602, 0.832024, 0.286612, 0.536709, 0.143484
1.14987, 0.839404, 0.288519, 0.52565, 0.135147
1.16372, 0.846631, 0.290311, 0.514602, 0.126794
1.17758, 0.853704, 0.291987, 0.503565, 0.118425
1.19143, 0.860623, 0.293548, 0.492539, 0.110042
1.20529, 0.86739, 0.294993, 0.481524, 0.101645
1.21914, 0.874003, 0.296322, 0.470518, 0.0932351
1.23299, 0.880464, 0.297535, 0.459521, 0.0848125
1.24685, 0.886772, 0.298631, 0.448534, 0.0763778
1.2607, 0.892927, 0.299611, 0.437555, 0.0679316
1.27456, 0.89893, 0.300474, 0.426585, 0.0594745
1.28841, 0.904781, 0.301221, 0.415622, 0.0510067
1.30226, 0.91048, 0.30185, 0.404667, 0.0425289
1.31612, 0.916026, 0.302363, 0.39372, 0.0340411
1.32997, 0.921421, 0.302758, 0.38278, 0.0255441
1.34383, 0.926664, 0.303035, 0.371847, 0.017038
1.35768, 0.931755, 0.303195, 0.36092, 0.00852329
1.37153, 0.936694, 0.303237, 0.35, 1.49012e-07
1.39859, 0.946001, 0.303566, 0.339661, 0.0250005
1.42564, 0.955052, 0.304582, 0.329299, 0.0499917
1.4527, 0.963811, 0.306268, 0.318942, 0.0749847
1.47975, 0.972342, 0.308652, 0.308538, 0.0999587
1.5068, 0.980513, 0.31168, 0.298192, 0.124956
1.53386, 0.988453, 0.315403, 0.2878, 0.149934
1.56091, 0.996097, 0.319797, 0.277414, 0.174916
1.58797, 1.00347, 0.324872, 0.26701, 0.199889
1.61502, 1.01055, 0.330616, 0.256613, 0.224866
1.64207, 1.01736, 0.33704, 0.2462, 0.249836
1.66913, 1.02387, 0.344134, 0.235794, 0.274808
1.69618, 1.03011, 0.351906, 0.225373, 0.299775
1.72324, 1.03607, 0.360356, 0.214939, 0.324736
1.75029, 1.04175, 0.369482, 0.204493, 0.349692
1.77734, 1.04714, 0.379277, 0.194055, 0.374652
1.8044, 1.05224, 0.389747, 0.183607, 0.399607
1.83145, 1.05707, 0.4009, 0.17313, 0.42455
1.85851, 1.06161, 0.41272, 0.162663, 0.449497
1.88556, 1.06587, 0.42522, 0.152172, 0.474434
1.91261, 1.06984, 0.438392, 0.141674, 0.499369
1.93967, 1.07354, 0.452242, 0.131155, 0.524294
1.96672, 1.07693, 0.466757, 0.12065, 0.549225
1.99378, 1.08007, 0.481958, 0.110094, 0.574135
2.02083, 1.08289, 0.497824, 0.0995548, 0.599052
2.04789, 1.08544, 0.514367, 0.0889864, 0.623956
2.07494, 1.08771, 0.531586, 0.0783932, 0.64885
2.10199, 1.08968, 0.549475, 0.0677917, 0.673741
2.12905, 1.09138, 0.568043, 0.0571457, 0.698612
2.1561, 1.09278, 0.587276, 0.0465101, 0.723488
2.18316, 1.0939, 0.607188, 0.0358265, 0.748343
2.21021, 1.09472, 0.62777, 0.0251245, 0.773191
2.23726, 1.09525, 0.649023, 0.0143976, 0.798027
2.26432, 1.09549, 0.670947, 0.00364077, 0.822851
2.29137, 1.09545, 0.693545, -0.00716791, 0.847652
2.31843, 1.09511, 0.716814, -0.0180181, 0.872435
2.34548, 1.09448, 0.740752, -0.0289084, 0.897201
2.37253, 1.09354, 0.765359, -0.0398441, 0.921946
2.39959, 1.09232, 0.790636, -0.0508492, 0.946661
2.42664, 1.09079, 0.816582, -0.0619314, 0.971341
2.4537, 1.08897, 0.843195, -0.0730928, 0.995985
2.48075, 1.08683, 0.870471, -0.0843242, 1.0206
2.5078, 1.0844, 0.898415, -0.0957039, 1.04514
2.53486, 1.08166, 0.927023, -0.107236, 1.06962
2.56191, 1.0786, 0.956289, -0.118911, 1.09402
2.58897, 1.07522, 0.986216, -0.130858, 1.11829
2.61602, 1.07151, 1.0168, -0.143106, 1.14242
2.64308, 1.06747, 1.04803, -0.155835, 1.16629
2.67013, 1.06308, 1.0799, -0.169283, 1.18976
2.69718, 1.0583, 1.1124, -0.18394, 1.21249
2.72424, 1.0531, 1.14549, -0.201275, 1.23321
2.75129, 1.04735, 1.17904, -0.225279, 1.24278
2.77835, 1.04103, 1.2124, -0.237647, 1.22047
2.8054, 1.03461, 1.24505, -0.236186, 1.19351
2.83245, 1.02828, 1.27698, -0.231145, 1.16693
2.85951, 1.02211, 1.30819, -0.224608, 1.14068
2.88656, 1.01614, 1.3387, -0.217255, 1.11465
2.91362, 1.01036, 1.36851, -0.20939, 1.08876
2.94067, 1.00481, 1.39761, -0.201171, 1.06299
2.96772, 0.999481, 1.42602, -0.192695, 1.0373
2.99478, 0.994385, 1.45374, -0.184023, 1.01167
3.02183, 0.989526, 1.48076, -0.175197, 0.986096
3.04889, 0.984907, 1.5071, -0.166247, 0.960565
3.07594, 0.980531, 1.53274, -0.157194, 0.93507
3.103, 0.976402, 1.55769, -0.148055, 0.909607
3.13005, 0.972521, 1.58196, -0.138844, 0.884169
3.1571, 0.96889, 1.60553, -0.129569, 0.858755
3.18416, 0.965511, 1.62842, -0.120239, 0.83336
3.21121, 0.962384, 1.65062, -0.110862, 0.807983
3.23827, 0.959513, 1.67214, -0.101441, 0.782622
3.26532, 0.956896, 1.69297, -0.0919835, 0.757275
3.29237, 0.954536, 1.71311, -0.0824914, 0.731941
3.31943, 0.952433, 1.73257, -0.0729687, 0.706618
3.34648, 0.950588, 1.75135, -0.0634182, 0.681306
3.37354, 0.949002, 1.76944, -0.0538425, 0.656003
3.40059, 0.947675, 1.78684, -0.0442436, 0.630709
3.42764, 0.946608, 1.80356, -0.0346236, 0.605423
3.4547, 0.945802, 1.8196, -0.0249837, 0.580144
3.48175, 0.945256, 1.83496, -0.015326, 0.554873
3.50881, 0.944973, 1.84963, -0.00565147, 0.529608
3.53586, 0.944951, 1.86361, 0.00403875, 0.504348
3.56291, 0.945191, 1.87691, 0.0137431, 0.479095
3.58997, 0.945694, 1.88953, 0.0234613, 0.453847
3.61702, 0.946461, 1.90147, 0.0331922, 0.428603
3.64408, 0.94749, 1.91273, 0.042935, 0.403364
3.67113, 0.948784, 1.9233, 0.052689, 0.37813
3.69819, 0.950342, 1.93319, 0.0624536, 0.352899
3.72524, 0.952163, 1.94239, 0.072228, 0.327672
3.75229, 0.95425, 1.95092, 0.0820118, 0.30245
3.77935, 0.956601, 1.95876, 0.0918046, 0.27723
3.8064, 0.959217, 1.96592, 0.101606, 0.252014
3.83346, 0.962099, 1.97239, 0.111415, 0.2268
3.86051, 0.965246, 1.97819, 0.121232, 0.20159
3.88756, 0.968658, 1.9833, 0.131056, 0.176383
3.91462, 0.972337, 1.98773, 0.140887, 0.151178
3.94167, 0.976282, 1.99148, 0.150724, 0.125976
3.96873, 0.980492, 1.99455, 0.160568, 0.100776
3.99578, 0.98497, 1.99693, 0.170418, 0.075579
4.02283, 0.989713, 1.99864, 0.180274, 0.0503839
4.04989, 0.994724, 1.99966, 0.190135, 0.0251911
4.07694, 1, 2, 0.200001, 1.75089e-07
