30.9205, 0
0, 0, 0, 0.5, 0
0.162645, 0.0680993, 0.000103602, 0.337361, 0.00137624
0.32529, 0.109739, 0.000431102, 0.174722, 0.00275247
0.487935, 0.124932, 0.000982387, 0.0120824, 0.0041287
0.650579, 0.113675, 0.0017575, -0.150556, 0.00550494
0.813224, 0.0759571, 0.00275651, -0.313195, 0.00688117
0.975869, 0.0117919, 0.00397932, -0.475835, 0.0082574
1.13851, -0.0788246, 0.00542596, -0.638473, 0.00963364
1.30116, -0.195897, 0.00709646, -0.801112, 0.0110099
1.4638, -0.339418, 0.00899077, -0.963752, 0.0123861
1.62645, -0.509397, 0.011109, -1.12639, 0.0137623
1.78909, -0.705799, 0.0163309, -1.28903, 0.0146841
1.95174, -0.928702, 0.0160168, -1.45167, 0.0165148
2.11438, -1.17804, 0.0188065, -1.61431, 0.017891
2.27703, -1.45382, 0.02182, -1.77695, 0.0192673
2.43967, -1.75606, 0.0250573, -1.93959, 0.0206435
2.60232, -2.08475, 0.0285185, -2.10222, 0.0220197
2.76496, -2.43989, 0.0322035, -2.26486, 0.023396
2.92761, -2.82147, 0.0384749, -2.42751, 0.0243177
3.09025, -3.22953, 0.0402451, -2.59014, 0.0261484
3.2529, -3.66403, 0.0446016, -2.75278, 0.0275247
3.41554, -4.12498, 0.049182, -2.91542, 0.0289009
3.57819, -4.61239, 0.0539862, -3.07806, 0.0302771
3.74083, -5.12623, 0.0610072, -3.2407, 0.0311989
3.90348, -5.66655, 0.0642661, -3.40334, 0.0330296
4.06612, -6.23332, 0.0697419, -3.56598, 0.0344058
4.22877, -6.82652, 0.0772126, -3.72862, 0.0353276
4.39141, -7.44619, 0.0813648, -3.89125, 0.0371583
4.55406, -8.09231, 0.0875121, -4.05389, 0.0385345
4.7167, -8.76487, 0.0954325, -4.21654, 0.0394563
4.87935, -9.4639, 0.101954, -4.37917, 0.0408325
5.04199, -10.1894, 0.108698, -4.54181, 0.0422088
5.20463, -10.9413, 0.115667, -4.70445, 0.043585
5.36728, -11.7197, 0.121606, -4.86709, 0.0454157
5.52992, -12.5245, 0.129096, -5.02973, 0.0467919
5.69257, -13.3558, 0.137916, -5.19237, 0.0477137
5.85521, -14.2135, 0.14586, -5.35501, 0.0490546
6.01786, -15.0977, 0.153986, -5.51765, 0.0504102
6.1805, -16.0084, 0.16218, -5.68029, 0.0518424
6.34315, -16.9455, 0.169905, -5.84292, 0.0536731
6.50579, -17.909, 0.178738, -6.00556, 0.0550493
6.66844, -18.899, 0.188458, -6.1682, 0.0559711
6.83108, -19.9155, 0.197076, -6.33084, 0.0578018
6.99373, -20.9584, 0.206581, -6.49348, 0.0591781
7.15637, -22.0277, 0.21631, -6.65612, 0.0605543
7.31902, -23.1235, 0.226657, -6.81876, 0.0614407
7.48166, -24.2458, 0.236767, -6.9814, 0.0627963
7.64431, -25.3945, 0.247092, -7.14404, 0.0641578
7.80695, -26.5697, 0.257463, -7.30668, 0.0660592
7.9696, -27.7713, 0.26831, -7.46932, 0.0674355
8.13224, -28.9993, 0.279376, -7.61968, 0.0677501
8.29489, -30.2254, 0.290263, -7.45669, 0.0662019
8.45753, -31.4249, 0.300915, -7.29403, 0.0647911
8.62018, -32.598, 0.311339, -7.13139, 0.0633945
8.78282, -33.7447, 0.321537, -6.96876, 0.0620038
8.94547, -34.8649, 0.331509, -6.80611, 0.0606163
9.10811, -35.9586, 0.341255, -6.64348, 0.0592308
9.27076, -37.026, 0.350776, -6.48084, 0.0578468
9.4334, -38.0668, 0.360072, -6.3182, 0.0564638
9.59605, -39.0812, 0.369143, -6.15556, 0.0550816
9.75869, -40.0691, 0.37799, -5.99292, 0.0537
9.92134, -41.0306, 0.386611, -5.83028, 0.0523189
10.084, -41.9657, 0.395008, -5.66764, 0.0509383
10.2466, -42.8743, 0.403181, -5.505, 0.049558
10.4093, -43.7564, 0.411129, -5.34237, 0.048178
10.5719, -44.6121, 0.418853, -5.17973, 0.0467982
10.7346, -45.4413, 0.426352, -5.01709, 0.0454187
10.8972, -46.2441, 0.433627, -4.85445, 0.0440394
11.0598, -47.0204, 0.440678, -4.69181, 0.0426603
11.2225, -47.7703, 0.447504, -4.52917, 0.0412813
11.3851, -48.4937, 0.454106, -4.36653, 0.0399024
11.5478, -49.1907, 0.460484, -4.20389, 0.0385237
11.7104, -49.8612, 0.466637, -4.04125, 0.0371451
11.8731, -50.5052, 0.472567, -3.87862, 0.0357666
12.0357, -51.1228, 0.478272, -3.71597, 0.0343882
12.1984, -51.714, 0.483753, -3.55334, 0.0330099
12.361, -52.2787, 0.48901, -3.3907, 0.0316317
12.5237, -52.817, 0.494042, -3.22806, 0.0302535
12.6863, -53.3288, 0.498851, -3.06542, 0.0288754
12.8489, -53.8141, 0.503435, -2.90278, 0.0274974
13.0116, -54.273, 0.507795, -2.74014, 0.0261195
13.1742, -54.7055, 0.511932, -2.5775, 0.0247416
13.3369, -55.1115, 0.515844, -2.41486, 0.0233637
13.4995, -55.491, 0.519532, -2.25223, 0.0219859
13.6622, -55.8441, 0.522995, -2.08959, 0.0206082
13.8248, -56.1707, 0.526235, -1.92694, 0.0192304
13.9875, -56.4709, 0.529251, -1.76431, 0.0178528
14.1501, -56.7446, 0.532043, -1.60167, 0.0164752
14.3127, -56.9919, 0.53461, -1.43903, 0.0150976
14.4754, -57.2127, 0.536954, -1.27639, 0.01372
14.638, -57.4071, 0.539073, -1.11375, 0.0123425
14.8007, -57.575, 0.540969, -0.951112, 0.010965
14.9633, -57.7165, 0.54264, -0.788474, 0.00958754
15.126, -57.8315, 0.544087, -0.625834, 0.00821009
15.2886, -57.9201, 0.545311, -0.463194, 0.00683269
15.4513, -57.9822, 0.54631, -0.300557, 0.00545532
15.6139, -58.0178, 0.547085, -0.137918, 0.00407797
15.7765, -58.027, 0.547636, 0.024721, 0.00270064
15.9392, -58.0098, 0.547964, 0.187359, 0.00132334
16.1018, -57.9661, 0.548067, 0.349999, -5.39508e-05
16.25, -57.9032, 0.548683, 0.498182, 0.00121888
16.3982, -57.8184, 0.54905, 0.646364, 0.00243775
16.5464, -57.7117, 0.549597, 0.794545, 0.00365662
16.6946, -57.5829, 0.550324, 0.942728, 0.0048755
16.8428, -57.4323, 0.551233, 1.09091, 0.00609438
16.991, -57.2596, 0.552322, 1.23909, 0.00731325
17.1391, -57.065, 0.553592, 1.38727, 0.00853213
17.2873, -56.8485, 0.555042, 1.53546, 0.009751
17.4355, -56.61, 0.556673, 1.68364, 0.0109699
17.5837, -56.3495, 0.558484, 1.83182, 0.0121888
17.7319, -56.0671, 0.560477, 1.98, 0.0134076
17.8801, -55.7627, 0.562649, 2.12818, 0.0146265
18.0283, -55.4363, 0.565003, 2.27637, 0.0158454
18.1765, -55.088, 0.567537, 2.42455, 0.0170643
18.3246, -54.7178, 0.570251, 2.57273, 0.0182831
18.4728, -54.3255, 0.573147, 2.72091, 0.019502
18.621, -53.9114, 0.576223, 2.86909, 0.0207209
18.7692, -53.4752, 0.579479, 3.01727, 0.0219398
18.9174, -53.0171, 0.582916, 3.16546, 0.0231586
19.0656, -52.5371, 0.586534, 3.31364, 0.0243775
19.2138, -52.035, 0.590332, 3.46182, 0.0255964
19.362, -51.5111, 0.594311, 3.61, 0.0268153
19.5101, -50.9651, 0.598471, 3.75818, 0.0280341
19.6583, -50.3972, 0.602811, 3.90637, 0.029253
19.8065, -49.8074, 0.607332, 4.05455, 0.0304719
19.9547, -49.1956, 0.612033, 4.20273, 0.0316908
20.1029, -48.5618, 0.616916, 4.35091, 0.0329096
20.2511, -47.9061, 0.621978, 4.49909, 0.0341285
20.3993, -47.2284, 0.627222, 4.64728, 0.0353474
20.5474, -46.5288, 0.632646, 4.79546, 0.0365663
20.6956, -45.8072, 0.63825, 4.94364, 0.0377851
20.8438, -45.0636, 0.644035, 5.09182, 0.039004
20.992, -44.2981, 0.650001, 5.24, 0.0402229
21.1402, -43.5106, 0.656148, 5.38819, 0.0414418
21.2884, -42.7012, 0.662475, 5.53637, 0.0426606
21.4366, -41.8698, 0.668982, 5.68455, 0.0438795
21.5848, -41.0164, 0.675671, 5.83273, 0.0450984
21.7329, -40.1411, 0.68254, 5.98091, 0.0463173
21.8811, -39.2438, 0.689589, 6.1291, 0.0475361
22.0293, -38.3246, 0.696819, 6.27728, 0.048755
22.1775, -37.3834, 0.70423, 6.42546, 0.0499739
22.3257, -36.4202, 0.711822, 6.57364, 0.0511928
22.4739, -35.4351, 0.719594, 6.72182, 0.0524117
22.6221, -34.4281, 0.727546, 6.87001, 0.0536305
22.7703, -33.3991, 0.73568, 7.01819, 0.0548494
22.9184, -32.3481, 0.743994, 7.16637, 0.0560683
23.0666, -31.2751, 0.752488, 7.31456, 0.0572872
23.2148, -30.1802, 0.761163, 7.46274, 0.0585061
23.363, -29.0634, 0.770019, 7.61092, 0.059725
23.5112, -27.9302, 0.778915, 7.60913, 0.0597465
23.6594, -26.8136, 0.787597, 7.46091, 0.0585934
23.8076, -25.719, 0.796117, 7.31274, 0.0574346
23.9557, -24.6463, 0.80447, 7.16455, 0.0562706
24.1039, -23.5956, 0.812657, 7.01638, 0.0551023
24.2521, -22.5668, 0.820674, 6.86819, 0.0539303
24.4003, -21.56, 0.828522, 6.72001, 0.0527552
24.5485, -20.5752, 0.8362, 6.57183, 0.0515773
24.6967, -19.6123, 0.843705, 6.42365, 0.0503969
24.8449, -18.6714, 0.851039, 6.27546, 0.0492143
24.9931, -17.7524, 0.858199, 6.12728, 0.0480299
25.1412, -16.8554, 0.865186, 5.9791, 0.0468437
25.2894, -15.9804, 0.872, 5.83092, 0.0456559
25.4376, -15.1273, 0.878639, 5.68274, 0.0444666
25.5858, -14.2961, 0.885103, 5.53456, 0.0432761
25.734, -13.487, 0.891392, 5.38637, 0.0420844
25.8822, -12.6998, 0.897507, 5.23819, 0.0408916
26.0304, -11.9345, 0.903445, 5.09001, 0.0396978
26.1786, -11.1912, 0.909208, 4.94183, 0.038503
26.3267, -10.4699, 0.914795, 4.79364, 0.0373074
26.4749, -9.7705, 0.920206, 4.64546, 0.0361109
26.6231, -9.0931, 0.92544, 4.49728, 0.0349137
26.7713, -8.43763, 0.930498, 4.3491, 0.0337158
26.9195, -7.80414, 0.935379, 4.20091, 0.0325173
27.0677, -7.1926, 0.940083, 4.05273, 0.0313181
27.2159, -6.603, 0.94461, 3.90455, 0.0301183
27.364, -6.03538, 0.94896, 3.75637, 0.028918
27.5122, -5.48972, 0.953133, 3.60818, 0.0277172
27.6604, -4.96601, 0.957129, 3.46001, 0.0265159
27.8086, -4.46426, 0.960947, 3.31182, 0.0253141
27.9568, -3.98447, 0.964587, 3.16364, 0.0241118
28.105, -3.52665, 0.96805, 3.01546, 0.0229092
28.2532, -3.09077, 0.971335, 2.86728, 0.0217062
28.4014, -2.67686, 0.974443, 2.71909, 0.0205027
28.5495, -2.2849, 0.977372, 2.57091, 0.019299
28.6977, -1.9149, 0.980124, 2.42273, 0.0180948
28.8459, -1.56686, 0.982697, 2.27455, 0.0168904
28.9941, -1.24078, 0.985093, 2.12637, 0.0156856
29.1423, -0.936668, 0.98731, 1.97818, 0.0144805
29.2905, -0.654503, 0.989349, 1.83, 0.0132751
29.4387, -0.394302, 0.99121, 1.68182, 0.0120695
29.5868, -0.156055, 0.992892, 1.53364, 0.0108636
29.735, 0.0602303, 0.994396, 1.38546, 0.00965743
29.8832, 0.254555, 0.995721, 1.23727, 0.00845103
30.0314, 0.426922, 0.996868, 1.08909, 0.00724438
30.1796, 0.577335, 0.997837, 0.94091, 0.00603751
30.3278, 0.705788, 0.998627, 0.792729, 0.00483042
30.476, 0.812275, 0.999238, 0.644547, 0.00362312
30.6242, 0.896812, 0.999671, 0.496363, 0.0024156
30.7723, 0.959393, 0.999925, 0.348182, 0.0012079
30.9205, 1.00001, 1, 0.200001, 1.18744e-08
