35.3087, 0
0, 0, 0, 0.5, 0
0.184881, 0.0753528, 0.00010478, 0.315122, 0.00121073
0.369763, 0.116539, 0.00347694, 0.130243, 0.00207782
0.554644, 0.123513, 0.000985892, -0.0546331, 0.00363219
0.739526, 0.0963389, 0.00467866, -0.239512, 0.00449928
0.924407, 0.034946, 0.0027624, -0.424388, 0.00605364
1.10929, -0.0605829, 0.00677575, -0.609267, 0.00692073
1.29417, -0.190332, 0.0054342, -0.794143, 0.00847509
1.47905, -0.354246, 0.0071059, -0.97902, 0.00968582
1.66393, -0.552322, 0.0116002, -1.1639, 0.0105529
1.84881, -0.784613, 0.0111208, -1.34878, 0.0121073
2.0337, -1.05107, 0.013464, -1.53365, 0.013318
2.21858, -1.3517, 0.0160311, -1.71853, 0.0145287
2.40346, -1.68652, 0.0188219, -1.90341, 0.0157395
2.58834, -2.05551, 0.0218367, -2.08829, 0.0169502
2.77322, -2.45869, 0.0250752, -2.27316, 0.0181609
2.9581, -2.89603, 0.0306917, -2.45804, 0.019028
3.14298, -3.36757, 0.0343144, -2.64292, 0.0202387
3.32787, -3.87329, 0.036134, -2.8278, 0.0217931
3.51275, -4.41318, 0.0422314, -3.01267, 0.0226602
3.69763, -4.98726, 0.0465256, -3.19755, 0.0238709
3.88251, -5.59552, 0.0510437, -3.38243, 0.0250816
4.06739, -6.23795, 0.0557856, -3.56731, 0.0262924
4.25227, -6.91459, 0.0590421, -3.75218, 0.0278467
4.43716, -7.62539, 0.0642952, -3.93706, 0.0290575
4.62204, -8.37036, 0.0697722, -4.12194, 0.0302682
4.80692, -9.14952, 0.0769918, -4.30682, 0.0311353
4.9918, -9.96286, 0.0828529, -4.49169, 0.032346
5.17668, -10.8104, 0.0875461, -4.67657, 0.0339004
5.36156, -11.6921, 0.0939185, -4.86145, 0.0351111
5.54644, -12.608, 0.101779, -5.04633, 0.0359782
5.73133, -13.558, 0.108629, -5.2312, 0.0371622
5.91621, -14.5423, 0.115516, -5.41608, 0.0383996
6.10109, -15.5607, 0.12272, -5.60096, 0.0396104
6.28597, -16.6133, 0.130227, -5.78584, 0.0407944
6.47085, -17.7001, 0.137917, -5.97071, 0.0419895
6.65573, -18.821, 0.144792, -6.15559, 0.0435862
6.84061, -19.9762, 0.153775, -6.34047, 0.0444533
7.0255, -21.1655, 0.161342, -6.52535, 0.0460076
7.21038, -22.389, 0.170731, -6.71022, 0.0468324
7.39526, -23.6467, 0.179417, -6.8951, 0.0480855
7.58014, -24.9386, 0.188412, -7.07998, 0.0492962
7.76502, -26.2646, 0.197129, -7.26486, 0.0508505
7.9499, -27.6248, 0.207127, -7.44973, 0.0516753
8.13478, -29.0193, 0.216786, -7.63461, 0.052886
8.31967, -30.4479, 0.226714, -7.81948, 0.0540466
8.50455, -31.9106, 0.236496, -8.00437, 0.0556935
8.68943, -33.4076, 0.246897, -8.18925, 0.0569042
8.87431, -34.9387, 0.257523, -8.37413, 0.0581149
9.05919, -36.504, 0.268372, -8.559, 0.0593257
9.24407, -38.1032, 0.279431, -8.70904, 0.0595389
9.42895, -39.6962, 0.290315, -8.52411, 0.0582333
9.61384, -41.2551, 0.300966, -8.33923, 0.0569976
9.79872, -42.7798, 0.311391, -8.15436, 0.0557718
9.9836, -44.2703, 0.321589, -7.96949, 0.0545503
10.1685, -45.7266, 0.331562, -7.78461, 0.0533312
10.3534, -47.1487, 0.341309, -7.59974, 0.0521136
10.5382, -48.5367, 0.350831, -7.41486, 0.050897
10.7231, -49.8905, 0.360129, -7.22998, 0.0496812
10.908, -51.2101, 0.369202, -7.0451, 0.048466
11.0929, -52.4955, 0.37805, -6.86022, 0.0472512
11.2778, -53.7467, 0.386673, -6.67534, 0.0460368
11.4627, -54.9638, 0.395073, -6.49047, 0.0448228
11.6475, -56.1467, 0.403247, -6.30559, 0.043609
11.8324, -57.2954, 0.411198, -6.12071, 0.0423954
12.0173, -58.4099, 0.418924, -5.93584, 0.0411821
12.2022, -59.4902, 0.426425, -5.75096, 0.0399689
12.3871, -60.5364, 0.433702, -5.56608, 0.0387558
12.5719, -61.5483, 0.440756, -5.3812, 0.0375429
12.7568, -62.5261, 0.447584, -5.19632, 0.0363301
12.9417, -63.4697, 0.454189, -5.01145, 0.0351174
13.1266, -64.3792, 0.46057, -4.82657, 0.0339048
13.3115, -65.2544, 0.466726, -4.64169, 0.0326923
13.4963, -66.0955, 0.472658, -4.45682, 0.0314798
13.6812, -66.9024, 0.478366, -4.27194, 0.0302675
13.8661, -67.6751, 0.48385, -4.08706, 0.0290552
14.051, -68.4137, 0.48911, -3.90218, 0.027843
14.2359, -69.118, 0.494145, -3.71731, 0.0266308
14.4208, -69.7882, 0.498957, -3.53243, 0.0254187
14.6056, -70.4242, 0.503544, -3.34755, 0.0242066
14.7905, -71.026, 0.507907, -3.16267, 0.0229946
14.9754, -71.5936, 0.512047, -2.9778, 0.0217826
15.1603, -72.1271, 0.515962, -2.79292, 0.0205706
15.3452, -72.6263, 0.519653, -2.60804, 0.0193587
15.53, -73.0914, 0.52312, -2.42317, 0.0181468
15.7149, -73.5223, 0.526363, -2.23829, 0.016935
15.8998, -73.919, 0.529382, -2.05341, 0.0157232
16.0847, -74.2816, 0.532177, -1.86853, 0.0145114
16.2696, -74.61, 0.534747, -1.68366, 0.0132997
16.4545, -74.9042, 0.537094, -1.49878, 0.0120879
16.6393, -75.1641, 0.539217, -1.3139, 0.0108762
16.8242, -75.39, 0.541116, -1.12902, 0.00966456
17.0091, -75.5816, 0.542791, -0.944145, 0.00845291
17.194, -75.7391, 0.544242, -0.759268, 0.00724128
17.3789, -75.8624, 0.545468, -0.57439, 0.00602966
17.5637, -75.9515, 0.546471, -0.389511, 0.00481806
17.7486, -76.0064, 0.54725, -0.204634, 0.00360649
17.9335, -76.0271, 0.547805, -0.0197548, 0.00239492
18.1184, -76.0137, 0.548135, 0.165121, 0.0011834
18.3033, -75.9661, 0.548242, 0.349997, -2.81126e-05
18.4733, -75.8921, 0.548593, 0.520052, 0.00106195
18.6434, -75.7892, 0.54887, 0.690103, 0.0021239
18.8134, -75.6574, 0.549328, 0.860155, 0.00318584
18.9835, -75.4967, 0.549966, 1.03021, 0.00424779
19.1535, -75.307, 0.550785, 1.20026, 0.00530974
19.3236, -75.0884, 0.551784, 1.37031, 0.00637168
19.4936, -74.841, 0.552964, 1.54036, 0.00743363
19.6637, -74.5645, 0.554325, 1.71041, 0.00849558
19.8338, -74.2592, 0.555866, 1.88046, 0.00955753
20.0038, -73.925, 0.557587, 2.05051, 0.0106195
20.1739, -73.5618, 0.55949, 2.22057, 0.0116814
20.3439, -73.1697, 0.561573, 2.39062, 0.0127434
20.514, -72.7487, 0.563836, 2.56067, 0.0138053
20.684, -72.2988, 0.56628, 2.73072, 0.0148673
20.8541, -71.82, 0.568905, 2.90077, 0.0159292
21.0241, -71.3123, 0.57171, 3.07082, 0.0169912
21.1942, -70.7756, 0.574696, 3.24088, 0.0180531
21.3643, -70.21, 0.577862, 3.41093, 0.0191151
21.5343, -69.6155, 0.581209, 3.58098, 0.020177
21.7044, -68.9921, 0.584737, 3.75103, 0.021239
21.8744, -68.3397, 0.588445, 3.92108, 0.0223009
22.0445, -67.6585, 0.592334, 4.09113, 0.0233629
22.2145, -66.9483, 0.596403, 4.26118, 0.0244248
22.3846, -66.2092, 0.600653, 4.43124, 0.0254868
22.5546, -65.4412, 0.605084, 4.60129, 0.0265487
22.7247, -64.6443, 0.609695, 4.77134, 0.0276107
22.8947, -63.8184, 0.610879, 4.94138, 0.0296129
23.0648, -62.9637, 0.619459, 5.11144, 0.0297345
23.2349, -62.08, 0.624611, 5.28149, 0.0307965
23.4049, -61.1674, 0.629945, 5.45154, 0.0318584
23.575, -60.2258, 0.635459, 5.6216, 0.0329204
23.745, -59.2554, 0.641154, 5.79165, 0.0339823
23.9151, -58.256, 0.644311, 5.96169, 0.0360094
24.0851, -57.2278, 0.653085, 6.13175, 0.0361062
24.2552, -56.1706, 0.659321, 6.3018, 0.0371682
24.4252, -55.0845, 0.665738, 6.47185, 0.0382301
24.5953, -53.9694, 0.672336, 6.64191, 0.0392921
24.7653, -52.8255, 0.679114, 6.81196, 0.040354
24.9354, -51.6526, 0.686073, 6.98201, 0.041416
25.1055, -50.4509, 0.693212, 7.15206, 0.0424779
25.2755, -49.2201, 0.700532, 7.32211, 0.0435399
25.4456, -47.9605, 0.708033, 7.49216, 0.0446018
25.6156, -46.672, 0.714621, 7.66221, 0.0466434
25.7857, -45.3545, 0.723576, 7.83227, 0.0467257
25.9557, -44.0081, 0.73085, 8.00231, 0.0487776
26.1258, -42.6329, 0.739841, 8.17238, 0.0488496
26.2958, -41.2287, 0.748244, 8.34242, 0.0499116
26.4659, -39.7955, 0.756555, 8.51246, 0.0520028
26.636, -38.3335, 0.765593, 8.68253, 0.0520355
26.806, -36.8482, 0.774601, 8.70253, 0.0535358
26.9761, -35.3827, 0.783619, 8.53254, 0.0525167
27.1461, -33.9462, 0.792461, 8.36247, 0.0514736
27.3162, -32.5385, 0.801125, 8.19242, 0.0504239
27.4862, -31.1598, 0.809611, 8.02236, 0.049371
27.6563, -29.8101, 0.817917, 7.85231, 0.0483164
27.8263, -28.4892, 0.826044, 7.68227, 0.0472605
27.9964, -27.1972, 0.833991, 7.51221, 0.0462037
28.1664, -25.9342, 0.841758, 7.34216, 0.0451463
28.3365, -24.7001, 0.849345, 7.17211, 0.0440884
28.5066, -23.4949, 0.856753, 7.00206, 0.04303
28.6766, -22.3186, 0.86398, 6.83201, 0.0419714
28.8467, -21.1713, 0.871028, 6.66195, 0.0409124
29.0167, -20.0528, 0.877895, 6.4919, 0.0398532
29.1868, -18.9633, 0.884582, 6.32185, 0.0387938
29.3568, -17.9027, 0.891089, 6.1518, 0.0377343
29.5269, -16.871, 0.897416, 5.98174, 0.0366746
29.6969, -15.8683, 0.903562, 5.81169, 0.0356148
29.867, -14.8944, 0.909529, 5.64164, 0.0345548
30.037, -13.9495, 0.915315, 5.47159, 0.0334948
30.2071, -13.0335, 0.920921, 5.30154, 0.0324346
30.3772, -12.1464, 0.926346, 5.13149, 0.0313744
30.5472, -11.2882, 0.931591, 4.96144, 0.0303141
30.7173, -10.459, 0.936656, 4.79139, 0.0292537
30.8873, -9.65862, 0.941541, 4.62133, 0.0281932
31.0574, -8.88721, 0.946245, 4.45128, 0.0271327
31.2274, -8.14469, 0.950769, 4.28123, 0.0260721
31.3975, -7.43111, 0.955112, 4.11118, 0.0250115
31.5675, -6.74644, 0.959275, 3.94113, 0.0239509
31.7376, -6.09068, 0.963258, 3.77108, 0.0228902
31.9076, -5.46387, 0.967061, 3.60103, 0.0218294
32.0777, -4.86597, 0.970683, 3.43097, 0.0207686
32.2478, -4.29696, 0.974124, 3.26092, 0.0197078
32.4178, -3.75687, 0.977385, 3.09087, 0.0186469
32.5879, -3.24572, 0.980466, 2.92082, 0.017586
32.7579, -2.76348, 0.983367, 2.75077, 0.0165251
32.928, -2.31017, 0.986087, 2.58072, 0.0154642
33.098, -1.88576, 0.988626, 2.41066, 0.0144032
33.2681, -1.49026, 0.990985, 2.24061, 0.0133422
33.4381, -1.1237, 0.993164, 2.07056, 0.0122811
33.6082, -0.786049, 0.995162, 1.90051, 0.0112201
33.7783, -0.477325, 0.99698, 1.73046, 0.010159
33.9483, -0.19751, 0.998617, 1.56041, 0.00909795
34.1184, 0.0533905, 1.00007, 1.39036, 0.00803682
34.2884, 0.275368, 1.00135, 1.22031, 0.0069757
34.4585, 0.46843, 1.00245, 1.05025, 0.00591454
34.6285, 0.632576, 1.00336, 0.880201, 0.00485336
34.7986, 0.767799, 1.0041, 0.71015, 0.00379218
34.9686, 0.8741, 1.00465, 0.540098, 0.00273098
35.1387, 0.9515, 1.00503, 0.370048, 0.00166977
35.3087, 0.999954, 1.00522, 0.199994, 0.00060853
