2.4329, 0
0, 0, 0, 0.5, 0
0.0115136, 0.00627162, 0.000389163, 0.494375, 0.0100198
0.0230272, 0.0124782, 0.000893749, 0.488751, 0.0200394
0.0345408, 0.0186197, 0.00151383, 0.483128, 0.0300587
0.0460544, 0.0246961, 0.00224936, 0.477505, 0.0400775
0.0575679, 0.0307075, 0.00310044, 0.471883, 0.0500961
0.0690815, 0.0366537, 0.00406694, 0.466261, 0.0601143
0.0805951, 0.0425349, 0.00514889, 0.460641, 0.0701322
0.0921087, 0.048351, 0.00634631, 0.455022, 0.0801497
0.103622, 0.054102, 0.00765918, 0.449403, 0.0901667
0.115136, 0.0597879, 0.00908753, 0.443785, 0.100183
0.126649, 0.0654086, 0.0106314, 0.438168, 0.1102
0.138163, 0.0709643, 0.0122907, 0.432553, 0.120215
0.149677, 0.076455, 0.0140653, 0.426938, 0.130231
0.16119, 0.0818805, 0.0159556, 0.421325, 0.140245
0.172704, 0.0872409, 0.0179612, 0.415712, 0.15026
0.184217, 0.0925363, 0.0200823, 0.410101, 0.160273
0.195731, 0.0977666, 0.0223188, 0.404491, 0.170287
0.207245, 0.102932, 0.0246708, 0.398882, 0.180299
0.218758, 0.108032, 0.0271382, 0.393275, 0.190311
0.230272, 0.113067, 0.0297211, 0.38767, 0.200322
0.241785, 0.118037, 0.0324194, 0.382065, 0.210333
0.253299, 0.122941, 0.0352331, 0.376463, 0.220343
0.264813, 0.127781, 0.0381623, 0.370862, 0.230352
0.276326, 0.132555, 0.0412069, 0.365263, 0.24036
0.28784, 0.137265, 0.0443669, 0.359666, 0.250367
0.299353, 0.141909, 0.0476424, 0.354071, 0.260374
0.310867, 0.146488, 0.0510332, 0.348478, 0.270379
0.32238, 0.151002, 0.0545395, 0.342887, 0.280384
0.333894, 0.155451, 0.0581612, 0.337299, 0.290387
0.345408, 0.159835, 0.0618983, 0.331713, 0.300389
0.356921, 0.164154, 0.0657508, 0.326129, 0.31039
0.368435, 0.168407, 0.0697186, 0.320549, 0.32039
0.379948, 0.172596, 0.0738019, 0.314972, 0.330388
0.391462, 0.176719, 0.0780005, 0.309398, 0.340385
0.402976, 0.180777, 0.0823145, 0.303827, 0.35038
0.414489, 0.18477, 0.0867439, 0.29826, 0.360374
0.426003, 0.188698, 0.0912886, 0.292697, 0.370366
0.437516, 0.19256, 0.0959486, 0.287138, 0.380356
0.44903, 0.196358, 0.100724, 0.281584, 0.390343
0.460544, 0.20009, 0.105615, 0.276034, 0.400329
0.472057, 0.203757, 0.110621, 0.27049, 0.410312
0.483571, 0.207359, 0.115742, 0.264951, 0.420292
0.495084, 0.210895, 0.120978, 0.259419, 0.43027
0.506598, 0.214367, 0.12633, 0.253892, 0.440244
0.518111, 0.217773, 0.131797, 0.248374, 0.450215
0.529625, 0.221114, 0.137379, 0.242863, 0.460183
0.541139, 0.224389, 0.143077, 0.23736, 0.470146
0.552652, 0.2276, 0.148889, 0.231867, 0.480105
0.564166, 0.230745, 0.154817, 0.226384, 0.490059
0.575679, 0.233824, 0.16086, 0.220912, 0.500008
0.587193, 0.236838, 0.167017, 0.215452, 0.509951
0.598707, 0.239787, 0.17329, 0.210006, 0.519887
0.61022, 0.242671, 0.179677, 0.204575, 0.529816
0.621734, 0.245489, 0.18618, 0.199161, 0.539737
0.633247, 0.248241, 0.192797, 0.193766, 0.549649
0.644761, 0.250928, 0.199529, 0.188392, 0.55955
0.656274, 0.253549, 0.206375, 0.183042, 0.56944
0.667788, 0.256105, 0.213336, 0.177719, 0.579316
0.679302, 0.258595, 0.220412, 0.172427, 0.589176
0.690815, 0.261019, 0.227601, 0.16717, 0.59902
0.702329, 0.263376, 0.234904, 0.161953, 0.608842
0.713842, 0.265668, 0.242321, 0.156784, 0.61864
0.725356, 0.267894, 0.249851, 0.15167, 0.62841
0.73687, 0.270052, 0.257494, 0.146621, 0.638146
0.748383, 0.272145, 0.26525, 0.141648, 0.647842
0.759897, 0.27417, 0.273117, 0.136768, 0.657489
0.77141, 0.276128, 0.281095, 0.131999, 0.667075
0.782924, 0.278017, 0.289183, 0.127368, 0.676586
0.794438, 0.279839, 0.29738, 0.122904, 0.686003
0.805951, 0.281591, 0.305683, 0.118652, 0.695299
0.817465, 0.283274, 0.314091, 0.114668, 0.704438
0.828978, 0.284885, 0.322599, 0.11103, 0.713369
0.840492, 0.286425, 0.331203, 0.10784, 0.722021
0.852006, 0.287891, 0.339895, 0.10524, 0.730293
0.863519, 0.289284, 0.348666, 0.103415, 0.738038
0.875033, 0.290605, 0.357502, 0.102602, 0.745055
0.886546, 0.291859, 0.366384, 0.103076, 0.75108
0.89806, 0.293057, 0.37529, 0.105084, 0.755809
0.909573, 0.29422, 0.384194, 0.108764, 0.758961
0.921087, 0.29538, 0.393074, 0.11405, 0.760377
0.932601, 0.296571, 0.401913, 0.120669, 0.760076
0.944114, 0.297824, 0.410701, 0.128251, 0.758235
0.955628, 0.299162, 0.419431, 0.136442, 0.755106
0.967141, 0.300599, 0.428099, 0.14497, 0.750937
0.978655, 0.302141, 0.4367, 0.153652, 0.745943
0.990169, 0.303793, 0.445231, 0.16237, 0.740294
1.00168, 0.305555, 0.453688, 0.171055, 0.734122
1.0132, 0.307425, 0.462067, 0.179667, 0.727527
1.02471, 0.309403, 0.470367, 0.188185, 0.720586
1.03622, 0.311487, 0.478584, 0.196601, 0.713357
1.04774, 0.313675, 0.486716, 0.20491, 0.705887
1.05925, 0.315965, 0.494761, 0.213115, 0.698211
1.07076, 0.318355, 0.502716, 0.221217, 0.690361
1.08228, 0.320843, 0.510581, 0.229223, 0.682357
1.09379, 0.323428, 0.518354, 0.237137, 0.67422
1.1053, 0.326109, 0.526033, 0.244963, 0.665966
1.11682, 0.328884, 0.533617, 0.252707, 0.657609
1.12833, 0.331751, 0.541106, 0.260374, 0.649158
1.13985, 0.33471, 0.548497, 0.267969, 0.640625
1.15278, 0.339921, 0.556785, 0.273061, 0.651536
1.16571, 0.345177, 0.565223, 0.27821, 0.662386
1.17864, 0.35048, 0.57381, 0.283419, 0.673169
1.19157, 0.35583, 0.582546, 0.288691, 0.683883
1.2045, 0.361227, 0.591429, 0.294028, 0.694523
1.21743, 0.366671, 0.60046, 0.299433, 0.705085
1.23036, 0.372161, 0.609637, 0.30491, 0.715564
1.24329, 0.3777, 0.61896, 0.310462, 0.725955
1.25622, 0.383286, 0.628426, 0.316091, 0.736253
1.26915, 0.38892, 0.638037, 0.321803, 0.746451
1.28208, 0.394602, 0.64779, 0.3276, 0.756543
1.29501, 0.400333, 0.657683, 0.333487, 0.766522
1.30794, 0.406112, 0.667717, 0.339467, 0.77638
1.32087, 0.41194, 0.677889, 0.345546, 0.78611
1.3338, 0.417818, 0.688198, 0.351728, 0.795702
1.34673, 0.423746, 0.698643, 0.358016, 0.805147
1.35967, 0.429723, 0.709221, 0.364418, 0.814434
1.3726, 0.435751, 0.71993, 0.370936, 0.823553
1.38553, 0.44183, 0.73077, 0.377578, 0.83249
1.39846, 0.44796, 0.741736, 0.384347, 0.841233
1.41139, 0.454142, 0.752827, 0.39125, 0.849768
1.42432, 0.460376, 0.76404, 0.398291, 0.858078
1.43725, 0.466663, 0.775373, 0.405477, 0.866147
1.45018, 0.473003, 0.786821, 0.412812, 0.873956
1.46311, 0.479397, 0.798382, 0.420301, 0.881488
1.47604, 0.485846, 0.810051, 0.42795, 0.888719
1.48897, 0.492351, 0.821825, 0.435762, 0.895628
1.5019, 0.498912, 0.833699, 0.443741, 0.902192
1.51483, 0.50553, 0.845668, 0.451889, 0.908383
1.52776, 0.512207, 0.857726, 0.460209, 0.914177
1.54069, 0.518943, 0.869869, 0.4687, 0.919544
1.55362, 0.525739, 0.882089, 0.477362, 0.924456
1.56655, 0.532598, 0.894379, 0.486191, 0.928882
1.57949, 0.53952, 0.906733, 0.495182, 0.932793
1.59242, 0.546507, 0.919142, 0.504327, 0.936158
1.60535, 0.553561, 0.931599, 0.513614, 0.938948
1.61828, 0.560683, 0.944094, 0.523032, 0.941136
1.63121, 0.567876, 0.956618, 0.532562, 0.942694
1.64414, 0.575142, 0.969162, 0.542185, 0.9436
1.65707, 0.582484, 0.981715, 0.551879, 0.943836
1.67, 0.589902, 0.994267, 0.561617, 0.943386
1.68293, 0.597401, 1.00681, 0.571373, 0.942241
1.69586, 0.604982, 1.01933, 0.581116, 0.940397
1.70879, 0.612647, 1.03181, 0.590817, 0.937856
1.72172, 0.620399, 1.04426, 0.600445, 0.934627
1.73465, 0.628239, 1.05665, 0.60997, 0.930722
1.74758, 0.636169, 1.06898, 0.619363, 0.926163
1.76051, 0.644191, 1.08123, 0.628597, 0.920971
1.77344, 0.652304, 1.09341, 0.637648, 0.915176
1.78638, 0.660511, 1.1055, 0.646495, 0.908807
1.79931, 0.668811, 1.11749, 0.65512, 0.901898
1.81224, 0.677203, 1.12938, 0.663507, 0.894483
1.82517, 0.685688, 1.14116, 0.671646, 0.886596
1.8381, 0.694263, 1.15283, 0.679528, 0.878272
1.85103, 0.702929, 1.16437, 0.687147, 0.869545
1.86396, 0.711683, 1.17579, 0.694499, 0.860446
1.87689, 0.720524, 1.18708, 0.701586, 0.851007
1.88982, 0.72945, 1.19824, 0.708406, 0.841257
1.90275, 0.738458, 1.20926, 0.714964, 0.831223
1.91568, 0.747546, 1.22014, 0.721262, 0.82093
1.92861, 0.756713, 1.23088, 0.727307, 0.810402
1.94154, 0.765954, 1.24147, 0.733105, 0.79966
1.95447, 0.775269, 1.25191, 0.738661, 0.788722
1.9674, 0.784654, 1.26221, 0.743983, 0.777609
1.98033, 0.794108, 1.27235, 0.749078, 0.766334
1.99326, 0.803626, 1.28234, 0.753954, 0.754914
2.0062, 0.813208, 1.29217, 0.758618, 0.743362
2.01913, 0.822851, 1.30185, 0.763078, 0.73169
2.03206, 0.832552, 1.31138, 0.76734, 0.719908
2.04499, 0.842308, 1.32074, 0.771413, 0.708027
2.05792, 0.852119, 1.32994, 0.775304, 0.696055
2.07085, 0.861981, 1.33899, 0.779019, 0.684002
2.08378, 0.871892, 1.34787, 0.782564, 0.671874
2.09671, 0.881851, 1.3566, 0.785948, 0.659677
2.10964, 0.891855, 1.36516, 0.789174, 0.647418
2.12257, 0.901902, 1.37356, 0.792251, 0.635102
2.1355, 0.91199, 1.38179, 0.795183, 0.622735
2.14843, 0.922118, 1.38986, 0.797976, 0.610321
2.16136, 0.932284, 1.39777, 0.800635, 0.597863
2.17429, 0.942486, 1.40552, 0.803165, 0.585366
2.18722, 0.952722, 1.41309, 0.805572, 0.572833
2.20015, 0.962991, 1.42051, 0.807858, 0.560266
2.21308, 0.973291, 1.42776, 0.81003, 0.547669
2.22602, 0.983622, 1.43484, 0.812091, 0.535045
2.23895, 0.99398, 1.44176, 0.814045, 0.522396
2.25188, 1.00437, 1.44851, 0.815896, 0.509723
2.26481, 1.01478, 1.4551, 0.817647, 0.497029
2.27774, 1.02521, 1.46151, 0.819302, 0.484315
2.29067, 1.03567, 1.46777, 0.820865, 0.471583
2.3036, 1.04615, 1.47385, 0.822338, 0.458835
2.31653, 1.05665, 1.47977, 0.823725, 0.446073
2.32946, 1.06717, 1.48553, 0.825027, 0.433296
2.34239, 1.07771, 1.49111, 0.826249, 0.420506
2.35532, 1.08826, 1.49653, 0.827393, 0.407706
2.36825, 1.09883, 1.50178, 0.828461, 0.394894
2.38118, 1.10942, 1.50687, 0.829455, 0.382073
2.39411, 1.12002, 1.51178, 0.830379, 0.369243
2.40704, 1.13064, 1.51653, 0.831234, 0.356405
2.41997, 1.14126, 1.52112, 0.832021, 0.34356
2.4329, 1.1519, 1.52553, 0.832745, 0.330708
