4.078, 0
0, 0, 0, 0.5, 0
0.0131174, 0.00650061, 0.000239382, 0.510754, 0.00750218
0.0262348, 0.0131423, 0.000577212, 0.521507, 0.0150042
0.0393522, 0.0199252, 0.00101347, 0.53226, 0.0225062
0.0524696, 0.0268492, 0.00154817, 0.543013, 0.030008
0.0655869, 0.0339144, 0.00218129, 0.553765, 0.0375098
0.0787043, 0.0411206, 0.00291284, 0.564518, 0.0450114
0.0918217, 0.048468, 0.00374284, 0.57527, 0.0525128
0.104939, 0.0559565, 0.00467125, 0.586021, 0.0600141
0.118056, 0.0635862, 0.00569812, 0.596772, 0.0675153
0.131174, 0.071357, 0.00682339, 0.607523, 0.0750162
0.144291, 0.0792689, 0.00804712, 0.618274, 0.082517
0.157409, 0.0873219, 0.00936925, 0.629023, 0.0900176
0.170526, 0.0955161, 0.0107898, 0.639773, 0.0975179
0.183643, 0.103851, 0.0123088, 0.650521, 0.105018
0.196761, 0.112328, 0.0139263, 0.66127, 0.112518
0.209878, 0.120945, 0.0156421, 0.672017, 0.120017
0.222996, 0.129704, 0.0174564, 0.682764, 0.127517
0.236113, 0.138604, 0.0193691, 0.69351, 0.135016
0.24923, 0.147645, 0.0213802, 0.704255, 0.142514
0.262348, 0.156827, 0.0234898, 0.714998, 0.150012
0.275465, 0.16615, 0.0256977, 0.725741, 0.15751
0.288583, 0.175615, 0.0280041, 0.736483, 0.165007
0.3017, 0.18522, 0.0304089, 0.747223, 0.172503
0.314817, 0.194967, 0.0329121, 0.757961, 0.179999
0.327935, 0.204855, 0.0355137, 0.768698, 0.187493
0.341052, 0.214884, 0.0382138, 0.779432, 0.194987
0.354169, 0.225054, 0.0410122, 0.790164, 0.20248
0.367287, 0.235365, 0.043909, 0.800893, 0.209972
0.380404, 0.245817, 0.0469042, 0.811619, 0.217462
0.393522, 0.256411, 0.0499977, 0.822341, 0.224951
0.406639, 0.267146, 0.0531897, 0.833058, 0.232437
0.419756, 0.278021, 0.0564799, 0.843769, 0.239922
0.432874, 0.289039, 0.0598685, 0.854474, 0.247403
0.445991, 0.300197, 0.0633554, 0.86517, 0.25488
0.459109, 0.311496, 0.0669406, 0.875856, 0.262354
0.472226, 0.322937, 0.0706239, 0.886529, 0.269821
0.485343, 0.334519, 0.0744055, 0.897184, 0.277281
0.498461, 0.346242, 0.0782851, 0.907816, 0.284731
0.511578, 0.358107, 0.0822625, 0.918416, 0.292167
0.524696, 0.370113, 0.0863377, 0.92897, 0.299583
0.537813, 0.382261, 0.0905102, 0.939455, 0.30697
0.55093, 0.394551, 0.0947793, 0.949832, 0.314309
0.564048, 0.406983, 0.0991436, 0.960019, 0.321566
0.577165, 0.419559, 0.1036, 0.969844, 0.328663
0.590282, 0.43228, 0.108141, 0.978847, 0.335397
0.6034, 0.44515, 0.112741, 0.985616, 0.341119
0.616517, 0.458149, 0.117323, 0.986484, 0.344038
0.629635, 0.471157, 0.121811, 0.979815, 0.342987
0.642752, 0.484045, 0.126224, 0.969641, 0.339593
0.655869, 0.496776, 0.130576, 0.958436, 0.335116
0.668987, 0.509343, 0.134869, 0.946932, 0.330044
0.682104, 0.521749, 0.139097, 0.935353, 0.324588
0.695222, 0.533996, 0.143258, 0.923777, 0.31886
0.708339, 0.546085, 0.147346, 0.91223, 0.312928
0.721456, 0.558018, 0.151361, 0.900721, 0.306836
0.734574, 0.569797, 0.155298, 0.889253, 0.300614
0.747691, 0.581422, 0.159156, 0.877824, 0.294285
0.760809, 0.592894, 0.162933, 0.866431, 0.287866
0.773926, 0.604215, 0.166628, 0.855073, 0.281369
0.787043, 0.615385, 0.170239, 0.843746, 0.274806
0.800161, 0.626405, 0.173767, 0.832446, 0.268184
0.813278, 0.637276, 0.177208, 0.821174, 0.261511
0.826395, 0.647997, 0.180564, 0.809925, 0.254792
0.839513, 0.65857, 0.183832, 0.798698, 0.248032
0.85263, 0.668994, 0.187013, 0.787491, 0.241236
0.865748, 0.679271, 0.190106, 0.776302, 0.234406
0.878865, 0.6894, 0.193111, 0.765131, 0.227546
0.891982, 0.699382, 0.196026, 0.753976, 0.220658
0.9051, 0.709216, 0.198851, 0.742835, 0.213744
0.918217, 0.718904, 0.201587, 0.731708, 0.206807
0.931334, 0.728446, 0.204232, 0.720594, 0.199849
0.944452, 0.737841, 0.206786, 0.709491, 0.192871
0.957569, 0.74709, 0.20925, 0.6984, 0.185874
0.970687, 0.756193, 0.211623, 0.68732, 0.178859
0.983804, 0.76515, 0.213903, 0.676249, 0.171829
0.996921, 0.773962, 0.216093, 0.665188, 0.164783
1.01004, 0.782628, 0.21819, 0.654135, 0.157724
1.02316, 0.791149, 0.220195, 0.643091, 0.15065
1.03627, 0.799525, 0.222107, 0.632054, 0.143565
1.04939, 0.807755, 0.223928, 0.621025, 0.136467
1.06251, 0.815841, 0.225655, 0.610003, 0.129358
1.07563, 0.823782, 0.227289, 0.598987, 0.122239
1.08874, 0.831578, 0.228831, 0.587978, 0.11511
1.10186, 0.839229, 0.230279, 0.576975, 0.107971
1.11498, 0.846736, 0.231634, 0.565978, 0.100823
1.1281, 0.854098, 0.232895, 0.554986, 0.0936663
1.14121, 0.861316, 0.234063, 0.544, 0.0865014
1.15433, 0.86839, 0.235137, 0.533018, 0.0793289
1.16745, 0.875319, 0.236117, 0.522041, 0.0721487
1.18056, 0.882104, 0.237004, 0.511069, 0.0649615
1.19368, 0.888745, 0.237796, 0.500102, 0.0577675
1.2068, 0.895242, 0.238494, 0.489138, 0.0505668
1.21992, 0.901596, 0.239098, 0.478179, 0.04336
1.23303, 0.907805, 0.239607, 0.467223, 0.0361469
1.24615, 0.91387, 0.240022, 0.456272, 0.0289283
1.25927, 0.919792, 0.240343, 0.445324, 0.021704
1.27239, 0.92557, 0.240569, 0.434379, 0.0144744
1.2855, 0.931204, 0.2407, 0.423438, 0.00723965
1.29862, 0.936694, 0.240737, 0.4125, -1.00583e-07
1.32642, 0.947993, 0.241086, 0.400705, 0.025167
1.35421, 0.95897, 0.242137, 0.388899, 0.0503285
1.382, 0.969601, 0.243879, 0.377099, 0.075493
1.4098, 0.979931, 0.246333, 0.36527, 0.100644
1.43759, 0.989935, 0.249487, 0.353432, 0.125791
1.46538, 0.999589, 0.25333, 0.341603, 0.150942
1.49318, 1.00891, 0.257873, 0.329764, 0.176088
1.52097, 1.01791, 0.263113, 0.317918, 0.201231
1.54877, 1.02659, 0.26906, 0.306048, 0.226363
1.57656, 1.03494, 0.275704, 0.294172, 0.251492
1.60435, 1.04293, 0.283035, 0.282307, 0.276625
1.63215, 1.05062, 0.291077, 0.270407, 0.301742
1.65994, 1.05796, 0.299807, 0.258517, 0.326865
1.68773, 1.06499, 0.309243, 0.246596, 0.351972
1.71553, 1.07168, 0.319379, 0.23466, 0.377073
1.74332, 1.07802, 0.330201, 0.222737, 0.402179
1.77112, 1.08405, 0.341731, 0.210775, 0.427267
1.79891, 1.08974, 0.353952, 0.198814, 0.452355
1.8267, 1.0951, 0.366872, 0.186831, 0.477433
1.8545, 1.10013, 0.380496, 0.174816, 0.502496
1.88229, 1.10482, 0.394806, 0.162808, 0.527561
1.91008, 1.10917, 0.409817, 0.150772, 0.552614
1.93788, 1.1132, 0.425525, 0.138712, 0.577655
1.96567, 1.11689, 0.441928, 0.126632, 0.602686
1.99347, 1.12024, 0.459026, 0.114533, 0.627708
2.02126, 1.12326, 0.476825, 0.10239, 0.65271
2.04905, 1.12594, 0.495313, 0.0902367, 0.677706
2.07685, 1.12827, 0.514493, 0.0780664, 0.702693
2.10464, 1.13027, 0.534371, 0.0658483, 0.727657
2.13243, 1.13193, 0.554942, 0.0535977, 0.752605
2.16023, 1.13325, 0.576206, 0.0413127, 0.777537
2.18802, 1.13422, 0.598161, 0.0289924, 0.80245
2.21582, 1.13486, 0.620812, 0.0166089, 0.827333
2.24361, 1.13515, 0.644154, 0.00418058, 0.852194
2.2714, 1.13509, 0.668183, -0.00829515, 0.87703
2.2992, 1.13469, 0.692902, -0.0208306, 0.901836
2.32699, 1.13393, 0.718312, -0.0334498, 0.9266
2.35478, 1.13283, 0.744411, -0.046153, 0.951321
2.38258, 1.13137, 0.771195, -0.058946, 0.975996
2.41037, 1.12955, 0.798665, -0.0718547, 1.00061
2.43817, 1.12737, 0.826816, -0.0848833, 1.02516
2.46596, 1.12483, 0.855649, -0.0980661, 1.04963
2.49375, 1.12192, 0.885161, -0.111434, 1.074
2.52155, 1.11863, 0.915349, -0.125037, 1.09823
2.54934, 1.11497, 0.946208, -0.138938, 1.1223
2.57713, 1.11091, 0.977732, -0.153222, 1.14614
2.60493, 1.10644, 1.00992, -0.168054, 1.16965
2.63272, 1.10156, 1.04275, -0.183653, 1.19265
2.66052, 1.09622, 1.0762, -0.200494, 1.21475
2.68831, 1.09039, 1.11025, -0.219559, 1.23494
2.7161, 1.08398, 1.1448, -0.24314, 1.2492
2.7439, 1.07685, 1.17948, -0.267626, 1.24077
2.77169, 1.06929, 1.2136, -0.274551, 1.21422
2.79949, 1.06167, 1.24697, -0.272663, 1.18652
2.82728, 1.05416, 1.27956, -0.267505, 1.15922
2.85507, 1.04681, 1.31141, -0.260723, 1.13227
2.88287, 1.03967, 1.34251, -0.252979, 1.10558
2.91066, 1.03276, 1.37287, -0.244599, 1.07908
2.93845, 1.02608, 1.40249, -0.23577, 1.05272
2.96625, 1.01965, 1.43139, -0.226605, 1.02648
2.99404, 1.01349, 1.45955, -0.217181, 1.00034
3.02184, 1.00758, 1.48699, -0.20755, 0.974266
3.04963, 1.00195, 1.51371, -0.197752, 0.948256
3.07742, 0.996593, 1.5397, -0.187813, 0.9223
3.10522, 0.991513, 1.56498, -0.177756, 0.89639
3.13301, 0.986713, 1.58953, -0.167598, 0.870519
3.1608, 0.982197, 1.61337, -0.157353, 0.844682
3.1886, 0.977967, 1.63649, -0.147032, 0.818875
3.21639, 0.974024, 1.65889, -0.136644, 0.793096
3.24419, 0.970372, 1.68057, -0.126195, 0.767341
3.27198, 0.96701, 1.70154, -0.115694, 0.741607
3.29977, 0.963941, 1.7218, -0.105145, 0.715894
3.32757, 0.961166, 1.74134, -0.0945524, 0.690197
3.35536, 0.958685, 1.76016, -0.0839207, 0.664518
3.38315, 0.956501, 1.77828, -0.0732527, 0.638852
3.41095, 0.954614, 1.79568, -0.0625522, 0.613201
3.43874, 0.953024, 1.81236, -0.0518214, 0.587562
3.46654, 0.951733, 1.82834, -0.0410626, 0.561935
3.49433, 0.950742, 1.8436, -0.0302783, 0.536319
3.52212, 0.95005, 1.85815, -0.0194698, 0.510713
3.54992, 0.94966, 1.87199, -0.00863931, 0.485116
3.57771, 0.94957, 1.88512, 0.00221208, 0.459528
3.6055, 0.949783, 1.89753, 0.0130829, 0.433949
3.6333, 0.950298, 1.90924, 0.023972, 0.408377
3.66109, 0.951116, 1.92023, 0.034878, 0.382812
3.68889, 0.952237, 1.93052, 0.0458002, 0.357254
3.71668, 0.953662, 1.94009, 0.0567375, 0.331703
3.74447, 0.955391, 1.94896, 0.0676892, 0.306158
3.77227, 0.957425, 1.95711, 0.0786543, 0.280618
3.80006, 0.959763, 1.96456, 0.0896322, 0.255085
3.82785, 0.962407, 1.97129, 0.100622, 0.229556
3.85565, 0.965357, 1.97732, 0.111624, 0.204032
3.88344, 0.968612, 1.98263, 0.122637, 0.178514
3.91124, 0.972174, 1.98724, 0.13366, 0.152999
3.93903, 0.976042, 1.99114, 0.144693, 0.127489
3.96682, 0.980217, 1.99433, 0.155735, 0.101983
3.99462, 0.984699, 1.99681, 0.166787, 0.0764804
4.02241, 0.989488, 1.99858, 0.177847, 0.0509825
4.0502, 0.994585, 1.99964, 0.188916, 0.0254876
4.078, 0.99999, 2, 0.199992, -3.30061e-06
