35.8754, 0
0, 0, 0, 0.5, 0
0.187752, 0.0762491, 0.000104933, 0.312252, 0.00119222
0.375504, 0.117252, 0.000433682, 0.124504, 0.00238444
0.563255, 0.122999, 0.000986311, -0.063244, 0.00357666
0.751007, 0.0935053, 0.00176272, -0.250992, 0.00476888
0.938759, 0.0287528, 0.00276303, -0.43874, 0.00596109
1.12651, -0.0712431, 0.00398714, -0.626488, 0.00715331
1.31426, -0.20649, 0.00543509, -0.814236, 0.00834553
1.50201, -0.376996, 0.00710694, -1.00198, 0.00953775
1.68977, -0.582742, 0.00900258, -1.18973, 0.01073
1.87752, -0.823745, 0.0111221, -1.37748, 0.0119222
2.06527, -1.09999, 0.0134654, -1.56523, 0.0131144
2.25302, -1.41148, 0.0185813, -1.75298, 0.0139484
2.44077, -1.75823, 0.0213051, -1.94073, 0.0151407
2.62852, -2.14024, 0.0218385, -2.12847, 0.0166911
2.81628, -2.55749, 0.0250771, -2.31622, 0.0178833
3.00403, -3.00998, 0.0308194, -2.50397, 0.0187173
3.19178, -3.49774, 0.0322261, -2.69172, 0.0202677
3.37953, -4.02074, 0.0361363, -2.87946, 0.0214599
3.56728, -4.57899, 0.0402704, -3.06721, 0.0226522
3.75504, -5.17249, 0.0446283, -3.25496, 0.0238444
3.94279, -5.80122, 0.0511535, -3.44271, 0.0246784
4.13054, -6.46524, 0.0540156, -3.63046, 0.0262288
4.31829, -7.16448, 0.059045, -3.8182, 0.027421
4.50604, -7.89898, 0.0642983, -4.00595, 0.0286133
4.69379, -8.66873, 0.0697754, -4.1937, 0.0298055
4.88155, -9.47373, 0.0754764, -4.38145, 0.0309977
5.0693, -10.314, 0.0814011, -4.5692, 0.0321899
5.25705, -11.1895, 0.0875498, -4.75694, 0.0333821
5.4448, -12.1002, 0.0939222, -4.94469, 0.0345743
5.63255, -13.0462, 0.100519, -5.13244, 0.0357666
5.8203, -14.0275, 0.10861, -5.32019, 0.0366006
6.00806, -15.044, 0.114383, -5.50794, 0.038151
6.19581, -16.0957, 0.122787, -5.69569, 0.038985
6.38356, -17.1827, 0.129142, -5.88343, 0.0405355
6.57131, -18.305, 0.137932, -6.07118, 0.0413436
6.75906, -19.4625, 0.144797, -6.25893, 0.0429199
6.94682, -20.6552, 0.15296, -6.44668, 0.0441121
7.13457, -21.8832, 0.161347, -6.63443, 0.0453043
7.32232, -23.1465, 0.170691, -6.82217, 0.0461383
7.51007, -24.445, 0.178793, -7.00992, 0.0476888
7.69782, -25.7787, 0.18845, -7.19767, 0.0485228
7.88557, -27.1477, 0.197134, -7.38542, 0.0500732
8.07333, -28.552, 0.207171, -7.57316, 0.0508555
8.26108, -29.9915, 0.216767, -7.76091, 0.0520994
8.44883, -31.4662, 0.226324, -7.94866, 0.0536499
8.63658, -32.9762, 0.236502, -8.13641, 0.0548421
8.82433, -34.5215, 0.247131, -8.32415, 0.0556161
9.01208, -36.102, 0.257671, -8.5119, 0.0568274
9.19984, -37.7177, 0.268458, -8.69963, 0.0579487
9.38759, -39.3684, 0.279437, -8.84981, 0.0586247
9.57534, -41.0123, 0.29032, -8.66191, 0.0573422
9.76309, -42.621, 0.300972, -8.47416, 0.0561258
9.95084, -44.1944, 0.311396, -8.2864, 0.054919
10.1386, -45.7325, 0.321594, -8.09866, 0.0537165
10.3263, -47.2354, 0.331567, -7.91091, 0.0525161
10.5141, -48.7031, 0.341314, -7.72317, 0.0513172
10.7019, -50.1355, 0.350837, -7.53542, 0.0501193
10.8896, -51.5327, 0.360134, -7.34767, 0.0489222
11.0774, -52.8946, 0.369207, -7.15992, 0.0477256
11.2651, -54.2213, 0.378055, -6.97217, 0.0465295
11.4529, -55.5127, 0.386679, -6.78442, 0.0453338
11.6406, -56.7688, 0.395078, -6.59667, 0.0441383
11.8284, -57.9897, 0.403253, -6.40893, 0.0429432
12.0161, -59.1754, 0.411204, -6.22118, 0.0417482
12.2039, -60.3258, 0.41893, -6.03343, 0.0405534
12.3916, -61.441, 0.426432, -5.84568, 0.0393588
12.5794, -62.5209, 0.433709, -5.65794, 0.0381644
12.7671, -63.5656, 0.440763, -5.47019, 0.03697
12.9549, -64.575, 0.447592, -5.28244, 0.0357758
13.1426, -65.5491, 0.454197, -5.09469, 0.0345817
13.3304, -66.488, 0.460577, -4.90695, 0.0333877
13.5181, -67.3917, 0.466734, -4.7192, 0.0321937
13.7059, -68.2601, 0.472666, -4.53145, 0.0309999
13.8936, -69.0933, 0.478374, -4.3437, 0.029806
14.0814, -69.8912, 0.483858, -4.15595, 0.0286123
14.2691, -70.6539, 0.489118, -3.9682, 0.0274186
14.4569, -71.3813, 0.494154, -3.78046, 0.026225
14.6446, -72.0734, 0.498966, -3.59271, 0.0250315
14.8324, -72.7303, 0.503554, -3.40496, 0.0238379
15.0201, -73.352, 0.507917, -3.21721, 0.0226445
15.2079, -73.9384, 0.512057, -3.02947, 0.021451
15.3956, -74.4896, 0.515972, -2.84172, 0.0202576
15.5834, -75.0055, 0.519663, -2.65397, 0.0190642
15.7711, -75.4862, 0.523131, -2.46622, 0.0178709
15.9589, -75.9316, 0.526374, -2.27847, 0.0166776
16.1467, -76.3417, 0.529393, -2.09072, 0.0154844
16.3344, -76.7166, 0.532188, -1.90298, 0.0142911
16.5222, -77.0563, 0.53476, -1.71523, 0.0130979
16.7099, -77.3607, 0.537107, -1.52748, 0.0119047
16.8977, -77.6299, 0.53923, -1.33973, 0.0107116
17.0854, -77.8638, 0.541129, -1.15198, 0.00951843
17.2732, -78.0625, 0.542804, -0.964237, 0.00832532
17.4609, -78.2259, 0.544255, -0.776486, 0.00713221
17.6487, -78.354, 0.545482, -0.58874, 0.00593915
17.8364, -78.4469, 0.546485, -0.400993, 0.0047461
18.0242, -78.5046, 0.547265, -0.213245, 0.00355306
18.2119, -78.527, 0.54782, -0.0254971, 0.00236005
18.3997, -78.5142, 0.548151, 0.162252, 0.00116704
18.5874, -78.4661, 0.548258, 0.349998, -2.59363e-05
18.7603, -78.3906, 0.545752, 0.522875, 0.00138308
18.9332, -78.2853, 0.546087, 0.695752, 0.00242769
19.1061, -78.1501, 0.549328, 0.868631, 0.00313384
19.2789, -77.9849, 0.549966, 1.04151, 0.00417844
19.4518, -77.7899, 0.550785, 1.21438, 0.00522305
19.6247, -77.5651, 0.551784, 1.38726, 0.00626766
19.7976, -77.3103, 0.552964, 1.56014, 0.00731228
19.9705, -77.0256, 0.554325, 1.73302, 0.00835689
20.1433, -76.7111, 0.553492, 1.90589, 0.00973997
20.3162, -76.3666, 0.555272, 2.07877, 0.0107846
20.4891, -75.9923, 0.557233, 2.25164, 0.0118292
20.662, -75.5881, 0.559375, 2.42452, 0.0128738
20.8349, -75.154, 0.561697, 2.5974, 0.0139184
21.0077, -74.69, 0.564199, 2.77027, 0.014963
21.1806, -74.1962, 0.566882, 2.94315, 0.0160076
21.3535, -73.6724, 0.569746, 3.11603, 0.0170522
21.5264, -73.1188, 0.572791, 3.28891, 0.0180969
21.6993, -72.5352, 0.576016, 3.46178, 0.0191415
21.8721, -71.9218, 0.58121, 3.63466, 0.0198476
22.045, -71.2785, 0.583007, 3.80754, 0.0212307
22.2179, -70.6053, 0.586774, 3.98041, 0.0222753
22.3908, -69.9022, 0.590721, 4.15329, 0.0233199
22.5637, -69.1693, 0.596404, 4.32617, 0.0240261
22.7365, -68.4064, 0.599158, 4.49904, 0.0254091
22.9094, -67.6137, 0.603543, 4.67192, 0.0264782
23.0823, -66.7911, 0.609696, 4.8448, 0.0271599
23.2552, -65.9385, 0.614487, 5.01768, 0.0282045
23.4281, -65.0561, 0.618198, 5.19055, 0.0295876
23.6009, -64.1439, 0.623322, 5.36343, 0.0306566
23.7738, -63.2017, 0.629946, 5.53631, 0.0313383
23.9467, -62.2296, 0.634374, 5.70918, 0.0327214
24.1196, -61.2277, 0.640127, 5.88206, 0.033766
24.2925, -60.1958, 0.64595, 6.05494, 0.0348493
24.4654, -59.1341, 0.65211, 6.22781, 0.0358797
24.6382, -58.0425, 0.658373, 6.40069, 0.0369386
24.8111, -56.921, 0.664889, 6.57357, 0.0379689
24.984, -55.7696, 0.671603, 6.74645, 0.0389891
25.1569, -54.5884, 0.678439, 6.91932, 0.0400337
25.3298, -53.3772, 0.685342, 7.0922, 0.0411414
25.5026, -52.1362, 0.692655, 7.26508, 0.0421229
25.6755, -50.8652, 0.69994, 7.43795, 0.0432306
25.8484, -49.5644, 0.70751, 7.61083, 0.0442752
26.0213, -48.2337, 0.715289, 7.78371, 0.0452954
26.1942, -46.8731, 0.723198, 7.95658, 0.046358
26.367, -45.4826, 0.731293, 8.12946, 0.0474233
26.5399, -44.0623, 0.739585, 8.30233, 0.0484716
26.7128, -42.612, 0.748065, 8.47521, 0.0495084
26.8857, -41.1319, 0.756716, 8.64808, 0.0505701
27.0586, -39.6218, 0.765552, 8.82095, 0.0516441
27.2314, -38.0876, 0.774561, 8.84379, 0.0520947
27.4043, -36.5736, 0.783481, 8.67095, 0.0510924
27.5772, -35.0895, 0.792225, 8.4981, 0.0500666
27.7501, -33.6353, 0.800792, 8.32522, 0.0490341
27.923, -32.2109, 0.809179, 8.15234, 0.0479985
28.0958, -30.8165, 0.817387, 7.97946, 0.046961
28.2687, -29.452, 0.825416, 7.80659, 0.0459223
28.4416, -28.1173, 0.833266, 7.63371, 0.0448828
28.6145, -26.8125, 0.840935, 7.46083, 0.0438427
28.7874, -25.5377, 0.848425, 7.28795, 0.042802
28.9602, -24.2927, 0.855734, 7.11508, 0.0417609
29.1331, -23.0775, 0.862864, 6.9422, 0.0407195
29.306, -21.8923, 0.869813, 6.76932, 0.0396779
29.4789, -20.737, 0.876583, 6.59645, 0.038636
29.6518, -19.6115, 0.883172, 6.42357, 0.0375939
29.8246, -18.516, 0.889581, 6.2507, 0.0365517
29.9975, -17.4503, 0.89581, 6.07782, 0.0355093
30.1704, -16.4145, 0.901859, 5.90494, 0.0344667
30.3433, -15.4086, 0.907727, 5.73206, 0.0334241
30.5162, -14.4326, 0.913416, 5.55919, 0.0323813
30.689, -13.4864, 0.918924, 5.38631, 0.0313385
30.8619, -12.5702, 0.924251, 5.21343, 0.0302956
31.0348, -11.6838, 0.929399, 5.04055, 0.0292526
31.2077, -10.8274, 0.934366, 4.86768, 0.0282095
31.3806, -10.0008, 0.939152, 4.6948, 0.0271664
31.5534, -9.20409, 0.943759, 4.52192, 0.0261232
31.7263, -8.43729, 0.948185, 4.34905, 0.0250799
31.8992, -7.70036, 0.95243, 4.17617, 0.0240366
32.0721, -6.99334, 0.956496, 4.00329, 0.0229932
32.245, -6.31619, 0.96038, 3.83041, 0.0219498
32.4178, -5.66892, 0.964085, 3.65754, 0.0209064
32.5907, -5.05155, 0.967609, 3.48466, 0.0198629
32.7636, -4.46407, 0.970953, 3.31178, 0.0188194
32.9365, -3.90646, 0.974116, 3.13891, 0.0177759
33.1094, -3.37877, 0.977099, 2.96603, 0.0167323
33.2822, -2.88094, 0.979901, 2.79315, 0.0156887
33.4551, -2.41299, 0.982524, 2.62028, 0.0146451
33.628, -1.97493, 0.984965, 2.4474, 0.0136014
33.8009, -1.56678, 0.987226, 2.27452, 0.0125577
33.9738, -1.1885, 0.989307, 2.10165, 0.0115141
34.1466, -0.840103, 0.991208, 1.92877, 0.0104703
34.3195, -0.521614, 0.992927, 1.75589, 0.00942657
34.4924, -0.233002, 0.994467, 1.58302, 0.00838279
34.6653, 0.0257263, 0.995826, 1.41014, 0.007339
34.8382, 0.25457, 0.997004, 1.23726, 0.0062952
35.011, 0.453529, 0.998002, 1.06439, 0.00525137
35.1839, 0.622589, 0.99882, 0.891508, 0.00420752
35.3568, 0.761765, 0.999457, 0.71863, 0.00316365
35.5297, 0.871063, 0.999914, 0.545754, 0.00211978
35.7026, 0.950462, 1.00019, 0.372876, 0.00107588
35.8754, 1, 1.00029, 0.2, 3.19895e-05
