35.7628, 0
0, 0, 0, 0.5, 0
0.187181, 0.0760732, 0.000104893, 0.312822, 0.00119585
0.374363, 0.117109, 0.000433635, 0.125645, 0.0023917
0.561544, 0.123108, 0.000986225, -0.0615328, 0.00358755
0.748726, 0.0940738, 0.00176263, -0.248711, 0.00478341
0.935907, 0.0300001, 0.0027629, -0.435888, 0.00597926
1.12309, -0.0691059, 0.00398699, -0.623066, 0.00717511
1.31027, -0.203254, 0.00543496, -0.810243, 0.00837096
1.49745, -0.372435, 0.00710675, -0.99742, 0.00956681
1.68463, -0.576648, 0.00900235, -1.1846, 0.0107627
1.87181, -0.815904, 0.0111218, -1.37178, 0.0119585
2.059, -1.09017, 0.0160906, -1.55896, 0.0127938
2.24618, -1.39952, 0.0160323, -1.74613, 0.0143502
2.43336, -1.74388, 0.0188233, -1.93331, 0.0155461
2.62054, -2.12328, 0.0218381, -2.12049, 0.0167419
2.80772, -2.53771, 0.0250768, -2.30766, 0.0179378
2.9949, -2.98718, 0.0285393, -2.49484, 0.0191336
3.18208, -3.47168, 0.0322256, -2.68202, 0.0203295
3.36927, -3.99121, 0.0382888, -2.8692, 0.0211648
3.55645, -4.54579, 0.0423554, -3.05638, 0.0223606
3.74363, -5.13541, 0.0466458, -3.24355, 0.0235565
3.93081, -5.76006, 0.05116, -3.43073, 0.0247523
4.11799, -6.41975, 0.0558981, -3.61791, 0.0259482
4.30517, -7.11448, 0.0590444, -3.80508, 0.0275046
4.49235, -7.84424, 0.0642977, -3.99226, 0.0287004
4.67953, -8.60903, 0.0697748, -4.17944, 0.0298963
4.86672, -9.40887, 0.0754757, -4.36662, 0.0310921
5.0539, -10.2437, 0.0814004, -4.5538, 0.032288
5.24108, -11.1136, 0.0875491, -4.74097, 0.0334838
5.42826, -12.0186, 0.0939215, -4.92815, 0.0346797
5.61544, -12.9585, 0.101861, -5.11533, 0.035515
5.80262, -13.9336, 0.107338, -5.30251, 0.0370714
5.9898, -14.9436, 0.115677, -5.48968, 0.0378807
6.17699, -15.9887, 0.12165, -5.67686, 0.0394631
6.36417, -17.0688, 0.129141, -5.86404, 0.0406589
6.55135, -18.184, 0.137863, -6.05122, 0.0414942
6.73853, -19.3342, 0.145734, -6.23839, 0.0426901
6.92571, -20.5194, 0.15383, -6.42557, 0.0438859
7.11289, -21.7397, 0.162207, -6.61275, 0.0450558
7.30007, -22.995, 0.169957, -6.79993, 0.0466382
7.48726, -24.2853, 0.179537, -6.9871, 0.0474323
7.67444, -25.6107, 0.18785, -7.17428, 0.0490299
7.86162, -26.9711, 0.197727, -7.36146, 0.049824
8.0488, -28.3665, 0.207105, -7.54864, 0.051061
8.23598, -29.797, 0.216825, -7.73581, 0.0522049
8.42316, -31.2625, 0.226739, -7.92298, 0.0533594
8.61034, -32.7631, 0.236783, -8.11017, 0.0546226
8.79753, -34.2987, 0.247138, -8.29734, 0.0557714
8.98471, -35.8693, 0.257689, -8.48451, 0.056947
9.17189, -37.475, 0.268458, -8.67168, 0.0581152
9.35907, -39.1153, 0.279435, -8.82177, 0.0588036
9.54625, -40.7491, 0.290319, -8.63452, 0.0575171
9.73343, -42.3478, 0.30097, -8.44733, 0.0562969
9.92061, -43.9114, 0.311395, -8.26016, 0.0550864
10.1078, -45.4401, 0.321593, -8.07299, 0.0538802
10.295, -46.9337, 0.331566, -7.88581, 0.0526761
10.4822, -48.3922, 0.341313, -7.69863, 0.0514735
10.6693, -49.8158, 0.350836, -7.51145, 0.050272
10.8565, -51.2042, 0.360133, -7.32428, 0.0490712
11.0437, -52.5577, 0.369206, -7.1371, 0.047871
11.2309, -53.8761, 0.378054, -6.94992, 0.0466712
11.4181, -55.1595, 0.386678, -6.76274, 0.0454718
11.6052, -56.4078, 0.395077, -6.57557, 0.0442727
11.7924, -57.6211, 0.403252, -6.38839, 0.0430739
11.9796, -58.7994, 0.411203, -6.20121, 0.0418753
12.1668, -59.9426, 0.418929, -6.01403, 0.0406768
12.354, -61.0508, 0.42643, -5.82686, 0.0394786
12.5412, -62.124, 0.433708, -5.63968, 0.0382805
12.7283, -63.1621, 0.440761, -5.4525, 0.0370825
12.9155, -64.1652, 0.44759, -5.26533, 0.0358846
13.1027, -65.1333, 0.454195, -5.07815, 0.0346869
13.2899, -66.0663, 0.460576, -4.89097, 0.0334892
13.4771, -66.9642, 0.466732, -4.70379, 0.0322916
13.6642, -67.8272, 0.472665, -4.51662, 0.0310941
13.8514, -68.6551, 0.478373, -4.32944, 0.0298967
14.0386, -69.448, 0.483857, -4.14226, 0.0286993
14.2258, -70.2058, 0.489117, -3.95508, 0.027502
14.413, -70.9286, 0.494153, -3.76791, 0.0263047
14.6001, -71.6164, 0.498964, -3.58073, 0.0251075
14.7873, -72.2691, 0.503552, -3.39355, 0.0239103
14.9745, -72.8868, 0.507915, -3.20637, 0.0227132
15.1617, -73.4695, 0.512055, -3.0192, 0.0215161
15.3489, -74.0171, 0.51597, -2.83202, 0.0203191
15.5361, -74.5296, 0.519661, -2.64484, 0.0191221
15.7232, -75.0072, 0.523129, -2.45766, 0.0179251
15.9104, -75.4497, 0.526372, -2.27049, 0.0167282
16.0976, -75.8572, 0.529391, -2.08331, 0.0155313
16.2848, -76.2296, 0.532186, -1.89613, 0.0143344
16.472, -76.567, 0.534757, -1.70895, 0.0131375
16.6591, -76.8694, 0.537104, -1.52177, 0.0119407
16.8463, -77.1367, 0.539228, -1.3346, 0.0107439
17.0335, -77.369, 0.541127, -1.14742, 0.00954717
17.2207, -77.5663, 0.542802, -0.960243, 0.0083504
17.4079, -77.7285, 0.544253, -0.773068, 0.00715369
17.5951, -77.8557, 0.54548, -0.585887, 0.00595696
17.7822, -77.9478, 0.546483, -0.39871, 0.00476027
17.9694, -78.0049, 0.547262, -0.211532, 0.00356359
18.1566, -78.027, 0.547817, -0.024354, 0.00236693
18.3438, -78.014, 0.548148, 0.162823, 0.0011703
18.531, -77.9661, 0.548255, 0.350002, -2.6335e-05
18.7033, -77.8909, 0.548593, 0.522316, 0.00104802
18.8756, -77.7861, 0.54887, 0.694631, 0.00209603
19.0479, -77.6515, 0.549328, 0.866946, 0.00314404
19.2202, -77.4873, 0.549966, 1.03926, 0.00419206
19.3926, -77.2934, 0.550785, 1.21158, 0.00524007
19.5649, -77.0697, 0.551784, 1.38389, 0.00628809
19.7372, -76.8164, 0.552964, 1.55621, 0.0073361
19.9095, -76.5334, 0.554325, 1.72852, 0.00838412
20.0818, -76.2207, 0.555866, 1.90084, 0.00943213
20.2541, -75.8783, 0.557588, 2.07315, 0.0104801
20.4265, -75.5062, 0.55949, 2.24547, 0.0115282
20.5988, -75.1044, 0.561573, 2.41779, 0.0125762
20.7711, -74.673, 0.563837, 2.5901, 0.0136242
20.9434, -74.2118, 0.566281, 2.76242, 0.0146722
21.1157, -73.7209, 0.568905, 2.93473, 0.0157202
21.2881, -73.2004, 0.571711, 3.10705, 0.0167682
21.4604, -72.6501, 0.574697, 3.27936, 0.0178162
21.6327, -72.0702, 0.577863, 3.45168, 0.0188643
21.805, -71.4605, 0.58121, 3.62399, 0.0199123
21.9773, -70.8212, 0.584738, 3.79631, 0.0209603
22.1497, -70.1522, 0.588446, 3.96863, 0.0220083
22.322, -69.4535, 0.592335, 4.14094, 0.0230563
22.4943, -68.7251, 0.596404, 4.31326, 0.0241043
22.6666, -67.967, 0.600654, 4.48557, 0.0251523
22.8389, -67.1792, 0.605085, 4.65789, 0.0262004
23.0112, -66.3617, 0.609696, 4.8302, 0.0272484
23.1836, -65.5145, 0.614488, 5.00252, 0.0282964
23.3559, -64.6376, 0.61946, 5.17483, 0.0293444
23.5282, -63.7311, 0.624613, 5.34715, 0.0303924
23.7005, -62.7948, 0.629947, 5.51946, 0.0314404
23.8728, -61.8288, 0.635461, 5.69178, 0.0324885
24.0452, -60.8332, 0.641156, 5.8641, 0.0335365
24.2175, -59.8079, 0.647031, 6.03641, 0.0345845
24.3898, -58.7528, 0.653087, 6.20873, 0.0356325
24.5621, -57.6681, 0.659324, 6.38105, 0.0366805
24.7344, -56.5537, 0.665741, 6.55336, 0.0377285
24.9067, -55.4096, 0.672339, 6.72568, 0.0387766
25.0791, -54.2358, 0.679117, 6.89799, 0.0398245
25.2514, -53.0323, 0.686076, 7.07031, 0.0408726
25.4237, -51.7991, 0.693215, 7.24262, 0.0419206
25.596, -50.5362, 0.700536, 7.41494, 0.0429686
25.7683, -49.2436, 0.708036, 7.58725, 0.0440166
25.9407, -47.9213, 0.715718, 7.75957, 0.0450646
26.113, -46.5694, 0.723579, 7.93188, 0.0461127
26.2853, -45.1877, 0.731622, 8.1042, 0.0471606
26.4576, -43.7764, 0.739845, 8.27652, 0.0482087
26.6299, -42.3353, 0.748249, 8.44884, 0.0492567
26.8023, -40.8646, 0.756833, 8.62118, 0.0503049
26.9746, -39.3642, 0.765598, 8.79356, 0.0513533
27.1469, -37.8397, 0.774562, 8.81589, 0.0522654
27.3192, -36.3354, 0.783482, 8.64349, 0.0512592
27.4915, -34.8608, 0.792226, 8.47116, 0.0502299
27.6638, -33.4159, 0.800793, 8.29884, 0.0491941
27.8362, -32.0007, 0.80918, 8.12652, 0.0481551
28.0085, -30.6152, 0.817389, 7.9542, 0.0471143
28.1808, -29.2594, 0.825418, 7.78189, 0.0460723
28.3531, -27.9333, 0.833267, 7.60957, 0.0450294
28.5254, -26.6368, 0.840937, 7.43726, 0.0439858
28.6978, -25.3701, 0.848426, 7.26494, 0.0429418
28.8701, -24.1331, 0.855736, 7.09262, 0.0418973
29.0424, -22.9257, 0.862865, 6.92031, 0.0408526
29.2147, -21.7481, 0.869815, 6.74799, 0.0398075
29.387, -20.6001, 0.876585, 6.57568, 0.0387623
29.5594, -19.4819, 0.883174, 6.40336, 0.0377168
29.7317, -18.3933, 0.889583, 6.23104, 0.0366712
29.904, -17.3344, 0.895812, 6.05873, 0.0356254
30.0763, -16.3052, 0.901861, 5.88641, 0.0345794
30.2486, -15.3057, 0.90773, 5.7141, 0.0335334
30.4209, -14.3359, 0.913418, 5.54178, 0.0324873
30.5933, -13.3958, 0.918926, 5.36947, 0.0314411
30.7656, -12.4854, 0.924254, 5.19715, 0.0303947
30.9379, -11.6047, 0.929401, 5.02484, 0.0293483
31.1102, -10.7537, 0.934368, 4.85252, 0.0283019
31.2825, -9.93233, 0.939155, 4.6802, 0.0272553
31.4549, -9.14069, 0.943761, 4.50789, 0.0262087
31.6272, -8.37875, 0.948187, 4.33557, 0.0251621
31.7995, -7.6465, 0.952433, 4.16326, 0.0241154
31.9718, -6.94395, 0.956499, 3.99094, 0.0230686
32.1441, -6.27108, 0.960383, 3.81863, 0.0220218
32.3165, -5.62791, 0.964088, 3.64631, 0.020975
32.4888, -5.01442, 0.967612, 3.474, 0.0199282
32.6611, -4.43063, 0.970956, 3.30168, 0.0188813
32.8334, -3.87653, 0.974119, 3.12937, 0.0178343
33.0057, -3.35214, 0.977102, 2.95705, 0.0167873
33.178, -2.85744, 0.979905, 2.78473, 0.0157404
33.3504, -2.39241, 0.982527, 2.61242, 0.0146933
33.5227, -1.95711, 0.984969, 2.4401, 0.0136463
33.695, -1.55148, 0.98723, 2.26779, 0.0125992
33.8673, -1.17553, 0.989311, 2.09547, 0.0115521
34.0396, -0.8293, 0.991211, 1.92315, 0.0105049
34.212, -0.512733, 0.992931, 1.75084, 0.00945782
34.3843, -0.225883, 0.994471, 1.57852, 0.00841064
34.5566, 0.0312729, 0.99583, 1.40621, 0.00736345
34.7289, 0.258743, 0.997009, 1.23389, 0.00631624
34.9012, 0.45652, 0.998007, 1.06158, 0.00526902
35.0736, 0.624619, 0.998825, 0.889264, 0.00422179
35.2459, 0.762993, 0.999462, 0.716947, 0.00317452
35.4182, 0.871704, 0.999919, 0.544634, 0.00212726
35.5905, 0.950706, 1.00019, 0.372317, 0.00107996
35.7628, 1, 1.00029, 0.200002, 3.26615e-05
