2.71375, 0
0, 0, 0, 0.5, 0
0.0109895, 0.0054697, 5.49868e-05, 0.495354, 0.00995918
0.0219789, 0.0108897, 0.000220305, 0.490715, 0.0199214
0.0329684, 0.0162549, 0.0004927, 0.486088, 0.0298895
0.0439578, 0.0215716, 0.000876113, 0.481468, 0.0398602
0.0549473, 0.0268376, 0.0013691, 0.476855, 0.049835
0.0659368, 0.0320534, 0.00197217, 0.472251, 0.0598134
0.0769262, 0.0372173, 0.00268381, 0.467658, 0.069797
0.0879157, 0.0423322, 0.00350632, 0.463072, 0.0797838
0.0989052, 0.047394, 0.00443674, 0.458499, 0.0897766
0.109895, 0.0524082, 0.00547871, 0.453932, 0.0997723
0.120884, 0.0573708, 0.0066295, 0.449377, 0.109773
0.131874, 0.0622846, 0.00789113, 0.444831, 0.119778
0.142863, 0.0671483, 0.00926247, 0.440295, 0.129788
0.153852, 0.0719624, 0.0107441, 0.43577, 0.139802
0.164842, 0.0767278, 0.0123363, 0.431254, 0.149821
0.175831, 0.081443, 0.0140382, 0.42675, 0.159845
0.186821, 0.0861069, 0.0158492, 0.42226, 0.169875
0.19781, 0.0907223, 0.017771, 0.41778, 0.17991
0.2088, 0.0952881, 0.0198028, 0.413313, 0.189951
0.219789, 0.0998071, 0.0219463, 0.408856, 0.199996
0.230779, 0.104274, 0.0241985, 0.404414, 0.210048
0.241768, 0.108695, 0.0265623, 0.399983, 0.220105
0.252758, 0.113065, 0.029036, 0.395567, 0.230168
0.263747, 0.117389, 0.0316212, 0.391163, 0.240236
0.274737, 0.121663, 0.0343164, 0.386775, 0.250311
0.285726, 0.125889, 0.0371223, 0.382401, 0.260393
0.296715, 0.130068, 0.0400393, 0.378041, 0.27048
0.307705, 0.134198, 0.0430673, 0.373696, 0.280575
0.318694, 0.138282, 0.0462067, 0.369366, 0.290675
0.329684, 0.142317, 0.0494564, 0.365054, 0.300783
0.340673, 0.146306, 0.0528182, 0.360756, 0.310897
0.351663, 0.150247, 0.0562898, 0.356479, 0.32102
0.362652, 0.15414, 0.0598731, 0.352218, 0.33115
0.373642, 0.157988, 0.063568, 0.347976, 0.341288
0.384631, 0.161789, 0.0673744, 0.343752, 0.351433
0.395621, 0.165543, 0.0712924, 0.339547, 0.361586
0.40661, 0.169252, 0.0753219, 0.335363, 0.371748
0.4176, 0.172914, 0.0794625, 0.331202, 0.381919
0.428589, 0.176531, 0.0837157, 0.32706, 0.392098
0.439579, 0.180102, 0.0880804, 0.322941, 0.402287
0.450568, 0.183629, 0.0925576, 0.318845, 0.412484
0.461557, 0.18711, 0.0971463, 0.314774, 0.422692
0.472547, 0.190548, 0.101848, 0.310726, 0.432908
0.483536, 0.19394, 0.106662, 0.306705, 0.443136
0.494526, 0.197289, 0.111588, 0.302709, 0.453373
0.505515, 0.200593, 0.116626, 0.298744, 0.463622
0.516505, 0.203855, 0.121777, 0.294806, 0.473882
0.527494, 0.207073, 0.127042, 0.290898, 0.484153
0.538484, 0.210248, 0.132419, 0.287023, 0.494437
0.549473, 0.213382, 0.137909, 0.283178, 0.504731
0.560463, 0.216472, 0.143512, 0.27937, 0.51504
0.571452, 0.219522, 0.149229, 0.275597, 0.525361
0.582442, 0.22253, 0.155059, 0.27186, 0.535696
0.593431, 0.225498, 0.161003, 0.268162, 0.546045
0.60442, 0.228424, 0.16706, 0.264507, 0.556409
0.61541, 0.231311, 0.173233, 0.260891, 0.566786
0.626399, 0.234158, 0.179518, 0.257323, 0.57718
0.637389, 0.236967, 0.185918, 0.253801, 0.58759
0.648378, 0.239737, 0.192433, 0.250329, 0.598016
0.659368, 0.242469, 0.199062, 0.246907, 0.608459
0.670357, 0.245164, 0.205806, 0.243543, 0.618921
0.681347, 0.247822, 0.212666, 0.240234, 0.629401
0.692336, 0.250444, 0.21964, 0.236989, 0.6399
0.703326, 0.253031, 0.22673, 0.233807, 0.650419
0.714315, 0.255584, 0.233936, 0.230695, 0.660959
0.725304, 0.258102, 0.241257, 0.227656, 0.671519
0.736294, 0.260588, 0.248695, 0.224695, 0.682102
0.747283, 0.263041, 0.256249, 0.221818, 0.692709
0.758273, 0.265463, 0.26392, 0.219027, 0.703337
0.769262, 0.267855, 0.271708, 0.216334, 0.713992
0.780252, 0.270218, 0.279613, 0.213739, 0.724671
0.791241, 0.272553, 0.287636, 0.211255, 0.735376
0.802231, 0.274862, 0.295776, 0.20889, 0.746107
0.81322, 0.277145, 0.304034, 0.20665, 0.756866
0.82421, 0.279404, 0.312411, 0.20455, 0.767653
0.835199, 0.281641, 0.320906, 0.202598, 0.778468
0.846189, 0.283858, 0.329521, 0.200809, 0.789311
0.857178, 0.286055, 0.338255, 0.199198, 0.800181
0.868168, 0.288237, 0.347108, 0.19778, 0.811078
0.879157, 0.290403, 0.356081, 0.196578, 0.822002
0.890146, 0.292558, 0.365175, 0.195612, 0.832948
0.901136, 0.294703, 0.374389, 0.194909, 0.843916
0.912125, 0.296843, 0.383723, 0.194496, 0.854897
0.923115, 0.29898, 0.393179, 0.194406, 0.865885
0.934104, 0.301117, 0.402755, 0.194681, 0.876871
0.945094, 0.30326, 0.412451, 0.195364, 0.887838
0.956083, 0.305413, 0.422268, 0.196506, 0.898767
0.967073, 0.307581, 0.432205, 0.198167, 0.909629
0.978062, 0.30977, 0.44226, 0.200414, 0.920385
0.989052, 0.311988, 0.452433, 0.203318, 0.930981
1.00004, 0.314242, 0.462722, 0.206963, 0.941347
1.01103, 0.31654, 0.473122, 0.211427, 0.951385
1.02202, 0.318892, 0.48363, 0.216785, 0.960974
1.03301, 0.321308, 0.494241, 0.223098, 0.969964
1.044, 0.323799, 0.504946, 0.230385, 0.97818
1.05499, 0.326375, 0.515737, 0.238626, 0.985439
1.06598, 0.329047, 0.526601, 0.247736, 0.99157
1.07697, 0.331823, 0.537526, 0.257578, 0.996445
1.08796, 0.33471, 0.548497, 0.267968, 0.999999
1.10421, 0.341074, 0.561504, 0.283003, 1.00453
1.12047, 0.34768, 0.574602, 0.298034, 1.00903
1.13673, 0.354528, 0.587794, 0.313062, 1.0135
1.15299, 0.361616, 0.601078, 0.328085, 1.01793
1.16925, 0.368946, 0.614453, 0.343103, 1.02233
1.1855, 0.376517, 0.62792, 0.358118, 1.02668
1.20176, 0.384329, 0.641478, 0.373127, 1.031
1.21802, 0.392381, 0.655128, 0.388131, 1.03528
1.23428, 0.400674, 0.668868, 0.40313, 1.03952
1.25054, 0.409207, 0.682699, 0.418123, 1.04371
1.26679, 0.417981, 0.696622, 0.43311, 1.04786
1.28305, 0.426994, 0.710634, 0.448091, 1.05196
1.29931, 0.436247, 0.724736, 0.463064, 1.05601
1.31557, 0.445739, 0.738928, 0.478031, 1.06002
1.33183, 0.455471, 0.753209, 0.49299, 1.06397
1.34808, 0.465442, 0.76758, 0.50794, 1.06787
1.36434, 0.475651, 0.782039, 0.522882, 1.07171
1.3806, 0.486099, 0.796587, 0.537815, 1.0755
1.39686, 0.496785, 0.811222, 0.552738, 1.07922
1.41311, 0.507708, 0.825946, 0.56765, 1.08288
1.42937, 0.518869, 0.840756, 0.582552, 1.08648
1.44563, 0.530267, 0.855654, 0.597441, 1.09001
1.46189, 0.541902, 0.870638, 0.612318, 1.09347
1.47815, 0.553773, 0.885708, 0.627181, 1.09685
1.4944, 0.56588, 0.900863, 0.64203, 1.10016
1.51066, 0.578222, 0.916104, 0.656863, 1.10339
1.52692, 0.590799, 0.931429, 0.67168, 1.10654
1.54318, 0.603611, 0.946837, 0.686479, 1.1096
1.55944, 0.616656, 0.96233, 0.701259, 1.11256
1.57569, 0.629935, 0.977904, 0.716019, 1.11544
1.59195, 0.643447, 0.993561, 0.730757, 1.11821
1.60821, 0.65719, 1.0093, 0.745471, 1.12088
1.62447, 0.671165, 1.02512, 0.760161, 1.12345
1.64073, 0.68537, 1.04101, 0.774823, 1.1259
1.65698, 0.699805, 1.05699, 0.789457, 1.12823
1.67324, 0.714468, 1.07305, 0.804059, 1.13043
1.6895, 0.72936, 1.08918, 0.818627, 1.13251
1.70576, 0.744479, 1.10538, 0.833158, 1.13445
1.72201, 0.759824, 1.12167, 0.847651, 1.13625
1.73827, 0.775393, 1.13802, 0.862101, 1.13789
1.75453, 0.791186, 1.15445, 0.876504, 1.13938
1.77079, 0.807201, 1.17095, 0.890858, 1.14071
1.78705, 0.823437, 1.18752, 0.905158, 1.14186
1.8033, 0.839892, 1.20415, 0.919399, 1.14282
1.81956, 0.856565, 1.22085, 0.933577, 1.14359
1.83582, 0.873453, 1.23762, 0.947686, 1.14416
1.85208, 0.890556, 1.25445, 0.961719, 1.14452
1.86834, 0.907871, 1.27134, 0.975671, 1.14465
1.88459, 0.925395, 1.28829, 0.989533, 1.14455
1.90085, 0.943127, 1.3053, 1.0033, 1.1442
1.91711, 0.961064, 1.32235, 1.01696, 1.14358
1.93337, 0.979202, 1.33946, 1.0305, 1.1427
1.94963, 0.997539, 1.35662, 1.04392, 1.14152
1.96588, 1.01607, 1.37382, 1.0572, 1.14004
1.98214, 1.0348, 1.39106, 1.07034, 1.13823
1.9984, 1.05371, 1.40834, 1.0833, 1.1361
2.01466, 1.07281, 1.42566, 1.09609, 1.13361
2.03091, 1.09209, 1.443, 1.10868, 1.13075
2.04717, 1.11154, 1.46036, 1.12106, 1.12751
2.06343, 1.13116, 1.47775, 1.13321, 1.12386
2.07969, 1.15095, 1.49514, 1.1451, 1.11979
2.09595, 1.1709, 1.51255, 1.15672, 1.11529
2.1122, 1.191, 1.52995, 1.16804, 1.11033
2.12846, 1.21124, 1.54735, 1.17903, 1.10491
2.14472, 1.23162, 1.56474, 1.18967, 1.09901
2.16098, 1.25214, 1.5821, 1.19993, 1.09261
2.17724, 1.27277, 1.59943, 1.20978, 1.08571
2.19349, 1.29352, 1.61672, 1.2192, 1.0783
2.20975, 1.31438, 1.63396, 1.22814, 1.07038
2.22601, 1.33534, 1.65114, 1.23659, 1.06194
2.24227, 1.35638, 1.66825, 1.2445, 1.05298
2.25853, 1.3775, 1.68528, 1.25187, 1.04353
2.27478, 1.39869, 1.70222, 1.25865, 1.03357
2.29104, 1.41994, 1.71905, 1.26482, 1.02314
2.3073, 1.44124, 1.73577, 1.27038, 1.01225
2.32356, 1.46257, 1.75236, 1.27528, 1.00093
2.33981, 1.48394, 1.76881, 1.27954, 0.989192
2.35607, 1.50532, 1.78511, 1.28312, 0.977077
2.37233, 1.52672, 1.80126, 1.28604, 0.964616
2.38859, 1.54811, 1.81723, 1.28829, 0.951841
2.40485, 1.5695, 1.83302, 1.28987, 0.938789
2.4211, 1.59087, 1.84863, 1.29079, 0.925492
2.43736, 1.61221, 1.86404, 1.29106, 0.911988
2.45362, 1.63352, 1.87924, 1.29071, 0.898308
2.46988, 1.65478, 1.89424, 1.28973, 0.884486
2.48614, 1.676, 1.90903, 1.28816, 0.870553
2.50239, 1.69715, 1.92359, 1.28602, 0.856536
2.51865, 1.71825, 1.93794, 1.28333, 0.842461
2.53491, 1.73927, 1.95206, 1.2801, 0.828353
2.55117, 1.76021, 1.96595, 1.27637, 0.814232
2.56743, 1.78106, 1.97961, 1.27216, 0.800118
2.58368, 1.80183, 1.99304, 1.2675, 0.786027
2.59994, 1.8225, 2.00624, 1.26239, 0.771975
2.6162, 1.84307, 2.0192, 1.25688, 0.757972
2.63246, 1.86353, 2.03194, 1.25097, 0.744031
2.64872, 1.88388, 2.04444, 1.2447, 0.730159
2.66497, 1.90412, 2.05671, 1.23808, 0.716367
2.68123, 1.92423, 2.06875, 1.23112, 0.702657
2.69749, 1.94422, 2.08056, 1.22386, 0.689038
2.71375, 1.96408, 2.09214, 1.2163, 0.675511
