3.10734, 0
0, 0, 0, 0.5, 0
0.015427, 0.00460409, -0.000121797, 0.496384, 0.0143903
0.030854, 0.00916102, -1.25876e-05, 0.492757, 0.0287555
0.0462811, 0.0136708, 0.000327498, 0.489121, 0.0430945
0.0617081, 0.0181337, 0.00089832, 0.485473, 0.0574057
0.0771351, 0.0225501, 0.0016998, 0.481814, 0.0716874
0.0925621, 0.0269201, 0.00273192, 0.478143, 0.0859381
0.107989, 0.0312441, 0.00399442, 0.474459, 0.100156
0.123416, 0.0355224, 0.00548727, 0.470761, 0.114338
0.138843, 0.0397552, 0.00721026, 0.467049, 0.128484
0.15427, 0.043943, 0.00916328, 0.463323, 0.14259
0.169697, 0.0480862, 0.0113461, 0.45958, 0.156655
0.185124, 0.0521851, 0.0137586, 0.45582, 0.170674
0.200551, 0.0562402, 0.0164006, 0.452042, 0.184646
0.215978, 0.060252, 0.0192718, 0.448245, 0.198567
0.231405, 0.0642211, 0.0223719, 0.444429, 0.212434
0.246832, 0.0681479, 0.0257007, 0.44059, 0.226242
0.262259, 0.0720332, 0.0292579, 0.436729, 0.239988
0.277686, 0.0758775, 0.0330432, 0.432844, 0.253667
0.293113, 0.0796817, 0.0370562, 0.428932, 0.267274
0.30854, 0.0834466, 0.0412964, 0.424993, 0.280804
0.323967, 0.087173, 0.0457634, 0.421024, 0.29425
0.339395, 0.0908618, 0.0504567, 0.417024, 0.307606
0.354822, 0.0945142, 0.0553756, 0.412989, 0.320865
0.370249, 0.0981313, 0.0605196, 0.408919, 0.334018
0.385676, 0.101714, 0.0658879, 0.404809, 0.347056
0.401103, 0.105265, 0.0714796, 0.400658, 0.359971
0.41653, 0.108784, 0.0772939, 0.396462, 0.37275
0.431957, 0.112274, 0.0833296, 0.392217, 0.385382
0.447384, 0.115736, 0.0895854, 0.387921, 0.397853
0.462811, 0.119173, 0.0960601, 0.383569, 0.410147
0.478238, 0.122586, 0.102752, 0.379156, 0.42225
0.493665, 0.125978, 0.109659, 0.374679, 0.43414
0.509092, 0.129352, 0.11678, 0.370131, 0.445799
0.524519, 0.132711, 0.124111, 0.365509, 0.457202
0.539946, 0.136058, 0.131651, 0.360805, 0.468324
0.555373, 0.139397, 0.139395, 0.356015, 0.479136
0.5708, 0.142731, 0.14734, 0.351131, 0.489606
0.586227, 0.146064, 0.155482, 0.346146, 0.499698
0.601654, 0.149402, 0.163815, 0.341055, 0.509373
0.617081, 0.152748, 0.172333, 0.335851, 0.518588
0.632508, 0.156108, 0.181031, 0.330526, 0.527297
0.647935, 0.159487, 0.189899, 0.325075, 0.535447
0.663362, 0.162891, 0.198929, 0.319492, 0.542984
0.678789, 0.166324, 0.208109, 0.313774, 0.549851
0.694216, 0.169792, 0.217429, 0.307918, 0.555987
0.709643, 0.173298, 0.226873, 0.301924, 0.561331
0.72507, 0.176848, 0.236428, 0.295795, 0.565823
0.740497, 0.180443, 0.246074, 0.289537, 0.569405
0.755924, 0.184085, 0.255795, 0.28316, 0.572025
0.771351, 0.187774, 0.265569, 0.276679, 0.57364
0.786778, 0.191508, 0.275374, 0.270113, 0.574214
0.802205, 0.195283, 0.28519, 0.263482, 0.573726
0.817632, 0.199094, 0.294992, 0.256815, 0.572169
0.833059, 0.202933, 0.304759, 0.250138, 0.56955
0.848486, 0.206793, 0.314467, 0.243481, 0.565891
0.863913, 0.210663, 0.324097, 0.236875, 0.561228
0.87934, 0.214534, 0.333627, 0.230347, 0.555605
0.894767, 0.218395, 0.34304, 0.223925, 0.549079
0.910194, 0.222238, 0.352319, 0.217632, 0.541708
0.925621, 0.226052, 0.36145, 0.211488, 0.533558
0.941048, 0.229831, 0.370419, 0.205512, 0.524693
0.956475, 0.233566, 0.379216, 0.199715, 0.515177
0.971902, 0.237253, 0.38783, 0.194109, 0.505072
0.987329, 0.240886, 0.396252, 0.188699, 0.494435
1.00276, 0.244462, 0.404477, 0.18349, 0.483319
1.01818, 0.247977, 0.412498, 0.178485, 0.471776
1.03361, 0.25143, 0.42031, 0.173682, 0.45985
1.04904, 0.25482, 0.427907, 0.16908, 0.447581
1.06446, 0.258146, 0.435287, 0.164677, 0.435006
1.07989, 0.261407, 0.442447, 0.160468, 0.422157
1.09532, 0.264605, 0.449383, 0.156449, 0.409064
1.11075, 0.267741, 0.456093, 0.152614, 0.395753
1.12617, 0.270815, 0.462576, 0.148959, 0.382246
1.1416, 0.273828, 0.46883, 0.145478, 0.368564
1.15703, 0.276783, 0.474853, 0.142164, 0.354725
1.17245, 0.27968, 0.480643, 0.139013, 0.340745
1.18788, 0.282522, 0.486201, 0.136018, 0.326638
1.20331, 0.285311, 0.491525, 0.133174, 0.312417
1.21873, 0.288048, 0.496614, 0.130474, 0.298094
1.23416, 0.290734, 0.501467, 0.127915, 0.283678
1.24959, 0.293373, 0.506085, 0.12549, 0.269178
1.26502, 0.295966, 0.510466, 0.123195, 0.254602
1.28044, 0.298515, 0.51461, 0.121025, 0.239957
1.29587, 0.301022, 0.518517, 0.118974, 0.22525
1.3113, 0.303488, 0.522187, 0.117039, 0.210487
1.32672, 0.305915, 0.525618, 0.115216, 0.195671
1.34215, 0.308306, 0.528811, 0.113499, 0.18081
1.35758, 0.310662, 0.531766, 0.111886, 0.165905
1.373, 0.312984, 0.534482, 0.110372, 0.150962
1.38843, 0.315274, 0.536959, 0.108955, 0.135983
1.40386, 0.317535, 0.539198, 0.10763, 0.120972
1.41929, 0.319766, 0.541197, 0.106394, 0.105931
1.43471, 0.321971, 0.542958, 0.105244, 0.0908634
1.45014, 0.32415, 0.544479, 0.104178, 0.0757704
1.46557, 0.326305, 0.545762, 0.103192, 0.0606548
1.48099, 0.328437, 0.546804, 0.102284, 0.0455182
1.49642, 0.330548, 0.547608, 0.101451, 0.0303625
1.51185, 0.332638, 0.548172, 0.10069, 0.0151892
1.52728, 0.33471, 0.548497, 0.0999999, 4.47035e-08
1.54308, 0.336842, 0.548167, 0.110859, 0.0114525
1.55888, 0.339145, 0.548019, 0.121717, 0.0229044
1.57468, 0.34162, 0.548051, 0.132574, 0.0343557
1.59048, 0.344266, 0.548265, 0.143431, 0.0458062
1.60628, 0.347085, 0.54866, 0.154288, 0.0572561
1.62208, 0.350075, 0.549237, 0.165144, 0.0687051
1.63788, 0.353237, 0.549994, 0.175999, 0.0801533
1.65368, 0.35657, 0.550933, 0.186854, 0.0916007
1.66948, 0.360075, 0.552053, 0.197708, 0.103047
1.68528, 0.363752, 0.553354, 0.208562, 0.114492
1.70108, 0.367601, 0.554837, 0.219414, 0.125937
1.71688, 0.371621, 0.556501, 0.230266, 0.13738
1.73268, 0.375813, 0.558346, 0.241117, 0.148822
1.74848, 0.380177, 0.560372, 0.251966, 0.160262
1.76429, 0.384713, 0.562579, 0.262815, 0.171701
1.78009, 0.38942, 0.564968, 0.273663, 0.183138
1.79589, 0.394298, 0.567538, 0.284509, 0.194574
1.81169, 0.399349, 0.570289, 0.295354, 0.206008
1.82749, 0.404571, 0.573222, 0.306198, 0.21744
1.84329, 0.409965, 0.576335, 0.31704, 0.228869
1.85909, 0.41553, 0.57963, 0.32788, 0.240296
1.87489, 0.421267, 0.583107, 0.338718, 0.251721
1.89069, 0.427176, 0.586764, 0.349554, 0.263142
1.90649, 0.433256, 0.590603, 0.360388, 0.27456
1.92229, 0.439508, 0.594623, 0.371219, 0.285975
1.93809, 0.445932, 0.598825, 0.382048, 0.297385
1.95389, 0.452527, 0.603208, 0.392872, 0.308791
1.96969, 0.459294, 0.607772, 0.403694, 0.320192
1.98549, 0.466232, 0.612517, 0.414511, 0.331587
2.0013, 0.473342, 0.617444, 0.425323, 0.342975
2.0171, 0.480623, 0.622553, 0.43613, 0.354356
2.0329, 0.488075, 0.627843, 0.446932, 0.365729
2.0487, 0.495699, 0.633314, 0.457725, 0.377092
2.0645, 0.503494, 0.638967, 0.468511, 0.388443
2.0803, 0.511461, 0.644801, 0.479287, 0.399781
2.0961, 0.519598, 0.650817, 0.490052, 0.411103
2.1119, 0.527907, 0.657015, 0.500803, 0.422407
2.1277, 0.536387, 0.663395, 0.511538, 0.433687
2.1435, 0.545037, 0.669956, 0.522253, 0.44494
2.1593, 0.553857, 0.6767, 0.532943, 0.456159
2.1751, 0.562848, 0.683626, 0.543602, 0.467335
2.1909, 0.572008, 0.690735, 0.554221, 0.478456
2.2067, 0.581337, 0.698027, 0.564789, 0.489505
2.2225, 0.590834, 0.705503, 0.575287, 0.500458
2.23831, 0.600498, 0.713163, 0.585688, 0.511277
2.25411, 0.610325, 0.721009, 0.595952, 0.521908
2.26991, 0.620313, 0.729044, 0.606013, 0.532258
2.28571, 0.630454, 0.73727, 0.615754, 0.542168
2.30151, 0.640735, 0.745692, 0.624967, 0.551355
2.31731, 0.651133, 0.75432, 0.633257, 0.55928
2.33311, 0.661596, 0.763161, 0.639883, 0.564951
2.34891, 0.672035, 0.772207, 0.643718, 0.566883
2.36471, 0.682349, 0.781388, 0.6439, 0.564021
2.38051, 0.692489, 0.790575, 0.640785, 0.556998
2.39631, 0.702461, 0.799653, 0.635472, 0.547382
2.41211, 0.712287, 0.80856, 0.628843, 0.536376
2.42791, 0.721976, 0.817268, 0.621412, 0.524645
2.44371, 0.731534, 0.825766, 0.613456, 0.512528
2.45951, 0.74096, 0.834052, 0.605134, 0.500204
2.47532, 0.750256, 0.842124, 0.596541, 0.487771
2.49112, 0.759417, 0.849983, 0.587739, 0.475283
2.50692, 0.768444, 0.857629, 0.578769, 0.462773
2.52272, 0.777333, 0.865065, 0.56966, 0.45026
2.53852, 0.786084, 0.872291, 0.560435, 0.437757
2.55432, 0.794693, 0.879309, 0.551109, 0.425268
2.57012, 0.803161, 0.886121, 0.541696, 0.4128
2.58592, 0.811484, 0.892727, 0.532206, 0.400355
2.60172, 0.819663, 0.899128, 0.522648, 0.387934
2.61752, 0.827694, 0.905326, 0.513029, 0.375537
2.63332, 0.835579, 0.911322, 0.503354, 0.363164
2.64912, 0.843314, 0.917116, 0.493629, 0.350815
2.66492, 0.8509, 0.922709, 0.483858, 0.338489
2.68072, 0.858335, 0.928103, 0.474045, 0.326186
2.69652, 0.865618, 0.933298, 0.464193, 0.313904
2.71233, 0.872749, 0.938294, 0.454305, 0.301644
2.72813, 0.879727, 0.943092, 0.444384, 0.289403
2.74393, 0.886552, 0.947693, 0.434431, 0.277183
2.75973, 0.893222, 0.952097, 0.424449, 0.26498
2.77553, 0.899737, 0.956304, 0.414441, 0.252796
2.79133, 0.906097, 0.960317, 0.404406, 0.240629
2.80713, 0.9123, 0.964133, 0.394348, 0.228478
2.82293, 0.918347, 0.967755, 0.384267, 0.216343
2.83873, 0.924237, 0.971183, 0.374165, 0.204222
2.85453, 0.92997, 0.974416, 0.364042, 0.192117
2.87033, 0.935545, 0.977456, 0.3539, 0.180025
2.88613, 0.940961, 0.980302, 0.34374, 0.167947
2.90193, 0.946219, 0.982955, 0.333563, 0.155881
2.91773, 0.951318, 0.985416, 0.323369, 0.143828
2.93353, 0.956258, 0.987684, 0.31316, 0.131787
2.94934, 0.961038, 0.989759, 0.302936, 0.119757
2.96514, 0.965658, 0.991643, 0.292697, 0.107738
2.98094, 0.970118, 0.993336, 0.282445, 0.0957289
2.99674, 0.974418, 0.994836, 0.27218, 0.0837307
3.01254, 0.978556, 0.996146, 0.261902, 0.0717423
3.02834, 0.982534, 0.997265, 0.251612, 0.0597633
3.04414, 0.986351, 0.998192, 0.241311, 0.0477936
3.05994, 0.990006, 0.99893, 0.230999, 0.0358326
3.07574, 0.993499, 0.999477, 0.220676, 0.0238803
3.09154, 0.996831, 0.999833, 0.210343, 0.011936
3.10734, 1, 1, 0.2, -1.49012e-08
