2.308, 0
0, 0, 0, 0.5, 0
0.0112026, 0.00475653, 5.24992e-05, 0.499262, 0.0111295
0.0224052, 0.00950584, 0.000230254, 0.498521, 0.0222575
0.0336079, 0.0142476, 0.000533129, 0.497778, 0.0333842
0.0448105, 0.0189823, 0.000961217, 0.497033, 0.0445093
0.0560131, 0.0237095, 0.00151455, 0.496286, 0.0556328
0.0672157, 0.0284294, 0.00219297, 0.495536, 0.0667547
0.0784183, 0.0331421, 0.00299664, 0.494784, 0.0778749
0.0896209, 0.0378474, 0.00392545, 0.49403, 0.0889933
0.100824, 0.0425452, 0.00497939, 0.493272, 0.10011
0.112026, 0.0472359, 0.00615853, 0.492512, 0.111225
0.123229, 0.0519192, 0.0074628, 0.491749, 0.122337
0.134431, 0.0565951, 0.00889222, 0.490983, 0.133448
0.145634, 0.0612638, 0.0104468, 0.490214, 0.144556
0.156837, 0.0659252, 0.0121265, 0.489441, 0.155662
0.168039, 0.0705792, 0.0139313, 0.488665, 0.166766
0.179242, 0.075226, 0.0158613, 0.487885, 0.177867
0.190444, 0.0798654, 0.0179164, 0.487102, 0.188966
0.201647, 0.0844975, 0.0200965, 0.486314, 0.200061
0.21285, 0.0891223, 0.0224018, 0.485523, 0.211154
0.224052, 0.0937397, 0.0248322, 0.484727, 0.222244
0.235255, 0.0983498, 0.0273876, 0.483926, 0.233331
0.246458, 0.102953, 0.0300681, 0.483121, 0.244414
0.25766, 0.107548, 0.0328737, 0.482311, 0.255493
0.268863, 0.112137, 0.0358044, 0.481495, 0.266569
0.280065, 0.116718, 0.03886, 0.480674, 0.277641
0.291268, 0.121291, 0.0420407, 0.479847, 0.288709
0.302471, 0.125857, 0.0453464, 0.479014, 0.299773
0.313673, 0.130417, 0.0487771, 0.478175, 0.310832
0.324876, 0.134968, 0.0523328, 0.477328, 0.321885
0.336079, 0.139513, 0.0560134, 0.476475, 0.332934
0.347281, 0.14405, 0.0598189, 0.475614, 0.343977
0.358484, 0.14858, 0.0637494, 0.474744, 0.355014
0.369686, 0.153103, 0.0678047, 0.473866, 0.366045
0.380889, 0.157618, 0.071985, 0.472979, 0.37707
0.392092, 0.162127, 0.0762901, 0.472083, 0.388087
0.403294, 0.166627, 0.0807199, 0.471176, 0.399096
0.414497, 0.171121, 0.0852746, 0.470258, 0.410098
0.425699, 0.175608, 0.089954, 0.469328, 0.42109
0.436902, 0.180087, 0.0947581, 0.468386, 0.432074
0.448105, 0.184559, 0.0996869, 0.467431, 0.443047
0.459307, 0.189024, 0.10474, 0.466461, 0.454009
0.47051, 0.193481, 0.109918, 0.465476, 0.46496
0.481713, 0.197932, 0.115221, 0.464475, 0.475898
0.492915, 0.202375, 0.120648, 0.463456, 0.486823
0.504118, 0.206811, 0.126199, 0.462418, 0.497732
0.51532, 0.21124, 0.131875, 0.461359, 0.508626
0.526523, 0.215662, 0.137675, 0.460278, 0.519502
0.537726, 0.220076, 0.143599, 0.459172, 0.530358
0.548928, 0.224484, 0.149647, 0.458041, 0.541194
0.560131, 0.228884, 0.155819, 0.456881, 0.552007
0.571334, 0.233278, 0.162114, 0.455689, 0.562794
0.582536, 0.237664, 0.168534, 0.454464, 0.573553
0.593739, 0.242044, 0.175077, 0.4532, 0.584281
0.604941, 0.246417, 0.181743, 0.451897, 0.594974
0.616144, 0.250782, 0.188532, 0.450547, 0.605629
0.627347, 0.255141, 0.195444, 0.449147, 0.61624
0.638549, 0.259493, 0.202478, 0.447692, 0.626803
0.649752, 0.263839, 0.209634, 0.446174, 0.63731
0.660954, 0.268178, 0.216912, 0.444587, 0.647756
0.672157, 0.27251, 0.224312, 0.442922, 0.65813
0.68336, 0.276836, 0.231832, 0.441171, 0.668422
0.694562, 0.281156, 0.239472, 0.43932, 0.678621
0.705765, 0.285469, 0.247231, 0.437358, 0.688711
0.716968, 0.289777, 0.255108, 0.435269, 0.698673
0.72817, 0.294079, 0.263103, 0.433034, 0.708487
0.739373, 0.298375, 0.271212, 0.430634, 0.718125
0.750575, 0.302666, 0.279436, 0.428042, 0.727553
0.761778, 0.306952, 0.287771, 0.425231, 0.736731
0.772981, 0.311233, 0.296214, 0.422166, 0.745606
0.784183, 0.315509, 0.304763, 0.418807, 0.754115
0.795386, 0.319781, 0.313411, 0.41511, 0.762177
0.806589, 0.324049, 0.322154, 0.411029, 0.769693
0.817791, 0.328312, 0.330984, 0.406511, 0.776543
0.828994, 0.33257, 0.339892, 0.40151, 0.78258
0.840196, 0.336819, 0.348864, 0.395991, 0.78764
0.851399, 0.341058, 0.357888, 0.389939, 0.791544
0.862602, 0.345281, 0.366946, 0.383378, 0.794125
0.873804, 0.349479, 0.376017, 0.376375, 0.795244
0.885007, 0.353645, 0.385083, 0.369047, 0.794829
0.896209, 0.357767, 0.394123, 0.361541, 0.792888
0.907412, 0.361836, 0.403118, 0.354014, 0.789509
0.918615, 0.365844, 0.412053, 0.34661, 0.784839
0.929817, 0.369785, 0.420916, 0.339438, 0.779055
0.94102, 0.373656, 0.429695, 0.332573, 0.772339
0.952223, 0.377456, 0.438384, 0.326056, 0.764857
0.963425, 0.381186, 0.446975, 0.319902, 0.756751
0.974628, 0.384848, 0.455464, 0.314109, 0.748142
0.98583, 0.388445, 0.463847, 0.308665, 0.739124
0.997033, 0.39198, 0.472121, 0.30355, 0.729775
1.00824, 0.395456, 0.480284, 0.298743, 0.720156
1.01944, 0.398876, 0.488333, 0.294223, 0.710315
1.03064, 0.402243, 0.496267, 0.289966, 0.70029
1.04184, 0.40556, 0.504085, 0.285953, 0.690114
1.05305, 0.40883, 0.511786, 0.282164, 0.679809
1.06425, 0.412055, 0.519368, 0.278582, 0.669396
1.07545, 0.415238, 0.526831, 0.27519, 0.658892
1.08665, 0.418381, 0.534173, 0.271973, 0.64831
1.09786, 0.421485, 0.541396, 0.268919, 0.63766
1.10906, 0.424554, 0.548497, 0.266016, 0.626953
1.12105, 0.428838, 0.556248, 0.26888, 0.637861
1.13304, 0.43314, 0.564133, 0.271824, 0.648719
1.14503, 0.437461, 0.572151, 0.274853, 0.659523
1.15702, 0.441799, 0.580302, 0.27797, 0.670268
1.16901, 0.446157, 0.588584, 0.281181, 0.680952
1.181, 0.450534, 0.596998, 0.284491, 0.691568
1.19299, 0.454931, 0.605542, 0.287904, 0.702112
1.20497, 0.45935, 0.614216, 0.291428, 0.712579
1.21696, 0.46379, 0.623018, 0.295068, 0.722962
1.22895, 0.468252, 0.631948, 0.29883, 0.733255
1.24094, 0.472737, 0.641005, 0.302721, 0.74345
1.25293, 0.477247, 0.650186, 0.30675, 0.753539
1.26492, 0.481781, 0.659492, 0.310924, 0.763512
1.27691, 0.486342, 0.66892, 0.315251, 0.773361
1.2889, 0.490929, 0.678469, 0.31974, 0.783074
1.30089, 0.495545, 0.688137, 0.3244, 0.792638
1.31288, 0.50019, 0.697922, 0.329242, 0.80204
1.32487, 0.504866, 0.707823, 0.334276, 0.811265
1.33686, 0.509574, 0.717836, 0.339511, 0.820297
1.34885, 0.514315, 0.727959, 0.34496, 0.829116
1.36084, 0.519092, 0.738189, 0.350633, 0.837704
1.37283, 0.523907, 0.748523, 0.356542, 0.846036
1.38482, 0.528761, 0.758958, 0.362698, 0.854089
1.3968, 0.533656, 0.76949, 0.369111, 0.861836
1.40879, 0.538594, 0.780114, 0.375793, 0.869246
1.42078, 0.543579, 0.790826, 0.382752, 0.876288
1.43277, 0.548613, 0.801621, 0.389996, 0.882927
1.44476, 0.553699, 0.812492, 0.39753, 0.889127
1.45675, 0.558839, 0.823434, 0.405358, 0.894848
1.46874, 0.564038, 0.83444, 0.413478, 0.900051
1.48073, 0.569299, 0.845503, 0.421887, 0.904695
1.49272, 0.574625, 0.856614, 0.430574, 0.908739
1.50471, 0.580021, 0.867766, 0.439525, 0.912144
1.5167, 0.58549, 0.87895, 0.44872, 0.914874
1.52869, 0.591037, 0.890156, 0.458131, 0.916897
1.54068, 0.596666, 0.901375, 0.467728, 0.918188
1.55267, 0.602381, 0.912597, 0.477473, 0.918727
1.56466, 0.608185, 0.923813, 0.487326, 0.918505
1.57665, 0.614083, 0.935012, 0.497242, 0.917521
1.58864, 0.620077, 0.946186, 0.507179, 0.915781
1.60062, 0.62617, 0.957324, 0.517092, 0.913303
1.61261, 0.632365, 0.968419, 0.526939, 0.910111
1.6246, 0.638662, 0.979461, 0.536683, 0.906236
1.63659, 0.645063, 0.990444, 0.546289, 0.901714
1.64858, 0.651569, 1.00136, 0.555727, 0.896584
1.66057, 0.658179, 1.0122, 0.564975, 0.890887
1.67256, 0.664892, 1.02296, 0.574013, 0.884667
1.68455, 0.671707, 1.03364, 0.582827, 0.877964
1.69654, 0.678624, 1.04422, 0.591408, 0.870818
1.70853, 0.68564, 1.05472, 0.599749, 0.863269
1.72052, 0.692753, 1.06511, 0.607849, 0.855353
1.73251, 0.699962, 1.0754, 0.615706, 0.847103
1.7445, 0.707263, 1.08558, 0.623323, 0.83855
1.75649, 0.714655, 1.09565, 0.630705, 0.829722
1.76848, 0.722135, 1.10561, 0.637855, 0.820646
1.78047, 0.729701, 1.11546, 0.644781, 0.811343
1.79246, 0.737351, 1.12519, 0.651489, 0.801836
1.80444, 0.745081, 1.1348, 0.657987, 0.792144
1.81643, 0.75289, 1.14429, 0.664282, 0.782283
1.82842, 0.760775, 1.15366, 0.670381, 0.772268
1.84041, 0.768735, 1.16291, 0.676292, 0.762114
1.8524, 0.776766, 1.17203, 0.682023, 0.751833
1.86439, 0.784867, 1.18102, 0.68758, 0.741436
1.87638, 0.793036, 1.18989, 0.692972, 0.730933
1.88837, 0.801271, 1.19862, 0.698205, 0.720333
1.90036, 0.809569, 1.20723, 0.703285, 0.709643
1.91235, 0.81793, 1.21571, 0.708219, 0.698872
1.92434, 0.826351, 1.22405, 0.713014, 0.688026
1.93633, 0.834831, 1.23227, 0.717674, 0.67711
1.94832, 0.843368, 1.24035, 0.722206, 0.666131
1.96031, 0.85196, 1.2483, 0.726615, 0.655093
1.9723, 0.860606, 1.25611, 0.730905, 0.644
1.98429, 0.869305, 1.26379, 0.735082, 0.632857
1.99627, 0.878055, 1.27134, 0.73915, 0.621668
2.00826, 0.886855, 1.27875, 0.743114, 0.610434
2.02025, 0.895703, 1.28602, 0.746978, 0.599161
2.03224, 0.904599, 1.29316, 0.750744, 0.587849
2.04423, 0.913541, 1.30016, 0.754418, 0.576503
2.05622, 0.922527, 1.30702, 0.758003, 0.565124
2.06821, 0.931558, 1.31375, 0.761502, 0.553715
2.0802, 0.940632, 1.32034, 0.764918, 0.542277
2.09219, 0.949747, 1.32679, 0.768255, 0.530812
2.10418, 0.958904, 1.3331, 0.771514, 0.519322
2.11617, 0.9681, 1.33927, 0.7747, 0.507808
2.12816, 0.977335, 1.34531, 0.777814, 0.496273
2.14015, 0.986609, 1.35121, 0.780859, 0.484717
2.15214, 0.99592, 1.35696, 0.783837, 0.473141
2.16413, 1.00527, 1.36258, 0.786751, 0.461546
2.17612, 1.01465, 1.36806, 0.789602, 0.449935
2.18811, 1.02407, 1.3734, 0.792393, 0.438307
2.20009, 1.03352, 1.3786, 0.795126, 0.426663
2.21208, 1.043, 1.38365, 0.797802, 0.415005
2.22407, 1.05252, 1.38857, 0.800424, 0.403333
2.23606, 1.06207, 1.39335, 0.802993, 0.391648
2.24805, 1.07165, 1.39799, 0.805511, 0.37995
2.26004, 1.08127, 1.40248, 0.807978, 0.368241
2.27203, 1.09091, 1.40684, 0.810398, 0.35652
2.28402, 1.10058, 1.41106, 0.81277, 0.344789
2.29601, 1.11028, 1.41513, 0.815097, 0.333048
2.308, 1.12001, 1.41906, 0.81738, 0.321297
