4.64581, 0
0, 0, 0, 0.5, 0
0.0216992, 0.00977654, 0.000957785, 0.510992, 0.0186579
0.0433984, 0.0197923, 0.00232109, 0.521983, 0.0373143
0.0650977, 0.0300475, 0.00409003, 0.532972, 0.055969
0.0867969, 0.0405418, 0.00626432, 0.54396, 0.0746221
0.108496, 0.0512755, 0.00884417, 0.554946, 0.0932734
0.130195, 0.0622484, 0.0118295, 0.565931, 0.111923
0.151895, 0.0734606, 0.0152204, 0.576914, 0.13057
0.173594, 0.0849121, 0.0190167, 0.587895, 0.149215
0.195293, 0.096603, 0.0232185, 0.598874, 0.167858
0.216992, 0.108533, 0.0278258, 0.60985, 0.186498
0.238691, 0.120703, 0.0328385, 0.620825, 0.205135
0.260391, 0.133111, 0.0382567, 0.631796, 0.223769
0.28209, 0.14576, 0.0440803, 0.642765, 0.2424
0.303789, 0.158647, 0.0503093, 0.653731, 0.261027
0.325488, 0.171774, 0.0569437, 0.664693, 0.279651
0.347188, 0.185141, 0.0639835, 0.675652, 0.29827
0.368887, 0.198747, 0.0714287, 0.686606, 0.316884
0.390586, 0.212592, 0.0792791, 0.697556, 0.335494
0.412285, 0.226677, 0.0875349, 0.708501, 0.354097
0.433984, 0.241002, 0.0961959, 0.719441, 0.372694
0.455684, 0.255566, 0.105262, 0.730375, 0.391284
0.477383, 0.27037, 0.114734, 0.741301, 0.409867
0.499082, 0.285414, 0.12461, 0.752221, 0.42844
0.520781, 0.300697, 0.134892, 0.763132, 0.447004
0.54248, 0.31622, 0.145579, 0.774033, 0.465557
0.56418, 0.331984, 0.15667, 0.784923, 0.484097
0.585879, 0.347987, 0.168167, 0.795801, 0.502622
0.607578, 0.36423, 0.180068, 0.806665, 0.521131
0.629277, 0.380714, 0.192374, 0.817512, 0.539621
0.650977, 0.397439, 0.205084, 0.82834, 0.558088
0.672676, 0.414404, 0.218199, 0.839146, 0.576529
0.694375, 0.431611, 0.231717, 0.849924, 0.59494
0.716074, 0.449059, 0.245639, 0.860671, 0.613313
0.737773, 0.466749, 0.259964, 0.871379, 0.631641
0.759473, 0.484682, 0.274692, 0.882041, 0.649913
0.781172, 0.502858, 0.289822, 0.892643, 0.668118
0.802871, 0.521279, 0.305352, 0.903172, 0.686236
0.82457, 0.539946, 0.321282, 0.913606, 0.704244
0.84627, 0.55886, 0.33761, 0.923916, 0.722106
0.867969, 0.578026, 0.354332, 0.934059, 0.739774
0.889668, 0.597446, 0.371444, 0.943973, 0.757171
0.911367, 0.617128, 0.388939, 0.95356, 0.774182
0.933066, 0.637081, 0.406806, 0.962663, 0.790623
0.954766, 0.657319, 0.425023, 0.971024, 0.806182
0.976465, 0.677867, 0.443554, 0.9782, 0.820327
0.998164, 0.698755, 0.46233, 0.983455, 0.832156
1.01986, 0.720011, 0.481229, 0.985704, 0.84031
1.04156, 0.741611, 0.500076, 0.983876, 0.843368
1.06326, 0.763421, 0.518698, 0.977787, 0.840893
1.08496, 0.785241, 0.537004, 0.968391, 0.833851
1.10666, 0.806902, 0.55497, 0.956944, 0.823679
1.12836, 0.828307, 0.572597, 0.944366, 0.811499
1.15006, 0.84941, 0.58989, 0.931198, 0.798018
1.17176, 0.870188, 0.606849, 0.917741, 0.783658
1.19346, 0.890636, 0.623472, 0.904158, 0.768676
1.21516, 0.910752, 0.639757, 0.89054, 0.753236
1.23686, 0.930538, 0.6557, 0.876939, 0.737445
1.25855, 0.949997, 0.671298, 0.863384, 0.721375
1.28025, 0.969133, 0.686548, 0.849889, 0.705081
1.30195, 0.98795, 0.701445, 0.836462, 0.6886
1.32365, 1.00645, 0.715989, 0.823107, 0.671962
1.34535, 1.02464, 0.730175, 0.809824, 0.65519
1.36705, 1.04252, 0.744001, 0.796614, 0.638301
1.38875, 1.0601, 0.757464, 0.783472, 0.62131
1.41045, 1.07738, 0.770564, 0.770397, 0.604228
1.43215, 1.09435, 0.783297, 0.757386, 0.587066
1.45385, 1.11103, 0.795662, 0.744437, 0.569832
1.47555, 1.12742, 0.807657, 0.731546, 0.552532
1.49725, 1.14351, 0.819281, 0.71871, 0.535172
1.51895, 1.15931, 0.830532, 0.705927, 0.517758
1.54064, 1.17482, 0.841409, 0.693194, 0.500295
1.56234, 1.19005, 0.851911, 0.680509, 0.482785
1.58404, 1.20499, 0.862036, 0.667869, 0.465233
1.60574, 1.21965, 0.871785, 0.655272, 0.447641
1.62744, 1.23403, 0.881155, 0.642716, 0.430013
1.64914, 1.24813, 0.890145, 0.6302, 0.412351
1.67084, 1.26195, 0.898755, 0.61772, 0.394656
1.69254, 1.27549, 0.906985, 0.605276, 0.376932
1.71424, 1.28875, 0.914832, 0.592866, 0.359179
1.73594, 1.30174, 0.922298, 0.580489, 0.3414
1.75764, 1.31445, 0.92938, 0.568143, 0.323596
1.77934, 1.32689, 0.936078, 0.555826, 0.305768
1.80104, 1.33906, 0.942392, 0.543538, 0.287918
1.82273, 1.35096, 0.94832, 0.531276, 0.270046
1.84443, 1.36258, 0.953863, 0.519041, 0.252155
1.86613, 1.37393, 0.959021, 0.506832, 0.234244
1.88783, 1.38502, 0.963791, 0.494646, 0.216315
1.90953, 1.39583, 0.968175, 0.482483, 0.198368
1.93123, 1.40638, 0.972171, 0.470343, 0.180405
1.95293, 1.41666, 0.975779, 0.458224, 0.162426
1.97463, 1.42668, 0.978999, 0.446126, 0.144432
1.99633, 1.43642, 0.981831, 0.434047, 0.126423
2.01803, 1.4459, 0.984273, 0.421988, 0.1084
2.03973, 1.45512, 0.986326, 0.409947, 0.0903635
2.06143, 1.46407, 0.987989, 0.397924, 0.0723148
2.08312, 1.47276, 0.989262, 0.385919, 0.0542535
2.10482, 1.48118, 0.990144, 0.37393, 0.0361804
2.12652, 1.48934, 0.990636, 0.361957, 0.0180956
2.14822, 1.49724, 0.990737, 0.35, 1.2666e-07
2.1732, 1.50576, 0.990955, 0.330826, 0.0160053
2.19817, 1.51376, 0.991532, 0.311678, 0.0320407
2.22315, 1.52134, 0.99257, 0.292486, 0.0480245
2.24813, 1.5284, 0.993967, 0.273319, 0.0640382
2.2731, 1.53501, 0.995788, 0.254134, 0.0800289
2.29808, 1.54108, 0.997943, 0.234993, 0.0960732
2.32305, 1.54672, 1.00055, 0.215812, 0.11207
2.34803, 1.55187, 1.00355, 0.196634, 0.12807
2.37301, 1.55653, 1.00694, 0.177459, 0.144073
2.39798, 1.56071, 1.01072, 0.158286, 0.160079
2.42296, 1.56445, 1.01495, 0.139078, 0.176043
2.44793, 1.56768, 1.01954, 0.119892, 0.192034
2.47291, 1.57044, 1.02454, 0.100692, 0.208007
2.49789, 1.57271, 1.02994, 0.0814948, 0.223985
2.52286, 1.5745, 1.03572, 0.0623016, 0.239966
2.54784, 1.57582, 1.04192, 0.0430953, 0.255932
2.57281, 1.57665, 1.0485, 0.023893, 0.271903
2.59779, 1.57701, 1.05549, 0.00467885, 0.28786
2.62277, 1.57689, 1.06289, -0.014546, 0.303803
2.64774, 1.57628, 1.07067, -0.0337657, 0.319753
2.67272, 1.57519, 1.07884, -0.0529805, 0.335709
2.69769, 1.57364, 1.08744, -0.0722325, 0.35162
2.72267, 1.57158, 1.09641, -0.0914508, 0.367571
2.74764, 1.56907, 1.1058, -0.110716, 0.383466
2.77262, 1.56606, 1.11557, -0.129961, 0.399385
2.7976, 1.56258, 1.12575, -0.149224, 0.415283
2.82257, 1.55861, 1.13632, -0.168491, 0.431176
2.84755, 1.55416, 1.14729, -0.187772, 0.447052
2.87252, 1.54923, 1.15865, -0.207054, 0.462926
2.8975, 1.54382, 1.17041, -0.226348, 0.478787
2.92248, 1.53792, 1.18257, -0.24566, 0.494624
2.94745, 1.53155, 1.19512, -0.26498, 0.510453
2.97243, 1.52469, 1.20806, -0.284304, 0.526275
2.9974, 1.51734, 1.2214, -0.303641, 0.542083
3.02238, 1.50952, 1.23514, -0.323012, 0.55785
3.04736, 1.5012, 1.24927, -0.342387, 0.57361
3.07233, 1.49242, 1.2638, -0.361799, 0.589325
3.09731, 1.48313, 1.27871, -0.381216, 0.605035
3.12228, 1.47337, 1.29401, -0.400664, 0.620705
3.14726, 1.46312, 1.30971, -0.420152, 0.636326
3.17224, 1.45238, 1.3258, -0.439664, 0.651917
3.19721, 1.44116, 1.34227, -0.45921, 0.667465
3.22219, 1.42944, 1.35914, -0.478832, 0.682918
3.24716, 1.41724, 1.37639, -0.498508, 0.698301
3.27214, 1.40454, 1.39402, -0.518237, 0.713616
3.29711, 1.39135, 1.41203, -0.538077, 0.728787
3.32209, 1.37766, 1.43042, -0.558063, 0.743766
3.34707, 1.36347, 1.44919, -0.578236, 0.758492
3.37204, 1.34878, 1.46831, -0.598665, 0.772859
3.39702, 1.33357, 1.48779, -0.619548, 0.786554
3.42199, 1.31782, 1.50759, -0.641345, 0.798722
3.44697, 1.30151, 1.52764, -0.665235, 0.804768
3.47195, 1.28474, 1.54752, -0.671199, 0.784678
3.49692, 1.26813, 1.56686, -0.657605, 0.763802
3.5219, 1.25191, 1.58569, -0.641297, 0.744894
3.54687, 1.23611, 1.60407, -0.624075, 0.726805
3.57185, 1.22074, 1.622, -0.606397, 0.709164
3.59683, 1.20582, 1.6395, -0.588444, 0.691801
3.6218, 1.19135, 1.65656, -0.570307, 0.67463
3.64678, 1.17733, 1.6732, -0.552039, 0.657598
3.67175, 1.16377, 1.68941, -0.533673, 0.640673
3.69673, 1.15067, 1.7052, -0.51523, 0.62383
3.7217, 1.13804, 1.72057, -0.496726, 0.607055
3.74668, 1.12586, 1.73552, -0.478172, 0.590335
3.77166, 1.11415, 1.75006, -0.459577, 0.573662
3.79663, 1.1029, 1.76418, -0.440946, 0.557029
3.82161, 1.09212, 1.77789, -0.422284, 0.540429
3.84658, 1.08181, 1.79118, -0.403597, 0.523859
3.87156, 1.07196, 1.80405, -0.384886, 0.507315
3.89654, 1.06258, 1.81652, -0.366155, 0.490794
3.92151, 1.05367, 1.82857, -0.347406, 0.474293
3.94649, 1.04523, 1.84021, -0.328642, 0.457811
3.97146, 1.03726, 1.85144, -0.309862, 0.441345
3.99644, 1.02975, 1.86226, -0.291069, 0.424894
4.02142, 1.02272, 1.87266, -0.272265, 0.408457
4.04639, 1.01615, 1.88266, -0.253449, 0.392032
4.07137, 1.01006, 1.89225, -0.234623, 0.375618
4.09634, 1.00443, 1.90142, -0.215789, 0.359216
4.12132, 0.999279, 1.91019, -0.196945, 0.342823
4.1463, 0.994596, 1.91855, -0.178094, 0.326439
4.17127, 0.990383, 1.92649, -0.159236, 0.310064
4.19625, 0.986642, 1.93403, -0.140371, 0.293696
4.22122, 0.983372, 1.94117, -0.1215, 0.277335
4.2462, 0.980573, 1.94789, -0.102622, 0.260982
4.27118, 0.978246, 1.9542, -0.0837391, 0.244635
4.29615, 0.97639, 1.96011, -0.0648509, 0.228294
4.32113, 0.975006, 1.96561, -0.0459576, 0.211958
4.3461, 0.974095, 1.9707, -0.0270598, 0.195628
4.37108, 0.973654, 1.97538, -0.00815758, 0.179303
4.39605, 0.973687, 1.97965, 0.0107484, 0.162983
4.42103, 0.974192, 1.98352, 0.0296587, 0.146667
4.44601, 0.975168, 1.98698, 0.0485727, 0.130356
4.47098, 0.976618, 1.99003, 0.0674901, 0.114049
4.49596, 0.97854, 1.99268, 0.0864111, 0.0977455
4.52093, 0.980934, 1.99491, 0.105335, 0.0814461
4.54591, 0.983801, 1.99674, 0.124262, 0.0651498
4.57089, 0.987141, 1.99817, 0.143192, 0.0488574
4.59586, 0.990954, 1.99918, 0.162125, 0.0325679
4.62084, 0.99524, 1.99979, 0.18106, 0.0162818
4.64581, 0.999998, 2, 0.199999, -1.54972e-06
