4.10218, 0
0, 0, 0, 0.5, 0
0.0138864, 0.00679941, 0.000454126, 0.511893, 0.00712339
0.0277727, 0.0137644, 0.00100714, 0.523785, 0.0142467
0.0416591, 0.0208948, 0.00165906, 0.535676, 0.0213699
0.0555455, 0.0281908, 0.00240987, 0.547565, 0.0284931
0.0694319, 0.0356524, 0.0032596, 0.559453, 0.0356161
0.0833182, 0.0432794, 0.00420822, 0.571339, 0.042739
0.0972046, 0.051072, 0.00525571, 0.583223, 0.0498618
0.111091, 0.0590301, 0.00640208, 0.595105, 0.0569845
0.124977, 0.0671537, 0.00764736, 0.606985, 0.064107
0.138864, 0.0754429, 0.00899149, 0.618863, 0.0712294
0.15275, 0.0838976, 0.0104345, 0.630738, 0.0783516
0.166636, 0.0925178, 0.0119763, 0.64261, 0.0854736
0.180523, 0.101304, 0.0136171, 0.654479, 0.0925955
0.194409, 0.110255, 0.0153566, 0.666345, 0.0997171
0.208296, 0.119372, 0.017195, 0.678207, 0.106838
0.222182, 0.128654, 0.0191322, 0.690064, 0.113959
0.236068, 0.138102, 0.0211682, 0.701917, 0.12108
0.249955, 0.147715, 0.0233031, 0.713765, 0.128201
0.263841, 0.157494, 0.0255367, 0.725607, 0.13532
0.277727, 0.167439, 0.027869, 0.737442, 0.14244
0.291614, 0.177549, 0.0303001, 0.749269, 0.149559
0.3055, 0.187825, 0.0328298, 0.761088, 0.156677
0.319387, 0.198266, 0.0354583, 0.772897, 0.163795
0.333273, 0.208873, 0.0381853, 0.784694, 0.170912
0.347159, 0.219645, 0.0410109, 0.796478, 0.178028
0.361046, 0.230584, 0.0439351, 0.808246, 0.185142
0.374932, 0.241687, 0.0469576, 0.819996, 0.192255
0.388818, 0.252957, 0.0500785, 0.831724, 0.199367
0.402705, 0.264392, 0.0532975, 0.843425, 0.206476
0.416591, 0.275992, 0.0566146, 0.855093, 0.213583
0.430478, 0.287759, 0.0600296, 0.86672, 0.220686
0.444364, 0.299691, 0.063542, 0.878296, 0.227785
0.45825, 0.311789, 0.0671516, 0.889807, 0.234879
0.472137, 0.324053, 0.0708577, 0.90123, 0.241964
0.486023, 0.336483, 0.0746595, 0.912537, 0.249038
0.499909, 0.349079, 0.0785558, 0.923682, 0.256096
0.513796, 0.361841, 0.0825447, 0.934594, 0.263129
0.527682, 0.37477, 0.0866229, 0.945155, 0.270123
0.541569, 0.387865, 0.0907849, 0.955161, 0.277047
0.555455, 0.401126, 0.0950206, 0.964236, 0.283842
0.569341, 0.414549, 0.0993106, 0.971665, 0.290372
0.583228, 0.428118, 0.10362, 0.976157, 0.29633
0.597114, 0.441787, 0.1079, 0.976003, 0.301128
0.611, 0.455457, 0.112121, 0.970568, 0.304129
0.624887, 0.469026, 0.116296, 0.961245, 0.305212
0.638773, 0.482432, 0.120443, 0.949851, 0.304733
0.65266, 0.495653, 0.124567, 0.937497, 0.303104
0.666546, 0.508682, 0.128663, 0.924716, 0.300636
0.680432, 0.52152, 0.132726, 0.911757, 0.297541
0.694319, 0.534166, 0.136747, 0.898736, 0.293964
0.708205, 0.546623, 0.140722, 0.885708, 0.290005
0.722091, 0.558892, 0.144646, 0.872702, 0.285738
0.735978, 0.570975, 0.148513, 0.859731, 0.281217
0.749864, 0.582874, 0.15232, 0.846798, 0.276483
0.763751, 0.59459, 0.156064, 0.833908, 0.271568
0.777637, 0.606123, 0.159742, 0.821058, 0.266498
0.791523, 0.617475, 0.163353, 0.808248, 0.261292
0.80541, 0.628647, 0.166892, 0.795475, 0.255968
0.819296, 0.63964, 0.17036, 0.782737, 0.25054
0.833182, 0.650454, 0.173754, 0.770033, 0.245018
0.847069, 0.66109, 0.177073, 0.75736, 0.239412
0.860955, 0.671548, 0.180316, 0.744716, 0.233732
0.874842, 0.68183, 0.183481, 0.732099, 0.227983
0.888728, 0.691935, 0.186568, 0.719507, 0.222172
0.902614, 0.701865, 0.189575, 0.706939, 0.216304
0.916501, 0.711619, 0.192501, 0.694393, 0.210385
0.930387, 0.721198, 0.195346, 0.681869, 0.204417
0.944273, 0.730602, 0.19811, 0.669363, 0.198406
0.95816, 0.739832, 0.20079, 0.656877, 0.192353
0.972046, 0.748888, 0.203388, 0.644407, 0.186262
0.985933, 0.75777, 0.205902, 0.631954, 0.180136
0.999819, 0.766478, 0.208331, 0.619517, 0.173977
1.01371, 0.775013, 0.210675, 0.607094, 0.167787
1.02759, 0.783376, 0.212935, 0.594685, 0.161567
1.04148, 0.791565, 0.215108, 0.582289, 0.155321
1.05536, 0.799582, 0.217195, 0.569905, 0.149049
1.06925, 0.807426, 0.219196, 0.557533, 0.142752
1.08314, 0.815099, 0.221109, 0.545173, 0.136433
1.09702, 0.822599, 0.222936, 0.532823, 0.130091
1.11091, 0.829928, 0.224675, 0.520484, 0.12373
1.1248, 0.837084, 0.226325, 0.508154, 0.117349
1.13868, 0.84407, 0.227888, 0.495834, 0.110949
1.15257, 0.850883, 0.229362, 0.483522, 0.104532
1.16646, 0.857526, 0.230748, 0.47122, 0.0980978
1.18034, 0.863998, 0.232044, 0.458925, 0.0916477
1.19423, 0.870298, 0.233252, 0.446638, 0.0851823
1.20811, 0.876428, 0.23437, 0.434359, 0.0787024
1.222, 0.882387, 0.235398, 0.422087, 0.0722086
1.23589, 0.888175, 0.236336, 0.409821, 0.0657012
1.24977, 0.893793, 0.237184, 0.397563, 0.0591811
1.26366, 0.89924, 0.237942, 0.385311, 0.0526487
1.27755, 0.904517, 0.23861, 0.373065, 0.0461045
1.29143, 0.909624, 0.239187, 0.360825, 0.0395489
1.30532, 0.91456, 0.239673, 0.348591, 0.0329824
1.31921, 0.919327, 0.240068, 0.336362, 0.0264055
1.33309, 0.923923, 0.240372, 0.324139, 0.0198183
1.34698, 0.92835, 0.240585, 0.311921, 0.0132215
1.36086, 0.932607, 0.240707, 0.299708, 0.00661518
1.37475, 0.936694, 0.240737, 0.2875, -8.19564e-08
1.40203, 0.944412, 0.241088, 0.278533, 0.025758
1.4293, 0.951877, 0.242139, 0.269569, 0.051517
1.45657, 0.959092, 0.24389, 0.260607, 0.0772768
1.48385, 0.966095, 0.246354, 0.251617, 0.103027
1.51112, 0.972843, 0.249519, 0.24263, 0.128778
1.5384, 0.979339, 0.253382, 0.233647, 0.154531
1.56567, 0.985582, 0.257946, 0.224667, 0.180284
1.59295, 0.99154, 0.263198, 0.215718, 0.206048
1.62022, 0.997372, 0.269193, 0.206662, 0.231776
1.64749, 1.00286, 0.275856, 0.197692, 0.257533
1.67477, 1.00809, 0.283219, 0.188725, 0.28329
1.70204, 1.01315, 0.291309, 0.179684, 0.309023
1.72932, 1.01793, 0.300088, 0.170675, 0.334766
1.75659, 1.02245, 0.309567, 0.161669, 0.360511
1.78386, 1.02674, 0.319752, 0.152645, 0.386249
1.81114, 1.03078, 0.330636, 0.143626, 0.411989
1.83841, 1.03456, 0.342219, 0.134611, 0.43773
1.86569, 1.03812, 0.354514, 0.125559, 0.463459
1.89296, 1.04141, 0.3675, 0.116535, 0.489197
1.92024, 1.04447, 0.381197, 0.107476, 0.514922
1.94751, 1.04729, 0.395596, 0.0984047, 0.540644
1.97478, 1.04985, 0.410693, 0.0893417, 0.566369
2.00206, 1.05217, 0.426491, 0.0802685, 0.592089
2.02933, 1.05421, 0.442983, 0.0712207, 0.617819
2.05661, 1.05604, 0.460189, 0.0621128, 0.643528
2.08388, 1.0576, 0.478087, 0.0530317, 0.669246
2.11116, 1.05894, 0.496696, 0.043898, 0.694946
2.13843, 1.06001, 0.516001, 0.0347773, 0.720649
2.1657, 1.06083, 0.536004, 0.0256544, 0.746353
2.19298, 1.06141, 0.556714, 0.01649, 0.772041
2.22025, 1.06173, 0.578118, 0.00734124, 0.797735
2.24753, 1.06181, 0.600226, -0.00184152, 0.823417
2.2748, 1.06162, 0.623033, -0.0110298, 0.849097
2.30208, 1.06121, 0.646545, -0.0202754, 0.874757
2.32935, 1.06052, 0.67075, -0.0294969, 0.900425
2.35662, 1.05959, 0.69566, -0.0387823, 0.92607
2.3839, 1.05842, 0.72127, -0.0481091, 0.9517
2.41117, 1.05696, 0.747571, -0.0574017, 0.977342
2.43845, 1.05528, 0.774582, -0.0668302, 1.00294
2.46572, 1.05332, 0.802282, -0.0762298, 1.02854
2.493, 1.05113, 0.830688, -0.0857709, 1.05409
2.52027, 1.04865, 0.859782, -0.0952708, 1.07966
2.54754, 1.04592, 0.889577, -0.104927, 1.10516
2.57482, 1.04292, 0.920066, -0.114688, 1.13063
2.60209, 1.03966, 0.951251, -0.124625, 1.15603
2.62937, 1.03613, 0.983128, -0.13479, 1.18134
2.65664, 1.03231, 1.01569, -0.145198, 1.20655
2.68392, 1.0282, 1.04894, -0.156182, 1.23151
2.71119, 1.02378, 1.08286, -0.168264, 1.25596
2.73846, 1.01899, 1.11744, -0.18347, 1.2785
2.76574, 1.01369, 1.15236, -0.202527, 1.27299
2.79301, 1.00817, 1.18671, -0.201064, 1.24586
2.82029, 1.00275, 1.22033, -0.195653, 1.21913
2.84756, 0.997505, 1.25322, -0.18906, 1.19266
2.87484, 0.992445, 1.28539, -0.181893, 1.16635
2.90211, 0.987586, 1.31684, -0.174385, 1.14013
2.92938, 0.982935, 1.34758, -0.166653, 1.11397
2.95666, 0.978497, 1.37761, -0.158762, 1.08786
2.98393, 0.974276, 1.40692, -0.15075, 1.06179
3.01121, 0.970275, 1.43553, -0.142647, 1.03575
3.03848, 0.966495, 1.46342, -0.134469, 1.00973
3.06576, 0.96294, 1.49061, -0.126231, 0.98373
3.09303, 0.95961, 1.51708, -0.117943, 0.957746
3.1203, 0.956507, 1.54285, -0.109612, 0.931775
3.14758, 0.953631, 1.56791, -0.101245, 0.905816
3.17485, 0.950984, 1.59226, -0.0928468, 0.879867
3.20213, 0.948567, 1.6159, -0.0844207, 0.853927
3.2294, 0.94638, 1.63884, -0.0759703, 0.827994
3.25668, 0.944423, 1.66107, -0.0674984, 0.802069
3.28395, 0.942698, 1.68259, -0.059007, 0.77615
3.31122, 0.941204, 1.70341, -0.0504985, 0.750238
3.3385, 0.939943, 1.72352, -0.0419742, 0.72433
3.36577, 0.938915, 1.74292, -0.0334356, 0.698426
3.39305, 0.93812, 1.76161, -0.0248839, 0.672527
3.42032, 0.937558, 1.7796, -0.0163203, 0.646632
3.4476, 0.937229, 1.79689, -0.00774586, 0.620741
3.47487, 0.937135, 1.81347, 0.000838786, 0.594853
3.50214, 0.937275, 1.82934, 0.00943294, 0.568968
3.52942, 0.93765, 1.8445, 0.0180355, 0.543086
3.55669, 0.938259, 1.85896, 0.0266464, 0.517207
3.58397, 0.939103, 1.87271, 0.0352649, 0.49133
3.61124, 0.940183, 1.88576, 0.0438906, 0.465455
3.63851, 0.941498, 1.8981, 0.0525225, 0.439583
3.66579, 0.943048, 1.90974, 0.0611609, 0.413713
3.69306, 0.944834, 1.92067, 0.0698052, 0.387845
3.72034, 0.946856, 1.9309, 0.0784549, 0.361979
3.74761, 0.949114, 1.94042, 0.08711, 0.336114
3.77489, 0.951608, 1.94923, 0.0957698, 0.310251
3.80216, 0.954338, 1.95734, 0.104434, 0.28439
3.82944, 0.957304, 1.96474, 0.113104, 0.25853
3.85671, 0.960507, 1.97144, 0.121777, 0.232671
3.88398, 0.963947, 1.97744, 0.130454, 0.206814
3.91126, 0.967624, 1.98272, 0.139135, 0.180959
3.93853, 0.971537, 1.98731, 0.14782, 0.155104
3.96581, 0.975687, 1.99119, 0.156508, 0.12925
3.99308, 0.980074, 1.99436, 0.165199, 0.103398
4.02035, 0.984698, 1.99683, 0.173894, 0.0775465
4.04763, 0.98956, 1.99859, 0.182592, 0.0516964
4.0749, 0.994658, 1.99965, 0.191292, 0.0258472
4.10218, 0.999994, 2, 0.199996, -1.20513e-06
