26.5607, 0
0, 0, 0, 0.5, 0
0.140528, 0.0603914, 0.000102045, 0.359481, 0.0015928
0.281055, 0.101033, 0.000427953, 0.218963, 0.00318559
0.421583, 0.121927, 0.000656317, 0.0784449, 0.00482701
0.56211, 0.123081, 0.00175123, -0.0620738, 0.00637118
0.702638, 0.104482, 0.00274863, -0.202592, 0.00796398
0.843165, 0.0661382, 0.00366896, -0.343111, 0.0096054
0.983693, 0.00804785, 0.00512085, -0.483629, 0.0111982
1.12422, -0.0697888, 0.00708378, -0.624148, 0.0127424
1.26475, -0.167373, 0.00869611, -0.764666, 0.0143838
1.40528, -0.284701, 0.0108195, -0.905185, 0.0159766
1.5458, -0.421777, 0.0134334, -1.0457, 0.0175208
1.68633, -0.578602, 0.0157377, -1.18622, 0.0191622
1.82686, -0.755173, 0.0185326, -1.32674, 0.020755
1.96739, -0.951487, 0.0217975, -1.46726, 0.0222991
2.10791, -1.16755, 0.0250332, -1.60778, 0.0238919
2.24844, -1.40336, 0.0286288, -1.7483, 0.0254563
2.38897, -1.65892, 0.0321761, -1.88881, 0.0270775
2.5295, -1.93422, 0.0362113, -2.02933, 0.0286419
2.67002, -2.22928, 0.0400023, -2.16985, 0.0303117
2.81055, -2.54407, 0.0446892, -2.31037, 0.0318275
2.95108, -2.87861, 0.0492639, -2.45089, 0.0334203
3.09161, -3.23291, 0.0540625, -2.59141, 0.0350131
3.23213, -3.60694, 0.0590848, -2.73193, 0.0366059
3.37266, -4.00073, 0.064227, -2.87244, 0.0382271
3.51319, -4.41426, 0.069801, -3.01296, 0.0397915
3.65372, -4.84754, 0.0753988, -3.15348, 0.0414127
3.79424, -5.30056, 0.0814126, -3.294, 0.042977
3.93477, -5.77333, 0.0875541, -3.43452, 0.0445698
4.0753, -6.26585, 0.0939791, -3.57504, 0.0461425
4.21583, -6.77811, 0.100509, -3.71555, 0.0477554
4.35635, -7.31013, 0.107322, -3.85607, 0.0493482
4.49688, -7.86188, 0.114449, -3.99659, 0.0509052
4.63741, -8.43339, 0.121705, -4.13711, 0.052498
4.77794, -9.02464, 0.129104, -4.27763, 0.0541266
4.91846, -9.63564, 0.136855, -4.41815, 0.0556992
5.05899, -10.2664, 0.144815, -4.55867, 0.0572764
5.19952, -10.9169, 0.153009, -4.69918, 0.0588455
5.34005, -11.5871, 0.16115, -4.8397, 0.0605749
5.48057, -12.2771, 0.169915, -4.98022, 0.0620704
5.6211, -12.9868, 0.178795, -5.12074, 0.0636239
5.76163, -13.7163, 0.187878, -5.26125, 0.065185
5.90216, -14.4655, 0.197141, -5.40177, 0.0667778
6.04268, -15.2345, 0.206595, -5.54229, 0.0684023
6.18321, -16.0232, 0.216337, -5.68281, 0.0699634
6.32374, -16.8317, 0.226289, -5.82333, 0.0715299
6.46427, -17.6599, 0.23645, -5.96385, 0.0731106
6.60479, -18.5079, 0.246828, -6.10436, 0.0746998
6.74532, -19.3756, 0.257431, -6.24488, 0.0762798
6.88585, -20.263, 0.268262, -6.38538, 0.0778047
7.02638, -21.1702, 0.279299, -6.52465, 0.0791161
7.1669, -22.0787, 0.29028, -6.39483, 0.077269
7.30743, -22.9675, 0.301023, -6.25435, 0.0756267
7.44796, -23.8365, 0.311536, -6.11383, 0.0740051
7.58849, -24.6858, 0.321823, -5.97332, 0.0723919
7.72901, -25.5154, 0.331883, -5.8328, 0.0707834
7.86954, -26.3252, 0.341717, -5.69228, 0.0691777
8.01007, -27.1152, 0.351326, -5.55177, 0.0675741
8.1506, -27.8855, 0.360709, -5.41125, 0.0659719
8.29112, -28.6361, 0.369867, -5.27073, 0.0643708
8.43165, -29.3669, 0.378801, -5.13021, 0.0627706
8.57218, -30.0779, 0.387509, -4.98969, 0.0611711
8.71271, -30.7693, 0.395993, -4.84917, 0.0595722
8.85323, -31.4408, 0.404253, -4.70865, 0.0579737
8.99376, -32.0927, 0.412287, -4.56813, 0.0563757
9.13429, -32.7247, 0.420097, -4.42762, 0.0547781
9.27482, -33.337, 0.427683, -4.2871, 0.0531807
9.41534, -33.9296, 0.435044, -4.14658, 0.0515837
9.55587, -34.5025, 0.442181, -4.00606, 0.0499869
9.6964, -35.0556, 0.449093, -3.86555, 0.0483903
9.83693, -35.5889, 0.455781, -3.72503, 0.0467939
9.97745, -36.1025, 0.462245, -3.58451, 0.0451977
10.118, -36.5964, 0.468484, -3.44399, 0.0436016
10.2585, -37.0705, 0.474499, -3.30347, 0.0420057
10.399, -37.5248, 0.48029, -3.16295, 0.0404099
10.5396, -37.9594, 0.485857, -3.02243, 0.0388142
10.6801, -38.3743, 0.491199, -2.88192, 0.0372187
10.8206, -38.7694, 0.496317, -2.7414, 0.0356232
10.9611, -39.1448, 0.501211, -2.60088, 0.0340279
11.1017, -39.5004, 0.505881, -2.46036, 0.0324326
11.2422, -39.8363, 0.510326, -2.31984, 0.0308374
11.3827, -40.1524, 0.514548, -2.17932, 0.0292423
11.5233, -40.4488, 0.518545, -2.0388, 0.0276473
11.6638, -40.7254, 0.522318, -1.89829, 0.0260524
11.8043, -40.9823, 0.525867, -1.75777, 0.0244575
11.9448, -41.2194, 0.529192, -1.61725, 0.0228627
12.0854, -41.4368, 0.532293, -1.47673, 0.0212679
12.2259, -41.6345, 0.53517, -1.33621, 0.0196732
12.3664, -41.8124, 0.537822, -1.1957, 0.0180785
12.5069, -41.9705, 0.540251, -1.05518, 0.0164839
12.6475, -42.1089, 0.542455, -0.914657, 0.0148893
12.788, -42.2276, 0.544435, -0.774139, 0.0132948
12.9285, -42.3265, 0.546192, -0.633621, 0.0117003
13.0691, -42.4057, 0.547724, -0.493102, 0.0101058
13.2096, -42.4651, 0.549032, -0.352584, 0.00851142
13.3501, -42.5048, 0.550116, -0.212065, 0.00691705
13.4906, -42.5247, 0.550976, -0.0715474, 0.00532272
13.6312, -42.5249, 0.551612, 0.0689721, 0.0037284
13.7717, -42.5053, 0.552024, 0.209491, 0.00213412
13.9122, -42.466, 0.552212, 0.350009, 0.000539884
14.0387, -42.4138, 0.548596, 0.476477, 0.00142769
14.1652, -42.3455, 0.548876, 0.602953, 0.00285537
14.2917, -42.2613, 0.549336, 0.72943, 0.00428306
14.4182, -42.161, 0.549977, 0.855906, 0.00571074
14.5446, -42.0448, 0.550799, 0.982383, 0.00713843
14.6711, -41.9125, 0.551801, 1.10886, 0.00856612
14.7976, -41.7643, 0.552983, 1.23534, 0.00999381
14.9241, -41.6, 0.554347, 1.36181, 0.0114215
15.0506, -41.4198, 0.55589, 1.48829, 0.0128492
15.1771, -41.2235, 0.557615, 1.61477, 0.0142769
15.3036, -41.0113, 0.55952, 1.74124, 0.0157046
15.43, -40.783, 0.561605, 1.86772, 0.0171322
15.5565, -40.5388, 0.563872, 1.9942, 0.0185599
15.683, -40.2786, 0.566318, 2.12067, 0.0199876
15.8095, -40.0023, 0.568946, 2.24715, 0.0214153
15.936, -39.7101, 0.571753, 2.37363, 0.022843
16.0625, -39.4019, 0.574742, 2.5001, 0.0242707
16.1889, -39.0777, 0.577911, 2.62658, 0.0256984
16.3154, -38.7374, 0.581261, 2.75306, 0.027126
16.4419, -38.3812, 0.584791, 2.87953, 0.0285537
16.5684, -38.009, 0.588502, 3.00601, 0.0299814
16.6949, -37.6208, 0.592393, 3.13249, 0.0314091
16.8214, -37.2166, 0.596465, 3.25896, 0.0328368
16.9479, -36.7964, 0.600717, 3.38544, 0.0342645
17.0743, -36.3602, 0.60515, 3.51192, 0.0356922
17.2008, -35.908, 0.609764, 3.63839, 0.0371199
17.3273, -35.4398, 0.614558, 3.76487, 0.0385475
17.4538, -34.9556, 0.619533, 3.89134, 0.0399752
17.5803, -34.4554, 0.624689, 4.01782, 0.0414029
17.7068, -33.9392, 0.630025, 4.1443, 0.0428306
17.8332, -33.407, 0.635541, 4.27078, 0.0442583
17.9597, -32.8588, 0.641238, 4.39725, 0.045686
18.0862, -32.2946, 0.647116, 4.52373, 0.0471137
18.2127, -31.7144, 0.653174, 4.6502, 0.0485413
18.3392, -31.1183, 0.659413, 4.77668, 0.049969
18.4657, -30.5061, 0.665833, 4.90316, 0.0513967
18.5922, -29.8779, 0.672433, 5.02963, 0.0528244
18.7186, -29.2337, 0.679214, 5.15611, 0.0542521
18.8451, -28.5736, 0.686175, 5.28259, 0.0556798
18.9716, -27.8974, 0.693317, 5.40907, 0.0571075
19.0981, -27.2052, 0.700639, 5.53554, 0.0585352
19.2246, -26.4971, 0.708142, 5.66202, 0.0599629
19.3511, -25.7729, 0.715825, 5.7885, 0.0613905
19.4776, -25.0328, 0.72369, 5.91498, 0.0628183
19.604, -24.2766, 0.731734, 6.04145, 0.0642459
19.7305, -23.5045, 0.73996, 6.16793, 0.0656736
19.857, -22.7163, 0.748366, 6.29441, 0.0671013
19.9835, -21.9122, 0.756952, 6.42089, 0.0685291
20.11, -21.0921, 0.765719, 6.54742, 0.0699574
20.2365, -20.2615, 0.774709, 6.52387, 0.0712413
20.3629, -19.4444, 0.783635, 6.39738, 0.0698828
20.4894, -18.6432, 0.792386, 6.27089, 0.0684892
20.6159, -17.858, 0.80096, 6.1444, 0.0670843
20.7424, -17.0889, 0.809356, 6.01793, 0.0656739
20.8689, -16.3357, 0.817573, 5.89145, 0.06426
20.9954, -15.5985, 0.825611, 5.76497, 0.0628439
21.1218, -14.8773, 0.833471, 5.63849, 0.0614261
21.2483, -14.1721, 0.84115, 5.51202, 0.0600071
21.3748, -13.4829, 0.84865, 5.38554, 0.0585872
21.5013, -12.8098, 0.855971, 5.25907, 0.0571665
21.6278, -12.1526, 0.863112, 5.13259, 0.0557451
21.7543, -11.5114, 0.870073, 5.00611, 0.0543232
21.8808, -10.8862, 0.876854, 4.87963, 0.0529009
22.0072, -10.277, 0.883455, 4.75316, 0.0514782
22.1337, -9.68378, 0.889876, 4.62668, 0.0500552
22.2602, -9.10657, 0.896118, 4.5002, 0.0486319
22.3867, -8.54536, 0.902179, 4.37373, 0.0472083
22.5132, -8.00015, 0.90806, 4.24725, 0.0457845
22.6397, -7.47093, 0.913761, 4.12078, 0.0443605
22.7662, -6.95772, 0.919281, 3.9943, 0.0429363
22.8926, -6.46049, 0.924622, 3.86782, 0.0415119
23.0191, -5.97928, 0.929783, 3.74134, 0.0400874
23.1456, -5.51405, 0.934763, 3.61487, 0.0386628
23.2721, -5.06483, 0.939563, 3.48839, 0.037238
23.3986, -4.6316, 0.944183, 3.36191, 0.0358131
23.5251, -4.21437, 0.948623, 3.23544, 0.0343881
23.6515, -3.81313, 0.952882, 3.10896, 0.032963
23.778, -3.42789, 0.956962, 2.98248, 0.0315378
23.9045, -3.05866, 0.96086, 2.85601, 0.0301125
24.031, -2.70541, 0.964579, 2.72953, 0.0286872
24.1575, -2.36818, 0.968117, 2.60305, 0.0272618
24.284, -2.04692, 0.971475, 2.47658, 0.0258362
24.4104, -1.74167, 0.974653, 2.3501, 0.0244107
24.5369, -1.45242, 0.977651, 2.22362, 0.0229851
24.6634, -1.17916, 0.980468, 2.09715, 0.0215594
24.7899, -0.921913, 0.983104, 1.97067, 0.0201336
24.9164, -0.680641, 0.985561, 1.84419, 0.0187079
25.0429, -0.455376, 0.987837, 1.71772, 0.017282
25.1694, -0.246109, 0.989933, 1.59124, 0.0158561
25.2958, -0.0528488, 0.991848, 1.46477, 0.0144302
25.4223, 0.124428, 0.993583, 1.33829, 0.0130042
25.5488, 0.285706, 0.995138, 1.21181, 0.0115782
25.6753, 0.430981, 0.996512, 1.08533, 0.0101521
25.8018, 0.560265, 0.997706, 0.958858, 0.00872604
25.9283, 0.673542, 0.998719, 0.83238, 0.00729989
26.0548, 0.770821, 0.999552, 0.705905, 0.00587374
26.1812, 0.852116, 1.00021, 0.579428, 0.00444755
26.3077, 0.9174, 1.00068, 0.452953, 0.00302134
26.4342, 0.966698, 1.00097, 0.326475, 0.00159507
26.5607, 0.999992, 1.00108, 0.199999, 0.000168786
