35.6499, 0
0, 0, 0, 0.5, 0
0.186609, 0.075892, 0.000104885, 0.313395, 0.00119952
0.373218, 0.116964, 0.000433598, 0.126789, 0.00239904
0.559828, 0.123215, 0.00098614, -0.0598163, 0.00359856
0.746437, 0.0946416, 0.00176254, -0.246422, 0.00479808
0.933046, 0.0312477, 0.00276277, -0.433027, 0.00599759
1.11966, -0.0669713, 0.00398686, -0.619633, 0.00719711
1.30626, -0.200013, 0.00543479, -0.806237, 0.00839663
1.49287, -0.367875, 0.00710655, -0.992843, 0.00959615
1.67948, -0.570559, 0.00900215, -1.17945, 0.0107957
1.86609, -0.808069, 0.0111216, -1.36605, 0.0119952
2.0527, -1.0804, 0.0134649, -1.55266, 0.0131947
2.23931, -1.38755, 0.016032, -1.73926, 0.0143942
2.42592, -1.72952, 0.018823, -1.92587, 0.0155937
2.61253, -2.10632, 0.0218378, -2.11248, 0.0167933
2.79914, -2.51794, 0.0250765, -2.29908, 0.0179928
2.98575, -2.96438, 0.028539, -2.48569, 0.0191923
3.17236, -3.44564, 0.0322253, -2.67229, 0.0203918
3.35897, -3.96173, 0.0361355, -2.8589, 0.0215913
3.54558, -4.51263, 0.0402695, -3.0455, 0.0227909
3.73218, -5.09836, 0.0446273, -3.23211, 0.0239904
3.91879, -5.71891, 0.049209, -3.41871, 0.0251899
4.1054, -6.37429, 0.0540146, -3.60532, 0.0263894
4.29201, -7.06449, 0.059044, -3.79192, 0.0275889
4.47862, -7.78951, 0.0642972, -3.97853, 0.0287884
4.66523, -8.54935, 0.0697742, -4.16513, 0.029988
4.85184, -9.34401, 0.0754752, -4.35174, 0.0311875
5.03845, -10.1735, 0.0813999, -4.53835, 0.032387
5.22506, -11.0378, 0.0875485, -4.72495, 0.0335865
5.41167, -11.9369, 0.0939209, -4.91156, 0.034786
5.59828, -12.8709, 0.100517, -5.09816, 0.0359856
5.78489, -13.8397, 0.107337, -5.28477, 0.0371851
5.97149, -14.8433, 0.114381, -5.47137, 0.0383846
6.1581, -15.8817, 0.121649, -5.65798, 0.0395841
6.34471, -16.9549, 0.130217, -5.84458, 0.0404209
6.53132, -18.063, 0.136856, -6.03119, 0.0419831
6.71793, -19.2059, 0.144795, -6.21779, 0.0431827
6.90454, -20.3836, 0.152959, -6.4044, 0.0443822
7.09115, -21.5961, 0.161346, -6.591, 0.0455817
7.27776, -22.8435, 0.170694, -6.77761, 0.0464185
7.46437, -24.1256, 0.178791, -6.96422, 0.0479807
7.65098, -25.4426, 0.18785, -7.15082, 0.0491803
7.83759, -26.7945, 0.197132, -7.33743, 0.0503798
8.0242, -28.1811, 0.206638, -7.52403, 0.0515793
8.21081, -29.6026, 0.216814, -7.71064, 0.0523746
8.39742, -31.0589, 0.226322, -7.89725, 0.0539784
8.58402, -32.55, 0.2365, -8.08385, 0.0551779
8.77063, -34.0759, 0.246901, -8.27045, 0.0563774
8.95724, -35.6366, 0.257527, -8.45707, 0.0575769
9.14385, -37.2322, 0.268456, -8.64364, 0.0583024
9.33046, -38.8623, 0.279435, -8.79346, 0.0589822
9.51707, -40.4859, 0.290318, -8.60707, 0.0576931
9.70368, -42.0746, 0.30097, -8.42046, 0.0564691
9.89029, -43.6285, 0.311394, -8.23385, 0.0552548
10.0769, -45.1476, 0.321592, -8.04724, 0.0540448
10.2635, -46.6319, 0.331564, -7.86063, 0.052837
10.4501, -48.0814, 0.341312, -7.67403, 0.0516307
10.6367, -49.496, 0.350834, -7.48742, 0.0504254
10.8233, -50.8758, 0.360132, -7.30082, 0.0492209
11.0099, -52.2208, 0.369204, -7.11422, 0.0480171
11.1966, -53.531, 0.378052, -6.92761, 0.0468136
11.3832, -54.8063, 0.386676, -6.741, 0.0456105
11.5698, -56.0468, 0.395075, -6.5544, 0.0444077
11.7564, -57.2525, 0.40325, -6.36779, 0.0432052
11.943, -58.4234, 0.4112, -6.18119, 0.0420029
12.1296, -59.5595, 0.418926, -5.99458, 0.0408008
12.3162, -60.6607, 0.426428, -5.80798, 0.0395989
12.5028, -61.7271, 0.433705, -5.62137, 0.0383971
12.6894, -62.7587, 0.440758, -5.43476, 0.0371954
12.876, -63.7554, 0.447587, -5.24816, 0.0359938
13.0626, -64.7174, 0.454192, -5.06155, 0.0347924
13.2493, -65.6445, 0.460572, -4.87495, 0.0335911
13.4359, -66.5368, 0.466729, -4.68835, 0.0323898
13.6225, -67.3943, 0.472661, -4.50174, 0.0311886
13.8091, -68.217, 0.478369, -4.31513, 0.0299875
13.9957, -69.0048, 0.483853, -4.12853, 0.0287864
14.1823, -69.7578, 0.489112, -3.94192, 0.0275854
14.3689, -70.476, 0.494148, -3.75532, 0.0263845
14.5555, -71.1593, 0.498959, -3.56871, 0.0251836
14.7421, -71.8079, 0.503547, -3.38211, 0.0239828
14.9287, -72.4216, 0.50791, -3.1955, 0.022782
15.1153, -73.0005, 0.51205, -3.00889, 0.0215812
15.302, -73.5446, 0.515965, -2.82229, 0.0203805
15.4886, -74.0538, 0.519656, -2.63568, 0.0191798
15.6752, -74.5283, 0.523123, -2.44908, 0.0179792
15.8618, -74.9679, 0.526366, -2.26247, 0.0167786
16.0484, -75.3727, 0.529385, -2.07587, 0.015578
16.235, -75.7426, 0.53218, -1.88926, 0.0143775
16.4216, -76.0778, 0.534751, -1.70265, 0.0131769
16.6082, -76.3781, 0.537098, -1.51605, 0.0119764
16.7948, -76.6436, 0.539221, -1.32945, 0.010776
16.9814, -76.8743, 0.54112, -1.14284, 0.00957552
17.168, -77.0701, 0.542795, -0.956238, 0.0083751
17.3547, -77.2312, 0.544246, -0.769631, 0.00717469
17.5413, -77.3574, 0.545472, -0.583026, 0.00597431
17.7279, -77.4487, 0.546475, -0.396422, 0.00477394
17.9145, -77.5053, 0.547254, -0.209816, 0.0035736
18.1011, -77.5271, 0.547809, -0.0232117, 0.00237327
18.2877, -77.514, 0.54814, 0.163397, 0.00117294
18.4743, -77.4661, 0.548247, 0.35, -2.73398e-05
18.6461, -77.3912, 0.548593, 0.521752, 0.00105145
18.8178, -77.2869, 0.551675, 0.693507, 0.00175955
18.9896, -77.153, 0.552074, 0.865259, 0.002811
19.1613, -76.9896, 0.549966, 1.03701, 0.0042058
19.3331, -76.7968, 0.553413, 1.20876, 0.0049139
19.5048, -76.5744, 0.551785, 1.38051, 0.0063087
19.6766, -76.3226, 0.555475, 1.55227, 0.0070168
19.8484, -76.0412, 0.554325, 1.72402, 0.0084116
20.0201, -75.7303, 0.558258, 1.89577, 0.0091197
20.1919, -75.39, 0.557588, 2.06752, 0.0105145
20.3636, -75.0201, 0.55949, 2.23927, 0.011566
20.5354, -74.6207, 0.561573, 2.41103, 0.0126174
20.7071, -74.1919, 0.563837, 2.58278, 0.0136689
20.8789, -73.7335, 0.566281, 2.75453, 0.0147203
21.0506, -73.2457, 0.568906, 2.92628, 0.0157718
21.2224, -72.7283, 0.571711, 3.09803, 0.0168232
21.3942, -72.1815, 0.574697, 3.26979, 0.0178747
21.5659, -71.6051, 0.577863, 3.44154, 0.0189261
21.7377, -70.9993, 0.58121, 3.61329, 0.0199776
21.9094, -70.3639, 0.584738, 3.78504, 0.021029
22.0812, -69.6991, 0.588446, 3.9568, 0.0220805
22.2529, -69.0047, 0.593961, 4.12855, 0.0227886
22.4247, -68.2809, 0.596405, 4.3003, 0.0241834
22.5964, -67.5275, 0.600655, 4.47205, 0.0252348
22.7682, -66.7447, 0.605086, 4.64381, 0.0262863
22.94, -65.9323, 0.609697, 4.81556, 0.0273377
23.1117, -65.0905, 0.614489, 4.98731, 0.0283892
23.2835, -64.2191, 0.619461, 5.15906, 0.0294406
23.4552, -63.3183, 0.624614, 5.33081, 0.0304921
23.627, -62.3879, 0.629816, 5.50256, 0.0315828
23.7987, -61.4281, 0.635383, 5.67432, 0.0326197
23.9705, -60.4387, 0.641082, 5.84607, 0.0336712
24.1422, -59.4199, 0.647032, 6.01782, 0.0346979
24.314, -58.3715, 0.652983, 6.18957, 0.0357886
24.4858, -57.2937, 0.659263, 6.36133, 0.0368255
24.6575, -56.1864, 0.665626, 6.53308, 0.0379017
24.8293, -55.0495, 0.67308, 6.70483, 0.0385603
25.001, -53.8832, 0.67904, 6.87658, 0.0399944
25.1728, -52.6873, 0.686006, 7.04833, 0.0410458
25.3445, -51.462, 0.693122, 7.22008, 0.0421155
25.5163, -50.2072, 0.700536, 7.39184, 0.0431095
25.688, -48.9228, 0.707973, 7.56359, 0.0442104
25.8598, -47.609, 0.715674, 7.73534, 0.0452516
26.0315, -46.2657, 0.723557, 7.9071, 0.0462886
26.2033, -44.8928, 0.731565, 8.07884, 0.0473895
26.3751, -43.4905, 0.739792, 8.25059, 0.0484555
26.5468, -42.0586, 0.748239, 8.42235, 0.0494429
26.7186, -40.5973, 0.756802, 8.59409, 0.0505873
26.8903, -39.1065, 0.765587, 8.76584, 0.0516425
27.0621, -37.5918, 0.774537, 8.78758, 0.0520925
27.2338, -36.0972, 0.783399, 8.61583, 0.0510836
27.4056, -34.6321, 0.792084, 8.4441, 0.0500511
27.5773, -33.1966, 0.800591, 8.27235, 0.049012
27.7491, -31.7905, 0.80892, 8.1006, 0.0479697
27.9209, -30.4139, 0.817069, 7.92884, 0.0469255
28.0926, -29.0668, 0.825039, 7.75709, 0.0458801
28.2644, -27.7493, 0.83283, 7.58534, 0.0448338
28.4361, -26.4612, 0.84044, 7.41359, 0.0437868
28.6079, -25.2026, 0.847871, 7.24184, 0.0427394
28.7796, -23.9735, 0.855122, 7.07009, 0.0416915
28.9514, -22.774, 0.862192, 6.89834, 0.0406434
29.1231, -21.6039, 0.869083, 6.72658, 0.0395949
29.2949, -20.4633, 0.875794, 6.55483, 0.0385462
29.4667, -19.3522, 0.882324, 6.38308, 0.0374973
29.6384, -18.2706, 0.888674, 6.21133, 0.0364483
29.8102, -17.2186, 0.894844, 6.03957, 0.0353991
29.9819, -16.196, 0.900834, 5.86782, 0.0343497
30.1537, -15.2029, 0.906644, 5.69607, 0.0333003
30.3254, -14.2393, 0.912273, 5.52432, 0.0322507
30.4972, -13.3053, 0.917722, 5.35257, 0.031201
30.6689, -12.4007, 0.922991, 5.18081, 0.0301513
30.8407, -11.5256, 0.92808, 5.00906, 0.0291015
31.0125, -10.68, 0.932988, 4.83731, 0.0280516
31.1842, -9.86391, 0.937716, 4.66556, 0.0270016
31.356, -9.07732, 0.942263, 4.4938, 0.0259516
31.5277, -8.32024, 0.94663, 4.32205, 0.0249015
31.6995, -7.59265, 0.950817, 4.1503, 0.0238514
31.8712, -6.89457, 0.954823, 3.97855, 0.0228013
32.043, -6.22598, 0.95865, 3.8068, 0.021751
32.2147, -5.58691, 0.962295, 3.63504, 0.0207008
32.3865, -4.97732, 0.96576, 3.46329, 0.0196505
32.5583, -4.39721, 0.969045, 3.29154, 0.0186002
32.73, -3.84663, 0.97215, 3.11979, 0.0175498
32.9018, -3.32553, 0.975074, 2.94803, 0.0164994
33.0735, -2.83394, 0.977818, 2.77628, 0.015449
33.2453, -2.37184, 0.980381, 2.60453, 0.0143985
33.417, -1.93926, 0.982764, 2.43278, 0.013348
33.5888, -1.53616, 0.984966, 2.26103, 0.0122975
33.7605, -1.16257, 0.986988, 2.08927, 0.011247
33.9323, -0.818474, 0.988829, 1.91752, 0.0101964
34.1041, -0.503868, 0.990491, 1.74577, 0.00914585
34.2758, -0.218788, 0.991971, 1.57402, 0.00809525
34.4476, 0.0368118, 0.993271, 1.40227, 0.00704464
34.6193, 0.262901, 0.994391, 1.23052, 0.00599401
34.7911, 0.459511, 0.99533, 1.05876, 0.00494333
34.9628, 0.62661, 0.996089, 0.887009, 0.00389267
35.1346, 0.764206, 0.996668, 0.715257, 0.00284198
35.3063, 0.872307, 0.997065, 0.543506, 0.00179128
35.4781, 0.950905, 0.997283, 0.371751, 0.000740544
35.6499, 1.00001, 0.99732, 0.200001, -0.000310179
