26.8636, 0
0, 0, 0, 0.5, 0
0.142065, 0.0609448, 0.000102109, 0.357943, 0.00157557
0.28413, 0.101701, 0.00042813, 0.215887, 0.00315112
0.426195, 0.122285, 0.000977887, 0.0738306, 0.00472669
0.56826, 0.122679, 0.00175157, -0.0682254, 0.00630225
0.710325, 0.102895, 0.00274905, -0.210281, 0.00787781
0.85239, 0.0629312, 0.00397035, -0.352338, 0.00945337
0.994455, 0.00278911, 0.00541545, -0.494395, 0.0110289
1.13652, -0.0775387, 0.00708443, -0.636451, 0.0126045
1.27859, -0.17805, 0.00897726, -0.778507, 0.0141801
1.42065, -0.298737, 0.0110939, -0.920563, 0.0157556
1.56272, -0.439608, 0.0134343, -1.06262, 0.0173312
1.70478, -0.600659, 0.0159986, -1.20468, 0.0189067
1.84685, -0.781893, 0.0187868, -1.34673, 0.0204823
1.98891, -0.983307, 0.0217987, -1.48879, 0.0220579
2.13098, -1.2049, 0.0250345, -1.63085, 0.0236334
2.27304, -1.44668, 0.0284942, -1.7729, 0.025209
2.41511, -1.70864, 0.0321776, -1.91496, 0.0267845
2.55717, -1.99078, 0.0360849, -2.05701, 0.0283601
2.69924, -2.2931, 0.040216, -2.19907, 0.0299357
2.8413, -2.6156, 0.044571, -2.34113, 0.0315112
2.98337, -2.95828, 0.0491497, -2.48318, 0.0330868
3.12543, -3.32115, 0.0539524, -2.62524, 0.0346624
3.2675, -3.70419, 0.0589788, -2.7673, 0.0362379
3.40956, -4.10742, 0.0642291, -2.90935, 0.0378135
3.55163, -4.53083, 0.0697032, -3.05141, 0.039389
3.69369, -4.97441, 0.0754012, -3.19347, 0.0409646
3.83576, -5.43819, 0.081323, -3.33552, 0.0425402
3.97782, -5.92214, 0.0874686, -3.47758, 0.0441157
4.11989, -6.42627, 0.093838, -3.61963, 0.0456913
4.26195, -6.95058, 0.100431, -3.76169, 0.0472669
4.40402, -7.49508, 0.107248, -3.90375, 0.0488424
4.54608, -8.05976, 0.114289, -4.0458, 0.050418
4.68815, -8.64462, 0.121554, -4.18786, 0.0519935
4.83021, -9.24965, 0.129043, -4.32992, 0.0535691
4.97228, -9.87487, 0.136755, -4.47197, 0.0551447
5.11434, -10.5203, 0.144691, -4.61403, 0.0567202
5.25641, -11.1859, 0.152851, -4.75608, 0.0582958
5.39847, -11.8716, 0.161235, -4.89814, 0.0598714
5.54054, -12.5776, 0.169843, -5.0402, 0.0614469
5.6826, -13.3037, 0.178675, -5.18226, 0.0630225
5.82467, -14.05, 0.18773, -5.32431, 0.064598
5.96673, -14.8165, 0.19701, -5.46637, 0.0661736
6.1088, -15.6032, 0.206513, -5.60843, 0.0677492
6.25086, -16.41, 0.21624, -5.75048, 0.0693247
6.39293, -17.237, 0.22619, -5.89254, 0.0709003
6.53499, -18.0843, 0.236365, -6.03459, 0.0724759
6.67706, -18.9517, 0.246763, -6.17665, 0.0740515
6.81912, -19.8392, 0.257386, -6.31871, 0.075627
6.96119, -20.747, 0.268232, -6.46077, 0.0772026
7.10325, -21.6749, 0.279301, -6.60426, 0.0787941
7.24532, -22.604, 0.290197, -6.46871, 0.0757994
7.38738, -23.5129, 0.30085, -6.32666, 0.0741751
7.52945, -24.4016, 0.311273, -6.1846, 0.0725713
7.67151, -25.2701, 0.32147, -6.04254, 0.0709758
7.81358, -26.1184, 0.33144, -5.90048, 0.0693847
7.95564, -26.9466, 0.341184, -5.75843, 0.0677966
8.09771, -27.7546, 0.350703, -5.61637, 0.0662104
8.23977, -28.5424, 0.359996, -5.47432, 0.0646256
8.38184, -29.31, 0.369065, -5.33226, 0.0630419
8.5239, -30.0574, 0.377909, -5.1902, 0.061459
8.66597, -30.7847, 0.386527, -5.04814, 0.0598769
8.80803, -31.4918, 0.394921, -4.90609, 0.0582954
8.9501, -32.1787, 0.403091, -4.76403, 0.0567143
9.09216, -32.8454, 0.411036, -4.62197, 0.0551336
9.23423, -33.4919, 0.418756, -4.47992, 0.0535533
9.37629, -34.1183, 0.426252, -4.33786, 0.0519733
9.51836, -34.7244, 0.433523, -4.19581, 0.0503935
9.66042, -35.3104, 0.44057, -4.05375, 0.048814
9.80249, -35.8762, 0.447393, -3.91169, 0.0472347
9.94455, -36.4218, 0.453991, -3.76964, 0.0456556
10.0866, -36.9473, 0.460365, -3.62758, 0.0440767
10.2287, -37.4525, 0.466514, -3.48553, 0.042498
10.3707, -37.9376, 0.47244, -3.34347, 0.0409193
10.5128, -38.4025, 0.478141, -3.20141, 0.0393408
10.6549, -38.8472, 0.483618, -3.05935, 0.0377625
10.7969, -39.2718, 0.48887, -2.9173, 0.0361842
10.939, -39.6761, 0.493899, -2.77524, 0.034606
11.0811, -40.0603, 0.498703, -2.63319, 0.033028
11.2231, -40.4243, 0.503283, -2.49113, 0.03145
11.3652, -40.7681, 0.507639, -2.34907, 0.0298721
11.5073, -41.0917, 0.51177, -2.20702, 0.0282942
11.6493, -41.3952, 0.515678, -2.06496, 0.0267165
11.7914, -41.6785, 0.519361, -1.9229, 0.0251388
11.9335, -41.9415, 0.522821, -1.78085, 0.0235612
12.0755, -42.1844, 0.526056, -1.63879, 0.0219837
12.2176, -42.4072, 0.529067, -1.49674, 0.0204062
12.3597, -42.6097, 0.531854, -1.35468, 0.0188287
12.5017, -42.7921, 0.534417, -1.21262, 0.0172513
12.6438, -42.9543, 0.536756, -1.07057, 0.015674
12.7859, -43.0963, 0.53887, -0.928511, 0.0140967
12.9279, -43.2181, 0.540761, -0.786454, 0.0125194
13.07, -43.3197, 0.542427, -0.644397, 0.0109422
13.2121, -43.4012, 0.54387, -0.502341, 0.009365
13.3541, -43.4624, 0.545088, -0.360285, 0.00778786
13.4962, -43.5035, 0.546083, -0.218227, 0.00621073
13.6382, -43.5244, 0.546853, -0.0761709, 0.00463366
13.7803, -43.5252, 0.547399, 0.0658839, 0.00305663
13.9224, -43.5057, 0.547721, 0.207941, 0.00147961
14.0644, -43.4661, 0.54782, 0.349997, -9.73592e-05
14.1924, -43.4131, 0.548699, 0.477984, 0.00141126
14.3204, -43.3437, 0.549081, 0.605967, 0.00282251
14.4484, -43.258, 0.549643, 0.73395, 0.00423377
14.5764, -43.1558, 0.550387, 0.861934, 0.00564503
14.7044, -43.0373, 0.551311, 0.989918, 0.00705628
14.8324, -42.9024, 0.552415, 1.1179, 0.00846754
14.9604, -42.7512, 0.553701, 1.24588, 0.00987879
15.0884, -42.5835, 0.555167, 1.37387, 0.0112901
15.2164, -42.3995, 0.556813, 1.50185, 0.0127013
15.3444, -42.1991, 0.55864, 1.62984, 0.0141126
15.4723, -41.9823, 0.560648, 1.75782, 0.0155238
15.6003, -41.7491, 0.562837, 1.8858, 0.0169351
15.7283, -41.4996, 0.565206, 2.01379, 0.0183463
15.8563, -41.2336, 0.567755, 2.14177, 0.0197576
15.9843, -40.9513, 0.570486, 2.26975, 0.0211688
16.1123, -40.6526, 0.573397, 2.39774, 0.0225801
16.2403, -40.3375, 0.576488, 2.52572, 0.0239914
16.3683, -40.0061, 0.57976, 2.6537, 0.0254026
16.4963, -39.6582, 0.583213, 2.78169, 0.0268139
16.6243, -39.294, 0.586847, 2.90967, 0.0282251
16.7523, -38.9134, 0.590661, 3.03765, 0.0296364
16.8802, -38.5164, 0.594655, 3.16564, 0.0310476
17.0082, -38.1031, 0.598831, 3.29362, 0.0324589
17.1362, -37.6733, 0.603187, 3.4216, 0.0338701
17.2642, -37.2272, 0.607723, 3.54959, 0.0352814
17.3922, -36.7647, 0.61244, 3.67757, 0.0366927
17.5202, -36.2858, 0.617338, 3.80556, 0.0381039
17.6482, -35.7905, 0.622417, 3.93354, 0.0395152
17.7762, -35.2789, 0.627676, 4.06152, 0.0409264
17.9042, -34.7509, 0.633116, 4.18951, 0.0423377
18.0322, -34.2064, 0.638736, 4.31749, 0.043749
18.1602, -33.6457, 0.644537, 4.44547, 0.0451602
18.2882, -33.0685, 0.650518, 4.57346, 0.0465715
18.4161, -32.4749, 0.656681, 4.70144, 0.0479827
18.5441, -31.865, 0.663024, 4.82942, 0.049394
18.6721, -31.2387, 0.669547, 4.95741, 0.0508052
18.8001, -30.596, 0.676251, 5.08539, 0.0522165
18.9281, -29.9369, 0.683136, 5.21337, 0.0536278
19.0561, -29.2615, 0.690201, 5.34136, 0.055039
19.1841, -28.5696, 0.697447, 5.46934, 0.0564503
19.3121, -27.8614, 0.704874, 5.59732, 0.0578615
19.4401, -27.1368, 0.712481, 5.72531, 0.0592728
19.5681, -26.3958, 0.720269, 5.8533, 0.0606841
19.6961, -25.6385, 0.728238, 5.98128, 0.0620953
19.824, -24.8647, 0.736387, 6.10926, 0.0635065
19.952, -24.0746, 0.744717, 6.23725, 0.0649178
20.08, -23.2681, 0.753227, 6.36524, 0.0663292
20.208, -22.4452, 0.761918, 6.49322, 0.0677404
20.336, -21.606, 0.77079, 6.62123, 0.069152
20.464, -20.7559, 0.779654, 6.59924, 0.0689652
20.592, -19.9195, 0.788297, 6.47121, 0.0676408
20.72, -19.0994, 0.796779, 6.34323, 0.066309
20.848, -18.2957, 0.805098, 6.21524, 0.0649706
20.976, -17.5084, 0.813252, 6.08726, 0.0636264
21.104, -16.7375, 0.821238, 5.95928, 0.0622776
21.232, -15.983, 0.829057, 5.83129, 0.0609244
21.3599, -15.2448, 0.836706, 5.70331, 0.0595677
21.4879, -14.523, 0.844185, 5.57532, 0.0582077
21.6159, -13.8176, 0.851493, 5.44734, 0.0568449
21.7439, -13.1286, 0.858629, 5.31935, 0.0554795
21.8719, -12.4559, 0.865593, 5.19137, 0.0541118
21.9999, -11.7997, 0.872385, 5.06338, 0.052742
22.1279, -11.1598, 0.879002, 4.9354, 0.0513703
22.2559, -10.5363, 0.885447, 4.80742, 0.0499969
22.3839, -9.92919, 0.891717, 4.67943, 0.048622
22.5119, -9.33845, 0.897812, 4.55145, 0.0472455
22.6399, -8.7641, 0.903733, 4.42346, 0.0458678
22.7678, -8.20612, 0.909479, 4.29548, 0.0444888
22.8958, -7.66453, 0.91505, 4.1675, 0.0431086
23.0238, -7.13931, 0.920445, 4.03951, 0.0417274
23.1518, -6.63048, 0.925664, 3.91153, 0.0403451
23.2798, -6.13803, 0.930708, 3.78355, 0.038962
23.4078, -5.66196, 0.935575, 3.65556, 0.0375779
23.5358, -5.20227, 0.940266, 3.52758, 0.036193
23.6638, -4.75896, 0.944781, 3.39959, 0.0348073
23.7918, -4.33204, 0.949119, 3.27161, 0.033421
23.9198, -3.92149, 0.95328, 3.14363, 0.0320339
24.0478, -3.52731, 0.957265, 3.01564, 0.0306461
24.1758, -3.14953, 0.961073, 2.88766, 0.0292578
24.3037, -2.78812, 0.964703, 2.75968, 0.0278688
24.4317, -2.4431, 0.968157, 2.63169, 0.0264793
24.5597, -2.11446, 0.971433, 2.50371, 0.0250893
24.6877, -1.8022, 0.974531, 2.37572, 0.0236987
24.8157, -1.50631, 0.977453, 2.24774, 0.0223077
24.9437, -1.22682, 0.980196, 2.11976, 0.0209162
25.0717, -0.963699, 0.982763, 1.99177, 0.0195243
25.1997, -0.716949, 0.985151, 1.86379, 0.0181319
25.3277, -0.486599, 0.987362, 1.73581, 0.0167392
25.4557, -0.272621, 0.989394, 1.60782, 0.0153461
25.5837, -0.0750275, 0.991249, 1.47984, 0.0139526
25.7116, 0.106197, 0.992926, 1.35185, 0.0125587
25.8396, 0.27103, 0.994425, 1.22387, 0.0111645
25.9676, 0.419483, 0.995746, 1.09589, 0.00976996
26.0956, 0.551567, 0.996888, 0.967904, 0.00837513
26.2236, 0.667248, 0.997853, 0.83992, 0.00697997
26.3516, 0.76656, 0.998639, 0.711936, 0.00558452
26.4796, 0.849503, 0.999247, 0.583952, 0.00418879
26.6076, 0.91605, 0.999676, 0.455968, 0.00279278
26.7356, 0.966217, 0.999927, 0.327985, 0.00139653
26.8636, 1, 1, 0.200001, 1.32713e-08
