3.14405, 0.0765482
0, 0, 0, 0.5, 0
0.0174731, 0.0086165, 9.68114e-05, 0.488117, 0.0128106
0.0349463, 0.0170878, 0.000475478, 0.47616, 0.025552
0.0524194, 0.0252265, 0.000962051, 0.464352, 0.0384317
0.0698925, 0.0332202, 0.00173038, 0.452469, 0.0512423
0.0873657, 0.0410647, 0.00277691, 0.440512, 0.0639838
0.104839, 0.0486948, 0.00404088, 0.42856, 0.0767303
0.122312, 0.056063, 0.00547846, 0.416677, 0.0895409
0.139785, 0.0632236, 0.00713985, 0.404795, 0.102351
0.157258, 0.0702225, 0.00906774, 0.392848, 0.115102
0.174731, 0.0769667, 0.0111758, 0.380965, 0.127913
0.192204, 0.0835033, 0.0135077, 0.369082, 0.140724
0.209678, 0.0898322, 0.0160634, 0.3572, 0.153534
0.227151, 0.0959535, 0.018843, 0.345317, 0.166345
0.244624, 0.101905, 0.0218814, 0.333374, 0.1791
0.262097, 0.10761, 0.0251077, 0.321491, 0.19191
0.27957, 0.113141, 0.0285889, 0.309552, 0.204668
0.297043, 0.11846, 0.0322903, 0.297616, 0.21743
0.314516, 0.123541, 0.0361863, 0.285734, 0.23024
0.33199, 0.12844, 0.0403314, 0.273801, 0.243004
0.349463, 0.13313, 0.0446975, 0.26187, 0.25577
0.366936, 0.137585, 0.0492635, 0.249988, 0.268581
0.384409, 0.141855, 0.0540738, 0.238059, 0.281349
0.401882, 0.145915, 0.0591057, 0.226133, 0.29412
0.419355, 0.149746, 0.0643417, 0.214251, 0.30693
0.436828, 0.153405, 0.0698343, 0.202287, 0.319665
0.454301, 0.15682, 0.0755167, 0.190404, 0.332476
0.471775, 0.160057, 0.0814507, 0.178447, 0.345217
0.489248, 0.163068, 0.0875921, 0.166529, 0.357995
0.506721, 0.16587, 0.0939558, 0.154613, 0.370774
0.524194, 0.168474, 0.100552, 0.142666, 0.383525
0.541667, 0.170857, 0.10736, 0.130753, 0.396308
0.55914, 0.173031, 0.11439, 0.118841, 0.409091
0.576613, 0.175004, 0.12165, 0.106901, 0.421849
0.594087, 0.176767, 0.129132, 0.0949656, 0.43461
0.61156, 0.178338, 0.136852, 0.0829621, 0.447308
0.629033, 0.179673, 0.14477, 0.071057, 0.460098
0.646506, 0.180818, 0.152928, 0.0590698, 0.472811
0.663979, 0.181742, 0.161298, 0.0471296, 0.485568
0.681452, 0.182459, 0.169892, 0.0351755, 0.498312
0.698925, 0.182968, 0.178709, 0.0232105, 0.511045
0.716399, 0.183263, 0.187744, 0.011267, 0.523799
0.733872, 0.183356, 0.197008, -0.000726581, 0.536506
0.751345, 0.183242, 0.206497, -0.0127652, 0.549171
0.768818, 0.182916, 0.216205, -0.0248094, 0.56183
0.786291, 0.182376, 0.226132, -0.036853, 0.574489
0.803764, 0.181626, 0.236279, -0.0489247, 0.587121
0.821237, 0.180668, 0.246651, -0.0611292, 0.599627
0.83871, 0.179493, 0.257237, -0.0733823, 0.612083
0.856184, 0.178101, 0.268038, -0.0858368, 0.624334
0.873657, 0.176483, 0.279042, -0.0999708, 0.633038
0.89113, 0.174793, 0.289969, -0.0917017, 0.618249
0.908603, 0.173288, 0.300655, -0.0804743, 0.604865
0.926076, 0.171982, 0.311108, -0.0689717, 0.591711
0.943549, 0.170878, 0.321333, -0.0573579, 0.578656
0.961022, 0.169978, 0.331331, -0.0456837, 0.565655
0.978496, 0.169282, 0.341101, -0.0339713, 0.552688
0.995969, 0.168791, 0.350645, -0.0222325, 0.539745
1.01344, 0.168505, 0.359963, -0.0104745, 0.52682
1.03091, 0.168425, 0.369056, 0.00129816, 0.513909
1.04839, 0.168551, 0.377922, 0.0130827, 0.501008
1.06586, 0.168882, 0.386564, 0.0248763, 0.488115
1.08333, 0.16942, 0.39498, 0.0366781, 0.47523
1.10081, 0.170164, 0.403172, 0.0484862, 0.46235
1.11828, 0.171114, 0.411138, 0.0602996, 0.449476
1.13575, 0.172271, 0.418879, 0.0721181, 0.436606
1.15323, 0.173635, 0.426396, 0.0839407, 0.42374
1.1707, 0.175205, 0.433687, 0.0957669, 0.410877
1.18817, 0.176981, 0.440754, 0.107596, 0.398018
1.20565, 0.178965, 0.447596, 0.119429, 0.38516
1.22312, 0.181155, 0.454214, 0.131264, 0.372306
1.24059, 0.183552, 0.460607, 0.143101, 0.359453
1.25807, 0.186156, 0.466776, 0.15494, 0.346602
1.27554, 0.188967, 0.47272, 0.166782, 0.333753
1.29301, 0.191984, 0.478439, 0.178625, 0.320906
1.31049, 0.195209, 0.483934, 0.190469, 0.30806
1.32796, 0.198641, 0.489205, 0.202316, 0.295216
1.34543, 0.202279, 0.494251, 0.214163, 0.282373
1.3629, 0.206125, 0.499073, 0.226012, 0.269531
1.38038, 0.210177, 0.50367, 0.237862, 0.25669
1.39785, 0.214437, 0.508043, 0.249713, 0.24385
1.41532, 0.218904, 0.512192, 0.261565, 0.231011
1.4328, 0.223578, 0.516116, 0.273418, 0.218174
1.45027, 0.228459, 0.519816, 0.285272, 0.205337
1.46774, 0.233547, 0.523292, 0.297128, 0.1925
1.48522, 0.238842, 0.526543, 0.308983, 0.179664
1.50269, 0.244345, 0.52957, 0.32084, 0.16683
1.52016, 0.250055, 0.532373, 0.332697, 0.153995
1.53764, 0.255971, 0.534952, 0.344555, 0.141162
1.55511, 0.262095, 0.537306, 0.356413, 0.128329
1.57258, 0.268427, 0.539437, 0.368272, 0.115497
1.59006, 0.274965, 0.541343, 0.380132, 0.102665
1.60753, 0.281711, 0.543024, 0.391992, 0.0898333
1.625, 0.288664, 0.544482, 0.403853, 0.0770022
1.64247, 0.295824, 0.545715, 0.415715, 0.0641718
1.65995, 0.303192, 0.546724, 0.427576, 0.0513418
1.67742, 0.310766, 0.547509, 0.439439, 0.0385123
1.69489, 0.318548, 0.54807, 0.451302, 0.025683
1.71237, 0.326538, 0.548407, 0.463165, 0.0128544
1.72984, 0.334734, 0.548519, 0.475028, 2.60938e-05
1.74398, 0.339979, 0.549387, 0.480206, 0.0128612
1.75812, 0.345325, 0.55046, 0.485402, 0.0257139
1.77227, 0.350749, 0.551717, 0.490587, 0.0385574
1.78641, 0.356251, 0.553158, 0.49576, 0.0513913
1.80055, 0.361832, 0.554782, 0.500921, 0.0642147
1.81469, 0.367491, 0.556589, 0.506069, 0.077027
1.82883, 0.373228, 0.55858, 0.511203, 0.0898273
1.84298, 0.379043, 0.560753, 0.516322, 0.102615
1.85712, 0.384937, 0.56311, 0.521425, 0.115388
1.87126, 0.390909, 0.56565, 0.52651, 0.128147
1.8854, 0.39696, 0.568373, 0.531576, 0.140889
1.89955, 0.40309, 0.571278, 0.536622, 0.153614
1.91369, 0.409299, 0.574365, 0.541645, 0.16632
1.92783, 0.415588, 0.577635, 0.546645, 0.179005
1.94197, 0.421955, 0.581088, 0.551618, 0.191668
1.95611, 0.428403, 0.584721, 0.556564, 0.204306
1.97026, 0.43493, 0.588537, 0.561478, 0.216917
1.9844, 0.441537, 0.592534, 0.566358, 0.229499
1.99854, 0.448225, 0.596711, 0.571201, 0.242048
2.01268, 0.454993, 0.60107, 0.576003, 0.254561
2.02682, 0.461842, 0.605608, 0.58076, 0.267034
2.04097, 0.468773, 0.610326, 0.585466, 0.279463
2.05511, 0.475786, 0.615223, 0.590117, 0.291843
2.06925, 0.482882, 0.620298, 0.594706, 0.304167
2.08339, 0.49006, 0.625551, 0.599226, 0.31643
2.09753, 0.497322, 0.63098, 0.603668, 0.328622
2.11168, 0.504669, 0.636585, 0.608023, 0.340736
2.12582, 0.512102, 0.642364, 0.61228, 0.352759
2.13996, 0.51962, 0.648317, 0.616424, 0.364681
2.1541, 0.527227, 0.65444, 0.620441, 0.376484
2.16824, 0.534923, 0.660732, 0.624313, 0.388153
2.18239, 0.542709, 0.66719, 0.628018, 0.399664
2.19653, 0.550587, 0.673811, 0.63153, 0.410993
2.21067, 0.55856, 0.680592, 0.63482, 0.422109
2.22481, 0.56663, 0.687528, 0.637851, 0.432975
2.23895, 0.574799, 0.694613, 0.640581, 0.443546
2.2531, 0.583069, 0.70184, 0.642961, 0.453768
2.26724, 0.591444, 0.709201, 0.644931, 0.463576
2.28138, 0.599927, 0.716686, 0.646425, 0.472892
2.29552, 0.608518, 0.724281, 0.647366, 0.481627
2.30966, 0.617221, 0.731972, 0.64767, 0.489675
2.32381, 0.626034, 0.73974, 0.647249, 0.49692
2.33795, 0.634954, 0.747565, 0.646019, 0.503238
2.35209, 0.643974, 0.755424, 0.643903, 0.508505
2.36623, 0.653082, 0.763293, 0.640849, 0.512609
2.38038, 0.66226, 0.771147, 0.636836, 0.515463
2.39452, 0.671487, 0.778962, 0.631882, 0.517018
2.40866, 0.680736, 0.786718, 0.626046, 0.517267
2.4228, 0.689978, 0.794397, 0.619418, 0.516249
2.43694, 0.699185, 0.801987, 0.61211, 0.514038
2.45109, 0.708333, 0.809475, 0.604244, 0.510731
2.46523, 0.717398, 0.816854, 0.595935, 0.50644
2.47937, 0.726362, 0.824119, 0.58729, 0.501278
2.49351, 0.735212, 0.831264, 0.5784, 0.495351
2.50765, 0.743936, 0.838287, 0.569341, 0.488759
2.5218, 0.752528, 0.845184, 0.560172, 0.481587
2.53594, 0.760981, 0.851951, 0.550942, 0.473913
2.55008, 0.769292, 0.858588, 0.541687, 0.4658
2.56422, 0.77746, 0.865091, 0.532435, 0.457305
2.57836, 0.785483, 0.871458, 0.523206, 0.448474
2.59251, 0.793361, 0.877688, 0.514017, 0.439348
2.60665, 0.801094, 0.883778, 0.504877, 0.429961
2.62079, 0.808684, 0.889726, 0.495796, 0.420343
2.63493, 0.816131, 0.895531, 0.486777, 0.410518
2.64907, 0.823437, 0.901191, 0.477826, 0.400508
2.66322, 0.830604, 0.906705, 0.468944, 0.390331
2.67736, 0.837631, 0.912071, 0.460131, 0.380004
2.6915, 0.844522, 0.917287, 0.451388, 0.369541
2.70564, 0.851277, 0.922353, 0.442715, 0.358953
2.71978, 0.857898, 0.927267, 0.43411, 0.348253
2.73393, 0.864386, 0.932028, 0.425572, 0.337448
2.74807, 0.870743, 0.936635, 0.417101, 0.326548
2.76221, 0.876971, 0.941086, 0.408693, 0.31556
2.77635, 0.88307, 0.945382, 0.400348, 0.304491
2.7905, 0.889042, 0.94952, 0.392064, 0.293347
2.80464, 0.894888, 0.953501, 0.383838, 0.282132
2.81878, 0.900609, 0.957322, 0.37567, 0.270853
2.83292, 0.906208, 0.960985, 0.367557, 0.259513
2.84706, 0.911683, 0.964486, 0.359498, 0.248115
2.86121, 0.917037, 0.967827, 0.35149, 0.236665
2.87535, 0.922272, 0.971007, 0.343533, 0.225164
2.88949, 0.927386, 0.974024, 0.335624, 0.213617
2.90363, 0.932383, 0.976878, 0.327762, 0.202025
2.91777, 0.937262, 0.979568, 0.319945, 0.190391
2.93192, 0.942025, 0.982095, 0.312172, 0.178717
2.94606, 0.946672, 0.984457, 0.304442, 0.167007
2.9602, 0.951205, 0.986654, 0.296753, 0.15526
2.97434, 0.955623, 0.988685, 0.289103, 0.14348
2.98848, 0.959928, 0.99055, 0.281492, 0.131668
3.00263, 0.96412, 0.992249, 0.273919, 0.119826
3.01677, 0.968201, 0.993781, 0.266381, 0.107954
3.03091, 0.972171, 0.995146, 0.258879, 0.0960548
3.04505, 0.97603, 0.996343, 0.25141, 0.0841293
3.05919, 0.979779, 0.997372, 0.243975, 0.0721784
3.07334, 0.983419, 0.998233, 0.236571, 0.0602033
3.08748, 0.98695, 0.998925, 0.229198, 0.0482051
3.10162, 0.990373, 0.999448, 0.221856, 0.036185
3.11576, 0.993689, 0.999802, 0.214542, 0.0241433
3.1299, 0.996898, 0.999986, 0.207258, 0.0120816
3.14405, 1, 1, 0.2, -1.04308e-07
