18.0103, 0
0, 0, 0, 0.5, 0
0.0970118, 0.0438021, 9.61419e-05, 0.403016, 0.00230703
0.194024, 0.078194, 0.000416127, 0.306031, 0.00461406
0.291035, 0.103178, 0.000959906, 0.209047, 0.00692109
0.388047, 0.119208, 0.0208449, 0.111962, 0.00496939
0.485059, 0.125364, 0.0214232, 0.0149773, 0.00727642
0.58207, 0.122113, 0.0222253, -0.0820071, 0.00958345
0.679082, 0.109027, 0.00537313, -0.17889, 0.0161492
0.776094, 0.0869685, 0.00703594, -0.275874, 0.0184562
0.873106, 0.0555, 0.00892259, -0.372859, 0.0207633
0.970118, 0.0150199, 0.0276716, -0.469944, 0.0188116
1.06713, -0.035275, 0.0295927, -0.566929, 0.0211186
1.16414, -0.0949783, 0.0317376, -0.663913, 0.0234256
1.26115, -0.16409, 0.0341063, -0.760897, 0.0257326
1.35816, -0.242611, 0.0366989, -0.857882, 0.0280397
1.45518, -0.330541, 0.0395152, -0.954866, 0.0303467
1.55219, -0.427879, 0.0425554, -1.05185, 0.0326537
1.6492, -0.534625, 0.0458193, -1.14883, 0.0349608
1.74621, -0.65078, 0.0493071, -1.24582, 0.0372678
1.84322, -0.776344, 0.0530187, -1.3428, 0.0395748
1.94024, -0.911316, 0.056954, -1.43979, 0.0418818
2.03725, -1.0557, 0.0611132, -1.53677, 0.0441889
2.13426, -1.20949, 0.0654962, -1.63376, 0.0464959
2.23127, -1.37269, 0.0701031, -1.73074, 0.0488029
2.32828, -1.54529, 0.0749337, -1.82772, 0.0511099
2.42529, -1.72731, 0.0799881, -1.92471, 0.053417
2.52231, -1.91873, 0.0852663, -2.02169, 0.055724
2.61932, -2.11957, 0.0907684, -2.11868, 0.058031
2.71633, -2.32981, 0.0964942, -2.21566, 0.0603381
2.81334, -2.54946, 0.102444, -2.31265, 0.0626451
2.91035, -2.77852, 0.108617, -2.40963, 0.0649521
3.00736, -3.01698, 0.115015, -2.50661, 0.0672591
3.10438, -3.26486, 0.121636, -2.6036, 0.0695662
3.20139, -3.52213, 0.128779, -2.70059, 0.0716949
3.2984, -3.78883, 0.135549, -2.79757, 0.0741802
3.39541, -4.06494, 0.142842, -2.89455, 0.0764873
3.49242, -4.35044, 0.150605, -2.99154, 0.078616
3.58943, -4.64537, 0.158098, -3.08852, 0.0811013
3.68645, -4.94969, 0.166062, -3.1855, 0.0834083
3.78346, -5.26343, 0.174373, -3.28249, 0.0856029
3.88047, -5.58657, 0.182922, -3.37948, 0.0877612
3.97748, -5.91913, 0.191297, -3.47646, 0.0903294
4.07449, -6.26109, 0.200337, -3.57345, 0.0924115
4.1715, -6.61246, 0.209239, -3.67043, 0.0949435
4.26852, -6.97324, 0.218654, -3.76741, 0.0970722
4.36553, -7.34342, 0.228268, -3.8644, 0.0991838
4.46254, -7.72302, 0.237971, -3.96139, 0.101527
4.55955, -8.11203, 0.247916, -4.05837, 0.103834
4.65656, -8.51044, 0.258115, -4.15535, 0.106009
4.75358, -8.91827, 0.268513, -4.25233, 0.108171
4.85059, -9.33549, 0.279106, -4.3493, 0.110351
4.9476, -9.75716, 0.289717, -4.3053, 0.107953
5.04461, -10.1701, 0.30007, -4.20833, 0.105506
5.14162, -10.5737, 0.31019, -4.11135, 0.103125
5.23863, -10.9678, 0.32008, -4.01436, 0.100767
5.33565, -11.3526, 0.329741, -3.91738, 0.0984212
5.43266, -11.7279, 0.339176, -3.8204, 0.0960832
5.52967, -12.0938, 0.348384, -3.72342, 0.0937501
5.62668, -12.4503, 0.357366, -3.62643, 0.0914205
5.72369, -12.7974, 0.366122, -3.52945, 0.0890937
5.82071, -13.1351, 0.374652, -3.43246, 0.0867691
5.91772, -13.4634, 0.382957, -3.33548, 0.0844463
6.01473, -13.7823, 0.391037, -3.2385, 0.0821247
6.11174, -14.0917, 0.398891, -3.14151, 0.0798044
6.20875, -14.3918, 0.406521, -3.04453, 0.0774851
6.30576, -14.6825, 0.413925, -2.94754, 0.0751667
6.40278, -14.9637, 0.421105, -2.85056, 0.072849
6.49979, -15.2355, 0.42806, -2.75358, 0.070532
6.5968, -15.498, 0.43479, -2.65659, 0.0682155
6.69381, -15.751, 0.441295, -2.55961, 0.0658996
6.79082, -15.9946, 0.447576, -2.46263, 0.0635841
6.88783, -16.2288, 0.453632, -2.36564, 0.0612691
6.98485, -16.4536, 0.459463, -2.26865, 0.0589544
7.08186, -16.669, 0.46507, -2.17167, 0.0566401
7.17887, -16.8749, 0.470453, -2.07469, 0.0543261
7.27588, -17.0715, 0.475611, -1.9777, 0.0520123
7.37289, -17.2586, 0.480545, -1.88072, 0.0496989
7.4699, -17.4364, 0.485254, -1.78373, 0.0473856
7.56692, -17.6047, 0.489739, -1.68675, 0.0450726
7.66393, -17.7637, 0.493999, -1.58977, 0.0427599
7.76094, -17.9132, 0.498035, -1.49278, 0.0404473
7.85795, -18.0533, 0.501847, -1.3958, 0.0381349
7.95496, -18.184, 0.505434, -1.29881, 0.0358227
8.05198, -18.3053, 0.508797, -1.20183, 0.0335106
8.14899, -18.4172, 0.511936, -1.10485, 0.0311987
8.246, -18.5197, 0.51485, -1.00786, 0.0288869
8.34301, -18.6127, 0.517541, -0.910878, 0.0265753
8.44002, -18.6964, 0.520007, -0.813893, 0.0242638
8.53703, -18.7707, 0.522248, -0.716909, 0.0219524
8.63405, -18.8355, 0.524266, -0.619925, 0.0196411
8.73106, -18.8909, 0.526059, -0.52294, 0.01733
8.82807, -18.937, 0.527628, -0.425956, 0.0150189
8.92508, -18.9736, 0.528973, -0.328972, 0.0127079
9.02209, -19.0008, 0.530094, -0.231988, 0.0103971
9.1191, -19.0186, 0.53099, -0.135003, 0.00808628
9.21612, -19.027, 0.531663, -0.0380197, 0.0057756
9.31313, -19.026, 0.532111, 0.0589649, 0.00346498
9.41014, -19.0155, 0.532335, 0.15595, 0.00115442
9.50715, -18.9957, 0.532335, 0.252934, -0.00115605
9.60416, -18.9665, 0.532111, 0.349919, -0.00346644
9.68822, -18.9331, 0.548759, 0.434034, 0.00214921
9.77229, -18.8931, 0.549201, 0.518068, 0.00429843
9.85635, -18.846, 0.549824, 0.602102, 0.00644765
9.94041, -18.7919, 0.550627, 0.686135, 0.00859686
10.0245, -18.7307, 0.551612, 0.770169, 0.0107461
10.1085, -18.6624, 0.552777, 0.854203, 0.0128953
10.1926, -18.5871, 0.554122, 0.938237, 0.0150445
10.2767, -18.5047, 0.555648, 1.02227, 0.0171937
10.3607, -18.4152, 0.557355, 1.1063, 0.0193429
10.4448, -18.3187, 0.559243, 1.19034, 0.0214921
10.5288, -18.2151, 0.561311, 1.27437, 0.0236414
10.6129, -18.1045, 0.56356, 1.35841, 0.0257906
10.697, -17.9867, 0.56599, 1.44244, 0.0279398
10.781, -17.862, 0.5686, 1.52647, 0.030089
10.8651, -17.7301, 0.571391, 1.61051, 0.0322382
10.9491, -17.5912, 0.574362, 1.69454, 0.0343874
11.0332, -17.4452, 0.577515, 1.77858, 0.0365366
11.1173, -17.2922, 0.580848, 1.86261, 0.0386859
11.2013, -17.1321, 0.584361, 1.94664, 0.0408351
11.2854, -16.9649, 0.588055, 2.03068, 0.0429843
11.3695, -16.7907, 0.59193, 2.11471, 0.0451335
11.4535, -16.6094, 0.595986, 2.19874, 0.0472827
11.5376, -16.421, 0.600222, 2.28278, 0.0494319
11.6216, -16.2256, 0.604639, 2.36681, 0.0515811
11.7057, -16.0231, 0.609237, 2.45085, 0.0537304
11.7898, -15.8136, 0.614015, 2.53488, 0.0558796
11.8738, -15.597, 0.618974, 2.61891, 0.0580288
11.9579, -15.3733, 0.624113, 2.70295, 0.060178
12.0419, -15.1426, 0.629434, 2.78698, 0.0623272
12.126, -14.9048, 0.634934, 2.87101, 0.0644764
12.2101, -14.6599, 0.640616, 2.95505, 0.0666256
12.2941, -14.408, 0.646478, 3.03908, 0.0687748
12.3782, -14.149, 0.652521, 3.12312, 0.070924
12.4622, -13.8829, 0.658745, 3.20715, 0.0730733
12.5463, -13.6098, 0.665149, 3.29118, 0.0752225
12.6304, -13.3296, 0.671734, 3.37522, 0.0773717
12.7144, -13.0423, 0.678499, 3.45925, 0.0795209
12.7985, -12.748, 0.685446, 3.54328, 0.0816701
12.8826, -12.4466, 0.692573, 3.62732, 0.0838193
12.9666, -12.1382, 0.69988, 3.71135, 0.0859685
13.0507, -11.8227, 0.707368, 3.79538, 0.0881177
13.1347, -11.5001, 0.715037, 3.87942, 0.0902669
13.2188, -11.1705, 0.722887, 3.96345, 0.0924161
13.3029, -10.8338, 0.730917, 4.04748, 0.0945652
13.3869, -10.49, 0.739128, 4.13151, 0.0967144
13.471, -10.1392, 0.747519, 4.21554, 0.0988635
13.555, -9.78127, 0.756092, 4.29957, 0.101013
13.6391, -9.41632, 0.764844, 4.38359, 0.103161
13.7232, -9.0443, 0.773777, 4.46729, 0.105303
13.8072, -8.67082, 0.782457, 4.40174, 0.103815
13.8913, -8.30433, 0.790953, 4.31773, 0.10186
13.9754, -7.94491, 0.799297, 4.23369, 0.099888
14.0594, -7.59254, 0.807486, 4.14966, 0.0979015
14.1435, -7.24725, 0.815516, 4.06563, 0.0959029
14.2275, -6.90901, 0.823385, 3.98159, 0.0938939
14.3116, -6.57784, 0.831093, 3.89755, 0.0918759
14.3957, -6.25374, 0.838636, 3.81352, 0.0898499
14.4797, -5.9367, 0.846014, 3.72948, 0.087817
14.5638, -5.62672, 0.853226, 3.64545, 0.0857777
14.6478, -5.32381, 0.860271, 3.56141, 0.0837328
14.7319, -5.02796, 0.867147, 3.47737, 0.0816828
14.816, -4.73918, 0.873854, 3.39334, 0.0796282
14.9, -4.45747, 0.880392, 3.3093, 0.0775694
14.9841, -4.18281, 0.886759, 3.22526, 0.0755068
15.0682, -3.91522, 0.892956, 3.14123, 0.0734406
15.1522, -3.65469, 0.898981, 3.05719, 0.0713712
15.2363, -3.40124, 0.904834, 2.97316, 0.0692987
15.3203, -3.15484, 0.910516, 2.88912, 0.0672236
15.4044, -2.9155, 0.916024, 2.80509, 0.0651458
15.4885, -2.68324, 0.92136, 2.72105, 0.0630655
15.5725, -2.45803, 0.926523, 2.63702, 0.060983
15.6566, -2.23989, 0.931512, 2.55298, 0.0588984
15.7406, -2.02882, 0.936327, 2.46895, 0.0568118
15.8247, -1.8248, 0.940968, 2.38491, 0.0547234
15.9088, -1.62786, 0.945435, 2.30087, 0.0526331
15.9928, -1.43797, 0.949728, 2.21684, 0.0505412
16.0769, -1.25515, 0.953845, 2.1328, 0.0484478
16.1609, -1.07939, 0.957788, 2.04877, 0.0463529
16.245, -0.910706, 0.961556, 1.96473, 0.0442565
16.3291, -0.749077, 0.965148, 1.8807, 0.0421589
16.4131, -0.594517, 0.968566, 1.79666, 0.0400599
16.4972, -0.447014, 0.971807, 1.71263, 0.0379597
16.5813, -0.30658, 0.974873, 1.62859, 0.0358584
16.6653, -0.173212, 0.977763, 1.54456, 0.033756
16.7494, -0.0469036, 0.980477, 1.46052, 0.0316525
16.8334, 0.07234, 0.983015, 1.37649, 0.0295481
16.9175, 0.184515, 0.985376, 1.29245, 0.0274426
17.0016, 0.289629, 0.987562, 1.20842, 0.0253362
17.0856, 0.38768, 0.989571, 1.12438, 0.023229
17.1697, 0.478666, 0.991403, 1.04035, 0.0211209
17.2537, 0.56259, 0.993059, 0.956313, 0.019012
17.3378, 0.639444, 0.994538, 0.872278, 0.0169023
17.4219, 0.70924, 0.995841, 0.788243, 0.0147919
17.5059, 0.771969, 0.996966, 0.704208, 0.0126808
17.59, 0.827635, 0.997915, 0.620173, 0.0105689
17.6741, 0.876236, 0.998686, 0.536139, 0.00845638
17.7581, 0.917772, 0.99928, 0.452103, 0.00634317
17.8422, 0.95225, 0.999698, 0.36807, 0.00422941
17.9262, 0.979658, 0.999938, 0.284036, 0.002115
18.0103, 1, 1, 0.2, -1.3737e-08
