2.53434, 0
0, 0, 0, 0.5, 0
0.0120032, 0.0070661, 0.00167025, 0.491356, 0.00793733
0.0240064, 0.0140234, 0.00343339, 0.482723, 0.0158769
0.0360096, 0.0208721, 0.0052896, 0.474102, 0.0238188
0.0480128, 0.0276121, 0.00723884, 0.465493, 0.0317629
0.060016, 0.0342434, 0.00928089, 0.456897, 0.0397094
0.0720192, 0.0407662, 0.0114158, 0.448315, 0.0476585
0.0840224, 0.0471803, 0.0136435, 0.439746, 0.0556102
0.0960256, 0.0534859, 0.0159641, 0.431191, 0.0635643
0.108029, 0.059683, 0.0183774, 0.422651, 0.0715213
0.120032, 0.0657714, 0.0208832, 0.414127, 0.0794811
0.132035, 0.0717514, 0.0234817, 0.405619, 0.0874438
0.144038, 0.0776228, 0.0261727, 0.397128, 0.0954095
0.156042, 0.083386, 0.0289563, 0.388654, 0.103378
0.168045, 0.0890407, 0.0318323, 0.380198, 0.11135
0.180048, 0.094587, 0.0348005, 0.371762, 0.119325
0.192051, 0.100025, 0.0378612, 0.363346, 0.127304
0.204054, 0.105355, 0.0410139, 0.354951, 0.135286
0.216058, 0.110576, 0.0442588, 0.346577, 0.143272
0.228061, 0.11569, 0.0475957, 0.338227, 0.151261
0.240064, 0.120695, 0.0510245, 0.3299, 0.159255
0.252067, 0.125592, 0.0545452, 0.321599, 0.167252
0.26407, 0.130381, 0.0581576, 0.313324, 0.175253
0.276074, 0.135062, 0.0618615, 0.305076, 0.183259
0.288077, 0.139635, 0.065657, 0.296858, 0.191269
0.30008, 0.1441, 0.0695439, 0.28867, 0.199283
0.312083, 0.148458, 0.0735219, 0.280515, 0.207303
0.324086, 0.152708, 0.0775911, 0.272393, 0.215327
0.33609, 0.15685, 0.0817512, 0.264306, 0.223355
0.348093, 0.160885, 0.0860019, 0.256258, 0.23139
0.360096, 0.164812, 0.0903433, 0.248249, 0.239429
0.372099, 0.168632, 0.094775, 0.240282, 0.247474
0.384102, 0.172345, 0.0992969, 0.232359, 0.255524
0.396106, 0.175951, 0.103909, 0.224483, 0.26358
0.408109, 0.17945, 0.10861, 0.216656, 0.271642
0.420112, 0.182842, 0.113401, 0.208882, 0.27971
0.432115, 0.186128, 0.118281, 0.201164, 0.287784
0.444118, 0.189307, 0.123251, 0.193505, 0.295865
0.456122, 0.19238, 0.128308, 0.18591, 0.303952
0.468125, 0.195347, 0.133454, 0.178381, 0.312045
0.480128, 0.198208, 0.138687, 0.170924, 0.320145
0.492131, 0.200963, 0.144008, 0.163542, 0.328252
0.504134, 0.203614, 0.149416, 0.156243, 0.336366
0.516138, 0.206159, 0.15491, 0.14903, 0.344486
0.528141, 0.2086, 0.16049, 0.14191, 0.352614
0.540144, 0.210937, 0.166156, 0.134891, 0.360747
0.552147, 0.21317, 0.171906, 0.127978, 0.368887
0.56415, 0.2153, 0.17774, 0.12118, 0.377034
0.576154, 0.217326, 0.183658, 0.114505, 0.385186
0.588157, 0.219251, 0.189658, 0.107963, 0.393343
0.60016, 0.221075, 0.195739, 0.101565, 0.401505
0.612163, 0.222797, 0.201901, 0.0953218, 0.409671
0.624166, 0.22442, 0.208142, 0.0892448, 0.417839
0.63617, 0.225943, 0.214461, 0.0833484, 0.426008
0.648173, 0.227369, 0.220858, 0.0776472, 0.434178
0.660176, 0.228698, 0.22733, 0.0721572, 0.442344
0.672179, 0.229932, 0.233875, 0.0668961, 0.450505
0.684182, 0.231072, 0.240493, 0.0618833, 0.458658
0.696186, 0.232121, 0.247181, 0.0571399, 0.466799
0.708189, 0.233079, 0.253938, 0.0526882, 0.474922
0.720192, 0.23395, 0.26076, 0.0485528, 0.483023
0.732195, 0.234736, 0.267646, 0.0447607, 0.491095
0.744198, 0.23544, 0.274592, 0.04134, 0.499129
0.756202, 0.236066, 0.281597, 0.0383207, 0.507116
0.768205, 0.236618, 0.288657, 0.0357347, 0.515044
0.780208, 0.2371, 0.295768, 0.0336153, 0.522901
0.792211, 0.237518, 0.302927, 0.031996, 0.530671
0.804214, 0.237877, 0.310132, 0.0309106, 0.538336
0.816218, 0.238185, 0.317377, 0.0303932, 0.545877
0.828221, 0.238448, 0.32466, 0.0304756, 0.553272
0.840224, 0.238675, 0.331976, 0.0311866, 0.560495
0.852227, 0.238875, 0.339323, 0.0325515, 0.567522
0.86423, 0.239059, 0.346696, 0.0345905, 0.574324
0.876234, 0.239235, 0.354092, 0.0373174, 0.580873
0.888237, 0.239417, 0.361509, 0.0407378, 0.58714
0.90024, 0.239615, 0.368944, 0.0448492, 0.593098
0.912243, 0.239841, 0.376394, 0.0496409, 0.59872
0.924246, 0.240107, 0.383857, 0.0550941, 0.603985
0.93625, 0.240426, 0.391333, 0.0611806, 0.608872
0.948253, 0.240807, 0.398818, 0.0678682, 0.613366
0.960256, 0.241261, 0.406313, 0.075117, 0.617457
0.972259, 0.2418, 0.413815, 0.0828843, 0.621137
0.984262, 0.24243, 0.421324, 0.0911248, 0.624405
0.996266, 0.243162, 0.428839, 0.0997944, 0.627264
1.00827, 0.244002, 0.436358, 0.108846, 0.629718
1.02027, 0.244956, 0.443879, 0.118238, 0.631778
1.03228, 0.246029, 0.451403, 0.127928, 0.633453
1.04428, 0.247227, 0.458926, 0.137879, 0.634758
1.05628, 0.248554, 0.466447, 0.148057, 0.635706
1.06828, 0.250011, 0.473964, 0.158428, 0.636313
1.08029, 0.251603, 0.481476, 0.168965, 0.636594
1.09229, 0.253332, 0.48898, 0.179643, 0.636566
1.10429, 0.255198, 0.496475, 0.190439, 0.636243
1.1163, 0.257204, 0.503958, 0.201335, 0.635642
1.1283, 0.25935, 0.511427, 0.212312, 0.634776
1.1403, 0.261638, 0.51888, 0.223356, 0.63366
1.15231, 0.264068, 0.526316, 0.234455, 0.632307
1.16431, 0.266639, 0.533732, 0.245595, 0.63073
1.17631, 0.269354, 0.541126, 0.256769, 0.628942
1.18832, 0.27221, 0.548497, 0.267969, 0.626953
1.20178, 0.276292, 0.556951, 0.27388, 0.638869
1.21524, 0.280446, 0.565568, 0.279852, 0.650749
1.2287, 0.284673, 0.574347, 0.285887, 0.662593
1.24216, 0.288973, 0.583287, 0.291989, 0.674396
1.25562, 0.293349, 0.592388, 0.298159, 0.686158
1.26908, 0.2978, 0.60165, 0.304401, 0.697875
1.28254, 0.302327, 0.611072, 0.31072, 0.709545
1.296, 0.306931, 0.620653, 0.317117, 0.721165
1.30946, 0.311614, 0.630393, 0.323597, 0.732732
1.32292, 0.316376, 0.640291, 0.330165, 0.744241
1.33638, 0.321219, 0.650346, 0.336824, 0.75569
1.34984, 0.326143, 0.660557, 0.34358, 0.767073
1.3633, 0.33115, 0.670923, 0.350437, 0.778387
1.37676, 0.336241, 0.681444, 0.3574, 0.789626
1.39022, 0.341417, 0.692119, 0.364476, 0.800783
1.40368, 0.346681, 0.702946, 0.371671, 0.811854
1.41714, 0.352033, 0.713924, 0.378991, 0.822831
1.4306, 0.357475, 0.725052, 0.386444, 0.833706
1.44406, 0.363008, 0.736328, 0.394036, 0.84447
1.45752, 0.368636, 0.747751, 0.401777, 0.855114
1.47098, 0.374358, 0.75932, 0.409676, 0.865627
1.48444, 0.380179, 0.771032, 0.417741, 0.875996
1.4979, 0.386099, 0.782885, 0.425983, 0.886208
1.51136, 0.392121, 0.794878, 0.434413, 0.896247
1.52482, 0.398247, 0.807007, 0.443041, 0.906096
1.53828, 0.404481, 0.81927, 0.451881, 0.915733
1.55174, 0.410824, 0.831665, 0.460945, 0.925137
1.5652, 0.417281, 0.844187, 0.470247, 0.934282
1.57866, 0.423853, 0.856833, 0.4798, 0.943137
1.59213, 0.430545, 0.869599, 0.489618, 0.951668
1.60559, 0.437359, 0.882481, 0.499714, 0.959836
1.61905, 0.4443, 0.895472, 0.510103, 0.967597
1.63251, 0.451371, 0.908567, 0.520795, 0.9749
1.64597, 0.458577, 0.92176, 0.531798, 0.981688
1.65943, 0.465921, 0.935042, 0.543118, 0.987895
1.67289, 0.473408, 0.948406, 0.554754, 0.993449
1.68635, 0.481043, 0.961842, 0.566697, 0.998271
1.69981, 0.488828, 0.975339, 0.578927, 1.00228
1.71327, 0.496768, 0.988885, 0.591413, 1.00538
1.72673, 0.504867, 1.00247, 0.604106, 1.00749
1.74019, 0.513127, 1.01607, 0.61694, 1.00852
1.75365, 0.521551, 1.02968, 0.629834, 1.00841
1.76711, 0.530138, 1.04328, 0.642688, 1.00711
1.78057, 0.53889, 1.05686, 0.655394, 1.00459
1.79403, 0.547804, 1.07039, 0.667841, 1.00086
1.80749, 0.556877, 1.08386, 0.679922, 0.995959
1.82095, 0.566104, 1.09726, 0.691542, 0.989943
1.83441, 0.57548, 1.11056, 0.702624, 0.982902
1.84787, 0.584998, 1.12377, 0.713116, 0.974935
1.86133, 0.594651, 1.13686, 0.722984, 0.966148
1.87479, 0.604431, 1.14982, 0.732216, 0.956644
1.88825, 0.61433, 1.16265, 0.740815, 0.946524
1.90171, 0.624339, 1.17534, 0.748797, 0.935876
1.91517, 0.634452, 1.18788, 0.756186, 0.924782
1.92863, 0.64466, 1.20026, 0.763013, 0.91331
1.94209, 0.654956, 1.21249, 0.76931, 0.901521
1.95555, 0.665334, 1.22456, 0.77511, 0.889465
1.96901, 0.675787, 1.23646, 0.780447, 0.877184
1.98247, 0.686309, 1.2482, 0.785353, 0.864715
1.99593, 0.696895, 1.25977, 0.789859, 0.852087
2.00939, 0.70754, 1.27116, 0.793994, 0.839325
2.02285, 0.718238, 1.28238, 0.797785, 0.826451
2.03631, 0.728985, 1.29343, 0.801256, 0.813483
2.04977, 0.739778, 1.3043, 0.80443, 0.800434
2.06323, 0.750611, 1.31499, 0.807327, 0.787317
2.07669, 0.761483, 1.32551, 0.809967, 0.774143
2.09016, 0.772388, 1.33585, 0.812368, 0.76092
2.10362, 0.783325, 1.34601, 0.814544, 0.747657
2.11708, 0.79429, 1.35599, 0.816512, 0.734359
2.13054, 0.805281, 1.36579, 0.818283, 0.721031
2.144, 0.816294, 1.37541, 0.819871, 0.707679
2.15746, 0.827328, 1.38485, 0.821286, 0.694306
2.17092, 0.83838, 1.39411, 0.822539, 0.680916
2.18438, 0.849449, 1.40319, 0.82364, 0.667512
2.19784, 0.860531, 1.41209, 0.824596, 0.654095
2.2113, 0.871625, 1.42081, 0.825417, 0.640669
2.22476, 0.882731, 1.42935, 0.826109, 0.627235
2.23822, 0.893844, 1.43771, 0.82668, 0.613794
2.25168, 0.904965, 1.44588, 0.827136, 0.600348
2.26514, 0.916092, 1.45388, 0.827482, 0.586899
2.2786, 0.927222, 1.46169, 0.827724, 0.573446
2.29206, 0.938356, 1.46932, 0.827868, 0.559992
2.30552, 0.949491, 1.47677, 0.827917, 0.546537
2.31898, 0.960626, 1.48404, 0.827877, 0.533082
2.33244, 0.971761, 1.49113, 0.827752, 0.519627
2.3459, 0.982893, 1.49804, 0.827545, 0.506172
2.35936, 0.994022, 1.50477, 0.82726, 0.492718
2.37282, 1.00515, 1.51131, 0.826901, 0.479266
2.38628, 1.01627, 1.51767, 0.82647, 0.465816
2.39974, 1.02738, 1.52386, 0.825971, 0.452369
2.4132, 1.03849, 1.52986, 0.825406, 0.438923
2.42666, 1.04959, 1.53568, 0.824777, 0.42548
2.44012, 1.06068, 1.54132, 0.824089, 0.41204
2.45358, 1.07176, 1.54678, 0.823343, 0.398603
2.46704, 1.08283, 1.55205, 0.82254, 0.385169
2.4805, 1.09389, 1.55715, 0.821684, 0.371738
2.49396, 1.10493, 1.56207, 0.820776, 0.358311
2.50742, 1.11597, 1.5668, 0.819817, 0.344887
2.52088, 1.12699, 1.57136, 0.818811, 0.331466
2.53434, 1.138, 1.57573, 0.817758, 0.318049
