31.8217, 0
0, 0, 0, 0.5, 0
0.167213, 0.0696524, 0.00360238, 0.332789, 0.000911208
0.334426, 0.111294, 0.00043165, 0.165585, 0.00267728
0.501639, 0.125005, 0.000983206, -0.00162286, 0.00401592
0.668852, 0.110752, 0.00175864, -0.16883, 0.00535456
0.836065, 0.0685406, 0.0027579, -0.336038, 0.0066932
1.00328, -0.00162852, 0.00398099, -0.503245, 0.00803184
1.17049, -0.0997312, 0.00849753, -0.670456, 0.00894305
1.3377, -0.225846, 0.00709869, -0.837661, 0.0107091
1.50492, -0.379894, 0.00899331, -1.00487, 0.0120478
1.67213, -0.561876, 0.0139669, -1.17208, 0.012959
1.83934, -0.771864, 0.013454, -1.33928, 0.0147251
2.00656, -1.00977, 0.0187324, -1.50649, 0.0156363
2.17377, -1.27567, 0.0188101, -1.6737, 0.0174023
2.34098, -1.56952, 0.0218239, -1.84091, 0.018741
2.50819, -1.89132, 0.0250615, -2.00811, 0.0200796
2.67541, -2.24108, 0.028523, -2.17532, 0.0214183
2.84262, -2.61879, 0.0345632, -2.34253, 0.0223295
3.00983, -3.02449, 0.0361175, -2.50974, 0.0240955
3.17705, -3.45813, 0.0402505, -2.67694, 0.0254342
3.34426, -3.91972, 0.0446073, -2.84415, 0.0267728
3.51147, -4.40928, 0.049188, -3.01136, 0.0281115
3.67868, -4.92679, 0.0561453, -3.17857, 0.0289894
3.8459, -5.47228, 0.0590208, -3.34577, 0.0307887
4.01311, -6.0457, 0.0662718, -3.51298, 0.0316667
4.18032, -6.6471, 0.0715321, -3.68019, 0.0330386
4.34754, -7.27647, 0.0754489, -3.8474, 0.0348047
4.51475, -7.93378, 0.0813726, -4.0146, 0.0361433
4.68196, -8.61904, 0.0892107, -4.18182, 0.0370213
4.84917, -9.33228, 0.0938914, -4.34902, 0.0388206
5.01639, -10.0735, 0.100487, -4.51623, 0.0401592
5.1836, -10.8426, 0.10866, -4.68344, 0.0410704
5.35081, -11.6397, 0.114349, -4.85064, 0.0428365
5.51803, -12.4648, 0.122827, -5.01785, 0.0437477
5.68524, -13.3178, 0.130386, -5.18506, 0.0450337
5.85245, -14.1988, 0.13682, -5.35226, 0.0468524
6.01967, -15.1078, 0.145833, -5.51947, 0.0477304
6.18688, -16.0447, 0.152921, -5.68668, 0.0495297
6.35409, -17.0095, 0.162266, -5.85389, 0.0503883
6.5213, -18.0024, 0.170795, -6.0211, 0.0517269
6.68852, -19.0232, 0.17875, -6.1883, 0.0535456
6.85573, -20.0719, 0.188562, -6.35551, 0.0543797
7.02294, -21.1486, 0.197701, -6.52272, 0.0557623
7.19016, -22.2533, 0.20709, -6.68993, 0.0571341
7.35737, -23.3859, 0.216781, -6.85714, 0.0584395
7.52458, -24.5465, 0.226629, -7.02434, 0.0598114
7.69179, -25.735, 0.236785, -7.19155, 0.0610729
7.85901, -26.9515, 0.247115, -7.35875, 0.0623833
8.02622, -28.196, 0.257653, -7.52596, 0.0637123
8.19343, -29.4684, 0.268325, -7.69318, 0.0655935
8.36065, -30.7687, 0.279389, -7.84279, 0.0658702
8.52786, -32.0662, 0.290275, -7.67597, 0.0643911
8.69507, -33.3357, 0.300927, -7.50875, 0.0630203
8.86228, -34.5773, 0.311351, -7.34153, 0.0616625
9.0295, -35.7909, 0.321549, -7.17434, 0.0603104
9.19671, -36.9766, 0.331521, -7.00713, 0.0589612
9.36392, -38.1343, 0.341267, -6.83992, 0.0576138
9.53114, -39.264, 0.350788, -6.67272, 0.0562679
9.69835, -40.3658, 0.360085, -6.50551, 0.0549229
9.86556, -41.4396, 0.369156, -6.3383, 0.0535786
10.0328, -42.4855, 0.378003, -6.17109, 0.052235
10.2, -43.5034, 0.386625, -6.00388, 0.0508918
10.3672, -44.4934, 0.395022, -5.83668, 0.049549
10.5344, -45.4554, 0.403195, -5.66947, 0.0482065
10.7016, -46.3894, 0.411144, -5.50226, 0.0468644
10.8688, -47.2955, 0.418868, -5.33505, 0.0455224
11.0361, -48.1736, 0.426368, -5.16785, 0.0441807
11.2033, -49.0237, 0.433643, -5.00064, 0.0428392
11.3705, -49.8459, 0.440694, -4.83343, 0.0414978
11.5377, -50.6401, 0.447521, -4.66623, 0.0401566
11.7049, -51.4064, 0.454124, -4.49902, 0.0388155
11.8721, -52.1447, 0.460502, -4.33181, 0.0374745
12.0393, -52.8551, 0.466656, -4.1646, 0.0361336
12.2065, -53.5375, 0.472586, -3.99739, 0.0347929
12.3738, -54.1919, 0.478292, -3.83019, 0.0334522
12.541, -54.8184, 0.483773, -3.66298, 0.0321116
12.7082, -55.4169, 0.489031, -3.49577, 0.0307711
12.8754, -55.9875, 0.494064, -3.32856, 0.0294306
13.0426, -56.5301, 0.498873, -3.16136, 0.0280902
13.2098, -57.0447, 0.503458, -2.99415, 0.0267499
13.377, -57.5314, 0.507819, -2.82694, 0.0254097
13.5442, -57.9901, 0.511956, -2.65974, 0.0240695
13.7115, -58.4209, 0.515868, -2.49253, 0.0227293
13.8787, -58.8237, 0.519557, -2.32532, 0.0213892
14.0459, -59.1985, 0.523021, -2.15811, 0.0200491
14.2131, -59.5454, 0.526262, -1.99091, 0.0187091
14.3803, -59.8643, 0.529278, -1.8237, 0.0173691
14.5475, -60.1553, 0.53207, -1.65649, 0.0160291
14.7147, -60.4183, 0.534639, -1.48928, 0.0146892
14.8819, -60.6534, 0.536983, -1.32207, 0.0133493
15.0492, -60.8604, 0.539103, -1.15487, 0.0120095
15.2164, -61.0396, 0.540999, -0.98766, 0.0106697
15.3836, -61.1907, 0.542671, -0.820452, 0.00932988
15.5508, -61.3139, 0.544119, -0.653244, 0.00799011
15.718, -61.4092, 0.545343, -0.486037, 0.00665037
15.8852, -61.4765, 0.546343, -0.318828, 0.00531065
16.0524, -61.5158, 0.54712, -0.151621, 0.00397095
16.2197, -61.5272, 0.547672, 0.0155876, 0.00263127
16.3869, -61.5106, 0.548, 0.182794, 0.00129163
16.5541, -61.4661, 0.548103, 0.350002, -4.79964e-05
16.7068, -61.401, 0.548357, 0.50267, 0.00121489
16.8594, -61.3126, 0.54864, 0.655342, 0.00239772
17.0121, -61.2009, 0.549103, 0.808014, 0.00358054
17.1648, -61.0659, 0.54997, 0.960685, 0.00473127
17.3175, -60.9075, 0.55079, 1.11336, 0.00591409
17.4701, -60.7259, 0.55179, 1.26603, 0.00709691
17.6228, -60.5209, 0.552763, 1.4187, 0.00831181
17.7755, -60.2927, 0.554129, 1.57137, 0.00949463
17.9282, -60.0411, 0.555676, 1.72404, 0.0106774
18.0808, -59.7662, 0.557404, 1.87671, 0.0118603
18.2335, -59.4681, 0.559312, 2.02938, 0.0130431
18.3862, -59.1466, 0.5614, 2.18206, 0.0142259
18.5389, -58.8018, 0.56367, 2.33473, 0.0154087
18.6915, -58.4337, 0.566294, 2.4874, 0.0165595
18.8442, -58.0422, 0.56875, 2.64007, 0.0177744
18.9969, -57.6275, 0.571561, 2.79274, 0.0189572
19.1496, -57.1895, 0.574553, 2.94541, 0.02014
19.3022, -56.7281, 0.577725, 3.09808, 0.0213228
19.4549, -56.2435, 0.581078, 3.25075, 0.0225056
19.6076, -55.7355, 0.584611, 3.40343, 0.0236884
19.7603, -55.2042, 0.588326, 3.5561, 0.0248713
19.913, -54.6496, 0.592141, 3.70877, 0.0260729
20.0656, -54.0717, 0.596219, 3.86144, 0.0272557
20.2183, -53.4705, 0.600478, 4.01411, 0.0284385
20.371, -52.846, 0.604917, 4.16678, 0.0296213
20.5237, -52.1982, 0.609537, 4.31945, 0.0308041
20.6763, -51.5271, 0.614337, 4.47212, 0.0319869
20.829, -50.8326, 0.619318, 4.6248, 0.0331698
20.9817, -50.1149, 0.62448, 4.77747, 0.0343526
21.1344, -49.3738, 0.629822, 4.93014, 0.0355354
21.287, -48.6094, 0.635307, 5.08281, 0.0367315
21.4397, -47.8218, 0.640985, 5.23548, 0.0379247
21.5924, -47.0108, 0.646932, 5.38815, 0.0390839
21.7451, -46.1765, 0.652941, 5.54082, 0.0402903
21.8977, -45.3189, 0.659212, 5.69349, 0.0414628
22.0504, -44.438, 0.66564, 5.84617, 0.0426456
22.2031, -43.5337, 0.672229, 5.99884, 0.0438388
22.3558, -42.6062, 0.679019, 6.15151, 0.0450216
22.5084, -41.6554, 0.685977, 6.30418, 0.0462128
22.6611, -40.6812, 0.69311, 6.45685, 0.047409
22.8138, -39.6838, 0.700454, 6.60952, 0.0485856
22.9665, -38.663, 0.70795, 6.76219, 0.0497849
23.1191, -37.6189, 0.715644, 6.91486, 0.0509721
23.2718, -36.5515, 0.72352, 7.06753, 0.052159
23.4245, -35.4608, 0.731581, 7.2202, 0.0533418
23.5772, -34.3468, 0.739803, 7.37286, 0.0545603
23.7298, -33.2095, 0.748233, 7.52553, 0.0557375
23.8825, -32.0489, 0.756836, 7.6782, 0.0569396
24.0352, -30.8649, 0.765624, 7.83084, 0.058155
24.1879, -29.6633, 0.774577, 7.83347, 0.0585409
24.3406, -28.479, 0.783429, 7.68085, 0.0574099
24.4932, -27.3179, 0.792106, 7.52821, 0.0562511
24.6459, -26.1802, 0.800605, 7.37554, 0.0550839
24.7986, -25.0658, 0.808926, 7.22287, 0.0539127
24.9513, -23.9747, 0.817068, 7.0702, 0.0527393
25.1039, -22.9069, 0.82503, 6.91754, 0.0515642
25.2566, -21.8624, 0.832813, 6.76486, 0.050388
25.4093, -20.8412, 0.840416, 6.61219, 0.049211
25.562, -19.8434, 0.847839, 6.45952, 0.0480334
25.7146, -18.8688, 0.855083, 6.30685, 0.0468552
25.8673, -17.9175, 0.862147, 6.15418, 0.0456766
26.02, -16.9896, 0.86903, 6.00151, 0.0444976
26.1727, -16.085, 0.875734, 5.84884, 0.0433184
26.3253, -15.2037, 0.882258, 5.69617, 0.0421389
26.478, -14.3456, 0.888601, 5.5435, 0.0409591
26.6307, -13.5109, 0.894765, 5.39083, 0.0397792
26.7834, -12.6995, 0.900748, 5.23815, 0.0385991
26.936, -11.9115, 0.906551, 5.08548, 0.0374189
27.0887, -11.1467, 0.912174, 4.93281, 0.0362385
27.2414, -10.4052, 0.917616, 4.78014, 0.035058
27.3941, -9.68706, 0.922879, 4.62747, 0.0338774
27.5467, -8.9922, 0.927961, 4.4748, 0.0326967
27.6994, -8.32067, 0.932863, 4.32212, 0.0315158
27.8521, -7.67242, 0.937585, 4.16945, 0.030335
28.0048, -7.04751, 0.942126, 4.01678, 0.029154
28.1575, -6.4459, 0.946487, 3.86411, 0.027973
28.3101, -5.8676, 0.950667, 3.71144, 0.0267919
28.4628, -5.31261, 0.954668, 3.55877, 0.0256107
28.6155, -4.78093, 0.958488, 3.4061, 0.0244295
28.7682, -4.27255, 0.962127, 3.25343, 0.0232482
28.9208, -3.78748, 0.965587, 3.10076, 0.0220669
29.0735, -3.32572, 0.968865, 2.94809, 0.0208855
29.2262, -2.88728, 0.971964, 2.79541, 0.0197041
29.3789, -2.47213, 0.974882, 2.64274, 0.0185226
29.5315, -2.0803, 0.97762, 2.49007, 0.0173412
29.6842, -1.71178, 0.980177, 2.3374, 0.0161596
29.8369, -1.36658, 0.982554, 2.18473, 0.014978
29.9896, -1.04468, 0.984751, 2.03206, 0.0137964
30.1422, -0.74609, 0.986767, 1.87938, 0.0126148
30.2949, -0.470806, 0.988603, 1.72671, 0.0114331
30.4476, -0.218838, 0.990258, 1.57404, 0.0102515
30.6003, 0.00983047, 0.991733, 1.42137, 0.00906974
30.7529, 0.215187, 0.993028, 1.2687, 0.007888
30.9056, 0.397232, 0.994142, 1.11603, 0.00670624
31.0583, 0.555977, 0.995075, 0.963357, 0.00552444
31.211, 0.691402, 0.995829, 0.810686, 0.00434264
31.3636, 0.803516, 0.996401, 0.658014, 0.0031608
31.5163, 0.89233, 0.996794, 0.505345, 0.00197896
31.669, 0.957825, 0.997006, 0.352673, 0.000797081
31.8217, 1.00002, 0.997037, 0.2, -0.000384821
