4.13421, 0
0, 0, 0, 0.5, 0
0.0201795, 0.00849827, 0.000418293, 0.501834, 0.0200267
0.0403591, 0.0170342, 0.00124196, 0.503667, 0.0400506
0.0605386, 0.0256078, 0.0024712, 0.505499, 0.0600714
0.0807182, 0.034219, 0.00410571, 0.50733, 0.0800891
0.100898, 0.042868, 0.00614572, 0.50916, 0.100103
0.121077, 0.0515547, 0.00859116, 0.510989, 0.120114
0.141257, 0.0602792, 0.011442, 0.512817, 0.14012
0.161436, 0.0690414, 0.0146983, 0.514643, 0.160123
0.181616, 0.0778414, 0.0183599, 0.516468, 0.18012
0.201795, 0.0866792, 0.0224269, 0.518292, 0.200113
0.221975, 0.0955549, 0.0268993, 0.520113, 0.220101
0.242155, 0.104468, 0.0317771, 0.521933, 0.240083
0.262334, 0.11342, 0.0370603, 0.523752, 0.260059
0.282514, 0.122409, 0.0427489, 0.525568, 0.280028
0.302693, 0.131437, 0.0488428, 0.527381, 0.29999
0.322873, 0.140502, 0.055342, 0.529193, 0.319944
0.343052, 0.149606, 0.0622465, 0.531002, 0.339889
0.363232, 0.158748, 0.0695564, 0.532807, 0.359825
0.383411, 0.167928, 0.0772715, 0.53461, 0.379751
0.403591, 0.177146, 0.0853919, 0.536409, 0.399665
0.423771, 0.186403, 0.0939175, 0.538204, 0.419567
0.44395, 0.195698, 0.102848, 0.539995, 0.439454
0.46413, 0.205032, 0.112184, 0.541781, 0.459327
0.484309, 0.214405, 0.121925, 0.543562, 0.479181
0.504489, 0.223817, 0.132072, 0.545337, 0.499017
0.524668, 0.233268, 0.142623, 0.547105, 0.51883
0.544848, 0.242758, 0.153579, 0.548866, 0.538619
0.565027, 0.252288, 0.16494, 0.550618, 0.55838
0.585207, 0.261858, 0.176706, 0.55236, 0.578108
0.605386, 0.271468, 0.188876, 0.55409, 0.597799
0.625566, 0.281119, 0.201451, 0.555808, 0.617448
0.645746, 0.290812, 0.214431, 0.55751, 0.637047
0.665925, 0.300546, 0.227814, 0.559194, 0.656586
0.686105, 0.310323, 0.241602, 0.560857, 0.676056
0.706284, 0.320144, 0.255793, 0.562495, 0.695443
0.726464, 0.33001, 0.270386, 0.564102, 0.714729
0.746643, 0.339923, 0.285383, 0.565672, 0.733891
0.766823, 0.349885, 0.30078, 0.567195, 0.752899
0.787002, 0.3599, 0.316579, 0.56866, 0.771714
0.807182, 0.36997, 0.332775, 0.57005, 0.790281
0.827362, 0.380102, 0.349368, 0.571345, 0.808525
0.847541, 0.390303, 0.366354, 0.572511, 0.826339
0.867721, 0.400584, 0.383726, 0.573505, 0.843569
0.8879, 0.410961, 0.401476, 0.574261, 0.859983
0.90808, 0.421457, 0.419588, 0.574681, 0.875239
0.928259, 0.432104, 0.438036, 0.574623, 0.888822
0.948439, 0.442946, 0.456776, 0.573892, 0.899995
0.968618, 0.454033, 0.475733, 0.572248, 0.907802
0.988798, 0.465395, 0.494796, 0.56948, 0.911293
1.00898, 0.47702, 0.513829, 0.565536, 0.909954
1.02916, 0.488834, 0.5327, 0.560587, 0.904051
1.04934, 0.500732, 0.551312, 0.554946, 0.89444
1.06952, 0.512624, 0.569608, 0.548919, 0.882103
1.0897, 0.524446, 0.587556, 0.542731, 0.867852
1.10988, 0.536158, 0.605141, 0.536524, 0.852271
1.13005, 0.54774, 0.622354, 0.53038, 0.83575
1.15023, 0.559181, 0.639189, 0.524346, 0.818553
1.17041, 0.57048, 0.655643, 0.518443, 0.80086
1.19059, 0.581634, 0.671714, 0.51268, 0.782791
1.21077, 0.592648, 0.687399, 0.507058, 0.764433
1.23095, 0.603522, 0.702696, 0.501576, 0.745848
1.25113, 0.614262, 0.717605, 0.496227, 0.727081
1.27131, 0.62487, 0.732125, 0.491006, 0.708166
1.29149, 0.635351, 0.746253, 0.485907, 0.689129
1.31167, 0.645707, 0.75999, 0.480922, 0.669991
1.33185, 0.655944, 0.773334, 0.476045, 0.650768
1.35203, 0.666063, 0.786285, 0.471271, 0.63147
1.37221, 0.676068, 0.798842, 0.466592, 0.61211
1.39239, 0.685962, 0.811005, 0.462004, 0.592696
1.41257, 0.695747, 0.822772, 0.457501, 0.573234
1.43275, 0.705427, 0.834144, 0.453079, 0.55373
1.45293, 0.715004, 0.84512, 0.448733, 0.534188
1.47311, 0.72448, 0.855699, 0.444459, 0.514614
1.49329, 0.733857, 0.865882, 0.440254, 0.49501
1.51347, 0.743137, 0.875668, 0.436112, 0.475379
1.53365, 0.752323, 0.885055, 0.432032, 0.455724
1.55383, 0.761415, 0.894046, 0.428011, 0.436047
1.574, 0.770416, 0.902638, 0.424044, 0.41635
1.59418, 0.779328, 0.910831, 0.42013, 0.396635
1.61436, 0.788151, 0.918626, 0.416266, 0.376903
1.63454, 0.796888, 0.926022, 0.412451, 0.357156
1.65472, 0.805539, 0.933019, 0.40868, 0.337394
1.6749, 0.814107, 0.939617, 0.404954, 0.31762
1.69508, 0.822591, 0.945815, 0.401269, 0.297833
1.71526, 0.830994, 0.951614, 0.397624, 0.278035
1.73544, 0.839316, 0.957012, 0.394017, 0.258227
1.75562, 0.847559, 0.962011, 0.390447, 0.238408
1.7758, 0.855723, 0.966609, 0.386912, 0.21858
1.79598, 0.86381, 0.970807, 0.38341, 0.198744
1.81616, 0.87182, 0.974604, 0.379942, 0.1789
1.83634, 0.879755, 0.978001, 0.376504, 0.159048
1.85652, 0.887614, 0.980997, 0.373097, 0.139188
1.8767, 0.8954, 0.983592, 0.369718, 0.119322
1.89688, 0.903112, 0.985786, 0.366368, 0.0994493
1.91706, 0.910752, 0.987579, 0.363044, 0.0795705
1.93724, 0.91832, 0.988971, 0.359746, 0.0596857
1.95742, 0.925817, 0.989961, 0.356473, 0.0397956
1.9776, 0.933244, 0.99055, 0.353225, 0.0199006
1.99778, 0.9406, 0.990737, 0.35, 3.75323e-07
2.01914, 0.947962, 0.990934, 0.339815, 0.0187803
2.0405, 0.955116, 0.991537, 0.329617, 0.0375533
2.06187, 0.962042, 0.992536, 0.319423, 0.0563287
2.08323, 0.968758, 0.993941, 0.309216, 0.0750974
2.1046, 0.975263, 0.99575, 0.298998, 0.0938598
2.12596, 0.981539, 0.997954, 0.288786, 0.112625
2.14733, 0.987586, 1.00055, 0.278578, 0.131393
2.16869, 0.993435, 1.00356, 0.268345, 0.150147
2.19005, 0.999054, 1.00697, 0.258117, 0.168904
2.21142, 1.00447, 1.01078, 0.247866, 0.187648
2.23278, 1.00964, 1.01499, 0.237636, 0.206404
2.25415, 1.01462, 1.0196, 0.22737, 0.22514
2.27551, 1.01937, 1.02461, 0.217111, 0.243881
2.29688, 1.02389, 1.03002, 0.206847, 0.262617
2.31824, 1.02821, 1.03584, 0.196563, 0.281344
2.3396, 1.03229, 1.04204, 0.186289, 0.300075
2.36097, 1.03616, 1.04865, 0.175998, 0.318798
2.38233, 1.03981, 1.05566, 0.165692, 0.337512
2.4037, 1.04324, 1.06307, 0.155384, 0.356225
2.42506, 1.04645, 1.07088, 0.145063, 0.374931
2.44643, 1.04944, 1.0791, 0.134721, 0.393625
2.46779, 1.05221, 1.08771, 0.12437, 0.412315
2.48915, 1.05475, 1.09671, 0.11402, 0.431005
2.51052, 1.05708, 1.10612, 0.103645, 0.44968
2.53188, 1.05918, 1.11593, 0.0932547, 0.468348
2.55325, 1.06106, 1.12613, 0.0828617, 0.487014
2.57461, 1.06273, 1.13674, 0.0724228, 0.505654
2.59598, 1.06416, 1.14774, 0.061986, 0.524296
2.61734, 1.06537, 1.15914, 0.0515279, 0.542925
2.6387, 1.06636, 1.17094, 0.0410441, 0.56154
2.66007, 1.06712, 1.18313, 0.0305389, 0.580144
2.68143, 1.06767, 1.19572, 0.0200025, 0.598729
2.7028, 1.06798, 1.20872, 0.0094339, 0.617297
2.72416, 1.06807, 1.2221, -0.00116038, 0.635849
2.74553, 1.06793, 1.23588, -0.0117865, 0.654383
2.76689, 1.06756, 1.25006, -0.0224591, 0.67289
2.78825, 1.06697, 1.26464, -0.0331836, 0.691368
2.80962, 1.06615, 1.2796, -0.0439518, 0.70982
2.83098, 1.06509, 1.29497, -0.0547873, 0.728233
2.85235, 1.06381, 1.31072, -0.0656839, 0.746609
2.87371, 1.06228, 1.32687, -0.0766671, 0.764934
2.89508, 1.06053, 1.3434, -0.0877528, 0.783197
2.91644, 1.05854, 1.36033, -0.098959, 0.801387
2.9378, 1.0563, 1.37764, -0.110294, 0.819495
2.95917, 1.05382, 1.39534, -0.121838, 0.837472
2.98053, 1.05109, 1.41343, -0.133625, 0.85529
3.0019, 1.04811, 1.43189, -0.145766, 0.87287
3.02326, 1.04486, 1.45072, -0.158381, 0.89011
3.04463, 1.04133, 1.46992, -0.171787, 0.90674
3.06599, 1.03751, 1.48946, -0.186608, 0.922106
3.08736, 1.03334, 1.50929, -0.204441, 0.933609
3.10872, 1.02876, 1.52923, -0.223183, 0.927912
3.13008, 1.02393, 1.54883, -0.226652, 0.907153
3.15145, 1.01912, 1.56799, -0.223193, 0.886098
3.17281, 1.01441, 1.5867, -0.217418, 0.865534
3.19418, 1.00984, 1.60497, -0.210532, 0.845311
3.21554, 1.00542, 1.62282, -0.202998, 0.82532
3.23691, 1.00116, 1.64024, -0.195041, 0.805493
3.25827, 0.997085, 1.65724, -0.186786, 0.785789
3.27963, 0.993185, 1.67382, -0.178309, 0.766178
3.301, 0.989468, 1.68998, -0.169661, 0.746642
3.32236, 0.985937, 1.70572, -0.160878, 0.727167
3.34373, 0.982594, 1.72105, -0.151985, 0.707742
3.36509, 0.979443, 1.73596, -0.143, 0.688359
3.38646, 0.976485, 1.75046, -0.133937, 0.669011
3.40782, 0.973721, 1.76455, -0.124809, 0.649696
3.42918, 0.971152, 1.77822, -0.115624, 0.630407
3.45055, 0.96878, 1.79148, -0.106389, 0.611142
3.47191, 0.966607, 1.80433, -0.0971105, 0.591897
3.49328, 0.964631, 1.81677, -0.0877928, 0.572672
3.51464, 0.962856, 1.8288, -0.0784406, 0.553464
3.53601, 0.96128, 1.84042, -0.0690569, 0.53427
3.55737, 0.959905, 1.85163, -0.0596453, 0.515091
3.57873, 0.958732, 1.86243, -0.050208, 0.495924
3.6001, 0.95776, 1.87282, -0.0407474, 0.476768
3.62146, 0.956991, 1.8828, -0.0312655, 0.457623
3.64283, 0.956424, 1.89238, -0.0217638, 0.438488
3.66419, 0.956061, 1.90154, -0.0122442, 0.419362
3.68556, 0.955901, 1.9103, -0.00270757, 0.400244
3.70692, 0.955945, 1.91864, 0.00684443, 0.381134
3.72828, 0.956194, 1.92658, 0.0164108, 0.362032
3.74965, 0.956647, 1.93411, 0.0259908, 0.342936
3.77101, 0.957304, 1.94123, 0.0355833, 0.323846
3.79238, 0.958167, 1.94795, 0.0451878, 0.304762
3.81374, 0.959235, 1.95426, 0.0548033, 0.285684
3.83511, 0.960509, 1.96016, 0.0644292, 0.266611
3.85647, 0.961988, 1.96565, 0.0740649, 0.247543
3.87783, 0.963673, 1.97073, 0.0837097, 0.22848
3.8992, 0.965565, 1.97541, 0.0933637, 0.209421
3.92056, 0.967663, 1.97968, 0.103026, 0.190367
3.94193, 0.969967, 1.98355, 0.112696, 0.171316
3.96329, 0.972478, 1.987, 0.122373, 0.152269
3.98466, 0.975196, 1.99005, 0.132058, 0.133226
4.00602, 0.978121, 1.99269, 0.141749, 0.114186
4.02738, 0.981253, 1.99493, 0.151447, 0.09515
4.04875, 0.984592, 1.99676, 0.161151, 0.0761164
4.07011, 0.988139, 1.99818, 0.170861, 0.0570864
4.09148, 0.991893, 1.9992, 0.180576, 0.0380589
4.11284, 0.995854, 1.99981, 0.190297, 0.0190343
4.13421, 1.00002, 2.00001, 0.200023, 1.21072e-05
