34.2649, 0
0, 0, 0, 0.5, 0
0.179594, 0.0736722, 0.000104717, 0.320411, 0.00124637
0.359187, 0.115086, 0.000433309, 0.140821, 0.00249274
0.538781, 0.124252, 0.000985713, -0.0387682, 0.00373912
0.718374, 0.101165, 0.00176195, -0.218357, 0.00498548
0.897968, 0.045817, 0.00276208, -0.397946, 0.00623186
1.07756, -0.0417739, 0.00398599, -0.577536, 0.00747823
1.25716, -0.161617, 0.00543372, -0.757125, 0.0087246
1.43675, -0.313724, 0.00710537, -0.936715, 0.00997097
1.61634, -0.498077, 0.00900082, -1.1163, 0.0112173
1.79594, -0.714683, 0.0111201, -1.29589, 0.0124637
1.97553, -0.963545, 0.0134632, -1.47548, 0.0137101
2.15512, -1.24466, 0.0160302, -1.65507, 0.0149565
2.33472, -1.55802, 0.018821, -1.83466, 0.0162028
2.51431, -1.90364, 0.0218357, -2.01425, 0.0174492
2.6939, -2.28152, 0.0250742, -2.19384, 0.0186956
2.8735, -2.69164, 0.0285365, -2.37343, 0.0199419
3.05309, -3.13402, 0.0322227, -2.55302, 0.0211883
3.23268, -3.60865, 0.0361327, -2.73261, 0.0224347
3.41228, -4.11554, 0.0402665, -2.9122, 0.0236811
3.59187, -4.65468, 0.0446242, -3.09179, 0.0249274
3.77147, -5.22607, 0.0492058, -3.27138, 0.0261738
3.95106, -5.82971, 0.0540111, -3.45097, 0.0274202
4.13065, -6.46561, 0.0590404, -3.63055, 0.0286665
4.31025, -7.13376, 0.0642934, -3.81014, 0.0299129
4.48984, -7.83416, 0.0697703, -3.98973, 0.0311593
4.66943, -8.56682, 0.0754711, -4.16932, 0.0324057
4.84903, -9.33173, 0.0813956, -4.34891, 0.033652
5.02862, -10.1289, 0.087544, -4.5285, 0.0348984
5.20821, -10.9583, 0.0939163, -4.70809, 0.0361448
5.38781, -11.82, 0.100512, -4.88768, 0.0373911
5.5674, -12.7139, 0.107332, -5.06727, 0.0386375
5.74699, -13.6401, 0.114376, -5.24686, 0.0398839
5.92659, -14.5985, 0.121644, -5.42645, 0.0411303
6.10618, -15.5892, 0.129135, -5.60604, 0.0423766
6.28578, -16.6121, 0.13685, -5.78563, 0.043623
6.46537, -17.6673, 0.14479, -5.96522, 0.0448694
6.64496, -18.7547, 0.152953, -6.1448, 0.0461157
6.82456, -19.8744, 0.161339, -6.3244, 0.0473621
7.00415, -21.0264, 0.16995, -6.50398, 0.0486085
7.18374, -22.2106, 0.178785, -6.68358, 0.0498549
7.36334, -23.427, 0.187843, -6.86316, 0.0511012
7.54293, -24.6757, 0.197125, -7.04275, 0.0523476
7.72252, -25.9567, 0.206631, -7.22234, 0.053594
7.90212, -27.2699, 0.216361, -7.40193, 0.0548404
8.08171, -28.6154, 0.226315, -7.58152, 0.0560867
8.2613, -29.9931, 0.236492, -7.76112, 0.0573331
8.4409, -31.4031, 0.246894, -7.94072, 0.0585796
8.62049, -32.8453, 0.257519, -8.12031, 0.059826
8.80009, -34.3198, 0.268368, -8.29993, 0.0610726
8.97968, -35.8263, 0.279419, -8.4505, 0.0606629
9.15927, -37.3277, 0.290188, -8.27032, 0.0593085
9.33887, -38.7969, 0.300725, -8.09073, 0.0580359
9.51846, -40.2338, 0.311034, -7.91113, 0.0567738
9.69805, -41.6384, 0.321117, -7.73153, 0.0555161
9.87765, -43.0108, 0.330975, -7.55194, 0.0542609
10.0572, -44.351, 0.340607, -7.37235, 0.0530074
10.2368, -45.6589, 0.350015, -7.19276, 0.0517549
10.4164, -46.9345, 0.359197, -7.01317, 0.0505032
10.596, -48.1779, 0.368155, -6.83358, 0.0492522
10.7756, -49.3891, 0.376888, -6.65399, 0.0480016
10.9552, -50.568, 0.385396, -6.4744, 0.0467515
11.1348, -51.7146, 0.39368, -6.29481, 0.0455016
11.3144, -52.829, 0.40174, -6.11522, 0.0442521
11.494, -53.9111, 0.409575, -5.93564, 0.0430028
11.6736, -54.961, 0.417186, -5.75604, 0.0417536
11.8532, -55.9786, 0.424573, -5.57645, 0.0405047
12.0328, -56.964, 0.431735, -5.39686, 0.0392559
12.2124, -57.9171, 0.438673, -5.21728, 0.0380073
12.392, -58.838, 0.445386, -5.03769, 0.0367588
12.5716, -59.7266, 0.451876, -4.8581, 0.0355103
12.7511, -60.5829, 0.458141, -4.6785, 0.034262
12.9307, -61.407, 0.464182, -4.49892, 0.0330138
13.1103, -62.1989, 0.469999, -4.31933, 0.0317656
13.2899, -62.9585, 0.475592, -4.13974, 0.0305176
13.4695, -63.6858, 0.480961, -3.96015, 0.0292696
13.6491, -64.3809, 0.486106, -3.78056, 0.0280217
13.8287, -65.0437, 0.491026, -3.60097, 0.0267738
14.0083, -65.6743, 0.495722, -3.42138, 0.0255259
14.1879, -66.2727, 0.500195, -3.24179, 0.0242782
14.3675, -66.8387, 0.504443, -3.06221, 0.0230304
14.5471, -67.3726, 0.508467, -2.88261, 0.0217828
14.7267, -67.8741, 0.512267, -2.70302, 0.0205351
14.9063, -68.3435, 0.515843, -2.52344, 0.0192875
15.0859, -68.7805, 0.519195, -2.34385, 0.0180399
15.2655, -69.1853, 0.522322, -2.16426, 0.0167924
15.445, -69.5579, 0.525226, -1.98467, 0.0155449
15.6246, -69.8982, 0.527906, -1.80508, 0.0142975
15.8042, -70.2063, 0.530362, -1.62549, 0.01305
15.9838, -70.482, 0.532593, -1.4459, 0.0118026
16.1634, -70.7256, 0.534601, -1.26631, 0.0105552
16.343, -70.9369, 0.536385, -1.08672, 0.00930789
16.5226, -71.1159, 0.537944, -0.907132, 0.00806054
16.7022, -71.2627, 0.53928, -0.727545, 0.00681324
16.8818, -71.3773, 0.540392, -0.547956, 0.00556596
17.0614, -71.4595, 0.541279, -0.368363, 0.00431866
17.241, -71.5096, 0.541943, -0.188775, 0.00307142
17.4206, -71.5273, 0.542382, -0.0091868, 0.0018242
17.6002, -71.5129, 0.542598, 0.170404, 0.00057698
17.7798, -71.4661, 0.54259, 0.349993, -0.000670212
17.9446, -71.3948, 0.548594, 0.514848, 0.00109548
18.1095, -71.2963, 0.548871, 0.679695, 0.00219095
18.2743, -71.1707, 0.549329, 0.844543, 0.00328644
18.4392, -71.0179, 0.549968, 1.00939, 0.00438191
18.604, -70.8379, 0.550787, 1.17424, 0.00547739
18.7689, -70.6307, 0.551786, 1.33909, 0.00657287
18.9337, -70.3964, 0.552967, 1.50393, 0.00766835
19.0986, -70.1349, 0.554327, 1.66878, 0.00876382
19.2634, -69.8462, 0.555869, 1.83363, 0.0098593
19.4283, -69.5303, 0.557591, 1.99848, 0.0109548
19.5931, -69.1873, 0.559494, 2.16332, 0.0120503
19.758, -68.8171, 0.561577, 2.32817, 0.0131457
19.9228, -68.4197, 0.563841, 2.49302, 0.0142412
20.0877, -67.9951, 0.566285, 2.65787, 0.0153367
20.2525, -67.5434, 0.56891, 2.82271, 0.0164322
20.4174, -67.0645, 0.571716, 2.98756, 0.0175276
20.5822, -66.5584, 0.574702, 3.15241, 0.0186231
20.7471, -66.0251, 0.577869, 3.31726, 0.0197186
20.9119, -65.4647, 0.581216, 3.4821, 0.0208141
21.0768, -64.8771, 0.584744, 3.64695, 0.0219096
21.2416, -64.2623, 0.588453, 3.8118, 0.023005
21.4065, -63.6203, 0.592342, 3.97665, 0.0241005
21.5713, -62.9511, 0.596412, 4.14149, 0.025196
21.7362, -62.2548, 0.600662, 4.30634, 0.0262915
21.901, -61.5313, 0.605093, 4.47119, 0.027387
22.0659, -60.7807, 0.609704, 4.63604, 0.0284824
22.2307, -60.0028, 0.614496, 4.80088, 0.0295779
22.3956, -59.1978, 0.619469, 4.96573, 0.0306734
22.5604, -58.3656, 0.624622, 5.13058, 0.0317689
22.7253, -57.5062, 0.629956, 5.29543, 0.0328643
22.8902, -56.6197, 0.635471, 5.46028, 0.0339598
23.055, -55.706, 0.641166, 5.62512, 0.0350553
23.2199, -54.7651, 0.647041, 5.78997, 0.0361508
23.3847, -53.797, 0.653098, 5.95482, 0.0372462
23.5496, -52.8018, 0.659334, 6.11967, 0.0383417
23.7144, -51.7793, 0.665752, 6.28451, 0.0394372
23.8793, -50.7298, 0.67235, 6.44936, 0.0405327
24.0441, -49.653, 0.679129, 6.61421, 0.0416282
24.209, -48.549, 0.686088, 6.77906, 0.0427236
24.3738, -47.4179, 0.693227, 6.94391, 0.0438191
24.5387, -46.2596, 0.700548, 7.10875, 0.0449146
24.7035, -45.0741, 0.708049, 7.2736, 0.0460101
24.8684, -43.8615, 0.71573, 7.43845, 0.0471056
25.0332, -42.6217, 0.723249, 7.60329, 0.0485767
25.1981, -41.3547, 0.731354, 7.76814, 0.0496722
25.3629, -40.0605, 0.739859, 7.93299, 0.050392
25.5278, -38.7391, 0.748262, 8.09784, 0.0514875
25.6926, -37.3906, 0.756847, 8.26271, 0.0525831
25.8575, -36.0149, 0.765612, 8.42759, 0.0536788
26.0223, -34.6177, 0.774579, 8.44242, 0.0546305
26.1872, -33.2395, 0.783499, 8.27753, 0.0535802
26.352, -31.8885, 0.792243, 8.11269, 0.0525052
26.5169, -30.5647, 0.800809, 7.94784, 0.051423
26.6817, -29.2681, 0.809197, 7.783, 0.0503376
26.8466, -27.9987, 0.817406, 7.61814, 0.04925
27.0114, -26.7564, 0.825435, 7.45329, 0.048161
27.1763, -25.5413, 0.833284, 7.28845, 0.0470712
27.3411, -24.3534, 0.840954, 7.1236, 0.0459807
27.506, -23.1926, 0.848444, 6.95875, 0.0448895
27.6708, -22.0591, 0.855754, 6.7939, 0.043798
27.8357, -20.9527, 0.862885, 6.62905, 0.0427061
28.0005, -19.8734, 0.869835, 6.46421, 0.0416139
28.1654, -18.8214, 0.876605, 6.29936, 0.0405214
28.3302, -17.7965, 0.883195, 6.13451, 0.0394287
28.4951, -16.7988, 0.889604, 5.96967, 0.0383359
28.6599, -15.8283, 0.895834, 5.80482, 0.0372429
28.8248, -14.885, 0.901883, 5.63997, 0.0361497
28.9896, -13.9688, 0.907753, 5.47512, 0.0350564
29.1545, -13.0798, 0.913442, 5.31028, 0.033963
29.3193, -12.218, 0.91895, 5.14543, 0.0328695
29.4842, -11.3834, 0.924279, 4.98058, 0.0317758
29.649, -10.5759, 0.929427, 4.81573, 0.0306821
29.8139, -9.7956, 0.934395, 4.65089, 0.0295884
29.9788, -9.04249, 0.939182, 4.48604, 0.0284945
30.1436, -8.31655, 0.943789, 4.32119, 0.0274006
30.3085, -7.61778, 0.948216, 4.15634, 0.0263066
30.4733, -6.94619, 0.952463, 3.9915, 0.0252126
30.6382, -6.30177, 0.956529, 3.82665, 0.0241186
30.803, -5.68453, 0.960415, 3.6618, 0.0230244
30.9679, -5.09447, 0.96412, 3.49695, 0.0219302
31.1327, -4.53157, 0.967645, 3.33211, 0.020836
31.2976, -3.99586, 0.97099, 3.16726, 0.0197418
31.4624, -3.48733, 0.974154, 3.00241, 0.0186475
31.6273, -3.00597, 0.977138, 2.83756, 0.0175531
31.7921, -2.55178, 0.979941, 2.67271, 0.0164588
31.957, -2.12476, 0.982564, 2.50787, 0.0153644
32.1218, -1.72491, 0.985007, 2.34302, 0.01427
32.2867, -1.35228, 0.987269, 2.17817, 0.0131755
32.4515, -1.00678, 0.989351, 2.01332, 0.0120811
32.6164, -0.688477, 0.991252, 1.84848, 0.0109866
32.7812, -0.397331, 0.992973, 1.68363, 0.00989204
32.9461, -0.133385, 0.994514, 1.51878, 0.00879749
33.1109, 0.103409, 0.995874, 1.35393, 0.00770293
33.2758, 0.313019, 0.997054, 1.18909, 0.00660835
33.4406, 0.495453, 0.998053, 1.02424, 0.00551373
33.6055, 0.650719, 0.998871, 0.859392, 0.00441911
33.7703, 0.778786, 0.99951, 0.694543, 0.00332446
33.9352, 0.879707, 0.999967, 0.529697, 0.0022298
34.1, 0.953453, 1.00024, 0.36485, 0.00113513
34.2649, 0.999985, 1.00034, 0.2, 4.04186e-05
