2.4589, 0
0, 0, 0, 0.5, 0
0.0117804, 0.0061322, 0.000207942, 0.494608, 0.0104678
0.0235608, 0.0122008, 0.00053934, 0.489215, 0.0209355
0.0353412, 0.0182059, 0.000993992, 0.483823, 0.0314031
0.0471216, 0.0241474, 0.00157204, 0.478431, 0.0418706
0.0589019, 0.0300253, 0.00227345, 0.473039, 0.0523379
0.0706823, 0.0358396, 0.00309824, 0.467648, 0.0628051
0.0824627, 0.0415903, 0.00404637, 0.462256, 0.0732722
0.0942431, 0.0472775, 0.00511786, 0.456865, 0.0837392
0.106023, 0.0529012, 0.00631268, 0.451473, 0.094206
0.117804, 0.0584612, 0.00763094, 0.446082, 0.104673
0.129584, 0.0639576, 0.00907249, 0.440691, 0.115139
0.141365, 0.0693906, 0.0106374, 0.4353, 0.125605
0.153145, 0.0747599, 0.0123257, 0.429909, 0.136071
0.164925, 0.0800656, 0.0141373, 0.424519, 0.146537
0.176706, 0.0853079, 0.0160723, 0.419128, 0.157003
0.188486, 0.0904864, 0.0181307, 0.413738, 0.167469
0.200267, 0.0956015, 0.0203124, 0.408348, 0.177934
0.212047, 0.100653, 0.0226175, 0.402958, 0.188399
0.223827, 0.105641, 0.0250459, 0.397569, 0.198864
0.235608, 0.110565, 0.0275977, 0.392179, 0.209329
0.247388, 0.115426, 0.0302729, 0.38679, 0.219793
0.259169, 0.120223, 0.0330714, 0.381401, 0.230257
0.270949, 0.124957, 0.0359932, 0.376013, 0.240721
0.282729, 0.129627, 0.0390385, 0.370625, 0.251184
0.29451, 0.134233, 0.042207, 0.365237, 0.261647
0.30629, 0.138776, 0.045499, 0.359849, 0.27211
0.31807, 0.143255, 0.0489142, 0.354462, 0.282572
0.329851, 0.147671, 0.0524529, 0.349075, 0.293034
0.341631, 0.152023, 0.0561149, 0.343689, 0.303496
0.353412, 0.156311, 0.0599002, 0.338302, 0.313957
0.365192, 0.160536, 0.0638089, 0.332917, 0.324418
0.376972, 0.164698, 0.067841, 0.327532, 0.334878
0.388753, 0.168796, 0.0719964, 0.322147, 0.345337
0.400533, 0.17283, 0.0762751, 0.316763, 0.355796
0.412314, 0.1768, 0.0806772, 0.31138, 0.366254
0.424094, 0.180707, 0.0852027, 0.305997, 0.376712
0.435874, 0.184551, 0.0898515, 0.300615, 0.387169
0.447655, 0.188331, 0.0946236, 0.295233, 0.397625
0.459435, 0.192047, 0.0995191, 0.289853, 0.40808
0.471216, 0.1957, 0.104538, 0.284473, 0.418534
0.482996, 0.199289, 0.10968, 0.279094, 0.428987
0.494776, 0.202814, 0.114946, 0.273717, 0.43944
0.506557, 0.206276, 0.120334, 0.26834, 0.44989
0.518337, 0.209674, 0.125847, 0.262965, 0.46034
0.530118, 0.213009, 0.131482, 0.257591, 0.470788
0.541898, 0.21628, 0.137241, 0.252218, 0.481234
0.553678, 0.219487, 0.143123, 0.246848, 0.491679
0.565459, 0.222631, 0.149129, 0.241479, 0.502122
0.577239, 0.225711, 0.155257, 0.236112, 0.512562
0.589019, 0.228728, 0.16151, 0.230747, 0.523
0.6008, 0.231681, 0.167885, 0.225385, 0.533435
0.61258, 0.23457, 0.174384, 0.220026, 0.543867
0.624361, 0.237396, 0.181006, 0.21467, 0.554296
0.636141, 0.240158, 0.187751, 0.209318, 0.56472
0.647921, 0.242856, 0.19462, 0.20397, 0.57514
0.659702, 0.24549, 0.201611, 0.198628, 0.585555
0.671482, 0.248061, 0.208726, 0.19329, 0.595963
0.683263, 0.250568, 0.215965, 0.18796, 0.606364
0.695043, 0.253011, 0.223326, 0.182638, 0.616756
0.706823, 0.255391, 0.230811, 0.177325, 0.627138
0.718604, 0.257706, 0.238419, 0.172023, 0.637508
0.730384, 0.259958, 0.246149, 0.166735, 0.647862
0.742164, 0.262145, 0.254003, 0.161465, 0.658198
0.753945, 0.264268, 0.261979, 0.156216, 0.66851
0.765725, 0.266327, 0.270079, 0.150995, 0.678793
0.777506, 0.268322, 0.2783, 0.14581, 0.689035
0.789286, 0.270251, 0.286644, 0.140673, 0.699225
0.801066, 0.272115, 0.29511, 0.135603, 0.709341
0.812847, 0.273913, 0.303697, 0.130628, 0.719352
0.824627, 0.275644, 0.312404, 0.125795, 0.729205
0.836408, 0.277305, 0.321228, 0.121185, 0.738809
0.848188, 0.278894, 0.330166, 0.116951, 0.74799
0.859968, 0.280404, 0.339208, 0.113386, 0.756405
0.871749, 0.281824, 0.348334, 0.111085, 0.763344
0.883529, 0.283148, 0.357501, 0.111047, 0.767535
0.89531, 0.284397, 0.366642, 0.114056, 0.767769
0.90709, 0.285641, 0.375706, 0.119564, 0.764333
0.91887, 0.286943, 0.384677, 0.126341, 0.758551
0.930651, 0.288333, 0.393552, 0.133597, 0.751439
0.942431, 0.28982, 0.40233, 0.140972, 0.743549
0.954211, 0.291405, 0.411009, 0.148324, 0.735168
0.965992, 0.293086, 0.419585, 0.155596, 0.726453
0.977772, 0.294862, 0.428057, 0.162773, 0.717499
0.989553, 0.296729, 0.436423, 0.169851, 0.708363
1.00133, 0.298686, 0.444682, 0.176835, 0.699086
1.01311, 0.300731, 0.452832, 0.18373, 0.689696
1.02489, 0.302862, 0.460872, 0.190544, 0.680213
1.03667, 0.305077, 0.468801, 0.197284, 0.670652
1.04845, 0.307375, 0.476618, 0.203955, 0.661025
1.06024, 0.309755, 0.484322, 0.210565, 0.65134
1.07202, 0.312215, 0.491913, 0.217117, 0.641607
1.0838, 0.314756, 0.49939, 0.223618, 0.631829
1.09558, 0.317375, 0.506752, 0.230071, 0.622013
1.10736, 0.320073, 0.513999, 0.236479, 0.612163
1.11914, 0.322848, 0.521131, 0.242848, 0.602281
1.13092, 0.3257, 0.528147, 0.249178, 0.592372
1.1427, 0.328628, 0.535047, 0.255473, 0.582437
1.15448, 0.331631, 0.54183, 0.261736, 0.572479
1.16626, 0.33471, 0.548497, 0.267969, 0.5625
1.17918, 0.33988, 0.555885, 0.271307, 0.574207
1.19211, 0.345077, 0.563432, 0.274692, 0.585868
1.20504, 0.350301, 0.571136, 0.278128, 0.597479
1.21796, 0.355552, 0.578998, 0.281616, 0.609036
1.23089, 0.360831, 0.587017, 0.28516, 0.620537
1.24382, 0.366137, 0.595193, 0.288763, 0.631977
1.25674, 0.37147, 0.603524, 0.292428, 0.643351
1.26967, 0.37683, 0.612011, 0.29616, 0.654656
1.2826, 0.382218, 0.620652, 0.299962, 0.665885
1.29552, 0.387633, 0.629447, 0.303838, 0.677034
1.30845, 0.393075, 0.638395, 0.307793, 0.688095
1.32138, 0.398544, 0.647495, 0.311832, 0.699063
1.3343, 0.404041, 0.656747, 0.315961, 0.709929
1.34723, 0.409565, 0.666148, 0.320184, 0.720685
1.36015, 0.415117, 0.675698, 0.324508, 0.731321
1.37308, 0.420695, 0.685396, 0.328939, 0.741829
1.38601, 0.426301, 0.69524, 0.333484, 0.752196
1.39893, 0.431935, 0.705228, 0.338151, 0.76241
1.41186, 0.437596, 0.715359, 0.342948, 0.772458
1.42479, 0.443284, 0.72563, 0.347883, 0.782324
1.43771, 0.449, 0.73604, 0.352964, 0.79199
1.45064, 0.454744, 0.746585, 0.358202, 0.80144
1.46357, 0.460515, 0.757264, 0.363605, 0.81065
1.47649, 0.466314, 0.768072, 0.369185, 0.8196
1.48942, 0.472142, 0.779007, 0.374951, 0.828262
1.50235, 0.477997, 0.790064, 0.380913, 0.83661
1.51527, 0.483882, 0.801239, 0.387083, 0.844612
1.5282, 0.489796, 0.812527, 0.393469, 0.852235
1.54112, 0.49574, 0.823923, 0.400082, 0.859442
1.55405, 0.501714, 0.835419, 0.406929, 0.866193
1.56698, 0.50772, 0.84701, 0.414017, 0.872447
1.5799, 0.513759, 0.858688, 0.42135, 0.878159
1.59283, 0.519832, 0.870444, 0.428928, 0.883282
1.60576, 0.525942, 0.882269, 0.43675, 0.88777
1.61868, 0.53209, 0.894153, 0.444809, 0.891576
1.63161, 0.53828, 0.906085, 0.45309, 0.894655
1.64454, 0.544514, 0.918053, 0.461578, 0.896966
1.65746, 0.550796, 0.930045, 0.470248, 0.898472
1.67039, 0.557131, 0.942048, 0.47907, 0.899145
1.68332, 0.563523, 0.954049, 0.48801, 0.898965
1.69624, 0.569975, 0.966035, 0.497027, 0.897922
1.70917, 0.576494, 0.977993, 0.506081, 0.896018
1.7221, 0.583084, 0.98991, 0.515126, 0.893266
1.73502, 0.589749, 1.00177, 0.524121, 0.889688
1.74795, 0.596493, 1.01357, 0.533023, 0.885316
1.76087, 0.603319, 1.0253, 0.541796, 0.880191
1.7738, 0.610231, 1.03693, 0.550404, 0.874357
1.78673, 0.61723, 1.04848, 0.558821, 0.867864
1.79965, 0.624319, 1.05992, 0.567023, 0.860762
1.81258, 0.631497, 1.07125, 0.574991, 0.853103
1.82551, 0.638765, 1.08247, 0.582714, 0.844934
1.83843, 0.646122, 1.09356, 0.590183, 0.836305
1.85136, 0.653568, 1.10453, 0.597392, 0.82726
1.86429, 0.661102, 1.11536, 0.604342, 0.817839
1.87721, 0.66872, 1.12606, 0.611033, 0.808082
1.89014, 0.676423, 1.13662, 0.617469, 0.798022
1.90307, 0.684207, 1.14704, 0.623654, 0.787691
1.91599, 0.69207, 1.15732, 0.629596, 0.777117
1.92892, 0.70001, 1.16744, 0.635301, 0.766325
1.94184, 0.708024, 1.17742, 0.640778, 0.755337
1.95477, 0.71611, 1.18725, 0.646034, 0.744175
1.9677, 0.724266, 1.19693, 0.651078, 0.732854
1.98062, 0.732489, 1.20645, 0.655918, 0.721392
1.99355, 0.740777, 1.21582, 0.660562, 0.709802
2.00648, 0.749127, 1.22503, 0.665019, 0.698098
2.0194, 0.757538, 1.23409, 0.669296, 0.68629
2.03233, 0.766006, 1.24298, 0.673401, 0.674388
2.04526, 0.77453, 1.25172, 0.677342, 0.662401
2.05818, 0.783107, 1.2603, 0.681125, 0.650337
2.07111, 0.791737, 1.26872, 0.684757, 0.638203
2.08404, 0.800415, 1.27698, 0.688244, 0.626006
2.09696, 0.809142, 1.28507, 0.691593, 0.613751
2.10989, 0.817915, 1.293, 0.69481, 0.601444
2.12281, 0.826732, 1.30078, 0.6979, 0.589088
2.13574, 0.835591, 1.30838, 0.700868, 0.576689
2.14867, 0.844492, 1.31583, 0.70372, 0.56425
2.16159, 0.853431, 1.32311, 0.706459, 0.551773
2.17452, 0.862409, 1.33023, 0.709091, 0.539263
2.18745, 0.871423, 1.33718, 0.71162, 0.526723
2.20037, 0.880472, 1.34397, 0.71405, 0.514153
2.2133, 0.889555, 1.3506, 0.716384, 0.501558
2.22623, 0.898671, 1.35706, 0.718627, 0.488939
2.23915, 0.907817, 1.36335, 0.720782, 0.476297
2.25208, 0.916994, 1.36948, 0.722852, 0.463635
2.26501, 0.926199, 1.37545, 0.72484, 0.450954
2.27793, 0.935432, 1.38124, 0.726749, 0.438255
2.29086, 0.944692, 1.38688, 0.728582, 0.425541
2.30378, 0.953977, 1.39234, 0.730342, 0.412811
2.31671, 0.963287, 1.39764, 0.732031, 0.400068
2.32964, 0.972621, 1.40278, 0.733651, 0.387312
2.34256, 0.981977, 1.40775, 0.735206, 0.374544
2.35549, 0.991356, 1.41255, 0.736696, 0.361764
2.36842, 1.00075, 1.41719, 0.738125, 0.348975
2.38134, 1.01017, 1.42166, 0.739495, 0.336177
2.39427, 1.01961, 1.42596, 0.740806, 0.323369
2.4072, 1.02907, 1.4301, 0.742061, 0.310553
2.42012, 1.03854, 1.43407, 0.743263, 0.297729
2.43305, 1.04804, 1.43787, 0.744411, 0.284899
2.44598, 1.05754, 1.44151, 0.745509, 0.272062
2.4589, 1.06707, 1.44498, 0.746557, 0.259219
