30.5261, 0
0, 0, 0, 0.5, 0
0.160645, 0.0674485, 0.00377643, 0.339357, 0.000926444
0.32129, 0.109063, 0.00402876, 0.178718, 0.0023198
0.481935, 0.124842, 0.000982023, 0.018083, 0.00418009
0.64258, 0.114845, 0.00175703, -0.142556, 0.00557345
0.803225, 0.0790674, 0.00612877, -0.303199, 0.00649989
0.963871, 0.0174282, 0.0039786, -0.463835, 0.00836018
1.12452, -0.0699573, 0.00864796, -0.624477, 0.00928662
1.28516, -0.183181, 0.0102433, -0.785116, 0.01068
1.44581, -0.322212, 0.0120625, -0.945755, 0.0120733
1.60645, -0.487069, 0.0111077, -1.10639, 0.0139336
1.7671, -0.677683, 0.0163724, -1.26703, 0.0148601
1.92774, -0.894129, 0.0190845, -1.42767, 0.0162171
2.08839, -1.1364, 0.0188048, -1.58831, 0.0181137
2.24903, -1.40446, 0.0218182, -1.74895, 0.0195071
2.40968, -1.6983, 0.0276783, -1.90959, 0.0204335
2.57032, -2.01797, 0.0310643, -2.07023, 0.0218269
2.73097, -2.36345, 0.0346742, -2.23087, 0.0232202
2.89161, -2.73473, 0.0386943, -2.39151, 0.0245773
3.05226, -3.13181, 0.0425655, -2.55215, 0.026007
3.2129, -3.55471, 0.0470216, -2.71278, 0.027364
3.37355, -4.00342, 0.0491794, -2.87342, 0.0292606
3.53419, -4.47791, 0.0560812, -3.03406, 0.030187
3.69484, -4.97822, 0.0611913, -3.1947, 0.0315441
3.85548, -5.50434, 0.0663622, -3.35534, 0.0329375
4.01613, -6.05628, 0.0697387, -3.51598, 0.0348341
4.17677, -6.63399, 0.0773756, -3.67662, 0.0357242
4.33742, -7.23752, 0.0830841, -3.83726, 0.0371539
4.49806, -7.86686, 0.0892843, -3.9979, 0.0385109
4.65871, -8.52201, 0.0955744, -4.15854, 0.0399043
4.81935, -9.20296, 0.102088, -4.31917, 0.0412976
4.98, -9.90972, 0.108891, -4.47981, 0.0426698
5.14064, -10.6423, 0.115683, -4.64045, 0.0441207
5.30129, -11.4006, 0.122973, -4.80109, 0.0454777
5.46193, -12.1848, 0.130289, -4.96173, 0.0469074
5.62258, -12.9948, 0.138103, -5.12237, 0.0482282
5.78322, -13.8306, 0.14598, -5.28301, 0.0496098
5.94387, -14.6922, 0.152905, -5.44365, 0.0515544
6.10451, -15.5796, 0.162258, -5.60429, 0.0524445
6.26516, -16.4928, 0.17085, -5.76493, 0.0538016
6.4258, -17.4318, 0.179616, -5.92556, 0.0551833
6.58645, -18.3966, 0.188609, -6.0862, 0.056559
6.74709, -19.3872, 0.197742, -6.24684, 0.0579968
6.90774, -20.4037, 0.207203, -6.40748, 0.0593538
7.06838, -21.4459, 0.216867, -6.56812, 0.0607204
7.22903, -22.5139, 0.226739, -6.72875, 0.0620961
7.38967, -23.6078, 0.236753, -6.8894, 0.0635914
7.55032, -24.7274, 0.247117, -7.05003, 0.0648909
7.71096, -25.8729, 0.257647, -7.21067, 0.0662762
7.87161, -27.0442, 0.268409, -7.37129, 0.0676007
8.03225, -28.2412, 0.279371, -7.5216, 0.0686033
8.1929, -29.4365, 0.290257, -7.36065, 0.0670256
8.35354, -30.6061, 0.30091, -7.20002, 0.0655969
8.51419, -31.7498, 0.311334, -7.03939, 0.0641827
8.67483, -32.8678, 0.321531, -6.87875, 0.0627744
8.83548, -33.9599, 0.331503, -6.71811, 0.0613694
8.99612, -35.0263, 0.341249, -6.55747, 0.0599665
9.15677, -36.0668, 0.350769, -6.39683, 0.0585651
9.31742, -37.0815, 0.360065, -6.2362, 0.0571648
9.47806, -38.0704, 0.369136, -6.07556, 0.0557653
9.6387, -39.0335, 0.377982, -5.91492, 0.0543665
9.79935, -39.9708, 0.386603, -5.75428, 0.0529681
9.96, -40.8823, 0.395, -5.59364, 0.0515702
10.1206, -41.768, 0.403172, -5.433, 0.0501727
10.2813, -42.6279, 0.41112, -5.27237, 0.0487754
10.4419, -43.462, 0.418843, -5.11173, 0.0473785
10.6026, -44.2702, 0.426342, -4.95109, 0.0459818
10.7632, -45.0527, 0.433617, -4.79045, 0.0445852
10.9239, -45.8093, 0.440667, -4.62981, 0.0431889
11.0845, -46.5402, 0.447493, -4.46917, 0.0417927
11.2452, -47.2452, 0.454095, -4.30853, 0.0403966
11.4058, -47.9245, 0.460472, -4.14789, 0.0390007
11.5664, -48.5779, 0.466625, -3.98725, 0.0376049
11.7271, -49.2056, 0.472554, -3.82661, 0.0362092
11.8877, -49.8074, 0.478259, -3.66598, 0.0348137
12.0484, -50.3834, 0.48374, -3.50534, 0.0334182
12.209, -50.9336, 0.488996, -3.3447, 0.0320227
12.3697, -51.458, 0.494028, -3.18406, 0.0306274
12.5303, -51.9566, 0.498836, -3.02342, 0.0292321
12.691, -52.4294, 0.50342, -2.86278, 0.0278369
12.8516, -52.8764, 0.50778, -2.70214, 0.0264418
13.0123, -53.2976, 0.511916, -2.5415, 0.0250467
13.1729, -53.693, 0.515827, -2.38086, 0.0236517
13.3335, -54.0625, 0.519515, -2.22022, 0.0222567
13.4942, -54.4063, 0.522978, -2.05959, 0.0208618
13.6548, -54.7243, 0.526217, -1.89895, 0.0194669
13.8155, -55.0164, 0.529233, -1.73831, 0.0180721
13.9761, -55.2828, 0.532024, -1.57767, 0.0166773
14.1368, -55.5233, 0.534591, -1.41703, 0.0152825
14.2974, -55.738, 0.536934, -1.25639, 0.0138878
14.4581, -55.927, 0.539053, -1.09575, 0.0124931
14.6187, -56.0901, 0.540948, -0.935111, 0.0110985
14.7793, -56.2274, 0.542619, -0.774474, 0.00970387
14.94, -56.3389, 0.544066, -0.613836, 0.00830928
15.1006, -56.4246, 0.545288, -0.453195, 0.0069147
15.2613, -56.4845, 0.546287, -0.292556, 0.00552016
15.4219, -56.5186, 0.547062, -0.131917, 0.00412565
15.5826, -56.5269, 0.547613, 0.0287219, 0.00273116
15.7432, -56.5094, 0.54794, 0.189362, 0.00133669
15.9039, -56.4661, 0.548042, 0.349999, -5.77335e-05
16.0501, -56.4042, 0.548595, 0.496217, 0.00123501
16.1963, -56.321, 0.548873, 0.642434, 0.00247002
16.3425, -56.2163, 0.549332, 0.788652, 0.00370503
16.4888, -56.0903, 0.549971, 0.934869, 0.00494005
16.635, -55.9429, 0.550792, 1.08109, 0.00617506
16.7812, -55.7742, 0.551792, 1.2273, 0.00741007
16.9274, -55.584, 0.552974, 1.37352, 0.00864508
17.0736, -55.3725, 0.554335, 1.51974, 0.00988009
17.2199, -55.1396, 0.555878, 1.66595, 0.0111151
17.3661, -54.8853, 0.557601, 1.81217, 0.0123501
17.5123, -54.6096, 0.559504, 1.95839, 0.0135851
17.6585, -54.3126, 0.561589, 2.10461, 0.0148201
17.8048, -53.9941, 0.563853, 2.25082, 0.0160551
17.951, -53.6543, 0.566299, 2.39704, 0.0172902
18.0972, -53.2932, 0.571392, 2.54326, 0.018036
18.2434, -52.9106, 0.571731, 2.68947, 0.0197602
18.3896, -52.5066, 0.574718, 2.83569, 0.0209952
18.5359, -52.0813, 0.577886, 2.98191, 0.0222302
18.6821, -51.6346, 0.581234, 3.12813, 0.0234652
18.8283, -51.1665, 0.584763, 3.27434, 0.0247002
18.9745, -50.677, 0.588473, 3.42056, 0.0259352
19.1208, -50.1661, 0.592363, 3.56678, 0.0271702
19.267, -49.6339, 0.596433, 3.71299, 0.0284053
19.4132, -49.0803, 0.600685, 3.85921, 0.0296403
19.5594, -48.5053, 0.605116, 4.00543, 0.0308753
19.7056, -47.9089, 0.609729, 4.15165, 0.0321103
19.8519, -47.2912, 0.614522, 4.29786, 0.0333453
19.9981, -46.652, 0.619495, 4.44408, 0.0345803
20.1443, -45.9915, 0.624649, 4.5903, 0.0358153
20.2905, -45.3096, 0.629984, 4.73652, 0.0370503
20.4368, -44.6064, 0.6355, 4.88273, 0.0382854
20.583, -43.8817, 0.641052, 5.02895, 0.0395763
20.7292, -43.1357, 0.646987, 5.17517, 0.0407906
20.8754, -42.3683, 0.653049, 5.32138, 0.0420257
21.0216, -41.5795, 0.659217, 5.4676, 0.0432959
21.1679, -40.7693, 0.665715, 5.61382, 0.0444957
21.3141, -39.9377, 0.672282, 5.76003, 0.0457513
21.4603, -39.0848, 0.679069, 5.90625, 0.0469863
21.6065, -38.2105, 0.686015, 6.05247, 0.048236
21.7528, -37.3148, 0.693166, 6.19869, 0.049471
21.899, -36.3977, 0.700541, 6.3449, 0.0506707
22.0452, -35.4592, 0.707997, 6.49112, 0.0519524
22.1914, -34.4994, 0.715675, 6.63733, 0.0532045
22.3377, -33.5182, 0.723553, 6.78355, 0.0544395
22.4839, -32.5156, 0.731639, 6.92977, 0.0556314
22.6301, -31.4916, 0.739833, 7.07598, 0.056941
22.7763, -30.4462, 0.748251, 7.22219, 0.0581926
22.9225, -29.3795, 0.756854, 7.3684, 0.0594462
23.0688, -28.2914, 0.765642, 7.5146, 0.0607134
23.215, -27.1875, 0.774593, 7.5108, 0.0611025
23.3612, -26.1, 0.783442, 7.36461, 0.0599228
23.5074, -25.0338, 0.792116, 7.21841, 0.0587138
23.6537, -23.989, 0.800613, 7.0722, 0.0574958
23.7999, -22.9655, 0.808931, 6.92599, 0.0562736
23.9461, -21.9635, 0.81707, 6.77977, 0.0550488
24.0923, -20.9828, 0.825029, 6.63355, 0.0538223
24.2385, -20.0235, 0.832809, 6.48734, 0.0525946
24.3848, -19.0856, 0.84041, 6.34112, 0.0513659
24.531, -18.1691, 0.847831, 6.1949, 0.0501365
24.6772, -17.274, 0.855072, 6.04869, 0.0489066
24.8234, -16.4002, 0.862134, 5.90247, 0.0476762
24.9697, -15.5478, 0.869015, 5.75626, 0.0464455
25.1159, -14.7168, 0.875716, 5.61004, 0.0452144
25.2621, -13.9072, 0.882238, 5.46382, 0.043983
25.4083, -13.1189, 0.888579, 5.3176, 0.0427514
25.5545, -12.3521, 0.89474, 5.17138, 0.0415195
25.7008, -11.6066, 0.900721, 5.02517, 0.0402875
25.847, -10.8825, 0.906522, 4.87895, 0.0390553
25.9932, -10.1798, 0.912143, 4.73273, 0.037823
26.1394, -9.49844, 0.917583, 4.58652, 0.0365905
26.2857, -8.83847, 0.922843, 4.4403, 0.035358
26.4319, -8.19989, 0.927923, 4.29408, 0.0341253
26.5781, -7.58269, 0.932823, 4.14786, 0.0328925
26.7243, -6.98687, 0.937543, 4.00165, 0.0316596
26.8705, -6.41243, 0.942082, 3.85543, 0.0304266
27.0168, -5.85937, 0.946441, 3.70921, 0.0291935
27.163, -5.3277, 0.950619, 3.563, 0.0279604
27.3092, -4.81739, 0.954618, 3.41678, 0.0267272
27.4554, -4.32847, 0.958435, 3.27056, 0.025494
27.6017, -3.86093, 0.962073, 3.12435, 0.0242606
27.7479, -3.41477, 0.96553, 2.97813, 0.0230273
27.8941, -2.98999, 0.968807, 2.83191, 0.0217939
28.0403, -2.58659, 0.971904, 2.68569, 0.0205604
28.1865, -2.20458, 0.97482, 2.53948, 0.0193269
28.3328, -1.84394, 0.977556, 2.39326, 0.0180933
28.479, -1.50468, 0.980111, 2.24704, 0.0168597
28.6252, -1.18681, 0.982486, 2.10083, 0.0156261
28.7714, -0.890308, 0.984681, 1.95461, 0.0143924
28.9177, -0.615185, 0.986695, 1.80839, 0.0131587
29.0639, -0.361446, 0.988529, 1.66217, 0.011925
29.2101, -0.129089, 0.990183, 1.51596, 0.0106912
29.3563, 0.0818863, 0.991656, 1.36974, 0.0094574
29.5025, 0.271481, 0.992949, 1.22352, 0.00822357
29.6488, 0.439697, 0.994061, 1.0773, 0.00698971
29.795, 0.586536, 0.994993, 0.931087, 0.00575584
29.9412, 0.71199, 0.995744, 0.784869, 0.00452192
30.0874, 0.816063, 0.996315, 0.638652, 0.00328799
30.2337, 0.898766, 0.996706, 0.492435, 0.00205405
30.3799, 0.960083, 0.996916, 0.34622, 0.000820089
30.5261, 1.00002, 0.996946, 0.2, -0.000413921
