31.9483, 0
0, 0, 0, 0.5, 0
0.167855, 0.0698393, 0.000103943, 0.332151, 0.00133352
0.33571, 0.111506, 0.000431714, 0.164301, 0.00266705
0.503564, 0.124996, 0.000983336, -0.00354826, 0.00400057
0.671419, 0.110313, 0.00175879, -0.171398, 0.00533409
0.839274, 0.0674576, 0.00275806, -0.339247, 0.00666761
1.00713, -0.00357091, 0.00398117, -0.507097, 0.00800114
1.17498, -0.10278, 0.00542816, -0.674946, 0.00933466
1.34284, -0.230159, 0.00709895, -0.842796, 0.0106682
1.51069, -0.385716, 0.00899361, -1.01065, 0.0120017
1.67855, -0.569446, 0.0111121, -1.17849, 0.0133352
1.8464, -0.781347, 0.0134544, -1.34634, 0.0146687
2.01426, -1.02143, 0.0160206, -1.51419, 0.0160023
2.18211, -1.28968, 0.0188105, -1.68204, 0.0173358
2.34997, -1.5861, 0.0218244, -1.84989, 0.0186693
2.51782, -1.9107, 0.025062, -2.01774, 0.0200028
2.68568, -2.26348, 0.0285236, -2.18559, 0.0213364
2.85353, -2.64443, 0.0322089, -2.35344, 0.0226699
3.02139, -3.05355, 0.0361181, -2.52129, 0.0240034
3.18924, -3.49085, 0.0402511, -2.68914, 0.0253369
3.3571, -3.95632, 0.044608, -2.85699, 0.0266704
3.52495, -4.44997, 0.0491887, -3.02484, 0.028004
3.69281, -4.97179, 0.0539932, -3.19269, 0.0293375
3.86066, -5.52178, 0.0590216, -3.36054, 0.030671
4.02852, -6.09996, 0.0642738, -3.52839, 0.0320045
4.19637, -6.7063, 0.0697498, -3.69624, 0.0333381
4.36422, -7.34082, 0.0754497, -3.86409, 0.0346716
4.53208, -8.00351, 0.0813735, -4.03194, 0.0360051
4.69993, -8.69438, 0.087521, -4.19979, 0.0373386
4.86779, -9.41342, 0.0938924, -4.36764, 0.0386721
5.03564, -10.1606, 0.100488, -4.53549, 0.0400057
5.2035, -10.936, 0.107307, -4.70334, 0.0413392
5.37135, -11.7396, 0.11435, -4.87118, 0.0426727
5.53921, -12.5713, 0.121616, -5.03903, 0.0440062
5.70706, -13.4312, 0.129107, -5.20688, 0.0453398
5.87492, -14.3193, 0.136821, -5.37473, 0.0466733
6.04277, -15.2356, 0.14476, -5.54258, 0.0480068
6.21063, -16.18, 0.152922, -5.71043, 0.0493403
6.37848, -17.1526, 0.161308, -5.87828, 0.0506738
6.54634, -18.1534, 0.169918, -6.04613, 0.0520074
6.71419, -19.1824, 0.178751, -6.21398, 0.0533409
6.88205, -20.2395, 0.187809, -6.38183, 0.0546744
7.0499, -21.3248, 0.19709, -6.54968, 0.056008
7.21776, -22.4383, 0.206595, -6.71753, 0.0573415
7.38561, -23.58, 0.216324, -6.88538, 0.058675
7.55347, -24.7498, 0.226277, -7.05323, 0.0600085
7.72132, -25.9478, 0.236454, -7.22108, 0.0613421
7.88917, -27.174, 0.246854, -7.38893, 0.0626756
8.05703, -28.4283, 0.257478, -7.55679, 0.0640092
8.22488, -29.7109, 0.268327, -7.72463, 0.0653427
8.39274, -31.0215, 0.279391, -7.87502, 0.0656251
8.56059, -32.3292, 0.290276, -7.70679, 0.0641455
8.72845, -33.6087, 0.300929, -7.53893, 0.0627801
8.8963, -34.8601, 0.311353, -7.37108, 0.0614277
9.06416, -36.0833, 0.321551, -7.20324, 0.0600808
9.23201, -37.2783, 0.331523, -7.03538, 0.0587367
9.39987, -38.4451, 0.341269, -6.86753, 0.0573946
9.56772, -39.5838, 0.350791, -6.69968, 0.0560538
9.73558, -40.6943, 0.360087, -6.53183, 0.054714
9.90343, -41.7766, 0.369159, -6.36398, 0.0533749
10.0713, -42.8307, 0.378006, -6.19613, 0.0520364
10.2391, -43.8567, 0.386628, -6.02829, 0.0506984
10.407, -44.8545, 0.395026, -5.86043, 0.0493607
10.5749, -45.8241, 0.403199, -5.69259, 0.0480234
10.7427, -46.7655, 0.411148, -5.52473, 0.0466864
10.9106, -47.6788, 0.418872, -5.35689, 0.0453496
11.0784, -48.5639, 0.426372, -5.18904, 0.044013
11.2463, -49.4208, 0.433648, -5.02119, 0.0426766
11.4141, -50.2495, 0.440699, -4.85334, 0.0413404
11.582, -51.0501, 0.447526, -4.68549, 0.0400043
11.7498, -51.8225, 0.454129, -4.51764, 0.0386683
11.9177, -52.5667, 0.460507, -4.34979, 0.0373325
12.0855, -53.2828, 0.466662, -4.18194, 0.0359967
12.2534, -53.9706, 0.472592, -4.01409, 0.0346611
12.4213, -54.6303, 0.478298, -3.84624, 0.0333256
12.5891, -55.2618, 0.483779, -3.67839, 0.0319901
12.757, -55.8652, 0.489037, -3.51054, 0.0306547
12.9248, -56.4404, 0.49407, -3.34269, 0.0293194
13.0927, -56.9874, 0.49888, -3.17484, 0.0279842
13.2605, -57.5062, 0.503465, -3.00699, 0.026649
13.4284, -57.9968, 0.507826, -2.83914, 0.0253138
13.5962, -58.4593, 0.511963, -2.67129, 0.0239788
13.7641, -58.8936, 0.515876, -2.50344, 0.0226437
13.9319, -59.2998, 0.519565, -2.33559, 0.0213088
14.0998, -59.6777, 0.52303, -2.16774, 0.0199738
14.2677, -60.0275, 0.52627, -1.9999, 0.0186389
14.4355, -60.3491, 0.529287, -1.83205, 0.0173041
14.6034, -60.6425, 0.532079, -1.6642, 0.0159692
14.7712, -60.9078, 0.534648, -1.49635, 0.0146345
14.9391, -61.1449, 0.536992, -1.3285, 0.0132997
15.1069, -61.3538, 0.539113, -1.16065, 0.011965
15.2748, -61.5345, 0.541009, -0.992798, 0.0106303
15.4426, -61.687, 0.542681, -0.824949, 0.00929561
15.6105, -61.8114, 0.54413, -0.657099, 0.00796097
15.7783, -61.9077, 0.545354, -0.489249, 0.00662635
15.9462, -61.9757, 0.546354, -0.3214, 0.00529176
16.1141, -62.0155, 0.54713, -0.15355, 0.00395719
16.2819, -62.0272, 0.547683, 0.0142971, 0.00262267
16.4498, -62.0107, 0.548011, 0.18215, 0.00128812
16.6176, -61.9661, 0.548115, 0.349999, -4.63802e-05
16.7709, -61.9007, 0.548594, 0.503302, 0.00117794
16.9242, -61.8118, 0.548872, 0.656605, 0.00235589
17.0775, -61.6993, 0.54933, 0.809907, 0.00353382
17.2309, -61.5634, 0.549969, 0.96321, 0.00471177
17.3842, -61.404, 0.550789, 1.11651, 0.00588971
17.5375, -61.2211, 0.551789, 1.26981, 0.00706765
17.6908, -61.0147, 0.55297, 1.42312, 0.0082456
17.8441, -60.7847, 0.554331, 1.57642, 0.00942354
17.9974, -60.5313, 0.555873, 1.72972, 0.0106015
18.1507, -60.2544, 0.557596, 1.88302, 0.0117794
18.304, -59.954, 0.559499, 2.03633, 0.0129574
18.4573, -59.63, 0.561583, 2.18963, 0.0141353
18.6106, -59.2826, 0.563847, 2.34293, 0.0153133
18.7639, -58.9116, 0.566292, 2.49623, 0.0164912
18.9172, -58.5172, 0.568917, 2.64954, 0.0176691
19.0705, -58.0993, 0.571723, 2.80284, 0.0188471
19.2238, -57.6578, 0.57471, 2.95614, 0.020025
19.3771, -57.1929, 0.577877, 3.10944, 0.021203
19.5305, -56.7044, 0.581225, 3.26274, 0.0223809
19.6838, -56.1925, 0.584753, 3.41605, 0.0235588
19.8371, -55.657, 0.588462, 3.56935, 0.0247368
19.9904, -55.0981, 0.592352, 3.72265, 0.0259147
20.1437, -54.5156, 0.596422, 3.87595, 0.0270927
20.297, -53.9096, 0.600672, 4.02926, 0.0282706
20.4503, -53.2802, 0.605104, 4.18256, 0.0294486
20.6036, -52.6272, 0.609716, 4.33586, 0.0306265
20.7569, -51.9507, 0.614508, 4.48916, 0.0318044
20.9102, -51.2508, 0.619481, 4.64247, 0.0329824
21.0635, -50.5273, 0.624635, 4.79577, 0.0341603
21.2168, -49.7803, 0.629969, 4.94907, 0.0353383
21.3701, -49.0098, 0.635484, 5.10237, 0.0365162
21.5234, -48.2159, 0.641179, 5.25568, 0.0376942
21.6768, -47.3984, 0.647055, 5.40898, 0.0388721
21.8301, -46.5574, 0.653112, 5.56228, 0.04005
21.9834, -45.6929, 0.659349, 5.71558, 0.041228
22.1367, -44.8049, 0.665767, 5.86889, 0.0424059
22.29, -43.8934, 0.672365, 6.02219, 0.0435839
22.4433, -42.9584, 0.679144, 6.17549, 0.0447618
22.5966, -41.9999, 0.686104, 6.32879, 0.0459398
22.7499, -41.0179, 0.693244, 6.4821, 0.0471177
22.9032, -40.0124, 0.700565, 6.6354, 0.0482956
23.0565, -38.9834, 0.708066, 6.7887, 0.0494736
23.2098, -37.9309, 0.715748, 6.94201, 0.0506516
23.3631, -36.8549, 0.72361, 7.0953, 0.0518295
23.5164, -35.7554, 0.731653, 7.24861, 0.0530075
23.6697, -34.6324, 0.739877, 7.40191, 0.0541854
23.823, -33.4859, 0.748281, 7.55523, 0.0553634
23.9764, -32.3159, 0.756866, 7.70853, 0.0565413
24.1297, -31.1223, 0.765631, 7.86184, 0.0577194
24.283, -29.911, 0.774658, 7.86517, 0.0594905
24.4363, -28.7169, 0.783693, 7.71184, 0.0583627
24.5896, -27.5464, 0.792552, 7.55853, 0.057208
24.7429, -26.3994, 0.801233, 7.40521, 0.0560452
24.8962, -25.2759, 0.809736, 7.25191, 0.0548787
25.0495, -24.1759, 0.818059, 7.0986, 0.0537098
25.2028, -23.0993, 0.826204, 6.94531, 0.0525395
25.3561, -22.0463, 0.834169, 6.792, 0.051368
25.5094, -21.0168, 0.841954, 6.6387, 0.0501957
25.6627, -20.0108, 0.849559, 6.48539, 0.0490228
25.816, -19.0283, 0.856985, 6.33209, 0.0478494
25.9693, -18.0693, 0.864231, 6.17879, 0.0466756
26.1227, -17.1338, 0.871296, 6.02549, 0.0455014
26.276, -16.2218, 0.878182, 5.87218, 0.044327
26.4293, -15.3333, 0.884887, 5.71888, 0.0431522
26.5826, -14.4683, 0.891413, 5.56558, 0.0419773
26.7359, -13.6268, 0.897758, 5.41228, 0.0408022
26.8892, -12.8088, 0.903923, 5.25898, 0.0396269
27.0425, -12.0144, 0.909908, 5.10567, 0.0384515
27.1958, -11.2434, 0.915713, 4.95237, 0.0372759
27.3491, -10.4959, 0.921338, 4.79907, 0.0361003
27.5024, -9.77191, 0.926782, 4.64577, 0.0349245
27.6557, -9.07144, 0.932046, 4.49246, 0.0337486
27.809, -8.39447, 0.93713, 4.33916, 0.0325726
27.9623, -7.741, 0.942033, 4.18586, 0.0313966
28.1156, -7.11102, 0.946756, 4.03255, 0.0302204
28.2689, -6.50456, 0.951299, 3.87925, 0.0290442
28.4223, -5.92159, 0.955662, 3.72595, 0.027868
28.5756, -5.36213, 0.959844, 3.57265, 0.0266916
28.7289, -4.82617, 0.963846, 3.41935, 0.0255153
28.8822, -4.31372, 0.967667, 3.26604, 0.0243388
29.0355, -3.82477, 0.971308, 3.11274, 0.0231623
29.1888, -3.35931, 0.974769, 2.95944, 0.0219858
29.3421, -2.91736, 0.97805, 2.80614, 0.0208092
29.4954, -2.49891, 0.98115, 2.65283, 0.0196326
29.6487, -2.10396, 0.984069, 2.49953, 0.018456
29.802, -1.73252, 0.986808, 2.34623, 0.0172793
29.9553, -1.38457, 0.989367, 2.19293, 0.0161026
30.1086, -1.06014, 0.991746, 2.03962, 0.0149258
30.2619, -0.759193, 0.993944, 1.88632, 0.013749
30.4152, -0.481762, 0.995961, 1.73302, 0.0125722
30.5686, -0.227833, 0.997798, 1.57972, 0.0113954
30.7219, 0.00259781, 0.999455, 1.42641, 0.0102185
30.8752, 0.209518, 1.00093, 1.27311, 0.00904163
31.0285, 0.392948, 1.00223, 1.11981, 0.00786474
31.1818, 0.552872, 1.00334, 0.966506, 0.00668778
31.3351, 0.689289, 1.00428, 0.813204, 0.00551083
31.4884, 0.802219, 1.00503, 0.659902, 0.00433386
31.6417, 0.891628, 1.00561, 0.506598, 0.00315684
31.795, 0.957554, 1.006, 0.353298, 0.00197984
31.9483, 0.999954, 1.00621, 0.199994, 0.000802792
