2.31475, 0
0, 0, 0, 0.5, 0
0.0112524, 0.00486982, 3.45057e-05, 0.49905, 0.0111744
0.0225049, 0.00972937, 0.000195136, 0.498099, 0.0223478
0.0337573, 0.0145792, 0.000482009, 0.497146, 0.0335199
0.0450097, 0.0194191, 0.000894992, 0.496191, 0.0446909
0.0562622, 0.0242489, 0.00143415, 0.495234, 0.0558605
0.0675146, 0.0290688, 0.00209939, 0.494276, 0.067029
0.078767, 0.0338788, 0.00289082, 0.493316, 0.078196
0.0900195, 0.0386787, 0.00380842, 0.492354, 0.0893617
0.101272, 0.0434688, 0.00485217, 0.491389, 0.100526
0.112524, 0.0482487, 0.00602201, 0.490423, 0.111688
0.123777, 0.0530188, 0.00731799, 0.489454, 0.122849
0.135029, 0.057779, 0.00874016, 0.488483, 0.134009
0.146282, 0.0625291, 0.0102884, 0.48751, 0.145166
0.157534, 0.0672694, 0.0119628, 0.486533, 0.156322
0.168787, 0.0719997, 0.0137633, 0.485555, 0.167476
0.180039, 0.0767201, 0.0156899, 0.484573, 0.178628
0.191291, 0.0814304, 0.0177426, 0.483589, 0.189777
0.202544, 0.0861309, 0.0199215, 0.482601, 0.200925
0.213796, 0.0908213, 0.0222264, 0.48161, 0.21207
0.225049, 0.0955019, 0.0246574, 0.480616, 0.223213
0.236301, 0.100173, 0.0272145, 0.479618, 0.234353
0.247554, 0.104833, 0.0298977, 0.478617, 0.24549
0.258806, 0.109484, 0.032707, 0.477612, 0.256625
0.270058, 0.114125, 0.0356423, 0.476603, 0.267756
0.281311, 0.118755, 0.0387036, 0.475589, 0.278885
0.292563, 0.123376, 0.041891, 0.474571, 0.29001
0.303816, 0.127987, 0.0452045, 0.473548, 0.301132
0.315068, 0.132588, 0.048644, 0.47252, 0.312249
0.326321, 0.13718, 0.0522094, 0.471486, 0.323363
0.337573, 0.141761, 0.0559009, 0.470447, 0.334473
0.348826, 0.146332, 0.0597184, 0.469403, 0.345578
0.360078, 0.150893, 0.0636618, 0.468351, 0.356679
0.37133, 0.155445, 0.0677313, 0.467293, 0.367774
0.382583, 0.159986, 0.0719265, 0.466228, 0.378865
0.393835, 0.164518, 0.0762478, 0.465156, 0.389949
0.405088, 0.16904, 0.080695, 0.464075, 0.401027
0.41634, 0.173552, 0.085268, 0.462986, 0.412099
0.427593, 0.178054, 0.0899669, 0.461887, 0.423164
0.438845, 0.182546, 0.0947916, 0.460779, 0.434221
0.450097, 0.187028, 0.0997421, 0.45966, 0.44527
0.46135, 0.1915, 0.104818, 0.45853, 0.45631
0.472602, 0.195963, 0.11002, 0.457388, 0.467341
0.483855, 0.200415, 0.115348, 0.456233, 0.478362
0.495107, 0.204858, 0.120801, 0.455064, 0.489371
0.50636, 0.209291, 0.12638, 0.45388, 0.500369
0.517612, 0.213714, 0.132085, 0.452679, 0.511353
0.528864, 0.218127, 0.137915, 0.451461, 0.522324
0.540117, 0.222531, 0.14387, 0.450224, 0.533278
0.551369, 0.226925, 0.149951, 0.448965, 0.544216
0.562622, 0.231309, 0.156157, 0.447683, 0.555135
0.573874, 0.235683, 0.162488, 0.446377, 0.566033
0.585127, 0.240048, 0.168944, 0.445043, 0.576908
0.596379, 0.244403, 0.175526, 0.443679, 0.587758
0.607632, 0.248748, 0.182232, 0.442281, 0.598579
0.618884, 0.253084, 0.189062, 0.440847, 0.609369
0.630136, 0.25741, 0.196017, 0.439371, 0.620122
0.641389, 0.261727, 0.203097, 0.437851, 0.630836
0.652641, 0.266035, 0.2103, 0.436279, 0.641505
0.663894, 0.270333, 0.217627, 0.434649, 0.652121
0.675146, 0.274621, 0.225077, 0.432956, 0.662678
0.686399, 0.278901, 0.23265, 0.431189, 0.673167
0.697651, 0.283171, 0.240345, 0.42934, 0.683577
0.708903, 0.287433, 0.248163, 0.427395, 0.693894
0.720156, 0.291686, 0.256101, 0.425343, 0.704104
0.731408, 0.29593, 0.264159, 0.423165, 0.714185
0.742661, 0.300166, 0.272336, 0.420842, 0.724114
0.753913, 0.304394, 0.280631, 0.418351, 0.73386
0.765166, 0.308614, 0.289042, 0.415662, 0.743383
0.776418, 0.312827, 0.297565, 0.412741, 0.752634
0.78767, 0.317033, 0.306199, 0.409549, 0.761552
0.798923, 0.321233, 0.314939, 0.406036, 0.770052
0.810175, 0.325426, 0.323781, 0.402147, 0.778029
0.821428, 0.329613, 0.332716, 0.397822, 0.785352
0.83268, 0.333794, 0.341737, 0.393, 0.791852
0.843933, 0.337967, 0.35083, 0.387626, 0.797329
0.855185, 0.34213, 0.359981, 0.381671, 0.801555
0.866438, 0.346278, 0.369171, 0.375152, 0.804302
0.87769, 0.350403, 0.378378, 0.368149, 0.805384
0.888942, 0.354496, 0.387577, 0.360808, 0.804702
0.900195, 0.358545, 0.396747, 0.353324, 0.802279
0.911447, 0.362538, 0.405866, 0.345897, 0.798252
0.9227, 0.36647, 0.414918, 0.338694, 0.792834
0.933952, 0.370333, 0.423888, 0.331831, 0.786266
0.945205, 0.374127, 0.432767, 0.325372, 0.778774
0.956457, 0.377853, 0.441547, 0.319341, 0.770553
0.967709, 0.381513, 0.450223, 0.313734, 0.761762
0.978962, 0.385109, 0.458791, 0.308531, 0.752523
0.990214, 0.388646, 0.467246, 0.303706, 0.742932
1.00147, 0.392127, 0.475587, 0.299228, 0.733064
1.01272, 0.395555, 0.483811, 0.295067, 0.722973
1.02397, 0.398935, 0.491918, 0.291195, 0.712703
1.03522, 0.402269, 0.499905, 0.287586, 0.702287
1.04648, 0.405561, 0.507771, 0.284217, 0.691753
1.05773, 0.408812, 0.515517, 0.281064, 0.68112
1.06898, 0.412027, 0.52314, 0.278111, 0.670404
1.08023, 0.415206, 0.530641, 0.275339, 0.659621
1.09149, 0.418352, 0.538019, 0.272733, 0.648778
1.10274, 0.421468, 0.545273, 0.27028, 0.637887
1.11399, 0.424554, 0.552403, 0.267969, 0.626953
1.126, 0.429453, 0.560248, 0.271501, 0.637112
1.13801, 0.434372, 0.568222, 0.275104, 0.647197
1.15001, 0.439308, 0.576325, 0.278781, 0.657202
1.16202, 0.444264, 0.584555, 0.282537, 0.667123
1.17403, 0.449239, 0.592912, 0.286374, 0.676954
1.18604, 0.454233, 0.601395, 0.290296, 0.68669
1.19804, 0.459246, 0.610002, 0.294308, 0.696324
1.21005, 0.464278, 0.618733, 0.298414, 0.705851
1.22206, 0.469329, 0.627586, 0.302617, 0.715263
1.23407, 0.4744, 0.63656, 0.306922, 0.724553
1.24608, 0.479491, 0.645653, 0.311335, 0.733712
1.25808, 0.484602, 0.654865, 0.31586, 0.742731
1.27009, 0.489733, 0.664192, 0.320502, 0.751602
1.2821, 0.494885, 0.673634, 0.325266, 0.760313
1.29411, 0.500057, 0.683188, 0.330158, 0.768855
1.30611, 0.50525, 0.692853, 0.335183, 0.777214
1.31812, 0.510464, 0.702625, 0.340347, 0.785379
1.33013, 0.5157, 0.712503, 0.345655, 0.793335
1.34214, 0.520958, 0.722483, 0.351114, 0.801068
1.35414, 0.526239, 0.732562, 0.356728, 0.808563
1.36615, 0.531543, 0.742738, 0.362503, 0.815802
1.37816, 0.536871, 0.753006, 0.368443, 0.822769
1.39017, 0.542223, 0.763364, 0.374555, 0.829444
1.40217, 0.547601, 0.773806, 0.380841, 0.835809
1.41418, 0.553005, 0.784329, 0.387305, 0.841842
1.42619, 0.558437, 0.794928, 0.39395, 0.847522
1.4382, 0.563897, 0.805597, 0.400778, 0.852827
1.45021, 0.569388, 0.816332, 0.407788, 0.857736
1.46221, 0.57491, 0.827125, 0.414981, 0.862225
1.47422, 0.580466, 0.837973, 0.422353, 0.866272
1.48623, 0.586057, 0.848866, 0.4299, 0.869855
1.49824, 0.591686, 0.8598, 0.437616, 0.872952
1.51024, 0.597355, 0.870766, 0.445492, 0.875545
1.52225, 0.603067, 0.881758, 0.453518, 0.877614
1.53426, 0.608824, 0.892768, 0.461681, 0.879143
1.54627, 0.614629, 0.903787, 0.469966, 0.880121
1.55827, 0.620486, 0.914808, 0.478357, 0.880535
1.57028, 0.626397, 0.925824, 0.486835, 0.88038
1.58229, 0.632366, 0.936825, 0.495381, 0.879651
1.5943, 0.638396, 0.947804, 0.503974, 0.878351
1.6063, 0.64449, 0.958754, 0.512592, 0.876483
1.61831, 0.650651, 0.969667, 0.521214, 0.874055
1.63032, 0.656882, 0.980535, 0.529819, 0.871079
1.64233, 0.663186, 0.991351, 0.538386, 0.867569
1.65433, 0.669565, 1.00211, 0.546895, 0.863544
1.66634, 0.676022, 1.0128, 0.555328, 0.859021
1.67835, 0.682558, 1.02343, 0.563669, 0.854023
1.69036, 0.689174, 1.03398, 0.571903, 0.848573
1.70237, 0.695872, 1.04444, 0.580016, 0.842694
1.71437, 0.702652, 1.05482, 0.587998, 0.83641
1.72638, 0.709515, 1.06511, 0.595838, 0.829744
1.73839, 0.716462, 1.07531, 0.60353, 0.822721
1.7504, 0.723492, 1.08541, 0.611066, 0.815363
1.7624, 0.730605, 1.0954, 0.618444, 0.807693
1.77441, 0.737801, 1.10529, 0.625659, 0.799732
1.78642, 0.745079, 1.11508, 0.63271, 0.7915
1.79843, 0.752437, 1.12475, 0.639595, 0.783016
1.81043, 0.759875, 1.13431, 0.646315, 0.774299
1.82244, 0.767392, 1.14376, 0.652871, 0.765365
1.83445, 0.774986, 1.15308, 0.659264, 0.75623
1.84646, 0.782657, 1.16229, 0.665496, 0.746909
1.85846, 0.790403, 1.17138, 0.67157, 0.737416
1.87047, 0.798222, 1.18035, 0.677489, 0.727763
1.88248, 0.806113, 1.18919, 0.683256, 0.717962
1.89449, 0.814074, 1.19791, 0.688874, 0.708023
1.9065, 0.822104, 1.2065, 0.694347, 0.697956
1.9185, 0.830202, 1.21496, 0.699679, 0.687772
1.93051, 0.838366, 1.2233, 0.704872, 0.677477
1.94252, 0.846594, 1.23151, 0.709932, 0.667081
1.95453, 0.854886, 1.23958, 0.714861, 0.656589
1.96653, 0.863239, 1.24753, 0.719664, 0.646009
1.97854, 0.871651, 1.25534, 0.724344, 0.635347
1.99055, 0.880123, 1.26302, 0.728904, 0.624609
2.00256, 0.888652, 1.27056, 0.733349, 0.613799
2.01456, 0.897237, 1.27798, 0.737681, 0.602922
2.02657, 0.905877, 1.28525, 0.741904, 0.591983
2.03858, 0.91457, 1.2924, 0.746022, 0.580986
2.05059, 0.923315, 1.2994, 0.750037, 0.569935
2.06259, 0.932111, 1.30627, 0.753953, 0.558833
2.0746, 0.940956, 1.31301, 0.757773, 0.547683
2.08661, 0.94985, 1.3196, 0.761499, 0.536489
2.09862, 0.958791, 1.32606, 0.765135, 0.525252
2.11063, 0.967779, 1.33239, 0.768682, 0.513976
2.12263, 0.976811, 1.33857, 0.772145, 0.502664
2.13464, 0.985888, 1.34462, 0.775525, 0.491316
2.14665, 0.995008, 1.35052, 0.778824, 0.479936
2.15866, 1.00417, 1.35629, 0.782045, 0.468525
2.17066, 1.01337, 1.36192, 0.785191, 0.457085
2.18267, 1.02261, 1.36741, 0.788263, 0.445617
2.19468, 1.0319, 1.37276, 0.791264, 0.434124
2.20669, 1.04122, 1.37797, 0.794196, 0.422607
2.21869, 1.05058, 1.38304, 0.79706, 0.411066
2.2307, 1.05997, 1.38797, 0.799858, 0.399504
2.24271, 1.0694, 1.39276, 0.802593, 0.387921
2.25472, 1.07886, 1.39741, 0.805266, 0.376319
2.26672, 1.08836, 1.40191, 0.807879, 0.364698
2.27873, 1.0979, 1.40628, 0.810433, 0.353059
2.29074, 1.10746, 1.41051, 0.81293, 0.341404
2.30275, 1.11706, 1.41459, 0.815371, 0.329734
2.31475, 1.12669, 1.41853, 0.817758, 0.318049
