36.7638, 0
0, 0, 0, 0.5, 0
0.192251, 0.0776469, 0.000105066, 0.307752, 0.00116432
0.384502, 0.118333, 0.00043398, 0.115505, 0.00232864
0.576753, 0.122058, 0.000986744, -0.0767426, 0.00349296
0.769004, 0.0888258, 0.00176333, -0.26899, 0.00465728
0.961255, 0.0186288, 0.0027638, -0.461238, 0.0058216
1.15351, -0.0885212, 0.00398806, -0.653485, 0.00698593
1.34576, -0.232632, 0.00543617, -0.845732, 0.00815025
1.53801, -0.413706, 0.00710814, -1.03798, 0.00931457
1.73026, -0.631739, 0.00900396, -1.23023, 0.0104789
1.92251, -0.886729, 0.0111236, -1.42248, 0.0116432
2.11476, -1.17868, 0.0134671, -1.61472, 0.0128075
2.30701, -1.5076, 0.0160344, -1.80697, 0.0139718
2.49926, -1.87347, 0.0188256, -1.99922, 0.0151362
2.69151, -2.2763, 0.0218406, -2.19146, 0.0163005
2.88376, -2.71608, 0.0250794, -2.38371, 0.0174648
3.07602, -3.19284, 0.0285422, -2.57596, 0.0186291
3.26827, -3.70655, 0.0322287, -2.76821, 0.0197935
3.46052, -4.25722, 0.0361391, -2.96046, 0.0209578
3.65277, -4.84485, 0.0402733, -3.1527, 0.0221221
3.84502, -5.46944, 0.0446314, -3.34495, 0.0232864
4.03727, -6.13099, 0.0492133, -3.5372, 0.0244507
4.22952, -6.8295, 0.054019, -3.72944, 0.0256151
4.42177, -7.56497, 0.0590486, -3.92169, 0.0267794
4.61402, -8.3374, 0.0643021, -4.11394, 0.0279437
4.80627, -9.14678, 0.0697793, -4.30619, 0.029108
4.99853, -9.99313, 0.0754804, -4.49844, 0.0302723
5.19078, -10.8764, 0.0814054, -4.69068, 0.0314367
5.38303, -11.7967, 0.0875542, -4.88293, 0.032601
5.57528, -12.7539, 0.0939269, -5.07518, 0.0337653
5.76753, -13.7481, 0.100523, -5.26743, 0.0349296
5.95978, -14.7793, 0.107344, -5.45967, 0.0360939
6.15203, -15.8474, 0.114388, -5.65192, 0.0372583
6.34428, -16.9524, 0.121656, -5.84417, 0.0384226
6.53653, -18.0945, 0.129148, -6.03642, 0.0395869
6.72878, -19.2735, 0.136863, -6.22866, 0.0407512
6.92104, -20.4894, 0.144803, -6.42091, 0.0419156
7.11329, -21.7423, 0.152966, -6.61316, 0.0430799
7.30554, -23.0322, 0.161354, -6.80541, 0.0442442
7.49779, -24.359, 0.169965, -6.99765, 0.0454085
7.69004, -25.7228, 0.178799, -7.1899, 0.0465728
7.88229, -27.1235, 0.187858, -7.38215, 0.0477372
8.07454, -28.5612, 0.197141, -7.5744, 0.0489015
8.26679, -30.0359, 0.206647, -7.76665, 0.0500658
8.45904, -31.5475, 0.216377, -7.9589, 0.0512302
8.65129, -33.0961, 0.226332, -8.15114, 0.0523945
8.84354, -34.6817, 0.23651, -8.3434, 0.0535588
9.0358, -36.3041, 0.246911, -8.53565, 0.0547232
9.22805, -37.9636, 0.257537, -8.72791, 0.0558876
9.4203, -39.66, 0.268386, -8.92017, 0.057052
9.61255, -41.393, 0.279444, -9.07084, 0.0572547
9.8048, -43.1182, 0.290327, -8.87791, 0.0560033
9.99705, -44.8065, 0.30098, -8.68565, 0.054816
10.1893, -46.4579, 0.311405, -8.49339, 0.0536378
10.3816, -48.0723, 0.321604, -8.30114, 0.0524635
10.5738, -49.6497, 0.331577, -8.1089, 0.0512915
10.7661, -51.1902, 0.341325, -7.91666, 0.0501208
10.9583, -52.6937, 0.350849, -7.7244, 0.0489511
11.1506, -54.1602, 0.360147, -7.53215, 0.047782
11.3428, -55.5898, 0.369221, -7.33991, 0.0466136
11.5351, -56.9824, 0.37807, -7.14766, 0.0454455
11.7273, -58.3381, 0.386695, -6.95541, 0.0442779
11.9196, -59.6568, 0.395095, -6.76316, 0.0431105
12.1118, -60.9385, 0.403271, -6.57091, 0.0419433
12.3041, -62.1833, 0.411222, -6.37866, 0.0407764
12.4963, -63.3911, 0.41895, -6.18642, 0.0396096
12.6886, -64.562, 0.426452, -5.99417, 0.038443
12.8808, -65.6959, 0.433731, -5.80192, 0.0372765
13.0731, -66.7928, 0.440785, -5.60967, 0.0361102
13.2653, -67.8528, 0.447615, -5.41743, 0.034944
13.4576, -68.8758, 0.454221, -5.22518, 0.0337779
13.6498, -69.8619, 0.460603, -5.03293, 0.0326118
13.8421, -70.811, 0.466761, -4.84068, 0.0314458
14.0343, -71.7232, 0.472694, -4.64844, 0.0302799
14.2266, -72.5983, 0.478403, -4.45619, 0.0291141
14.4188, -73.4366, 0.483888, -4.26394, 0.0279483
14.6111, -74.2378, 0.48915, -4.0717, 0.0267826
14.8033, -75.0021, 0.494186, -3.87945, 0.025617
14.9956, -75.7295, 0.498999, -3.6872, 0.0244513
15.1878, -76.4199, 0.503588, -3.49495, 0.0232858
15.3801, -77.0733, 0.507953, -3.3027, 0.0221202
15.5723, -77.6898, 0.512093, -3.11046, 0.0209548
15.7646, -78.2693, 0.51601, -2.91821, 0.0197893
15.9568, -78.8118, 0.519702, -2.72596, 0.0186239
16.1491, -79.3174, 0.523171, -2.53371, 0.0174585
16.3413, -79.786, 0.526415, -2.34146, 0.0162932
16.5336, -80.2177, 0.529436, -2.14922, 0.0151279
16.7258, -80.6124, 0.532232, -1.95697, 0.0139626
16.9181, -80.9702, 0.534804, -1.76473, 0.0127973
17.1103, -81.291, 0.537152, -1.57248, 0.0116321
17.3026, -81.5748, 0.539277, -1.38023, 0.0104668
17.4948, -81.8217, 0.541177, -1.18798, 0.00930164
17.6871, -82.0316, 0.542853, -0.995735, 0.00813646
17.8793, -82.2045, 0.544305, -0.803487, 0.0069713
18.0716, -82.3405, 0.545534, -0.61124, 0.00580617
18.2638, -82.4395, 0.546538, -0.418994, 0.00464105
18.4561, -82.5016, 0.547318, -0.226744, 0.00347594
18.6483, -82.5267, 0.547874, -0.0344958, 0.00231085
18.8406, -82.5149, 0.548207, 0.157751, 0.00114579
19.0328, -82.4661, 0.548315, 0.349998, -1.92641e-05
19.2102, -82.3883, 0.548593, 0.527307, 0.00101852
19.3875, -82.2791, 0.54887, 0.704614, 0.00203704
19.5648, -82.1384, 0.549327, 0.881921, 0.00305556
19.7421, -81.9663, 0.549965, 1.05923, 0.00407408
19.9194, -81.7628, 0.548252, 1.23653, 0.00541296
20.0967, -81.5278, 0.551783, 1.41384, 0.00611112
20.274, -81.2614, 0.552963, 1.59115, 0.00712963
20.4513, -80.9636, 0.554323, 1.76846, 0.00814815
20.6286, -80.6343, 0.555864, 1.94576, 0.00916667
20.8059, -80.2736, 0.557586, 2.12307, 0.0101852
20.9833, -79.8814, 0.559488, 2.30038, 0.0112037
21.1606, -79.4578, 0.561571, 2.47768, 0.0122222
21.3379, -79.0028, 0.563834, 2.65499, 0.0132407
21.5152, -78.5163, 0.566278, 2.8323, 0.0142593
21.6925, -77.9984, 0.568902, 3.0096, 0.0152778
21.8698, -77.449, 0.571708, 3.18691, 0.0162963
22.0471, -76.8682, 0.572843, 3.36422, 0.0176352
22.2244, -76.256, 0.57786, 3.54153, 0.0183333
22.4017, -75.6123, 0.57947, 3.71883, 0.0196722
22.579, -74.9372, 0.584734, 3.89614, 0.0203704
22.7564, -74.2307, 0.588442, 4.07345, 0.0213889
22.9337, -73.4927, 0.592331, 4.25075, 0.0224074
23.111, -72.7233, 0.5964, 4.42806, 0.0234259
23.2883, -71.9224, 0.60065, 4.60537, 0.0244445
23.4656, -71.0901, 0.60508, 4.78267, 0.025463
23.6429, -70.2264, 0.609691, 4.95998, 0.0264815
23.8202, -69.3312, 0.614483, 5.13729, 0.0275
23.9975, -68.4046, 0.619455, 5.3146, 0.0285185
24.1748, -67.4466, 0.624608, 5.4919, 0.0295371
24.3521, -66.4571, 0.628829, 5.66921, 0.0308759
24.5295, -65.4362, 0.6344, 5.84651, 0.0318945
24.7068, -64.3838, 0.64115, 6.02382, 0.0325926
24.8841, -63.3, 0.646084, 6.20113, 0.0339315
25.0614, -62.1848, 0.652132, 6.37843, 0.0349731
25.2387, -61.0381, 0.659317, 6.55574, 0.0356482
25.416, -59.86, 0.665734, 6.73305, 0.0366667
25.5933, -58.6504, 0.671618, 6.91035, 0.0380056
25.7706, -57.4094, 0.678405, 7.08766, 0.0390472
25.9479, -56.137, 0.686069, 7.26497, 0.0397223
26.1252, -54.8331, 0.693208, 7.44228, 0.0407408
26.3026, -53.4978, 0.700006, 7.61958, 0.0421027
26.4799, -52.1311, 0.708029, 7.7969, 0.0427778
26.6572, -50.7329, 0.71571, 7.9742, 0.0437963
26.8345, -49.3032, 0.723219, 8.1515, 0.0451718
27.0118, -47.8422, 0.731316, 8.32881, 0.0461999
27.1891, -46.3497, 0.739634, 8.50612, 0.0471722
27.3664, -44.8257, 0.74824, 8.68343, 0.0478704
27.5437, -43.2704, 0.756705, 8.86071, 0.0493165
27.721, -41.6836, 0.765589, 9.03808, 0.0499076
27.8983, -40.0709, 0.774552, 9.06538, 0.0507945
28.0756, -38.4793, 0.783472, 8.88803, 0.0498162
28.253, -36.9191, 0.792217, 8.71073, 0.0488155
28.4303, -35.3903, 0.800783, 8.53343, 0.0478086
28.6076, -33.8929, 0.80917, 8.35612, 0.0467985
28.7849, -32.427, 0.817378, 8.17881, 0.0457868
28.9622, -30.9926, 0.825407, 8.00151, 0.044774
29.1395, -29.5895, 0.833256, 7.8242, 0.0437603
29.3168, -28.218, 0.840925, 7.64689, 0.042746
29.4941, -26.8778, 0.848415, 7.46959, 0.0417312
29.6714, -25.5691, 0.855724, 7.29228, 0.040716
29.8487, -24.2918, 0.862853, 7.11497, 0.0397005
30.0261, -23.046, 0.869803, 6.93766, 0.0386848
30.2034, -21.8316, 0.876572, 6.76036, 0.0376689
30.3807, -20.6486, 0.883161, 6.58305, 0.0366528
30.558, -19.4971, 0.88957, 6.40575, 0.0356365
30.7353, -18.377, 0.895798, 6.22844, 0.0346201
30.9126, -17.2884, 0.901846, 6.05113, 0.0336035
31.0899, -16.2312, 0.907715, 5.87382, 0.0325868
31.2672, -15.2054, 0.913402, 5.69652, 0.0315701
31.4445, -14.2111, 0.91891, 5.51921, 0.0305533
31.6218, -13.2482, 0.924237, 5.3419, 0.0295363
31.7992, -12.3167, 0.929384, 5.1646, 0.0285193
31.9765, -11.4167, 0.934351, 4.98729, 0.0275023
32.1538, -10.5481, 0.939137, 4.80998, 0.0264851
32.3311, -9.71099, 0.943743, 4.63268, 0.025468
32.5084, -8.90529, 0.948168, 4.45537, 0.0244507
32.6857, -8.13102, 0.952414, 4.27806, 0.0234334
32.863, -7.38819, 0.956478, 4.10076, 0.0224161
33.0403, -6.67682, 0.960363, 3.92345, 0.0213987
33.2176, -5.99688, 0.964067, 3.74614, 0.0203814
33.3949, -5.34837, 0.96759, 3.56883, 0.0193639
33.5723, -4.7313, 0.970934, 3.39153, 0.0183464
33.7496, -4.14567, 0.974096, 3.21422, 0.0173289
33.9269, -3.59146, 0.977079, 3.03691, 0.0163114
34.1042, -3.06871, 0.979881, 2.85961, 0.0152938
34.2815, -2.57739, 0.982502, 2.6823, 0.0142762
34.4588, -2.11752, 0.984943, 2.50499, 0.0132586
34.6361, -1.68909, 0.987204, 2.32769, 0.012241
34.8134, -1.29208, 0.989284, 2.15038, 0.0112233
34.9907, -0.926514, 0.991184, 1.97307, 0.0102056
35.168, -0.592384, 0.992903, 1.79576, 0.00918792
35.3454, -0.289703, 0.994442, 1.61846, 0.0081702
35.5227, -0.0184326, 0.995801, 1.44115, 0.00715245
35.7, 0.221367, 0.996979, 1.26384, 0.00613469
35.8773, 0.429749, 0.997976, 1.08654, 0.00511693
36.0546, 0.606659, 0.998793, 0.909228, 0.00409912
36.2319, 0.752159, 0.99943, 0.731921, 0.00308131
36.4092, 0.866226, 0.999886, 0.554616, 0.0020635
36.5865, 0.948845, 1.00016, 0.377308, 0.00104566
36.7638, 1.00003, 1.00026, 0.200002, 2.78097e-05
