32.6978, 0
0, 0, 0, 0.5, 0
0.171653, 0.071094, 0.000104315, 0.328352, 0.00130402
0.343306, 0.112723, 0.000432477, 0.156704, 0.00260804
0.514959, 0.12489, 0.000984463, -0.0149443, 0.00391205
0.686612, 0.107598, 0.00176025, -0.186593, 0.00521608
0.858265, 0.0608349, 0.00275993, -0.358241, 0.00652009
1.02992, -0.01539, 0.00398344, -0.529889, 0.00782411
1.20157, -0.12108, 0.00543079, -0.701537, 0.00912813
1.37322, -0.256235, 0.00710198, -0.873185, 0.0104321
1.54488, -0.420851, 0.008997, -1.04483, 0.0117362
1.71653, -0.614932, 0.0111159, -1.21648, 0.0130402
1.88818, -0.838476, 0.0134586, -1.38813, 0.0143442
2.05984, -1.09149, 0.0160251, -1.55978, 0.0156482
2.23149, -1.37396, 0.0188155, -1.73143, 0.0169522
2.40314, -1.6859, 0.0218297, -1.90307, 0.0182563
2.5748, -2.0273, 0.0250677, -2.07472, 0.0195603
2.74645, -2.39816, 0.0285296, -2.24637, 0.0208643
2.9181, -2.79849, 0.0322154, -2.41802, 0.0221683
3.08976, -3.22828, 0.0361249, -2.58967, 0.0234723
3.26141, -3.68753, 0.0402583, -2.76131, 0.0247763
3.43306, -4.17626, 0.0446156, -2.93296, 0.0260804
3.60472, -4.69444, 0.0491967, -3.10461, 0.0273844
3.77637, -5.24209, 0.0540016, -3.27626, 0.0286884
3.94802, -5.8192, 0.0590304, -3.44791, 0.0299924
4.11967, -6.42578, 0.064283, -3.61956, 0.0312964
4.29133, -7.06182, 0.0697594, -3.7912, 0.0326005
4.46298, -7.72732, 0.0754597, -3.96285, 0.0339045
4.63463, -8.42229, 0.0813838, -4.1345, 0.0352085
4.80629, -9.14672, 0.0875318, -4.30615, 0.0365125
4.97794, -9.90062, 0.0939036, -4.4778, 0.0378165
5.14959, -10.684, 0.100499, -4.64944, 0.0391206
5.32125, -11.4968, 0.107319, -4.82109, 0.0404246
5.4929, -12.3391, 0.114362, -4.99274, 0.0417286
5.66455, -13.2108, 0.121629, -5.16439, 0.0430326
5.83621, -14.112, 0.132218, -5.33604, 0.0432042
6.00786, -15.0427, 0.136835, -5.50769, 0.0456406
6.17951, -16.0029, 0.144774, -5.67933, 0.0469447
6.35116, -16.9925, 0.152936, -5.85098, 0.0482487
6.52282, -18.0116, 0.161322, -6.02263, 0.0495527
6.69447, -19.0601, 0.169933, -6.19428, 0.0508567
6.86612, -20.1381, 0.178767, -6.36593, 0.0521607
7.03778, -21.2456, 0.187825, -6.53757, 0.0534648
7.20943, -22.3825, 0.197106, -6.70923, 0.0547688
7.38108, -23.5489, 0.206612, -6.88087, 0.0560728
7.55274, -24.7447, 0.216341, -7.05252, 0.0573768
7.72439, -25.97, 0.226294, -7.22417, 0.0586808
7.89604, -27.2248, 0.236471, -7.39582, 0.0599849
8.0677, -28.5091, 0.246872, -7.56747, 0.0612889
8.23935, -29.8228, 0.257874, -7.73912, 0.0614604
8.411, -31.166, 0.268346, -7.91079, 0.0638971
8.58265, -32.5385, 0.279401, -8.06092, 0.063438
8.75431, -33.9074, 0.290163, -7.88914, 0.0620075
8.92596, -35.2469, 0.300692, -7.71747, 0.0606739
9.09761, -36.5569, 0.310993, -7.54582, 0.0593524
9.26927, -37.8374, 0.321068, -7.37417, 0.0580358
9.44092, -39.0885, 0.330917, -7.20253, 0.0567221
9.61257, -40.3101, 0.340541, -7.03088, 0.0554101
9.78423, -41.5022, 0.34994, -6.85923, 0.0540993
9.95588, -42.6649, 0.359114, -6.68758, 0.0527894
10.1275, -43.7981, 0.368063, -6.51593, 0.0514802
10.2992, -44.9018, 0.376787, -6.34428, 0.0501715
10.4708, -45.9761, 0.385287, -6.17264, 0.0488633
10.6425, -47.0209, 0.393562, -6.00099, 0.0475555
10.8141, -48.0363, 0.401613, -5.82934, 0.0462479
10.9858, -49.0222, 0.40944, -5.65769, 0.0449407
11.1575, -49.9786, 0.417042, -5.48604, 0.0436336
11.3291, -50.9056, 0.424419, -5.3144, 0.0423267
11.5008, -51.8031, 0.431573, -5.14275, 0.04102
11.6724, -52.6711, 0.438502, -4.9711, 0.0397134
11.8441, -53.5097, 0.445207, -4.79945, 0.0384071
12.0157, -54.3188, 0.451687, -4.6278, 0.0371008
12.1874, -55.0984, 0.457944, -4.45615, 0.0357946
12.359, -55.8486, 0.463976, -4.28451, 0.0344885
12.5307, -56.5693, 0.469784, -4.11286, 0.0331826
12.7023, -57.2606, 0.475368, -3.94121, 0.0318766
12.874, -57.9224, 0.480727, -3.76956, 0.0305708
13.0456, -58.5547, 0.485863, -3.59792, 0.0292651
13.2173, -59.1576, 0.490774, -3.42627, 0.0279594
13.3889, -59.731, 0.495461, -3.25462, 0.0266538
13.5606, -60.2749, 0.499924, -3.08297, 0.0253482
13.7322, -60.7894, 0.504163, -2.91132, 0.0240427
13.9039, -61.2744, 0.508178, -2.73967, 0.0227372
14.0756, -61.7299, 0.511969, -2.56802, 0.0214318
14.2472, -62.156, 0.515536, -2.39638, 0.0201264
14.4189, -62.5526, 0.518879, -2.22473, 0.0188211
14.5905, -62.9197, 0.521997, -2.05308, 0.0175157
14.7622, -63.2574, 0.524892, -1.88143, 0.0162105
14.9338, -63.5657, 0.527563, -1.70978, 0.0149053
15.1055, -63.8444, 0.530009, -1.53814, 0.0136001
15.2771, -64.0937, 0.532232, -1.36649, 0.0122949
15.4488, -64.3136, 0.53423, -1.19484, 0.0109898
15.6204, -64.5039, 0.536004, -1.02319, 0.00968463
15.7921, -64.6648, 0.537555, -0.851543, 0.00837956
15.9637, -64.7962, 0.538881, -0.679896, 0.0070745
16.1354, -64.8982, 0.539984, -0.508246, 0.00576945
16.307, -64.9707, 0.540862, -0.336599, 0.00446445
16.4787, -65.0138, 0.541516, -0.164949, 0.00315945
16.6504, -65.0274, 0.541947, 0.00669649, 0.00185449
16.822, -65.0115, 0.542153, 0.178344, 0.000549548
16.9937, -64.9661, 0.542135, 0.349995, -0.000755402
17.1507, -64.8988, 0.548594, 0.507037, 0.00114995
17.3077, -64.8068, 0.548872, 0.664074, 0.0022999
17.4648, -64.6902, 0.54933, 0.821111, 0.00344985
17.6218, -64.5489, 0.549969, 0.978148, 0.00459979
17.7789, -64.383, 0.550789, 1.13518, 0.00574974
17.9359, -64.1924, 0.551789, 1.29222, 0.00689969
18.0929, -63.9771, 0.552969, 1.44926, 0.00804964
18.25, -63.7372, 0.554331, 1.60629, 0.00919958
18.407, -63.4726, 0.555872, 1.76333, 0.0103495
18.5641, -63.1834, 0.557595, 1.92037, 0.0114995
18.7211, -62.8695, 0.559498, 2.07741, 0.0126494
18.8781, -62.5309, 0.561582, 2.23444, 0.0137994
19.0352, -62.1677, 0.563846, 2.39148, 0.0149493
19.1922, -61.7798, 0.56629, 2.54852, 0.0160993
19.3493, -61.3672, 0.568916, 2.70555, 0.0172492
19.5063, -60.93, 0.571722, 2.86259, 0.0183992
19.6634, -60.4681, 0.574708, 3.01963, 0.0195491
19.8204, -59.9816, 0.577876, 3.17666, 0.0206991
19.9774, -59.4704, 0.581223, 3.3337, 0.021849
20.1345, -58.9345, 0.584752, 3.49074, 0.022999
20.2915, -58.374, 0.588461, 3.64777, 0.0241489
20.4486, -57.7888, 0.59235, 3.80481, 0.0252989
20.6056, -57.179, 0.59642, 3.96185, 0.0264488
20.7626, -56.5445, 0.600671, 4.11888, 0.0275988
20.9197, -55.8853, 0.605102, 4.27592, 0.0287487
21.0767, -55.2015, 0.609714, 4.43296, 0.0298987
21.2338, -54.493, 0.614506, 4.59, 0.0310486
21.3908, -53.7599, 0.619479, 4.74703, 0.0321986
21.5478, -53.0021, 0.624633, 4.90407, 0.0333485
21.7049, -52.2196, 0.629967, 5.06111, 0.0344984
21.8619, -51.4125, 0.635482, 5.21814, 0.0356484
22.019, -50.5807, 0.641178, 5.37518, 0.0367984
22.176, -49.7242, 0.647054, 5.53222, 0.0379483
22.3331, -48.8431, 0.65311, 5.68926, 0.0390983
22.4901, -47.9373, 0.659347, 5.84629, 0.0402482
22.6471, -47.0069, 0.665765, 6.00333, 0.0413982
22.8042, -46.0518, 0.672363, 6.16037, 0.0425481
22.9612, -45.072, 0.679142, 6.3174, 0.0436981
23.1183, -44.0676, 0.686102, 6.47444, 0.044848
23.2753, -43.0385, 0.693242, 6.63148, 0.045998
23.4323, -41.9848, 0.700563, 6.78852, 0.0471479
23.5894, -40.9064, 0.708064, 6.94555, 0.0482979
23.7464, -39.8033, 0.715746, 7.10259, 0.0494478
23.9035, -38.6756, 0.723608, 7.25963, 0.0505978
24.0605, -37.5232, 0.731651, 7.41667, 0.0517478
24.2175, -36.3461, 0.739875, 7.5737, 0.0528977
24.3746, -35.1444, 0.748279, 7.73074, 0.0540477
24.5316, -33.9181, 0.756864, 7.8878, 0.0551977
24.6887, -32.667, 0.765629, 8.04484, 0.0563477
24.8457, -31.3969, 0.774598, 8.0519, 0.0573429
25.0028, -30.1448, 0.783518, 7.89482, 0.0562419
25.1598, -28.9173, 0.792262, 7.73779, 0.0551145
25.3168, -27.7145, 0.800828, 7.58074, 0.0539792
25.4739, -26.5364, 0.809216, 7.42371, 0.0528403
25.6309, -25.3829, 0.817424, 7.26667, 0.0516991
25.788, -24.254, 0.825453, 7.10963, 0.0505565
25.945, -23.1499, 0.833303, 6.95259, 0.0494127
26.102, -22.0704, 0.840973, 6.79555, 0.0482683
26.2591, -21.0155, 0.848463, 6.63851, 0.0471232
26.4161, -19.9853, 0.855773, 6.48148, 0.0459776
26.5732, -18.9798, 0.862904, 6.32444, 0.0448316
26.7302, -17.9989, 0.869854, 6.1674, 0.0436853
26.8872, -17.0427, 0.876624, 6.01036, 0.0425387
27.0443, -16.1112, 0.883215, 5.85333, 0.0413919
27.2013, -15.2043, 0.889625, 5.69629, 0.0402448
27.3584, -14.3221, 0.895855, 5.53926, 0.0390976
27.5154, -13.4645, 0.901905, 5.38222, 0.0379502
27.6724, -12.6316, 0.907774, 5.22518, 0.0368027
27.8295, -11.8234, 0.913464, 5.06814, 0.035655
27.9865, -11.0398, 0.918973, 4.91111, 0.0345073
28.1436, -10.2809, 0.924302, 4.75407, 0.0333594
28.3006, -9.54663, 0.92945, 4.59703, 0.0322115
28.4577, -8.83704, 0.934419, 4.44, 0.0310634
28.6147, -8.15211, 0.939207, 4.28296, 0.0299153
28.7717, -7.49183, 0.943815, 4.12592, 0.0287671
28.9288, -6.85623, 0.948242, 3.96889, 0.0276188
29.0858, -6.24529, 0.952489, 3.81185, 0.0264705
29.2429, -5.65899, 0.956556, 3.65481, 0.0253221
29.3999, -5.09738, 0.960442, 3.49777, 0.0241736
29.5569, -4.56042, 0.964149, 3.34074, 0.0230251
29.714, -4.04811, 0.967674, 3.1837, 0.0218766
29.871, -3.56046, 0.97102, 3.02667, 0.020728
30.0281, -3.09748, 0.974185, 2.86963, 0.0195794
30.1851, -2.65917, 0.977169, 2.71259, 0.0184307
30.3421, -2.24552, 0.979973, 2.55555, 0.017282
30.4992, -1.85651, 0.982597, 2.39852, 0.0161333
30.6562, -1.49218, 0.98504, 2.24148, 0.0149845
30.8133, -1.1525, 0.987303, 2.08445, 0.0138357
30.9703, -0.837494, 0.989386, 1.92741, 0.0126869
31.1273, -0.547142, 0.991288, 1.77037, 0.011538
31.2844, -0.281456, 0.99301, 1.61333, 0.0103891
31.4414, -0.0404358, 0.994551, 1.4563, 0.00924022
31.5985, 0.175934, 0.995912, 1.29926, 0.0080913
31.7555, 0.367645, 0.997092, 1.14222, 0.00694234
31.9126, 0.534691, 0.998093, 0.985186, 0.00579336
32.0696, 0.677086, 0.998912, 0.828148, 0.00464435
32.2266, 0.7948, 0.999551, 0.671111, 0.00349533
32.3837, 0.887856, 1.00001, 0.514074, 0.00234629
32.5407, 0.956253, 1.00029, 0.357038, 0.00119723
32.6978, 1, 1.00039, 0.199999, 4.81457e-05
