38.8955, 0
0, 0, 0, 0.5, 0
0.203044, 0.080909, 0.000105507, 0.296959, 0.00110244
0.406088, 0.120586, 0.000434885, 0.0939182, 0.00220487
0.609132, 0.119062, 0.00387688, -0.109125, 0.00300375
0.812177, 0.0762796, 0.00176508, -0.312165, 0.00440974
1.01522, -0.00770622, 0.00553153, -0.515207, 0.00520861
1.21826, -0.132928, 0.00669461, -0.718248, 0.00631105
1.42131, -0.29939, 0.00543925, -0.921288, 0.00771705
1.62435, -0.507066, 0.00711166, -1.12433, 0.00881948
1.8274, -0.755969, 0.00900792, -1.32737, 0.00992191
2.03044, -1.04609, 0.011128, -1.53041, 0.0110243
2.23349, -1.37745, 0.013472, -1.73345, 0.0121268
2.43653, -1.75003, 0.0160397, -1.93649, 0.0132292
2.63957, -2.16384, 0.0188314, -2.13953, 0.0143317
2.84262, -2.61887, 0.0218468, -2.34258, 0.0154341
3.04566, -3.11513, 0.0250861, -2.54562, 0.0165365
3.24871, -3.65262, 0.0285493, -2.74866, 0.017639
3.45175, -4.23133, 0.0322363, -2.9517, 0.0187414
3.65479, -4.85127, 0.0361471, -3.15474, 0.0198438
3.85784, -5.51243, 0.0402818, -3.35778, 0.0209463
4.06088, -6.21482, 0.0446403, -3.56082, 0.0220487
4.26393, -6.95844, 0.0492227, -3.76386, 0.0231511
4.46697, -7.74328, 0.0540289, -3.9669, 0.0242536
4.67002, -8.56936, 0.0590589, -4.16995, 0.025356
4.87306, -9.43665, 0.0643128, -4.37299, 0.0264584
5.0761, -10.3452, 0.0697906, -4.57603, 0.0275609
5.27915, -11.2949, 0.0754922, -4.77907, 0.0286633
5.48219, -12.2859, 0.0814176, -4.98211, 0.0297657
5.68524, -13.3181, 0.0875668, -5.18515, 0.0308682
5.88828, -14.3915, 0.0952263, -5.38819, 0.031667
6.09132, -15.5062, 0.101762, -5.59123, 0.0327695
6.29437, -16.6621, 0.108521, -5.79428, 0.0338719
6.49741, -17.8592, 0.115504, -5.99732, 0.0349744
6.70046, -19.0975, 0.122711, -6.20036, 0.0360768
6.9035, -20.3771, 0.130141, -6.4034, 0.0371792
7.10654, -21.6978, 0.137901, -6.60644, 0.0382469
7.30959, -23.0599, 0.145736, -6.80948, 0.0393622
7.51263, -24.4631, 0.153776, -7.01252, 0.0404865
7.71568, -25.9076, 0.161371, -7.21556, 0.0418925
7.91872, -27.3933, 0.169982, -7.41861, 0.042995
8.12177, -28.9202, 0.178818, -7.62165, 0.0440974
8.32481, -30.4883, 0.188486, -7.82469, 0.0448616
8.52785, -32.0977, 0.19716, -8.02773, 0.0463023
8.7309, -33.7483, 0.207139, -8.23077, 0.0470664
8.93394, -35.4401, 0.216398, -8.43381, 0.0485072
9.13699, -37.1732, 0.226703, -8.63685, 0.0492551
9.34003, -38.9474, 0.236797, -8.83989, 0.0503737
9.54307, -40.7629, 0.247159, -9.04292, 0.0514274
9.74612, -42.6197, 0.257559, -9.24598, 0.0529169
9.94916, -44.5176, 0.268481, -9.44899, 0.0536127
10.1522, -46.4561, 0.279464, -9.59903, 0.0541912
10.3553, -48.3845, 0.290346, -9.39596, 0.0530204
10.5583, -50.2717, 0.300997, -9.19292, 0.051898
10.7613, -52.1176, 0.311421, -8.98989, 0.0507834
10.9644, -53.9224, 0.32162, -8.78685, 0.0496722
11.1674, -55.6859, 0.331593, -8.58381, 0.0485629
11.3705, -57.4082, 0.341341, -8.38077, 0.0474549
11.5735, -59.0892, 0.350864, -8.17772, 0.0463476
11.7766, -60.729, 0.360162, -7.97468, 0.0452411
11.9796, -62.3276, 0.369236, -7.77164, 0.044135
12.1826, -63.885, 0.378085, -7.5686, 0.0430293
12.3857, -65.4012, 0.386709, -7.36556, 0.0419239
12.5887, -66.8761, 0.39511, -7.16252, 0.0408187
12.7918, -68.3098, 0.403286, -6.95948, 0.0397138
12.9948, -69.7022, 0.411237, -6.75644, 0.038609
13.1979, -71.0535, 0.418964, -6.5534, 0.0375044
13.4009, -72.3635, 0.426467, -6.35036, 0.0364
13.604, -73.6323, 0.433746, -6.14731, 0.0352956
13.807, -74.8599, 0.4408, -5.94427, 0.0341914
14.01, -76.0462, 0.44763, -5.74123, 0.0330873
14.2131, -77.1913, 0.454237, -5.53819, 0.0319832
14.4161, -78.2952, 0.460619, -5.33515, 0.0308792
14.6192, -79.3578, 0.466776, -5.13211, 0.0297754
14.8222, -80.3793, 0.47271, -4.92907, 0.0286715
15.0253, -81.3595, 0.47842, -4.72603, 0.0275678
15.2283, -82.2985, 0.483905, -4.52299, 0.0264641
15.4314, -83.1962, 0.489166, -4.31994, 0.0253604
15.6344, -84.0527, 0.494204, -4.1169, 0.0242568
15.8374, -84.868, 0.499017, -3.91386, 0.0231532
16.0405, -85.6421, 0.503606, -3.71082, 0.0220496
16.2435, -86.375, 0.507971, -3.50778, 0.0209461
16.4466, -87.0666, 0.512112, -3.30474, 0.0198427
16.6496, -87.717, 0.516029, -3.1017, 0.0187392
16.8527, -88.3261, 0.519722, -2.89866, 0.0176358
17.0557, -88.8941, 0.52319, -2.69562, 0.0165325
17.2588, -89.4208, 0.526435, -2.49257, 0.0154291
17.4618, -89.9063, 0.529456, -2.28953, 0.0143258
17.6648, -90.3505, 0.532253, -2.08649, 0.0132225
17.8679, -90.7536, 0.534825, -1.88346, 0.0121192
18.0709, -91.1154, 0.537174, -1.68041, 0.011016
18.274, -91.436, 0.539299, -1.47737, 0.00991273
18.477, -91.7153, 0.5412, -1.27433, 0.00880952
18.6801, -91.9535, 0.542876, -1.07129, 0.00770632
18.8831, -92.1504, 0.544329, -0.868246, 0.00660315
19.0861, -92.3061, 0.545558, -0.665202, 0.00549998
19.2892, -92.4205, 0.546563, -0.462164, 0.00439685
19.4922, -92.4937, 0.547343, -0.259125, 0.00329374
19.6953, -92.5257, 0.5479, -0.05608, 0.00219061
19.8983, -92.5165, 0.548233, 0.146959, 0.00108752
20.1014, -92.4661, 0.548342, 0.349999, -1.55569e-05
20.2893, -92.3827, 0.554006, 0.537942, 0.000368288
20.4773, -92.2639, 0.548869, 0.725877, 0.00192179
20.6652, -92.1098, 0.554516, 0.913819, 0.00229008
20.8531, -91.9204, 0.549963, 1.10175, 0.00384358
21.0411, -91.6957, 0.550615, 1.28969, 0.00482432
21.229, -91.4356, 0.55178, 1.47763, 0.00576537
21.417, -91.1402, 0.552959, 1.66557, 0.00672627
21.6049, -90.8096, 0.554319, 1.85351, 0.00768716
21.7928, -90.4435, 0.555859, 2.04145, 0.00864806
21.9808, -90.0422, 0.557433, 2.22938, 0.0096288
22.1687, -89.6056, 0.563781, 2.41733, 0.00997724
22.3567, -89.1336, 0.561564, 2.60526, 0.0115307
22.5446, -88.6263, 0.567903, 2.7932, 0.011899
22.7325, -88.0837, 0.570235, 2.98114, 0.0128599
22.9205, -87.5058, 0.572748, 3.16908, 0.0138208
23.1084, -86.8925, 0.575441, 3.35702, 0.0147817
23.2964, -86.2439, 0.574562, 3.54495, 0.0163551
23.4843, -85.56, 0.581369, 3.7329, 0.0167035
23.6722, -84.8408, 0.584604, 3.92083, 0.0176644
23.8602, -84.0862, 0.584613, 4.10877, 0.0192378
24.0481, -83.2964, 0.58843, 4.29671, 0.0201788
24.2361, -82.4712, 0.592319, 4.48465, 0.0211397
24.424, -81.6106, 0.596288, 4.67258, 0.0221204
24.612, -80.7148, 0.600637, 4.86052, 0.0230615
24.7999, -79.7837, 0.607806, 5.04846, 0.0234298
24.9878, -78.8172, 0.612305, 5.2364, 0.0243907
25.1758, -77.8154, 0.614468, 5.42434, 0.0259442
25.3637, -76.7783, 0.621845, 5.61228, 0.0263125
25.5517, -75.7058, 0.624592, 5.80022, 0.027866
25.7396, -74.5981, 0.632108, 5.98816, 0.0282343
25.9275, -73.455, 0.635369, 6.17609, 0.0298076
26.1155, -72.2766, 0.641028, 6.36403, 0.0307801
26.3034, -71.0629, 0.646883, 6.55197, 0.0317492
26.4914, -69.8138, 0.65297, 6.73991, 0.0327019
26.6793, -68.5295, 0.659211, 6.92785, 0.0336628
26.8672, -67.2098, 0.665663, 7.11578, 0.0346121
27.0552, -65.8548, 0.672311, 7.30372, 0.0355531
27.2431, -64.4645, 0.679089, 7.49166, 0.036514
27.4311, -63.0388, 0.687227, 7.6796, 0.0368823
27.619, -61.5778, 0.693186, 7.86754, 0.0384358
27.8069, -60.0815, 0.700473, 8.05548, 0.0394165
27.9949, -58.5499, 0.708005, 8.24342, 0.0403576
28.1828, -56.983, 0.715628, 8.43135, 0.0413646
28.3708, -55.3807, 0.723477, 8.61929, 0.0423453
28.5587, -53.7431, 0.731544, 8.80723, 0.0432916
28.7467, -52.0702, 0.739766, 8.99516, 0.0442671
28.9346, -50.362, 0.748169, 9.18309, 0.045253
29.1225, -48.6185, 0.756771, 9.37104, 0.0462087
29.3105, -46.8396, 0.765549, 9.55896, 0.0471907
29.4984, -45.0311, 0.774499, 9.59692, 0.0476319
29.6864, -43.2451, 0.783365, 9.40899, 0.0467069
29.8743, -41.4944, 0.792054, 9.22105, 0.0457615
30.0622, -39.779, 0.800565, 9.03311, 0.0448106
30.2502, -38.099, 0.808897, 8.84517, 0.0438571
30.4381, -36.4543, 0.81705, 8.65723, 0.042902
30.6261, -34.8449, 0.825024, 8.4693, 0.041946
30.814, -33.2708, 0.832817, 8.28136, 0.0409893
31.0019, -31.7321, 0.840431, 8.09342, 0.040032
31.1899, -30.2287, 0.847864, 7.90548, 0.0390743
31.3778, -28.7606, 0.855118, 7.71754, 0.0381163
31.5658, -27.3278, 0.862192, 7.52961, 0.0371581
31.7537, -25.9303, 0.869085, 7.34166, 0.0361996
31.9416, -24.5682, 0.875798, 7.15372, 0.0352409
32.1296, -23.2414, 0.882331, 6.96579, 0.0342821
32.3175, -21.9499, 0.888684, 6.77785, 0.0333231
32.5055, -20.6937, 0.894857, 6.58991, 0.032364
32.6934, -19.4729, 0.900849, 6.40197, 0.0314048
32.8814, -18.2873, 0.906661, 6.21403, 0.0304455
33.0693, -17.1371, 0.912293, 6.02609, 0.0294861
33.2572, -16.0222, 0.917745, 5.83815, 0.0285267
33.4452, -14.9427, 0.923016, 5.65022, 0.0275671
33.6331, -13.8984, 0.928107, 5.46228, 0.0266076
33.8211, -12.8895, 0.933017, 5.27434, 0.0256479
34.009, -11.9159, 0.937747, 5.0864, 0.0246882
34.1969, -10.9776, 0.942297, 4.89846, 0.0237285
34.3849, -10.0746, 0.946666, 4.71053, 0.0227687
34.5728, -9.207, 0.950855, 4.52258, 0.0218088
34.7608, -8.37467, 0.954864, 4.33465, 0.020849
34.9487, -7.5777, 0.958692, 4.14671, 0.0198891
35.1366, -6.81601, 0.96234, 3.95877, 0.0189291
35.3246, -6.08966, 0.965807, 3.77083, 0.0179692
35.5125, -5.39862, 0.969094, 3.58289, 0.0170092
35.7005, -4.7429, 0.972201, 3.39496, 0.0160491
35.8884, -4.12252, 0.975127, 3.20702, 0.0150891
36.0763, -3.53745, 0.977872, 3.01908, 0.014129
36.2643, -2.98771, 0.980438, 2.83114, 0.0131689
36.4522, -2.47328, 0.982822, 2.6432, 0.0122088
36.6402, -1.99417, 0.985027, 2.45526, 0.0112487
36.8281, -1.55038, 0.98705, 2.26732, 0.0102885
37.0161, -1.14193, 0.988894, 2.07939, 0.00932833
37.204, -0.768791, 0.990557, 1.89145, 0.00836813
37.3919, -0.430977, 0.992039, 1.70351, 0.00740791
37.5799, -0.128456, 0.993341, 1.51557, 0.00644769
37.7678, 0.138718, 0.994463, 1.32763, 0.00548744
37.9558, 0.370567, 0.995404, 1.13969, 0.00452718
38.1437, 0.567101, 0.996165, 0.951754, 0.0035669
38.3316, 0.72831, 0.996745, 0.763815, 0.00260662
38.5196, 0.85421, 0.997144, 0.575879, 0.00164633
38.7075, 0.944794, 0.997364, 0.387942, 0.000686029
38.8955, 1.00004, 0.997402, 0.200003, -0.000274294
