37.3083, 0
0, 0, 0, 0.5, 0
0.195008, 0.0784791, -0.00282703, 0.304997, 0.00145545
0.390016, 0.118937, -0.00243798, 0.109992, 0.00260332
0.585024, 0.12139, 0.0009871, -0.0850136, 0.00344359
0.780031, 0.0857807, -0.000988415, -0.280016, 0.00489904
0.975039, 0.0121597, 7.21414e-05, -0.475021, 0.0060469
1.17005, -0.099471, 0.0039888, -0.670027, 0.00688718
1.36505, -0.249146, 0.00543706, -0.865031, 0.00803504
1.56006, -0.436858, 0.00459681, -1.06003, 0.00949049
1.75507, -0.662576, 0.00900507, -1.25504, 0.0103308
1.95008, -0.926333, 0.0111249, -1.45004, 0.0114786
2.14509, -1.22813, 0.0111361, -1.64505, 0.0129341
2.34009, -1.56794, 0.0137635, -1.84005, 0.0140819
2.5351, -1.94577, 0.0188272, -2.03506, 0.0149222
2.73011, -2.36163, 0.0218424, -2.23006, 0.0160701
2.92512, -2.81553, 0.0250814, -2.42507, 0.0172179
3.12013, -3.30746, 0.0265117, -2.62007, 0.0186734
3.31513, -3.8374, 0.0322309, -2.81508, 0.0195137
3.51014, -4.40537, 0.0361414, -3.01008, 0.0206615
3.70515, -5.01138, 0.0384232, -3.20508, 0.022117
3.90016, -5.65541, 0.0446339, -3.40009, 0.0229573
4.09517, -6.33747, 0.0474834, -3.59509, 0.0244127
4.29017, -7.05756, 0.0523493, -3.7901, 0.0255606
4.48518, -7.81567, 0.057439, -3.9851, 0.0267084
4.68019, -8.6118, 0.0644258, -4.18011, 0.0275248
4.8752, -9.44597, 0.0697825, -4.37511, 0.0286966
5.0702, -10.3182, 0.0754838, -4.57012, 0.0298444
5.26521, -11.2284, 0.0800362, -4.76512, 0.0312999
5.46022, -12.1766, 0.0877195, -4.96012, 0.0321023
5.65523, -13.1629, 0.0939306, -5.15513, 0.033288
5.85024, -14.1872, 0.100527, -5.35013, 0.0344359
6.04524, -15.2496, 0.106215, -5.54514, 0.0358913
6.24025, -16.3499, 0.114392, -5.74014, 0.0367316
6.43526, -17.4883, 0.12166, -5.93515, 0.0378795
6.63027, -18.6647, 0.128199, -6.13015, 0.0393349
6.82528, -19.8792, 0.136978, -6.32516, 0.0401373
7.02028, -21.1316, 0.14491, -6.52016, 0.0412852
7.21529, -22.4221, 0.153031, -6.71517, 0.042447
7.4103, -23.7506, 0.160646, -6.91017, 0.0439264
7.60531, -25.1172, 0.17005, -7.10517, 0.0447287
7.80031, -26.5218, 0.178212, -7.30018, 0.0462221
7.99532, -27.9644, 0.187946, -7.49518, 0.0470145
8.19033, -29.445, 0.196673, -7.69019, 0.0485178
8.38534, -30.9637, 0.206704, -7.88519, 0.0493202
8.58035, -32.5204, 0.216447, -8.08019, 0.0504504
8.77535, -34.1151, 0.226401, -8.2752, 0.0515867
8.97036, -35.7478, 0.236283, -8.47021, 0.0531093
9.16537, -37.4186, 0.246745, -8.66521, 0.0542572
9.36038, -39.1274, 0.257587, -8.8602, 0.0549777
9.55539, -40.8742, 0.268416, -9.05519, 0.0561138
9.75039, -42.6586, 0.279456, -9.20494, 0.0567411
9.9454, -44.4346, 0.290399, -9.01021, 0.0555168
10.1404, -46.1727, 0.301111, -8.81521, 0.0543469
10.3354, -47.8727, 0.311596, -8.6202, 0.0531857
10.5304, -49.5347, 0.321855, -8.4252, 0.0520282
10.7254, -51.1587, 0.331888, -8.23019, 0.0508728
10.9204, -52.7446, 0.341696, -8.03518, 0.0497188
11.1154, -54.2925, 0.351279, -7.84018, 0.0485657
11.3105, -55.8024, 0.360638, -7.64518, 0.0474133
11.5055, -57.2743, 0.369771, -7.45018, 0.0462615
11.7005, -58.7081, 0.37868, -7.25517, 0.04511
11.8955, -60.1039, 0.387365, -7.06017, 0.0439589
12.0905, -61.4617, 0.395825, -6.86516, 0.0428081
12.2855, -62.7814, 0.404061, -6.67016, 0.0416574
12.4805, -64.0631, 0.412072, -6.47515, 0.040507
12.6755, -65.3068, 0.419859, -6.28015, 0.0393568
12.8705, -66.5125, 0.427422, -6.08514, 0.0382068
13.0655, -67.6801, 0.43476, -5.89014, 0.0370568
13.2605, -68.8097, 0.441875, -5.69513, 0.035907
13.4555, -69.9013, 0.448765, -5.50013, 0.0347573
13.6506, -70.9549, 0.455431, -5.30512, 0.0336076
13.8456, -71.9704, 0.461872, -5.11012, 0.0324581
14.0406, -72.9479, 0.46809, -4.91512, 0.0313087
14.2356, -73.8874, 0.474083, -4.72011, 0.0301593
14.4306, -74.7888, 0.479852, -4.52511, 0.02901
14.6256, -75.6522, 0.485397, -4.3301, 0.0278607
14.8206, -76.4776, 0.490718, -4.1351, 0.0267115
15.0156, -77.265, 0.495815, -3.9401, 0.0255623
15.2106, -78.0143, 0.500688, -3.74509, 0.0244132
15.4056, -78.7256, 0.505337, -3.55009, 0.0232641
15.6006, -79.3989, 0.509762, -3.35508, 0.0221151
15.7956, -80.0342, 0.513962, -3.16008, 0.0209661
15.9906, -80.6314, 0.517939, -2.96507, 0.0198172
16.1857, -81.1906, 0.521691, -2.77007, 0.0186682
16.3807, -81.7118, 0.52522, -2.57507, 0.0175194
16.5757, -82.1949, 0.528524, -2.38006, 0.0163705
16.7707, -82.64, 0.531604, -2.18505, 0.0152217
16.9657, -83.0471, 0.534461, -1.99005, 0.0140728
17.1607, -83.4162, 0.537093, -1.79505, 0.0129241
17.3557, -83.7472, 0.539501, -1.60004, 0.0117753
17.5507, -84.0402, 0.541685, -1.40504, 0.0106266
17.7457, -84.2952, 0.543646, -1.21003, 0.00947787
17.9407, -84.5121, 0.545382, -1.01503, 0.00832918
18.1357, -84.6911, 0.546894, -0.820024, 0.00718051
18.3307, -84.832, 0.548183, -0.625019, 0.00603185
18.5257, -84.9348, 0.549247, -0.430015, 0.00488322
18.7208, -84.9997, 0.550087, -0.235009, 0.00373459
18.9158, -85.0265, 0.550703, -0.0400063, 0.002586
19.1108, -85.0153, 0.551096, 0.154999, 0.0014374
19.3058, -84.966, 0.551264, 0.350003, 0.000288839
19.4858, -84.8869, 0.548593, 0.530022, 0.00100316
19.6658, -84.7752, 0.546215, 0.710042, 0.00231628
19.8459, -84.6312, 0.549327, 0.890065, 0.00300948
20.0259, -84.4548, 0.549965, 1.07009, 0.00401265
20.2059, -84.2459, 0.550783, 1.25011, 0.00501581
20.3859, -84.0047, 0.551783, 1.43013, 0.00601897
20.566, -83.731, 0.552962, 1.61015, 0.00702213
20.746, -83.4249, 0.554322, 1.79018, 0.0080253
20.926, -83.0865, 0.555863, 1.9702, 0.00902846
21.106, -82.7156, 0.557585, 2.15022, 0.0100316
21.2861, -82.3123, 0.559487, 2.33024, 0.0110348
21.4661, -81.8766, 0.561569, 2.51026, 0.0120379
21.6461, -81.4084, 0.563833, 2.69029, 0.0130411
21.8261, -80.9079, 0.566277, 2.87031, 0.0140443
22.0061, -80.375, 0.568901, 3.05033, 0.0150474
22.1862, -79.8097, 0.571706, 3.23035, 0.0160506
22.3662, -79.2119, 0.574692, 3.41037, 0.0170538
22.5462, -78.5818, 0.577858, 3.59039, 0.0180569
22.7262, -77.9192, 0.581205, 3.77042, 0.0190601
22.9063, -77.2242, 0.584732, 3.95044, 0.0200632
23.0863, -76.4968, 0.58844, 4.13046, 0.0210664
23.2663, -75.737, 0.592329, 4.31048, 0.0220696
23.4463, -74.9449, 0.596398, 4.4905, 0.0230727
23.6264, -74.1202, 0.600647, 4.67053, 0.0240759
23.8064, -73.2632, 0.605078, 4.85055, 0.0250791
23.9864, -72.3738, 0.609689, 5.03057, 0.0260822
24.1664, -71.452, 0.61448, 5.21059, 0.0270854
24.3465, -70.4977, 0.619452, 5.39062, 0.0280885
24.5265, -69.5111, 0.623374, 5.57063, 0.029424
24.7065, -68.492, 0.629939, 5.75066, 0.0300949
24.8865, -67.4406, 0.635452, 5.93068, 0.031098
25.0666, -66.3567, 0.641147, 6.1107, 0.0321012
25.2466, -65.2404, 0.647022, 6.29072, 0.0331044
25.4266, -64.0917, 0.653078, 6.47075, 0.0341075
25.6066, -62.9106, 0.659314, 6.65077, 0.0351107
25.7867, -61.6971, 0.665731, 6.83079, 0.0361138
25.9667, -60.4512, 0.672328, 7.01081, 0.037117
26.1467, -59.1729, 0.678414, 7.19083, 0.0384525
26.3267, -57.8621, 0.686065, 7.37086, 0.0391233
26.5068, -56.519, 0.693204, 7.55088, 0.0401265
26.6868, -55.1435, 0.700524, 7.7309, 0.0411297
26.8668, -53.7355, 0.708025, 7.91092, 0.0421328
27.0468, -52.2951, 0.715706, 8.09095, 0.043136
27.2269, -50.8224, 0.723256, 8.27096, 0.0444491
27.4069, -49.3172, 0.73161, 8.45099, 0.0451423
27.5869, -47.7796, 0.739618, 8.63101, 0.0464778
27.7669, -46.2096, 0.748236, 8.81104, 0.0471487
27.947, -44.6072, 0.756707, 8.99104, 0.0485468
28.127, -42.9724, 0.765585, 9.17109, 0.049155
28.307, -41.3108, 0.774547, 9.20116, 0.0500291
28.487, -39.6705, 0.783467, 9.02109, 0.0490651
28.6671, -38.0627, 0.792211, 8.84106, 0.0480792
28.8471, -36.4873, 0.800778, 8.66103, 0.0470871
29.0271, -34.9443, 0.809165, 8.48101, 0.0460923
29.2071, -33.4337, 0.817373, 8.30099, 0.0450957
29.3872, -31.9556, 0.825402, 8.12097, 0.044098
29.5672, -30.5098, 0.83325, 7.94095, 0.0430995
29.7472, -29.0964, 0.840919, 7.76092, 0.0421004
29.9272, -27.7155, 0.848409, 7.5809, 0.0411009
30.1073, -26.3669, 0.855718, 7.40088, 0.040101
30.2873, -25.0508, 0.862847, 7.22086, 0.0391008
30.4673, -23.7671, 0.869796, 7.04084, 0.0381003
30.6473, -22.5157, 0.876565, 6.86081, 0.0370997
30.8274, -21.2968, 0.883154, 6.68079, 0.0360988
31.0074, -20.1103, 0.889562, 6.50077, 0.0350978
31.1874, -18.9562, 0.895791, 6.32075, 0.0340967
31.3674, -17.8345, 0.901839, 6.14072, 0.0330954
31.5475, -16.7453, 0.907707, 5.9607, 0.0320941
31.7275, -15.6884, 0.913394, 5.78068, 0.0310926
31.9075, -14.6639, 0.918901, 5.60066, 0.0300911
32.0875, -13.6719, 0.924228, 5.42064, 0.0290894
32.2676, -12.7122, 0.929375, 5.24062, 0.0280878
32.4476, -11.785, 0.934341, 5.0606, 0.027086
32.6276, -10.8902, 0.939127, 4.88057, 0.0260842
32.8076, -10.0278, 0.943733, 4.70055, 0.0250823
32.9877, -9.19775, 0.948158, 4.52053, 0.0240804
33.1677, -8.40014, 0.952403, 4.34051, 0.0230784
33.3477, -7.63493, 0.956468, 4.16048, 0.0220764
33.5277, -6.90215, 0.960352, 3.98046, 0.0210744
33.7078, -6.20178, 0.964055, 3.80044, 0.0200723
33.8878, -5.53381, 0.967579, 3.62042, 0.0190702
34.0678, -4.89825, 0.970922, 3.4404, 0.018068
34.2478, -4.2951, 0.974084, 3.26038, 0.0170658
34.4279, -3.72436, 0.977066, 3.08035, 0.0160636
34.6079, -3.18601, 0.979868, 2.90033, 0.0150614
34.7879, -2.68008, 0.982489, 2.72031, 0.0140591
34.9679, -2.20659, 0.98493, 2.54029, 0.0130568
35.148, -1.76546, 0.98719, 2.36026, 0.0120545
35.328, -1.35675, 0.98927, 2.18024, 0.0110522
35.508, -0.980469, 0.991169, 2.00022, 0.0100498
35.688, -0.636581, 0.992889, 1.8202, 0.00904747
35.8681, -0.325111, 0.994427, 1.64018, 0.00804508
36.0481, -0.046051, 0.995785, 1.46015, 0.00704264
36.2281, 0.200623, 0.996963, 1.28013, 0.00604024
36.4081, 0.414879, 0.99796, 1.10011, 0.00503778
36.5882, 0.59671, 0.998777, 0.920087, 0.00403532
36.7682, 0.746155, 0.999413, 0.740067, 0.00303286
36.9482, 0.86319, 0.999869, 0.560047, 0.00203038
37.1282, 0.947784, 1.00014, 0.380023, 0.00102787
37.3083, 1.00001, 1.00024, 0.200002, 2.53546e-05
