2.42423, 0
0, 0, 0, 0.5, 0
0.0115547, 0.00627949, 0.000379987, 0.49437, 0.0100653
0.0231094, 0.0124937, 0.000876526, 0.48874, 0.0201304
0.0346641, 0.0186425, 0.00148938, 0.483111, 0.030195
0.0462188, 0.024726, 0.00221863, 0.477483, 0.0402594
0.0577735, 0.0307442, 0.00306435, 0.471855, 0.0503234
0.0693283, 0.0366969, 0.00402652, 0.466228, 0.060387
0.080883, 0.0425844, 0.00510504, 0.460602, 0.0704503
0.0924377, 0.0484065, 0.00629996, 0.454977, 0.0805131
0.103992, 0.0541633, 0.00761136, 0.449352, 0.0905755
0.115547, 0.0598548, 0.00903912, 0.443728, 0.100637
0.127102, 0.0654808, 0.0105833, 0.438105, 0.110699
0.138657, 0.0710416, 0.0122439, 0.432483, 0.12076
0.150211, 0.0765371, 0.0140209, 0.426862, 0.13082
0.161766, 0.0819671, 0.0159143, 0.421241, 0.14088
0.173321, 0.0873318, 0.0179241, 0.415622, 0.15094
0.184875, 0.0926311, 0.0200503, 0.410004, 0.160999
0.19643, 0.0978651, 0.0222929, 0.404387, 0.171057
0.207985, 0.103034, 0.0246519, 0.398771, 0.181115
0.219539, 0.108137, 0.0271273, 0.393157, 0.191171
0.231094, 0.113175, 0.0297191, 0.387543, 0.201228
0.242649, 0.118148, 0.0324273, 0.381931, 0.211283
0.254204, 0.123055, 0.0352519, 0.376321, 0.221338
0.265758, 0.127897, 0.0381928, 0.370712, 0.231392
0.277313, 0.132673, 0.0412502, 0.365105, 0.241445
0.288868, 0.137384, 0.0444239, 0.359499, 0.251497
0.300422, 0.14203, 0.0477139, 0.353895, 0.261548
0.311977, 0.14661, 0.0511204, 0.348293, 0.271598
0.323532, 0.151125, 0.0546432, 0.342693, 0.281647
0.335087, 0.155575, 0.0582824, 0.337095, 0.291695
0.346641, 0.159959, 0.0620379, 0.3315, 0.301741
0.358196, 0.164278, 0.0659098, 0.325907, 0.311787
0.369751, 0.168531, 0.069898, 0.320316, 0.32183
0.381305, 0.172719, 0.0740026, 0.314728, 0.331873
0.39286, 0.176842, 0.0782235, 0.309143, 0.341914
0.404415, 0.180899, 0.0825607, 0.303561, 0.351953
0.41597, 0.184891, 0.0870143, 0.297982, 0.36199
0.427524, 0.188817, 0.0915841, 0.292407, 0.372025
0.439079, 0.192678, 0.0962703, 0.286835, 0.382059
0.450634, 0.196474, 0.101073, 0.281268, 0.39209
0.462188, 0.200204, 0.105991, 0.275705, 0.402118
0.473743, 0.203868, 0.111026, 0.270147, 0.412144
0.485298, 0.207467, 0.116178, 0.264594, 0.422167
0.496853, 0.211001, 0.121445, 0.259046, 0.432187
0.508407, 0.214469, 0.126829, 0.253504, 0.442204
0.519962, 0.217872, 0.132328, 0.247969, 0.452217
0.531517, 0.221209, 0.137944, 0.242441, 0.462226
0.543071, 0.22448, 0.143677, 0.236921, 0.472231
0.554626, 0.227686, 0.149525, 0.231409, 0.482231
0.566181, 0.230827, 0.155489, 0.225907, 0.492226
0.577735, 0.233901, 0.161569, 0.220415, 0.502214
0.58929, 0.23691, 0.167766, 0.214934, 0.512197
0.600845, 0.239854, 0.174078, 0.209466, 0.522172
0.6124, 0.242732, 0.180506, 0.204012, 0.532139
0.623954, 0.245543, 0.18705, 0.198573, 0.542098
0.635509, 0.248289, 0.19371, 0.193152, 0.552046
0.647064, 0.25097, 0.200485, 0.187751, 0.561982
0.658618, 0.253584, 0.207376, 0.182373, 0.571906
0.670173, 0.256132, 0.214383, 0.17702, 0.581815
0.681728, 0.258614, 0.221505, 0.171696, 0.591707
0.693283, 0.26103, 0.228741, 0.166406, 0.601579
0.704837, 0.263379, 0.236093, 0.161155, 0.611428
0.716392, 0.265662, 0.243559, 0.15595, 0.621249
0.727947, 0.267878, 0.25114, 0.150798, 0.631039
0.739501, 0.270027, 0.258834, 0.14571, 0.64079
0.751056, 0.272109, 0.266642, 0.140697, 0.650495
0.762611, 0.274123, 0.274562, 0.135777, 0.660144
0.774166, 0.276068, 0.282594, 0.130969, 0.669722
0.78572, 0.277945, 0.290737, 0.126299, 0.679213
0.797275, 0.279753, 0.298989, 0.121805, 0.688593
0.80883, 0.28149, 0.307347, 0.11753, 0.697828
0.820384, 0.283155, 0.31581, 0.113542, 0.706874
0.831939, 0.284747, 0.324372, 0.109926, 0.715667
0.843494, 0.286265, 0.333029, 0.106802, 0.724114
0.855049, 0.287706, 0.34177, 0.104337, 0.732084
0.866603, 0.28907, 0.350584, 0.102749, 0.739388
0.878158, 0.290358, 0.359453, 0.102311, 0.745773
0.889713, 0.291576, 0.368354, 0.103311, 0.750925
0.901267, 0.292742, 0.377261, 0.105971, 0.754521
0.912822, 0.293883, 0.386148, 0.110331, 0.756339
0.924377, 0.295034, 0.394993, 0.116193, 0.756344
0.935932, 0.296232, 0.403784, 0.123197, 0.754692
0.947486, 0.297503, 0.412513, 0.130961, 0.751646
0.959041, 0.298866, 0.421176, 0.13917, 0.747485
0.970596, 0.300331, 0.429769, 0.147607, 0.742446
0.98215, 0.301902, 0.438289, 0.156129, 0.736721
0.993705, 0.303583, 0.446732, 0.164652, 0.730452
1.00526, 0.305371, 0.455096, 0.173125, 0.723751
1.01681, 0.307267, 0.463378, 0.181522, 0.716697
1.02837, 0.309269, 0.471575, 0.189828, 0.709355
1.03992, 0.311374, 0.479686, 0.198039, 0.70177
1.05148, 0.31358, 0.487707, 0.206151, 0.693981
1.06303, 0.315887, 0.495638, 0.214169, 0.686018
1.07459, 0.318293, 0.503477, 0.222095, 0.677905
1.08614, 0.320795, 0.511222, 0.229933, 0.669661
1.0977, 0.323393, 0.518871, 0.237688, 0.661302
1.10925, 0.326084, 0.526425, 0.245365, 0.652841
1.12081, 0.328868, 0.533881, 0.252968, 0.64429
1.13236, 0.331744, 0.541239, 0.260501, 0.635658
1.14392, 0.33471, 0.548497, 0.267969, 0.626953
1.15672, 0.338348, 0.556591, 0.272918, 0.638675
1.16952, 0.342046, 0.564837, 0.277936, 0.650366
1.18233, 0.345804, 0.573232, 0.283029, 0.662022
1.19513, 0.349625, 0.581777, 0.288196, 0.673643
1.20793, 0.353508, 0.590471, 0.293444, 0.685225
1.22073, 0.357455, 0.599314, 0.298776, 0.696765
1.23354, 0.361466, 0.608305, 0.304195, 0.708262
1.24634, 0.365544, 0.617444, 0.309707, 0.719712
1.25914, 0.369689, 0.626729, 0.315315, 0.731112
1.27195, 0.373902, 0.636162, 0.321026, 0.742458
1.28475, 0.378185, 0.645739, 0.326844, 0.753745
1.29755, 0.382538, 0.655462, 0.332776, 0.764969
1.31036, 0.386965, 0.665329, 0.338826, 0.776126
1.32316, 0.391465, 0.675338, 0.345003, 0.787209
1.33596, 0.396042, 0.68549, 0.351314, 0.798212
1.34877, 0.400695, 0.695783, 0.357766, 0.809128
1.36157, 0.405428, 0.706216, 0.364367, 0.819949
1.37437, 0.410242, 0.716787, 0.371127, 0.830666
1.38718, 0.415139, 0.727496, 0.378056, 0.841269
1.39998, 0.420122, 0.73834, 0.385165, 0.851746
1.41278, 0.425193, 0.749318, 0.392464, 0.862086
1.42558, 0.430354, 0.760429, 0.399965, 0.872272
1.43839, 0.435608, 0.771669, 0.407683, 0.882288
1.45119, 0.440958, 0.783038, 0.41563, 0.892114
1.46399, 0.446406, 0.794531, 0.423822, 0.901729
1.4768, 0.451957, 0.806147, 0.432275, 0.911107
1.4896, 0.457613, 0.817881, 0.441004, 0.920218
1.5024, 0.463378, 0.829731, 0.450026, 0.929028
1.51521, 0.469255, 0.841693, 0.459358, 0.937499
1.52801, 0.47525, 0.853761, 0.469016, 0.945585
1.54081, 0.481366, 0.86593, 0.479015, 0.953233
1.55362, 0.487607, 0.878194, 0.489365, 0.960386
1.56642, 0.493978, 0.890547, 0.500075, 0.966975
1.57922, 0.500485, 0.902981, 0.511147, 0.972926
1.59202, 0.50713, 0.915486, 0.522572, 0.978157
1.60483, 0.51392, 0.928053, 0.534332, 0.982579
1.61763, 0.520858, 0.940672, 0.546392, 0.986101
1.63043, 0.527948, 0.953329, 0.558701, 0.988635
1.64324, 0.535193, 0.966011, 0.571188, 0.990099
1.65604, 0.542595, 0.978704, 0.583767, 0.990427
1.66884, 0.550154, 0.991394, 0.596334, 0.989577
1.68165, 0.557872, 1.00406, 0.60878, 0.987533
1.69445, 0.565744, 1.0167, 0.620991, 0.984311
1.70725, 0.57377, 1.02929, 0.632868, 0.979959
1.72006, 0.581943, 1.04181, 0.644321, 0.974547
1.73286, 0.590258, 1.05426, 0.655284, 0.968165
1.74566, 0.59871, 1.06661, 0.665712, 0.960913
1.75847, 0.607291, 1.07887, 0.67558, 0.952891
1.77127, 0.615994, 1.09103, 0.68488, 0.9442
1.78407, 0.624812, 1.10306, 0.693621, 0.93493
1.79687, 0.633739, 1.11498, 0.701818, 0.925164
1.80968, 0.642768, 1.12676, 0.709495, 0.914973
1.82248, 0.651891, 1.13841, 0.716679, 0.904422
1.83528, 0.661104, 1.14993, 0.7234, 0.893563
1.84809, 0.6704, 1.1613, 0.729688, 0.882442
1.86089, 0.679774, 1.17253, 0.735571, 0.871098
1.87369, 0.689221, 1.18361, 0.741078, 0.859562
1.8865, 0.698737, 1.19455, 0.746236, 0.847864
1.8993, 0.708316, 1.20533, 0.751068, 0.836024
1.9121, 0.717956, 1.21596, 0.755599, 0.824064
1.92491, 0.727652, 1.22644, 0.759849, 0.812
1.93771, 0.737401, 1.23676, 0.763838, 0.799845
1.95051, 0.7472, 1.24692, 0.767583, 0.787612
1.96331, 0.757045, 1.25693, 0.771102, 0.77531
1.97612, 0.766934, 1.26678, 0.774409, 0.762949
1.98892, 0.776864, 1.27647, 0.777517, 0.750536
2.00172, 0.786833, 1.286, 0.78044, 0.738078
2.01453, 0.796839, 1.29537, 0.78319, 0.725579
2.02733, 0.806878, 1.30458, 0.785776, 0.713044
2.04013, 0.81695, 1.31363, 0.788208, 0.700479
2.05294, 0.827052, 1.32252, 0.790496, 0.687886
2.06574, 0.837183, 1.33125, 0.792647, 0.675269
2.07854, 0.847341, 1.33982, 0.794669, 0.66263
2.09135, 0.857524, 1.34822, 0.79657, 0.649972
2.10415, 0.86773, 1.35646, 0.798356, 0.637296
2.11695, 0.877959, 1.36454, 0.800032, 0.624606
2.12975, 0.888208, 1.37246, 0.801605, 0.611902
2.14256, 0.898477, 1.38021, 0.803079, 0.599187
2.15536, 0.908765, 1.3878, 0.80446, 0.58646
2.16816, 0.91907, 1.39523, 0.805751, 0.573725
2.18097, 0.92939, 1.4025, 0.806958, 0.56098
2.19377, 0.939726, 1.4096, 0.808083, 0.548228
2.20657, 0.950076, 1.41654, 0.809132, 0.53547
2.21938, 0.960439, 1.42331, 0.810106, 0.522705
2.23218, 0.970813, 1.42992, 0.811009, 0.509935
2.24498, 0.9812, 1.43637, 0.811845, 0.497161
2.25779, 0.991596, 1.44265, 0.812616, 0.484382
2.27059, 1.002, 1.44877, 0.813325, 0.4716
2.28339, 1.01242, 1.45473, 0.813973, 0.458814
2.2962, 1.02284, 1.46052, 0.814565, 0.446026
2.309, 1.03327, 1.46615, 0.815101, 0.433235
2.3218, 1.04371, 1.47162, 0.815585, 0.420442
2.3346, 1.05415, 1.47692, 0.816017, 0.407647
2.34741, 1.0646, 1.48206, 0.8164, 0.39485
2.36021, 1.07505, 1.48703, 0.816735, 0.382052
2.37301, 1.0855, 1.49184, 0.817025, 0.369253
2.38582, 1.09596, 1.49649, 0.817271, 0.356453
2.39862, 1.10643, 1.50097, 0.817474, 0.343652
2.41142, 1.11689, 1.50529, 0.817636, 0.330851
2.42423, 1.12736, 1.50944, 0.817758, 0.318049
