29.7214, 0
0, 0, 0, 0.5, 0
0.156565, 0.0660253, 0.000103247, 0.343442, 0.00142967
0.313129, 0.107575, 0.0041442, 0.18688, 0.00236494
0.469694, 0.124544, 0.000981224, 0.0303255, 0.00428902
0.626258, 0.11704, 0.00175594, -0.126232, 0.00571869
0.782823, 0.0850178, 0.00275454, -0.28279, 0.00714836
0.939387, 0.0285188, 0.00738121, -0.439352, 0.00808362
1.09595, -0.0525541, 0.0054232, -0.595906, 0.0100077
1.25252, -0.158108, 0.00709329, -0.752464, 0.0114374
1.40908, -0.288173, 0.00898722, -0.909022, 0.012867
1.56565, -0.442751, 0.011105, -1.06558, 0.0142967
1.72221, -0.621838, 0.0134466, -1.22214, 0.0157264
1.87877, -0.825438, 0.016012, -1.3787, 0.0171561
2.03534, -1.05355, 0.0188013, -1.53525, 0.0185857
2.1919, -1.30617, 0.0218144, -1.69181, 0.0200154
2.34847, -1.5833, 0.0250513, -1.84837, 0.0214451
2.50503, -1.88495, 0.0285121, -2.00493, 0.0228747
2.6616, -2.2111, 0.0321967, -2.16149, 0.0243044
2.81816, -2.56177, 0.0361051, -2.31804, 0.0257341
2.97473, -2.93695, 0.0402374, -2.4746, 0.0271638
3.13129, -3.33664, 0.0445935, -2.63116, 0.0285934
3.28786, -3.76084, 0.0491735, -2.78772, 0.0300231
3.44442, -4.20956, 0.0539773, -2.94428, 0.0314528
3.60098, -4.68279, 0.0590049, -3.10083, 0.0328824
3.75755, -5.18052, 0.0642564, -3.25739, 0.0343121
3.91411, -5.70277, 0.0697317, -3.41395, 0.0357418
4.07068, -6.24951, 0.0772869, -3.57051, 0.036677
4.22724, -6.8208, 0.0813538, -3.72707, 0.0386011
4.38381, -7.41657, 0.0892019, -3.88363, 0.0395364
4.54037, -8.03688, 0.0938713, -4.04018, 0.0414605
4.69694, -8.68168, 0.100466, -4.19674, 0.0428901
4.8535, -9.351, 0.107284, -4.3533, 0.0443198
5.01007, -10.0448, 0.114326, -4.50986, 0.0457495
5.16663, -10.7632, 0.122906, -4.66642, 0.0466847
5.32319, -11.506, 0.129082, -4.82297, 0.0486088
5.47976, -12.2734, 0.136796, -4.97953, 0.0500385
5.63632, -13.0653, 0.144733, -5.13609, 0.0514682
5.79289, -13.8816, 0.153899, -5.29265, 0.0524034
5.94945, -14.7225, 0.16128, -5.4492, 0.0543275
6.10602, -15.5879, 0.169889, -5.60576, 0.0557572
6.26258, -16.4779, 0.178721, -5.76232, 0.0571869
6.41915, -17.3923, 0.187778, -5.91888, 0.0586166
6.57571, -18.3312, 0.197059, -6.07544, 0.0600462
6.73228, -19.2947, 0.206563, -6.232, 0.0614759
6.88884, -20.2826, 0.216826, -6.38856, 0.0623343
7.04541, -21.2951, 0.226243, -6.54511, 0.0643352
7.20197, -22.3321, 0.236419, -6.70167, 0.0657649
7.35853, -23.3936, 0.246819, -6.85823, 0.0671946
7.5151, -24.4796, 0.257442, -7.01479, 0.0686243
7.67166, -25.5902, 0.268381, -7.17134, 0.0694601
7.82823, -26.7252, 0.279358, -7.32134, 0.0704199
7.98479, -27.8592, 0.290245, -7.16478, 0.0687748
8.14136, -28.9687, 0.300898, -7.00822, 0.0673073
8.29792, -30.0537, 0.311322, -6.85166, 0.0658553
8.45449, -31.1141, 0.321519, -6.69511, 0.0644099
8.61105, -32.1501, 0.331491, -6.53855, 0.0629678
8.76762, -33.1615, 0.341237, -6.38199, 0.0615281
8.92418, -34.1485, 0.350757, -6.22544, 0.0600899
9.08074, -35.1109, 0.360053, -6.06888, 0.0586529
9.23731, -36.0488, 0.369123, -5.91232, 0.0572166
9.39387, -36.9622, 0.377969, -5.75576, 0.0557812
9.55044, -37.8511, 0.38659, -5.59921, 0.0543463
9.707, -38.7155, 0.394986, -5.44265, 0.0529117
9.86357, -39.5554, 0.403158, -5.28609, 0.0514776
10.0201, -40.3707, 0.411105, -5.12953, 0.0500439
10.1767, -41.1616, 0.418828, -4.97297, 0.0486104
10.3333, -41.9279, 0.426327, -4.81641, 0.0471771
10.4898, -42.6697, 0.433601, -4.65986, 0.0457441
10.6464, -43.387, 0.440651, -4.5033, 0.0443113
10.803, -44.0799, 0.447476, -4.34674, 0.0428786
10.9595, -44.7482, 0.454077, -4.19018, 0.0414461
11.1161, -45.3919, 0.460454, -4.03362, 0.0400137
11.2726, -46.0112, 0.466607, -3.87707, 0.0385815
11.4292, -46.6059, 0.472535, -3.72051, 0.0371493
11.5858, -47.1762, 0.478239, -3.56395, 0.0357173
11.7423, -47.7219, 0.483719, -3.40739, 0.0342854
11.8989, -48.2431, 0.488975, -3.25083, 0.0328535
12.0555, -48.7398, 0.494006, -3.09428, 0.0314218
12.212, -49.2121, 0.498814, -2.93772, 0.0299901
12.3686, -49.6597, 0.503397, -2.78116, 0.0285585
12.5252, -50.0829, 0.507756, -2.6246, 0.0271269
12.6817, -50.4816, 0.511891, -2.46804, 0.0256954
12.8383, -50.8557, 0.515802, -2.31149, 0.024264
12.9949, -51.2054, 0.519489, -2.15493, 0.0228326
13.1514, -51.5305, 0.522952, -1.99837, 0.0214013
13.308, -51.8311, 0.526191, -1.84181, 0.01997
13.4646, -52.1072, 0.529205, -1.68526, 0.0185388
13.6211, -52.3588, 0.531996, -1.52869, 0.0171076
13.7777, -52.5859, 0.534562, -1.37214, 0.0156764
13.9342, -52.7885, 0.536905, -1.21558, 0.0142453
14.0908, -52.9665, 0.539023, -1.05902, 0.0128143
14.2474, -53.1201, 0.540917, -0.902463, 0.0113832
14.4039, -53.2491, 0.542587, -0.745907, 0.00995222
14.5605, -53.3537, 0.544033, -0.589349, 0.00852124
14.7171, -53.4337, 0.545255, -0.432791, 0.0070903
14.8736, -53.4892, 0.546253, -0.276232, 0.00565937
15.0302, -53.5202, 0.547028, -0.119676, 0.0042285
15.1868, -53.5266, 0.547578, 0.0368843, 0.00279762
15.3433, -53.5086, 0.547904, 0.193443, 0.00136677
15.4999, -53.4661, 0.548006, 0.35, -6.40289e-05
15.6421, -53.4061, 0.538895, 0.492197, 0.00267693
15.7843, -53.326, 0.539373, 0.634406, 0.00394673
15.9265, -53.2257, 0.549333, 0.776628, 0.00380939
16.0688, -53.1051, 0.540872, 0.918825, 0.00648633
16.211, -52.9644, 0.550792, 1.06105, 0.00634899
16.3532, -52.8033, 0.543094, 1.20324, 0.00902592
16.4954, -52.6222, 0.552975, 1.34547, 0.00888859
16.6376, -52.4207, 0.554337, 1.48767, 0.0101584
16.7798, -52.1989, 0.54778, 1.62987, 0.0128353
16.922, -51.9571, 0.557603, 1.77209, 0.012698
17.0643, -51.6949, 0.551807, 1.91429, 0.0153749
17.2065, -51.4126, 0.561591, 2.05651, 0.0152376
17.3487, -51.11, 0.556557, 2.19871, 0.0179145
17.4909, -50.7872, 0.559202, 2.34092, 0.0191843
17.6331, -50.4442, 0.568927, 2.48314, 0.019047
17.7753, -50.0809, 0.565035, 2.62534, 0.0217239
17.9175, -49.6975, 0.574721, 2.76756, 0.0215866
18.0598, -49.2937, 0.571591, 2.90976, 0.0242635
18.202, -48.8698, 0.575139, 3.05197, 0.0255333
18.3442, -48.4257, 0.584766, 3.19419, 0.025396
18.4864, -47.9613, 0.582778, 3.33638, 0.0280729
18.6286, -47.4767, 0.592366, 3.47861, 0.0279355
18.7708, -46.9719, 0.591139, 3.6208, 0.0306125
18.9131, -46.4468, 0.595591, 3.76301, 0.0318823
19.0553, -45.9016, 0.600223, 3.90522, 0.0331521
19.1975, -45.3361, 0.605036, 4.04743, 0.0344219
19.3397, -44.7504, 0.614526, 4.18965, 0.0342845
19.4819, -44.1444, 0.615203, 4.33185, 0.0369615
19.6241, -43.5182, 0.620557, 4.47406, 0.0382313
19.7663, -42.8718, 0.626092, 4.61627, 0.0395011
19.9086, -42.2052, 0.631808, 4.75848, 0.0407709
20.0508, -41.5184, 0.6412, 4.9007, 0.0406335
20.193, -40.8113, 0.64378, 5.0429, 0.0433105
20.3352, -40.084, 0.650038, 5.18511, 0.0445803
20.4774, -39.3365, 0.656476, 5.32731, 0.04585
20.6196, -38.5688, 0.663094, 5.46953, 0.0471199
20.7618, -37.7808, 0.669893, 5.61173, 0.0483897
20.9041, -36.9726, 0.676873, 5.75394, 0.0496594
21.0463, -36.1442, 0.686129, 5.89617, 0.0495221
21.1885, -35.2956, 0.693269, 6.03838, 0.0507919
21.3307, -34.4268, 0.700591, 6.18059, 0.0520617
21.4729, -33.5377, 0.708093, 6.32279, 0.0533315
21.6151, -32.6284, 0.715775, 6.465, 0.0546013
21.7574, -31.6988, 0.723638, 6.60721, 0.0558711
21.8996, -30.7491, 0.730749, 6.74941, 0.0586069
22.0418, -29.7791, 0.739143, 6.89161, 0.0599553
22.184, -28.7889, 0.747803, 7.03383, 0.0611248
22.3262, -27.7784, 0.756576, 7.17603, 0.0624808
22.4684, -26.7478, 0.765553, 7.31821, 0.0638465
22.6106, -25.7025, 0.774707, 7.31044, 0.0642324
22.7529, -24.673, 0.783756, 7.16825, 0.0630197
22.8951, -23.6637, 0.79263, 7.02604, 0.0617769
23.0373, -22.6746, 0.801327, 6.88383, 0.060525
23.1795, -21.7057, 0.809845, 6.74163, 0.0592686
23.3217, -20.7571, 0.818184, 6.59941, 0.0580095
23.4639, -19.8286, 0.826344, 6.4572, 0.0567486
23.6061, -18.9204, 0.834325, 6.31499, 0.0554864
23.7484, -18.0325, 0.842126, 6.17279, 0.0542234
23.8906, -17.1647, 0.849748, 6.03058, 0.0529595
24.0328, -16.3172, 0.85719, 5.88836, 0.051695
24.175, -15.4899, 0.864452, 5.74615, 0.0504301
24.3172, -14.6828, 0.871534, 5.60395, 0.0491648
24.4594, -13.896, 0.878436, 5.46174, 0.0478991
24.6017, -13.1293, 0.885158, 5.31953, 0.0466331
24.7439, -12.3829, 0.891699, 5.17732, 0.0453669
24.8861, -11.6567, 0.898061, 5.03511, 0.0441005
25.0283, -10.9508, 0.904243, 4.8929, 0.0428338
25.1705, -10.2651, 0.910244, 4.75069, 0.041567
25.3127, -9.59954, 0.916066, 4.60848, 0.0403
25.4549, -8.95426, 0.921707, 4.46627, 0.0390329
25.5972, -8.3292, 0.927168, 4.32406, 0.0377656
25.7394, -7.72437, 0.932449, 4.18185, 0.0364983
25.8816, -7.13975, 0.937549, 4.03964, 0.0352308
26.0238, -6.57537, 0.942469, 3.89744, 0.0339632
26.166, -6.03121, 0.947209, 3.75522, 0.0326956
26.3082, -5.50727, 0.951769, 3.61302, 0.0314279
26.4505, -5.00356, 0.956148, 3.47081, 0.03016
26.5927, -4.52007, 0.960347, 3.3286, 0.0288922
26.7349, -4.0568, 0.964366, 3.18639, 0.0276242
26.8771, -3.61376, 0.968204, 3.04418, 0.0263562
27.0193, -3.19094, 0.971863, 2.90197, 0.0250881
27.1615, -2.78835, 0.97534, 2.75976, 0.02382
27.3037, -2.40599, 0.978638, 2.61755, 0.0225518
27.446, -2.04385, 0.981755, 2.47534, 0.0212836
27.5882, -1.70193, 0.984691, 2.33313, 0.0200153
27.7304, -1.38023, 0.987448, 2.19092, 0.018747
27.8726, -1.07877, 0.990024, 2.04871, 0.0174787
28.0148, -0.797523, 0.992419, 1.9065, 0.0162103
28.157, -0.536499, 0.994634, 1.76429, 0.0149419
28.2992, -0.295704, 0.996669, 1.62208, 0.0136734
28.4415, -0.0751266, 0.998523, 1.47987, 0.0124049
28.5837, 0.125214, 1.0002, 1.33766, 0.0111364
28.7259, 0.30534, 1.00169, 1.19546, 0.00986783
28.8681, 0.465244, 1.003, 1.05325, 0.00859925
29.0103, 0.604912, 1.00414, 0.911037, 0.00733065
29.1525, 0.724369, 1.00509, 0.768828, 0.00606202
29.2948, 0.823601, 1.00586, 0.626619, 0.00479337
29.437, 0.902592, 1.00645, 0.484407, 0.00352467
29.5792, 0.961372, 1.00686, 0.342199, 0.00225597
29.7214, 0.999935, 1.00709, 0.19999, 0.000987248
