4.23852, 0
0, 0, 0, 0.5, 0
0.0113924, 0.0065437, -0.000486984, 0.507075, 0.0087773
0.0227849, 0.0131667, -0.000871661, 0.514153, 0.0175471
0.0341773, 0.019869, -0.0011541, 0.521233, 0.0263093
0.0455697, 0.0266507, -0.00133433, 0.528316, 0.0350634
0.0569622, 0.0335117, -0.00141232, 0.535403, 0.0438089
0.0683546, 0.0404521, -0.00138816, 0.542492, 0.0525455
0.079747, 0.0474717, -0.00126173, 0.549585, 0.0612726
0.0911395, 0.0545706, -0.00103317, 0.556681, 0.0699897
0.102532, 0.0617487, -0.000702443, 0.563782, 0.0786963
0.113924, 0.0690061, -0.000269588, 0.570886, 0.0873917
0.125317, 0.0763426, 0.000265394, 0.577994, 0.0960753
0.136709, 0.0837584, 0.000902433, 0.585106, 0.104746
0.148102, 0.0912533, 0.00164158, 0.592223, 0.113404
0.159494, 0.0988274, 0.00248271, 0.599345, 0.122048
0.170886, 0.106481, 0.00342585, 0.606472, 0.130677
0.182279, 0.114213, 0.00447098, 0.613604, 0.13929
0.193671, 0.122024, 0.0056181, 0.620742, 0.147886
0.205064, 0.129914, 0.00686702, 0.627885, 0.156464
0.216456, 0.137884, 0.00821785, 0.635035, 0.165023
0.227849, 0.145932, 0.00967049, 0.642192, 0.173561
0.239241, 0.154059, 0.0112249, 0.649356, 0.182076
0.250634, 0.162264, 0.012881, 0.656527, 0.190568
0.262026, 0.170549, 0.0146388, 0.663706, 0.199035
0.273418, 0.178912, 0.0164981, 0.670894, 0.207474
0.284811, 0.187354, 0.018459, 0.678091, 0.215883
0.296203, 0.195874, 0.0205213, 0.685297, 0.22426
0.307596, 0.204473, 0.0226849, 0.692514, 0.232603
0.318988, 0.21315, 0.0249497, 0.699742, 0.240907
0.330381, 0.221906, 0.0273157, 0.706982, 0.249171
0.341773, 0.230739, 0.0297827, 0.714234, 0.25739
0.353165, 0.23965, 0.0323506, 0.7215, 0.26556
0.364558, 0.24864, 0.0350191, 0.72878, 0.273677
0.37595, 0.257706, 0.0377882, 0.736076, 0.281735
0.387343, 0.266851, 0.0406576, 0.743389, 0.289729
0.398735, 0.276072, 0.0436271, 0.750719, 0.297651
0.410128, 0.28537, 0.0466964, 0.758069, 0.305495
0.42152, 0.294745, 0.0498653, 0.76544, 0.313251
0.432912, 0.304197, 0.0531332, 0.772833, 0.320909
0.444305, 0.313724, 0.0565, 0.780251, 0.328458
0.455697, 0.323326, 0.059965, 0.787694, 0.335884
0.46709, 0.333004, 0.0635277, 0.795164, 0.343172
0.478482, 0.342755, 0.0671874, 0.802665, 0.350304
0.489875, 0.352581, 0.0709434, 0.810196, 0.357259
0.501267, 0.362478, 0.0747946, 0.817761, 0.364011
0.512659, 0.372448, 0.07874, 0.82536, 0.370533
0.524052, 0.382488, 0.0827781, 0.832994, 0.376788
0.535444, 0.392597, 0.0869072, 0.840664, 0.382737
0.546837, 0.402773, 0.0911252, 0.848367, 0.388331
0.558229, 0.413015, 0.0954295, 0.856102, 0.393513
0.569622, 0.423319, 0.0998167, 0.863861, 0.398216
0.581014, 0.433684, 0.104283, 0.871632, 0.402361
0.592406, 0.444106, 0.108822, 0.8794, 0.405856
0.603799, 0.45458, 0.113429, 0.887138, 0.4086
0.615191, 0.465104, 0.118095, 0.894808, 0.410482
0.626584, 0.475671, 0.122808, 0.902357, 0.411382
0.637976, 0.486279, 0.127558, 0.909718, 0.41119
0.649369, 0.496921, 0.132328, 0.916806, 0.40981
0.660761, 0.507593, 0.137102, 0.923522, 0.407178
0.672154, 0.518292, 0.141859, 0.929765, 0.403279
0.683546, 0.529016, 0.146582, 0.935437, 0.398151
0.694938, 0.539761, 0.151249, 0.94046, 0.391883
0.706331, 0.550526, 0.155844, 0.944782, 0.384603
0.717723, 0.561308, 0.160352, 0.948381, 0.376464
0.729116, 0.572106, 0.164759, 0.951261, 0.367623
0.740508, 0.582916, 0.169058, 0.95345, 0.358221
0.7519, 0.593735, 0.17324, 0.954989, 0.348389
0.763293, 0.60456, 0.1773, 0.955925, 0.338231
0.774685, 0.615387, 0.181236, 0.956312, 0.327833
0.786078, 0.626211, 0.185044, 0.956198, 0.317262
0.79747, 0.63703, 0.188724, 0.955633, 0.30657
0.808863, 0.647838, 0.192275, 0.95466, 0.295798
0.820255, 0.658633, 0.195696, 0.95332, 0.284975
0.831648, 0.669412, 0.198988, 0.951648, 0.274125
0.84304, 0.68017, 0.20215, 0.949676, 0.263264
0.854432, 0.690905, 0.205183, 0.947432, 0.252406
0.865825, 0.701615, 0.208088, 0.944941, 0.241559
0.877217, 0.712296, 0.210865, 0.942226, 0.230731
0.88861, 0.722947, 0.213515, 0.939305, 0.219927
0.900002, 0.733564, 0.216038, 0.936197, 0.20915
0.911395, 0.744147, 0.218435, 0.932915, 0.198402
0.922787, 0.754693, 0.220707, 0.929476, 0.187686
0.934179, 0.765201, 0.222854, 0.925889, 0.177002
0.945572, 0.775668, 0.224876, 0.922167, 0.16635
0.956964, 0.786094, 0.226775, 0.918319, 0.155731
0.968357, 0.796477, 0.228551, 0.914355, 0.145145
0.979749, 0.806815, 0.230203, 0.910282, 0.134591
0.991142, 0.817108, 0.231734, 0.906107, 0.124069
1.00253, 0.827354, 0.233143, 0.901838, 0.113577
1.01393, 0.837551, 0.234431, 0.897479, 0.103116
1.02532, 0.8477, 0.235599, 0.893037, 0.0926848
1.03671, 0.857799, 0.236646, 0.888516, 0.0822818
1.0481, 0.867847, 0.237573, 0.883921, 0.0719073
1.0595, 0.877844, 0.23838, 0.879257, 0.0615595
1.07089, 0.887788, 0.239069, 0.874526, 0.0512383
1.08228, 0.897678, 0.239638, 0.869733, 0.0409427
1.09367, 0.907515, 0.24009, 0.864881, 0.0306716
1.10507, 0.917297, 0.240423, 0.859973, 0.0204247
1.11646, 0.927023, 0.240639, 0.855012, 0.010201
1.12785, 0.936694, 0.240737, 0.85, -1.49012e-07
1.15896, 0.962794, 0.24108, 0.827775, 0.0217638
1.19006, 0.988181, 0.24208, 0.805549, 0.0435265
1.22117, 1.01291, 0.24379, 0.783288, 0.0652547
1.25228, 1.03691, 0.246141, 0.761035, 0.0869901
1.28338, 1.06026, 0.249204, 0.738744, 0.108687
1.31449, 1.08289, 0.252915, 0.716456, 0.130386
1.3456, 1.10483, 0.257309, 0.694145, 0.152063
1.3767, 1.12607, 0.262376, 0.67182, 0.173724
1.40781, 1.14663, 0.268119, 0.649476, 0.195366
1.43892, 1.16647, 0.274526, 0.62712, 0.216995
1.47002, 1.18563, 0.281611, 0.604741, 0.238601
1.50113, 1.2041, 0.289377, 0.582336, 0.260181
1.53224, 1.22187, 0.297805, 0.559919, 0.281746
1.56335, 1.23893, 0.306897, 0.537484, 0.303294
1.59445, 1.2553, 0.316671, 0.515019, 0.32481
1.62556, 1.27097, 0.327108, 0.492535, 0.346307
1.65667, 1.28595, 0.338215, 0.470025, 0.367776
1.68777, 1.30022, 0.349988, 0.447491, 0.38922
1.71888, 1.31379, 0.362433, 0.424926, 0.410632
1.74999, 1.32665, 0.375537, 0.402339, 0.43202
1.78109, 1.33882, 0.389307, 0.379722, 0.453376
1.8122, 1.35027, 0.403739, 0.357074, 0.4747
1.84331, 1.36103, 0.418842, 0.334386, 0.495981
1.87441, 1.37108, 0.434595, 0.311676, 0.517238
1.90552, 1.38042, 0.451015, 0.288921, 0.538447
1.93663, 1.38906, 0.468097, 0.266123, 0.559612
1.96773, 1.39697, 0.48583, 0.243293, 0.580739
1.99884, 1.40419, 0.504223, 0.220415, 0.601816
2.02995, 1.41069, 0.523273, 0.197486, 0.622837
2.06105, 1.41648, 0.542974, 0.17451, 0.643807
2.09216, 1.42155, 0.563326, 0.15148, 0.664718
2.12327, 1.4259, 0.584327, 0.128393, 0.685565
2.15437, 1.42953, 0.605974, 0.105246, 0.706345
2.18548, 1.43245, 0.628272, 0.082022, 0.727041
2.21659, 1.43463, 0.651206, 0.0587353, 0.747665
2.24769, 1.4361, 0.674785, 0.0353631, 0.768192
2.2788, 1.43684, 0.699, 0.0119042, 0.788621
2.30991, 1.43684, 0.723846, -0.0116432, 0.808946
2.34101, 1.43611, 0.749323, -0.035298, 0.829147
2.37212, 1.43464, 0.775429, -0.0590703, 0.84921
2.40323, 1.43243, 0.802154, -0.0829661, 0.869125
2.43433, 1.42948, 0.829496, -0.107005, 0.888867
2.46544, 1.42577, 0.857452, -0.13121, 0.908405
2.49655, 1.42131, 0.88601, -0.155591, 0.927723
2.52765, 1.41609, 0.915166, -0.180184, 0.946772
2.55876, 1.4101, 0.94491, -0.205011, 0.965513
2.58987, 1.40333, 0.975231, -0.230114, 0.983882
2.62097, 1.39578, 1.00612, -0.255538, 1.0018
2.65208, 1.38743, 1.03755, -0.281343, 1.01917
2.68319, 1.37827, 1.06951, -0.307615, 1.03583
2.71429, 1.36829, 1.10198, -0.334441, 1.05157
2.7454, 1.35746, 1.13492, -0.361963, 1.06606
2.77651, 1.34576, 1.16829, -0.390335, 1.0788
2.80761, 1.33316, 1.20201, -0.419734, 1.08891
2.83872, 1.31964, 1.23599, -0.45024, 1.09481
2.86983, 1.30515, 1.27005, -0.481215, 1.09365
2.90093, 1.28972, 1.30391, -0.509502, 1.08137
2.93204, 1.27355, 1.3372, -0.528515, 1.05716
2.96315, 1.25697, 1.36962, -0.53546, 1.02702
2.99425, 1.24032, 1.40109, -0.533633, 0.996024
3.02536, 1.22383, 1.4316, -0.526518, 0.965768
3.05647, 1.2076, 1.46118, -0.516153, 0.936448
3.08757, 1.19174, 1.48986, -0.503666, 0.907963
3.11868, 1.17628, 1.51767, -0.489709, 0.880167
3.14979, 1.16128, 1.54463, -0.474678, 0.852935
3.1809, 1.14676, 1.57074, -0.458836, 0.826165
3.212, 1.13274, 1.59603, -0.442359, 0.79978
3.24311, 1.11924, 1.6205, -0.425375, 0.773721
3.27422, 1.10628, 1.64417, -0.407975, 0.747936
3.30532, 1.09387, 1.66704, -0.390228, 0.722389
3.33643, 1.08201, 1.68911, -0.372187, 0.697047
3.36754, 1.07071, 1.71041, -0.353897, 0.671886
3.39864, 1.05999, 1.73092, -0.33539, 0.646884
3.42975, 1.04985, 1.75065, -0.316693, 0.622023
3.46086, 1.04029, 1.76962, -0.29783, 0.597288
3.49196, 1.03132, 1.78781, -0.278819, 0.572667
3.52307, 1.02295, 1.80524, -0.259675, 0.548149
3.55418, 1.01517, 1.82192, -0.240413, 0.523724
3.58528, 1.00799, 1.83783, -0.221043, 0.499384
3.61639, 1.00142, 1.85299, -0.201576, 0.475122
3.6475, 0.99545, 1.86739, -0.182019, 0.450931
3.6786, 0.990094, 1.88104, -0.162381, 0.426807
3.70971, 0.985349, 1.89394, -0.142669, 0.402744
3.74082, 0.981218, 1.9061, -0.122888, 0.378738
3.77192, 0.977705, 1.9175, -0.103042, 0.354783
3.80303, 0.974808, 1.92817, -0.0831378, 0.330879
3.83414, 0.972533, 1.93809, -0.0631782, 0.307019
3.86524, 0.970879, 1.94727, -0.0431675, 0.283204
3.89635, 0.969848, 1.95571, -0.0231084, 0.259428
3.92746, 0.969441, 1.96341, -0.00300503, 0.23569
3.95856, 0.969661, 1.97037, 0.0171408, 0.211989
3.98967, 0.970508, 1.9766, 0.0373262, 0.188321
4.02078, 0.971984, 1.98209, 0.0575491, 0.164685
4.05188, 0.974089, 1.98685, 0.0778071, 0.141079
4.08299, 0.976825, 1.99087, 0.0980986, 0.117501
4.1141, 0.980193, 1.99416, 0.118422, 0.0939514
4.1452, 0.984193, 1.99671, 0.138775, 0.070427
4.17631, 0.988826, 1.99854, 0.159156, 0.0469277
4.20742, 0.994094, 1.99963, 0.179564, 0.0234514
4.23852, 0.999998, 2, 0.199998, -2.26498e-06
