2.42506, 0
0, 0, 0, 0.5, 0
0.0115619, 0.00625578, 0.000359418, 0.494408, 0.0100977
0.0231239, 0.0124467, 0.000835777, 0.488817, 0.0201952
0.0346858, 0.0185727, 0.00142891, 0.483226, 0.0302923
0.0462478, 0.0246339, 0.00213896, 0.477636, 0.0403892
0.0578097, 0.03063, 0.00296586, 0.472047, 0.0504857
0.0693717, 0.0365613, 0.00390959, 0.466458, 0.0605818
0.0809336, 0.0424277, 0.00497017, 0.46087, 0.0706776
0.0924955, 0.0482292, 0.0061476, 0.455282, 0.0807731
0.104057, 0.0539659, 0.0074419, 0.449695, 0.0908681
0.115619, 0.0596375, 0.00885303, 0.444109, 0.100963
0.127181, 0.0652443, 0.010381, 0.438524, 0.111057
0.138743, 0.0707862, 0.0120258, 0.432939, 0.121151
0.150305, 0.0762631, 0.0137875, 0.427355, 0.131244
0.161867, 0.0816752, 0.0156661, 0.421772, 0.141337
0.173429, 0.0870223, 0.0176614, 0.41619, 0.151429
0.184991, 0.0923046, 0.0197736, 0.410609, 0.161521
0.196553, 0.0975219, 0.0220027, 0.405029, 0.171612
0.208115, 0.102674, 0.0243486, 0.39945, 0.181703
0.219677, 0.107762, 0.0268113, 0.393872, 0.191793
0.231239, 0.112784, 0.0293909, 0.388295, 0.201883
0.242801, 0.117742, 0.0320873, 0.38272, 0.211971
0.254363, 0.122635, 0.0349005, 0.377145, 0.22206
0.265925, 0.127463, 0.0378306, 0.371573, 0.232147
0.277487, 0.132225, 0.0408774, 0.366001, 0.242233
0.289049, 0.136923, 0.0440411, 0.360431, 0.252319
0.300611, 0.141556, 0.0473217, 0.354862, 0.262404
0.312172, 0.146124, 0.050719, 0.349296, 0.272488
0.323734, 0.150628, 0.0542332, 0.343731, 0.282571
0.335296, 0.155066, 0.0578641, 0.338168, 0.292652
0.346858, 0.159439, 0.0616119, 0.332606, 0.302733
0.35842, 0.163747, 0.0654764, 0.327047, 0.312813
0.369982, 0.167991, 0.0694578, 0.321491, 0.322891
0.381544, 0.172169, 0.0735559, 0.315936, 0.332968
0.393106, 0.176283, 0.0777708, 0.310384, 0.343043
0.404668, 0.180331, 0.0821025, 0.304835, 0.353117
0.41623, 0.184315, 0.086551, 0.299289, 0.363189
0.427792, 0.188233, 0.0911162, 0.293746, 0.37326
0.439354, 0.192087, 0.0957982, 0.288206, 0.383328
0.450916, 0.195875, 0.100597, 0.28267, 0.393395
0.462478, 0.199599, 0.105512, 0.277138, 0.403459
0.47404, 0.203258, 0.110545, 0.27161, 0.413521
0.485602, 0.206851, 0.115694, 0.266087, 0.42358
0.497164, 0.21038, 0.120959, 0.260568, 0.433637
0.508725, 0.213843, 0.126341, 0.255055, 0.44369
0.520287, 0.217242, 0.13184, 0.249548, 0.453741
0.531849, 0.220575, 0.137456, 0.244047, 0.463787
0.543411, 0.223843, 0.143188, 0.238552, 0.47383
0.554973, 0.227046, 0.149037, 0.233066, 0.483868
0.566535, 0.230184, 0.155002, 0.227588, 0.493901
0.578097, 0.233257, 0.161084, 0.222119, 0.503929
0.589659, 0.236265, 0.167283, 0.21666, 0.513952
0.601221, 0.239208, 0.173597, 0.211212, 0.523967
0.612783, 0.242085, 0.180029, 0.205777, 0.533975
0.624345, 0.244897, 0.186576, 0.200356, 0.543976
0.635907, 0.247644, 0.19324, 0.194951, 0.553966
0.647469, 0.250325, 0.20002, 0.189564, 0.563947
0.659031, 0.252941, 0.206917, 0.184197, 0.573915
0.670593, 0.255491, 0.213929, 0.178853, 0.58387
0.682155, 0.257976, 0.221057, 0.173535, 0.593809
0.693717, 0.260395, 0.228301, 0.168247, 0.60373
0.705279, 0.262748, 0.23566, 0.162995, 0.613629
0.716841, 0.265035, 0.243135, 0.157784, 0.623504
0.728402, 0.267256, 0.250725, 0.152623, 0.633348
0.739964, 0.269411, 0.258429, 0.147519, 0.643157
0.751526, 0.271499, 0.266248, 0.142484, 0.652923
0.763088, 0.273519, 0.27418, 0.137534, 0.662636
0.77465, 0.275473, 0.282225, 0.132687, 0.672284
0.786212, 0.277358, 0.290381, 0.127969, 0.68185
0.797774, 0.279175, 0.298648, 0.123413, 0.69131
0.809336, 0.280921, 0.307024, 0.119066, 0.700632
0.820898, 0.282597, 0.315505, 0.114988, 0.709773
0.83246, 0.284201, 0.324088, 0.111268, 0.718667
0.844022, 0.28573, 0.332768, 0.108027, 0.727222
0.855584, 0.287184, 0.341534, 0.105437, 0.7353
0.867146, 0.28856, 0.350377, 0.10373, 0.742701
0.878708, 0.28986, 0.359276, 0.103202, 0.749147
0.89027, 0.291089, 0.368209, 0.104181, 0.754286
0.901832, 0.292266, 0.377147, 0.106912, 0.757759
0.913393, 0.293419, 0.386062, 0.111426, 0.759323
0.924955, 0.294586, 0.394933, 0.117475, 0.758971
0.936517, 0.295806, 0.403746, 0.124646, 0.756911
0.948079, 0.297103, 0.412496, 0.132526, 0.753449
0.959641, 0.298496, 0.421177, 0.140792, 0.748892
0.971203, 0.299993, 0.429786, 0.149233, 0.743489
0.982765, 0.301598, 0.43832, 0.15772, 0.737434
0.994327, 0.30331, 0.446775, 0.166177, 0.730867
1.00589, 0.30513, 0.455148, 0.174564, 0.723894
1.01745, 0.307055, 0.463437, 0.18286, 0.716592
1.02901, 0.309085, 0.471638, 0.191055, 0.709022
1.04057, 0.311216, 0.479751, 0.199148, 0.701227
1.05214, 0.313448, 0.487773, 0.20714, 0.693243
1.0637, 0.315778, 0.495702, 0.215034, 0.685097
1.07526, 0.318204, 0.503537, 0.222835, 0.676812
1.08682, 0.320725, 0.511276, 0.230548, 0.668406
1.09838, 0.32334, 0.518919, 0.238178, 0.659894
1.10995, 0.326048, 0.526463, 0.24573, 0.651288
1.12151, 0.328846, 0.533908, 0.25321, 0.642597
1.13307, 0.331734, 0.541253, 0.260621, 0.633833
1.14463, 0.33471, 0.548497, 0.267969, 0.625
1.15744, 0.338368, 0.556567, 0.272852, 0.636742
1.17024, 0.342085, 0.564788, 0.277805, 0.648452
1.18305, 0.345861, 0.573159, 0.282831, 0.660128
1.19585, 0.349698, 0.58168, 0.287933, 0.671768
1.20865, 0.353597, 0.590351, 0.293115, 0.68337
1.22146, 0.357557, 0.599171, 0.298381, 0.694932
1.23426, 0.361581, 0.60814, 0.303735, 0.706449
1.24707, 0.36567, 0.617256, 0.309181, 0.71792
1.25987, 0.369825, 0.62652, 0.314724, 0.72934
1.27267, 0.374047, 0.635931, 0.320369, 0.740707
1.28548, 0.378338, 0.645487, 0.326122, 0.752015
1.29828, 0.382698, 0.655189, 0.331989, 0.763261
1.31109, 0.387129, 0.665035, 0.337974, 0.774439
1.32389, 0.391633, 0.675025, 0.344087, 0.785544
1.3367, 0.396212, 0.685157, 0.350333, 0.796568
1.3495, 0.400867, 0.695431, 0.356721, 0.807506
1.3623, 0.405599, 0.705845, 0.363259, 0.81835
1.37511, 0.410412, 0.716397, 0.369957, 0.829089
1.38791, 0.415307, 0.727088, 0.376824, 0.839714
1.40072, 0.420286, 0.737914, 0.383871, 0.850214
1.41352, 0.425351, 0.748875, 0.391109, 0.860575
1.42633, 0.430505, 0.759969, 0.398551, 0.870784
1.43913, 0.435751, 0.771192, 0.40621, 0.880822
1.45193, 0.441092, 0.782544, 0.4141, 0.89067
1.46474, 0.44653, 0.794022, 0.422237, 0.900306
1.47754, 0.452069, 0.805622, 0.430635, 0.909704
1.49035, 0.457712, 0.817341, 0.439311, 0.918835
1.50315, 0.463463, 0.829177, 0.448283, 0.927664
1.51596, 0.469325, 0.841123, 0.457567, 0.936152
1.52876, 0.475303, 0.853177, 0.467179, 0.944253
1.54156, 0.481402, 0.865332, 0.477135, 0.951916
1.55437, 0.487624, 0.877583, 0.487445, 0.959079
1.56717, 0.493976, 0.889922, 0.498118, 0.965676
1.57998, 0.500461, 0.902342, 0.509155, 0.97163
1.59278, 0.507085, 0.914833, 0.520549, 0.97686
1.60558, 0.513852, 0.927387, 0.53228, 0.981275
1.61839, 0.520767, 0.939992, 0.544313, 0.984785
1.63119, 0.527832, 0.952635, 0.556596, 0.9873
1.644, 0.535052, 0.965303, 0.569059, 0.988738
1.6568, 0.542428, 0.977981, 0.581612, 0.989036
1.66961, 0.549961, 0.990656, 0.594153, 0.98815
1.68241, 0.557651, 1.00331, 0.606569, 0.986067
1.69521, 0.565496, 1.01593, 0.61875, 0.982805
1.70802, 0.573492, 1.0285, 0.630593, 0.978412
1.72082, 0.581636, 1.041, 0.642011, 0.972961
1.73363, 0.589922, 1.05343, 0.652939, 0.966543
1.74643, 0.598343, 1.06577, 0.663331, 0.959258
1.75924, 0.606893, 1.07801, 0.673164, 0.951208
1.77204, 0.615565, 1.09014, 0.682432, 0.942491
1.78484, 0.624352, 1.10216, 0.691141, 0.9332
1.79765, 0.633247, 1.11405, 0.69931, 0.923416
1.81045, 0.642243, 1.12582, 0.706961, 0.913211
1.82326, 0.651334, 1.13745, 0.714122, 0.902648
1.83606, 0.660514, 1.14894, 0.720823, 0.891779
1.84887, 0.669777, 1.16029, 0.727093, 0.880651
1.86167, 0.679117, 1.1715, 0.732961, 0.8693
1.87447, 0.688531, 1.18256, 0.738456, 0.85776
1.88728, 0.698013, 1.19347, 0.743603, 0.846058
1.90008, 0.707559, 1.20424, 0.748428, 0.834216
1.91289, 0.717165, 1.21484, 0.752953, 0.822255
1.92569, 0.726827, 1.2253, 0.757199, 0.810189
1.93849, 0.736543, 1.2356, 0.761186, 0.798034
1.9513, 0.746307, 1.24574, 0.764931, 0.7858
1.9641, 0.756119, 1.25572, 0.76845, 0.773499
1.97691, 0.765974, 1.26555, 0.77176, 0.761138
1.98971, 0.775871, 1.27522, 0.774872, 0.748726
2.00252, 0.785806, 1.28473, 0.7778, 0.736268
2.01532, 0.795779, 1.29408, 0.780555, 0.723769
2.02812, 0.805785, 1.30327, 0.783148, 0.711236
2.04093, 0.815823, 1.3123, 0.785588, 0.698672
2.05373, 0.825893, 1.32116, 0.787884, 0.68608
2.06654, 0.83599, 1.32987, 0.790045, 0.673463
2.07934, 0.846115, 1.33841, 0.792078, 0.660825
2.09215, 0.856265, 1.34679, 0.79399, 0.648168
2.10495, 0.866439, 1.35501, 0.795787, 0.635494
2.11775, 0.876636, 1.36307, 0.797476, 0.622804
2.13056, 0.886853, 1.37097, 0.799061, 0.610101
2.14336, 0.89709, 1.3787, 0.800549, 0.597386
2.15617, 0.907346, 1.38627, 0.801944, 0.58466
2.16897, 0.917619, 1.39367, 0.80325, 0.571925
2.18178, 0.927908, 1.40091, 0.804471, 0.559181
2.19458, 0.938213, 1.40799, 0.805612, 0.54643
2.20738, 0.948532, 1.41491, 0.806676, 0.533671
2.22019, 0.958863, 1.42166, 0.807666, 0.520907
2.23299, 0.969208, 1.42825, 0.808586, 0.508138
2.2458, 0.979563, 1.43468, 0.809439, 0.495363
2.2586, 0.98993, 1.44094, 0.810227, 0.482585
2.2714, 1.00031, 1.44704, 0.810953, 0.469802
2.28421, 1.01069, 1.45297, 0.811619, 0.457016
2.29701, 1.02108, 1.45874, 0.812229, 0.444228
2.30982, 1.03148, 1.46435, 0.812783, 0.431436
2.32262, 1.04189, 1.46979, 0.813285, 0.418643
2.33543, 1.05231, 1.47507, 0.813736, 0.405848
2.34823, 1.06272, 1.48019, 0.814138, 0.393051
2.36103, 1.07315, 1.48514, 0.814493, 0.380252
2.37384, 1.08358, 1.48993, 0.814802, 0.367452
2.38664, 1.09401, 1.49455, 0.815067, 0.354652
2.39945, 1.10444, 1.49901, 0.81529, 0.34185
2.41225, 1.11488, 1.50331, 0.815472, 0.329048
2.42506, 1.12532, 1.50744, 0.815614, 0.316245
