33.3093, 0
0, 0, 0, 0.5, 0
0.174752, 0.07211, 0.000104292, 0.325252, 0.0012809
0.349504, 0.113677, 0.000432462, 0.150505, 0.0025618
0.524256, 0.124707, 0.00098447, -0.0242417, 0.00384269
0.699008, 0.105203, 0.0017603, -0.198989, 0.00512359
0.87376, 0.0551613, 0.00275996, -0.373737, 0.00640449
1.04851, -0.0254178, 0.00398346, -0.548484, 0.00768538
1.22326, -0.136534, 0.0054308, -0.723231, 0.00896628
1.39802, -0.27819, 0.007102, -0.897979, 0.0102472
1.57277, -0.450384, 0.00899704, -1.07273, 0.0115281
1.74752, -0.653112, 0.0111159, -1.24747, 0.012809
1.92227, -0.886379, 0.0134586, -1.42222, 0.0140899
2.09702, -1.15018, 0.0160251, -1.59697, 0.0153708
2.27178, -1.44453, 0.0188155, -1.77172, 0.0166517
2.44653, -1.76941, 0.0218298, -1.94646, 0.0179326
2.62128, -2.12482, 0.0250678, -2.12121, 0.0192135
2.79603, -2.51078, 0.0285297, -2.29596, 0.0204944
2.97078, -2.92727, 0.0322155, -2.47071, 0.0217753
3.14554, -3.3743, 0.036125, -2.64545, 0.0230562
3.32029, -3.85186, 0.0402585, -2.8202, 0.0243371
3.49504, -4.35997, 0.0446157, -2.99495, 0.025618
3.66979, -4.89861, 0.0491968, -3.16969, 0.0268989
3.84454, -5.46779, 0.0540018, -3.34444, 0.0281797
4.0193, -6.06751, 0.0590306, -3.51919, 0.0294606
4.19405, -6.69776, 0.0642832, -3.69394, 0.0307415
4.3688, -7.35855, 0.0697597, -3.86868, 0.0320225
4.54355, -8.04988, 0.07546, -4.04343, 0.0333033
4.71831, -8.77175, 0.0813841, -4.21818, 0.0345842
4.89306, -9.52415, 0.0875321, -4.39293, 0.0358651
5.06781, -10.3071, 0.0939039, -4.56767, 0.037146
5.24256, -11.1206, 0.1005, -4.74242, 0.0384269
5.41731, -11.9646, 0.107319, -4.91717, 0.0397078
5.59206, -12.8391, 0.114362, -5.09192, 0.0409887
5.76682, -13.7442, 0.12163, -5.26666, 0.0422696
5.94157, -14.6799, 0.129121, -5.44141, 0.0435505
6.11632, -15.646, 0.136835, -5.61616, 0.0448314
6.29107, -16.6427, 0.144774, -5.7909, 0.0461123
6.46583, -17.67, 0.152937, -5.96565, 0.0473932
6.64058, -18.7278, 0.161323, -6.1404, 0.0486741
6.81533, -19.8161, 0.169933, -6.31515, 0.049955
6.99008, -20.9349, 0.178767, -6.4899, 0.0512359
7.16483, -22.0843, 0.187825, -6.66464, 0.0525168
7.33959, -23.2642, 0.197107, -6.83939, 0.0537977
7.51434, -24.4747, 0.206612, -7.01414, 0.0550786
7.68909, -25.7157, 0.216342, -7.18889, 0.0563595
7.86384, -26.9872, 0.226295, -7.36363, 0.0576404
8.03859, -28.2893, 0.236472, -7.53838, 0.0589213
8.21335, -29.6219, 0.246873, -7.71313, 0.0602023
8.3881, -30.9851, 0.257498, -7.88788, 0.0614831
8.56285, -32.3788, 0.268347, -8.06263, 0.062764
8.7376, -33.8029, 0.279408, -8.21299, 0.0630133
8.91235, -35.2228, 0.290293, -8.03791, 0.0616111
9.08711, -36.6121, 0.300945, -7.86312, 0.0603012
9.26186, -37.971, 0.311369, -7.68838, 0.0590031
9.43661, -39.2993, 0.321567, -7.51363, 0.05771
9.61136, -40.597, 0.331539, -7.33889, 0.0564195
9.78611, -41.8642, 0.341286, -7.16414, 0.0551308
9.96087, -43.1009, 0.350808, -6.9894, 0.0538433
10.1356, -44.307, 0.360105, -6.81465, 0.0525566
10.3104, -45.4826, 0.369176, -6.63989, 0.0512706
10.4851, -46.6277, 0.378024, -6.46515, 0.0499852
10.6599, -47.7422, 0.386647, -6.2904, 0.0487001
10.8346, -48.8262, 0.395045, -6.11566, 0.0474155
11.0094, -49.8797, 0.403218, -5.94091, 0.0461311
11.1841, -50.9026, 0.411168, -5.76616, 0.044847
11.3589, -51.895, 0.418893, -5.59141, 0.0435631
11.5336, -52.8568, 0.426393, -5.41666, 0.0422794
11.7084, -53.7881, 0.43367, -5.24192, 0.0409959
11.8831, -54.6889, 0.440721, -5.06717, 0.0397125
12.0579, -55.5591, 0.447549, -4.89242, 0.0384293
12.2326, -56.3988, 0.454153, -4.71768, 0.0371462
12.4074, -57.208, 0.460532, -4.54293, 0.0358632
12.5821, -57.9866, 0.466687, -4.36818, 0.0345802
12.7569, -58.7347, 0.472618, -4.19343, 0.0332974
12.9317, -59.4522, 0.478325, -4.01869, 0.0320147
13.1064, -60.1392, 0.483807, -3.84394, 0.030732
13.2812, -60.7957, 0.489066, -3.66919, 0.0294494
13.4559, -61.4216, 0.4941, -3.49444, 0.0281668
13.6307, -62.017, 0.49891, -3.31969, 0.0268844
13.8054, -62.5819, 0.503496, -3.14495, 0.0256019
13.9802, -63.1162, 0.507858, -2.9702, 0.0243196
14.1549, -63.62, 0.511996, -2.79545, 0.0230373
14.3297, -64.0932, 0.515909, -2.62071, 0.021755
14.5044, -64.5359, 0.519599, -2.44596, 0.0204727
14.6792, -64.9481, 0.523065, -2.27121, 0.0191906
14.8539, -65.3297, 0.526306, -2.09647, 0.0179084
15.0287, -65.6808, 0.529324, -1.92172, 0.0166263
15.2034, -66.0014, 0.532117, -1.74697, 0.0153442
15.3782, -66.2914, 0.534687, -1.57222, 0.0140621
15.5529, -66.5508, 0.537032, -1.39747, 0.0127801
15.7277, -66.7798, 0.539153, -1.22273, 0.0114981
15.9024, -66.9782, 0.541051, -1.04798, 0.0102161
16.0772, -67.1461, 0.542724, -0.873234, 0.0089342
16.2519, -67.2834, 0.544173, -0.698484, 0.00765226
16.4267, -67.3902, 0.545399, -0.523739, 0.00637038
16.6014, -67.4664, 0.5464, -0.348992, 0.00508851
16.7762, -67.5122, 0.547177, -0.174244, 0.00380665
16.9509, -67.5273, 0.54773, 0.000504732, 0.00252481
17.1257, -67.512, 0.548059, 0.175253, 0.00124299
17.3005, -67.4661, 0.548165, 0.349997, -3.87845e-05
17.4605, -67.3972, 0.548594, 0.510084, 0.00112806
17.6206, -67.3028, 0.548872, 0.670169, 0.00225613
17.7807, -67.1827, 0.54933, 0.830254, 0.00338419
17.9408, -67.0369, 0.549968, 0.990338, 0.00451225
18.1009, -66.8656, 0.550788, 1.15042, 0.00564031
18.261, -66.6686, 0.551788, 1.31051, 0.00676837
18.4211, -66.446, 0.552968, 1.47059, 0.00789643
18.5812, -66.1977, 0.554329, 1.63068, 0.0090245
18.7412, -65.9239, 0.555871, 1.79076, 0.0101526
18.9013, -65.6244, 0.557593, 1.95085, 0.0112806
19.0614, -65.2993, 0.559496, 2.11093, 0.0124087
19.2215, -64.9485, 0.56158, 2.27102, 0.0135367
19.3816, -64.5721, 0.563844, 2.4311, 0.0146648
19.5417, -64.1701, 0.566288, 2.59118, 0.0157929
19.7018, -63.7425, 0.568914, 2.75127, 0.0169209
19.8619, -63.2892, 0.571719, 2.91135, 0.018049
20.022, -62.8103, 0.574706, 3.07144, 0.019177
20.182, -62.3058, 0.577873, 3.23152, 0.0203051
20.3421, -61.7757, 0.58122, 3.39161, 0.0214332
20.5022, -61.2199, 0.584749, 3.55169, 0.0225612
20.6623, -60.6385, 0.588457, 3.71178, 0.0236893
20.8224, -60.0315, 0.592347, 3.87186, 0.0248174
20.9825, -59.3988, 0.596417, 4.03195, 0.0259454
21.1426, -58.7406, 0.600667, 4.19203, 0.0270735
21.3027, -58.0566, 0.605098, 4.35211, 0.0282015
21.4628, -57.3471, 0.60971, 4.5122, 0.0293296
21.6228, -56.6119, 0.614502, 4.67228, 0.0304577
21.7829, -55.8511, 0.619475, 4.83237, 0.0315857
21.943, -55.0647, 0.624629, 4.99245, 0.0327138
22.1031, -54.2527, 0.629963, 5.15254, 0.0338419
22.2632, -53.415, 0.635478, 5.31262, 0.0349699
22.4233, -52.5517, 0.641173, 5.47271, 0.036098
22.5834, -51.6628, 0.647049, 5.63279, 0.037226
22.7435, -50.7482, 0.653105, 5.79288, 0.0383541
22.9035, -49.808, 0.659342, 5.95296, 0.0394822
23.0636, -48.8422, 0.66576, 6.11305, 0.0406102
23.2237, -47.8508, 0.672358, 6.27313, 0.0417383
23.3838, -46.8337, 0.679137, 6.43321, 0.0428663
23.5439, -45.791, 0.686096, 6.5933, 0.0439944
23.704, -44.7227, 0.693236, 6.75338, 0.0451225
23.8641, -43.6287, 0.700557, 6.91347, 0.0462505
24.0242, -42.5091, 0.708058, 7.07355, 0.0473786
24.1843, -41.3639, 0.715739, 7.23364, 0.0485067
24.3443, -40.1931, 0.723602, 7.39372, 0.0496347
24.5044, -38.9966, 0.731645, 7.55381, 0.0507628
24.6645, -37.7745, 0.739868, 7.71389, 0.0518909
24.8246, -36.5268, 0.748272, 7.87399, 0.053019
24.9847, -35.2535, 0.756857, 8.03408, 0.0541471
25.1448, -33.9545, 0.765622, 8.19421, 0.0552755
25.3049, -32.6355, 0.77459, 8.20427, 0.0562534
25.465, -31.3349, 0.78351, 8.04415, 0.0551728
25.6251, -30.06, 0.792254, 7.88407, 0.0540665
25.7851, -28.8106, 0.800821, 7.72399, 0.0529526
25.9452, -27.5869, 0.809208, 7.56389, 0.051835
26.1053, -26.3889, 0.817417, 7.40381, 0.0507154
26.2654, -25.2164, 0.825446, 7.24372, 0.0495943
26.4255, -24.0696, 0.833296, 7.08364, 0.0484723
26.5856, -22.9484, 0.840966, 6.92355, 0.0473495
26.7457, -21.8528, 0.848456, 6.76347, 0.0462261
26.9058, -20.7829, 0.855766, 6.60338, 0.0451022
27.0659, -19.7386, 0.862897, 6.4433, 0.0439779
27.2259, -18.7199, 0.869847, 6.28321, 0.0428534
27.386, -17.7268, 0.876617, 6.12313, 0.0417285
27.5461, -16.7594, 0.883207, 5.96305, 0.0406035
27.7062, -15.8176, 0.889618, 5.80296, 0.0394782
27.8663, -14.9014, 0.895847, 5.64288, 0.0383527
28.0264, -14.0109, 0.901897, 5.48279, 0.0372271
28.1865, -13.146, 0.907767, 5.32271, 0.0361014
28.3466, -12.3067, 0.913456, 5.16262, 0.0349755
28.5066, -11.493, 0.918965, 5.00254, 0.0338496
28.6667, -10.705, 0.924294, 4.84245, 0.0327235
28.8268, -9.94256, 0.929442, 4.68237, 0.0315973
28.9869, -9.20578, 0.934411, 4.52228, 0.0304711
29.147, -8.49463, 0.939198, 4.3622, 0.0293448
29.3071, -7.8091, 0.943806, 4.20212, 0.0282184
29.4672, -7.14922, 0.948233, 4.04203, 0.0270919
29.6273, -6.51494, 0.95248, 3.88195, 0.0259654
29.7874, -5.9063, 0.956547, 3.72186, 0.0248388
29.9474, -5.32328, 0.960433, 3.56178, 0.0237122
30.1075, -4.76589, 0.964139, 3.40169, 0.0225856
30.2676, -4.23414, 0.967664, 3.24161, 0.0214588
30.4277, -3.72801, 0.97101, 3.08152, 0.0203321
30.5878, -3.24751, 0.974174, 2.92144, 0.0192053
30.7479, -2.79263, 0.977159, 2.76135, 0.0180784
30.908, -2.36339, 0.979963, 2.60127, 0.0169516
31.0681, -1.95977, 0.982586, 2.44118, 0.0158247
31.2282, -1.58177, 0.985029, 2.2811, 0.0146977
31.3882, -1.22942, 0.987292, 2.12102, 0.0135708
31.5483, -0.902672, 0.989374, 1.96093, 0.0124438
31.7084, -0.601562, 0.991276, 1.80085, 0.0113168
31.8685, -0.326088, 0.992998, 1.64076, 0.0101897
32.0286, -0.0762253, 0.994539, 1.48068, 0.00906267
32.1887, 0.147995, 0.995899, 1.32059, 0.00793558
32.3488, 0.346596, 0.99708, 1.16051, 0.00680847
32.5089, 0.519562, 0.998079, 1.00042, 0.00568134
32.669, 0.666908, 0.998899, 0.840339, 0.00455418
32.829, 0.78862, 0.999537, 0.680252, 0.00342699
32.9891, 0.884712, 0.999996, 0.520169, 0.00229981
33.1492, 0.955154, 1.00027, 0.360083, 0.00117259
33.3093, 1, 1.00037, 0.2, 4.53764e-05
