26.0997, 0
0, 0, 0, 0.5, 0
0.138187, 0.0595467, 0.000101846, 0.361823, 0.00161977
0.276374, 0.0999951, 0.00042757, 0.223645, 0.00323953
0.414561, 0.121357, 0.000977035, 0.0854674, 0.0048593
0.552748, 0.123618, 0.0017504, -0.0527099, 0.00647907
0.690935, 0.106787, 0.00274758, -0.190887, 0.00809884
0.829122, 0.0708615, 0.00396858, -0.329065, 0.00971861
0.967309, 0.015843, 0.0054134, -0.467243, 0.0113384
1.1055, -0.0582703, 0.00737535, -0.60542, 0.0129077
1.24368, -0.151482, 0.0089746, -0.743598, 0.0145779
1.38187, -0.263783, 0.0110909, -0.881775, 0.0161977
1.52006, -0.395179, 0.0137034, -1.01995, 0.017767
1.65824, -0.545673, 0.0159951, -1.15813, 0.0194372
1.79643, -0.715257, 0.0187829, -1.29631, 0.021057
1.93462, -0.903939, 0.0217946, -1.43449, 0.0226768
2.07281, -1.11171, 0.02503, -1.57266, 0.0242965
2.21099, -1.33858, 0.0284894, -1.71084, 0.0259163
2.34918, -1.58455, 0.0321725, -1.84902, 0.0275361
2.48737, -1.8496, 0.0364337, -1.9872, 0.0290758
2.62555, -2.13375, 0.0405535, -2.12537, 0.0306956
2.76374, -2.437, 0.0445649, -2.26355, 0.0323954
2.90193, -2.75934, 0.0491434, -2.40173, 0.0340151
3.04011, -3.10077, 0.0542557, -2.53991, 0.0355549
3.1783, -3.46131, 0.0591605, -2.67808, 0.0372042
3.31649, -3.84093, 0.0644035, -2.81626, 0.038824
3.45468, -4.23965, 0.0698703, -2.95444, 0.0404437
3.59286, -4.65746, 0.075659, -3.09262, 0.042034
3.73105, -5.09437, 0.0815694, -3.23079, 0.0436537
3.86924, -5.55037, 0.0876137, -3.36897, 0.045303
4.00742, -6.02547, 0.0939759, -3.50715, 0.0469228
4.14561, -6.51966, 0.100422, -3.64533, 0.048593
4.2838, -7.03294, 0.107449, -3.7835, 0.0501328
4.42199, -7.56532, 0.114479, -3.92168, 0.0517526
4.56017, -8.11679, 0.121544, -4.05986, 0.0534524
4.69836, -8.68736, 0.12921, -4.19804, 0.0549921
4.83655, -9.27702, 0.136911, -4.33621, 0.0566119
4.97473, -9.88577, 0.144955, -4.47439, 0.0581699
5.11292, -10.5136, 0.152984, -4.61257, 0.0598514
5.25111, -11.1606, 0.161476, -4.75075, 0.0613997
5.38929, -11.8266, 0.169953, -4.88892, 0.0630909
5.52748, -12.5117, 0.178773, -5.0271, 0.0647107
5.66567, -13.216, 0.18788, -5.16528, 0.06628
5.80386, -13.9393, 0.197127, -5.30346, 0.067913
5.94204, -14.6817, 0.206662, -5.44163, 0.0694823
6.08023, -15.4432, 0.216335, -5.57981, 0.0711393
6.21842, -16.2238, 0.22631, -5.71799, 0.0726973
6.3566, -17.0235, 0.236463, -5.85616, 0.0743074
6.49479, -17.8423, 0.246846, -5.99434, 0.0758975
6.63298, -18.6802, 0.257435, -6.13252, 0.0775204
6.77116, -19.5372, 0.268251, -6.27069, 0.0791233
6.90935, -20.4133, 0.279289, -6.40824, 0.0804512
7.04754, -21.2909, 0.290265, -6.2825, 0.0785387
7.18573, -22.1495, 0.301002, -6.14431, 0.0768668
7.32391, -22.9891, 0.31151, -6.00615, 0.0752172
7.4621, -23.8095, 0.321791, -5.86797, 0.0735762
7.60029, -24.6108, 0.331845, -5.7298, 0.07194
7.73847, -25.3931, 0.341673, -5.59163, 0.0703069
7.87666, -26.1562, 0.351276, -5.45344, 0.0686758
8.01485, -26.9003, 0.360653, -5.31527, 0.0670463
8.15304, -27.6252, 0.369806, -5.17709, 0.0654179
8.29122, -28.3311, 0.378733, -5.03892, 0.0637904
8.42941, -29.0178, 0.387436, -4.90074, 0.0621637
8.5676, -29.6855, 0.395914, -4.76256, 0.0605375
8.70578, -30.3341, 0.404167, -4.62438, 0.0589119
8.84397, -30.9636, 0.412195, -4.48621, 0.0572867
8.98216, -31.574, 0.419999, -4.34803, 0.055662
9.12034, -32.1653, 0.427579, -4.20985, 0.0540375
9.25853, -32.7375, 0.434934, -4.07167, 0.0524132
9.39672, -33.2906, 0.442065, -3.9335, 0.0507893
9.53491, -33.8246, 0.448971, -3.79532, 0.0491656
9.67309, -34.3395, 0.455653, -3.65714, 0.0475421
9.81128, -34.8353, 0.46211, -3.51896, 0.0459188
9.94947, -35.312, 0.468344, -3.38078, 0.0442956
10.0877, -35.7697, 0.474352, -3.24261, 0.0426726
10.2258, -36.2082, 0.480137, -3.10443, 0.0410497
10.364, -36.6277, 0.485698, -2.96625, 0.039427
10.5022, -37.028, 0.491034, -2.82807, 0.0378043
10.6404, -37.4093, 0.496146, -2.6899, 0.0361818
10.7786, -37.7714, 0.501034, -2.55172, 0.0345594
10.9168, -38.1145, 0.505697, -2.41355, 0.0329371
11.055, -38.4385, 0.510136, -2.27537, 0.0313148
11.1931, -38.7433, 0.514352, -2.13719, 0.0296927
11.3313, -39.0291, 0.518343, -1.99901, 0.0280706
11.4695, -39.2958, 0.52211, -1.86083, 0.0264486
11.6077, -39.5434, 0.525652, -1.72266, 0.0248266
11.7459, -39.7719, 0.528971, -1.58448, 0.0232047
11.8841, -39.9813, 0.532066, -1.4463, 0.0215829
12.0223, -40.1716, 0.534936, -1.30812, 0.0199611
12.1605, -40.3429, 0.537582, -1.16995, 0.0183395
12.2986, -40.495, 0.540005, -1.03177, 0.0167178
12.4368, -40.628, 0.542203, -0.89359, 0.0150962
12.575, -40.7419, 0.544177, -0.755415, 0.0134746
12.7132, -40.8368, 0.545927, -0.617235, 0.0118531
12.8514, -40.9125, 0.547453, -0.479059, 0.0102316
12.9896, -40.9692, 0.548755, -0.340881, 0.00861015
13.1278, -41.0067, 0.549832, -0.202703, 0.00698875
13.266, -41.0252, 0.550686, -0.0645254, 0.00536737
13.4041, -41.0246, 0.551316, 0.0736519, 0.00374604
13.5423, -41.0049, 0.551721, 0.211828, 0.00212475
13.6805, -40.966, 0.551903, 0.350007, 0.000503468
13.8047, -40.915, 0.560095, 0.474206, -0.000459034
13.9289, -40.8483, 0.548579, 0.598366, 0.00295859
14.0531, -40.7663, 0.549337, 0.72255, 0.0043621
14.1773, -40.6688, 0.549978, 0.846734, 0.00581614
14.3015, -40.556, 0.550521, 0.970916, 0.00732069
14.4257, -40.4277, 0.551802, 1.0951, 0.0087242
14.5499, -40.284, 0.552985, 1.21928, 0.0101782
14.6741, -40.1249, 0.564183, 1.34349, 0.0097192
14.7982, -39.9504, 0.56549, 1.46767, 0.0111732
14.9224, -39.7603, 0.557617, 1.59183, 0.0145403
15.0466, -39.5549, 0.559522, 1.71602, 0.0159944
15.1708, -39.3341, 0.570492, 1.84022, 0.0155353
15.295, -39.0978, 0.563874, 1.96438, 0.0189024
15.4192, -38.8461, 0.566321, 2.08857, 0.0203565
15.5434, -38.579, 0.568948, 2.21275, 0.0218105
15.6676, -38.2965, 0.571756, 2.33693, 0.0232645
15.7918, -37.9986, 0.574745, 2.46112, 0.0247186
15.916, -37.6852, 0.577914, 2.5853, 0.0261726
16.0402, -37.3565, 0.588485, 2.70951, 0.0257136
16.1644, -37.0122, 0.584794, 2.83367, 0.0290807
16.2885, -36.6526, 0.588505, 2.95785, 0.0305347
16.4127, -36.2775, 0.592396, 3.08203, 0.0319887
16.5369, -35.8871, 0.596468, 3.20622, 0.0334428
16.6611, -35.4812, 0.600721, 3.3304, 0.0348968
16.7853, -35.0598, 0.605001, 3.45458, 0.0364014
16.9095, -34.6231, 0.609768, 3.57877, 0.0378049
17.0337, -34.1709, 0.614563, 3.70295, 0.0392589
17.1579, -33.7033, 0.619403, 3.82713, 0.0407635
17.2821, -33.2203, 0.624693, 3.95132, 0.042167
17.4063, -32.7219, 0.630029, 4.0755, 0.043621
17.5305, -32.208, 0.635546, 4.19968, 0.045075
17.6547, -31.6788, 0.64107, 4.32387, 0.0466092
17.7788, -31.1341, 0.647121, 4.44805, 0.0479831
17.903, -30.5739, 0.65318, 4.57223, 0.0494372
18.0272, -29.9984, 0.659419, 4.69642, 0.0508912
18.1514, -29.4074, 0.665754, 4.8206, 0.0523957
18.2756, -28.8011, 0.675384, 4.94481, 0.0518862
18.3998, -28.1793, 0.681927, 5.06899, 0.0533402
18.524, -27.542, 0.686181, 5.19315, 0.0567073
18.6482, -26.8893, 0.693205, 5.31733, 0.0582624
18.7724, -26.2213, 0.700562, 5.44152, 0.0596955
18.8966, -25.5378, 0.708018, 5.5657, 0.0612112
19.0208, -24.8388, 0.717351, 5.68991, 0.0606104
19.145, -24.1245, 0.723601, 5.81406, 0.0641193
19.2691, -23.3947, 0.731697, 5.93825, 0.0655116
19.3933, -22.6495, 0.739887, 6.06243, 0.0670725
19.5175, -21.8889, 0.748942, 6.18664, 0.0664265
19.6417, -21.1129, 0.75692, 6.31079, 0.0700155
19.7659, -20.3214, 0.765712, 6.43496, 0.071534
19.8901, -19.5201, 0.774667, 6.40916, 0.0718834
20.0143, -18.7319, 0.783509, 6.28499, 0.0705008
20.1385, -17.959, 0.792177, 6.1608, 0.069082
20.2627, -17.2016, 0.800668, 6.03662, 0.0676517
20.3869, -16.4596, 0.80898, 5.91244, 0.0662156
20.5111, -15.7331, 0.817115, 5.78826, 0.0647759
20.6353, -15.0219, 0.82507, 5.66408, 0.0633338
20.7595, -14.3262, 0.832846, 5.53989, 0.0618901
20.8836, -13.6459, 0.840442, 5.41571, 0.060445
21.0078, -12.981, 0.847859, 5.29153, 0.058999
21.132, -12.3316, 0.855097, 5.16734, 0.0575522
21.2562, -11.6976, 0.862154, 5.04316, 0.0561047
21.3804, -11.0789, 0.869032, 4.91898, 0.0546567
21.5046, -10.4758, 0.87573, 4.79479, 0.0532083
21.6288, -9.888, 0.882248, 4.67061, 0.0517594
21.753, -9.31566, 0.888586, 4.54642, 0.0503102
21.8772, -8.75874, 0.894744, 4.42224, 0.0488607
22.0014, -8.21725, 0.900722, 4.29806, 0.0474109
22.1256, -7.69117, 0.90652, 4.17387, 0.0459609
22.2498, -7.18052, 0.912138, 4.04969, 0.0445107
22.3739, -6.6853, 0.917576, 3.92551, 0.0430603
22.4981, -6.20549, 0.922834, 3.80132, 0.0416097
22.6223, -5.74111, 0.927911, 3.67714, 0.0401589
22.7465, -5.29215, 0.932809, 3.55296, 0.0387081
22.8707, -4.8586, 0.937526, 3.42877, 0.0372571
22.9949, -4.44049, 0.942063, 3.30459, 0.0358059
23.1191, -4.0378, 0.946419, 3.18041, 0.0343547
23.2433, -3.65054, 0.950596, 3.05622, 0.0329033
23.3675, -3.27869, 0.954592, 2.93204, 0.0314519
23.4917, -2.92226, 0.958408, 2.80786, 0.0300004
23.6159, -2.58126, 0.962044, 2.68367, 0.0285488
23.7401, -2.25568, 0.965499, 2.55949, 0.0270971
23.8643, -1.94553, 0.968774, 2.43531, 0.0256453
23.9884, -1.65079, 0.971869, 2.31112, 0.0241935
24.1126, -1.37149, 0.974783, 2.18694, 0.0227416
24.2368, -1.10759, 0.977517, 2.06276, 0.0212896
24.361, -0.859123, 0.980071, 1.93857, 0.0198376
24.4852, -0.626087, 0.982445, 1.81439, 0.0183855
24.6094, -0.408459, 0.984638, 1.69021, 0.0169334
24.7336, -0.206261, 0.986651, 1.56602, 0.0154813
24.8578, -0.0194893, 0.988483, 1.44184, 0.014029
24.982, 0.151871, 0.990135, 1.31766, 0.0125768
25.1062, 0.307793, 0.991607, 1.19347, 0.0111245
25.2304, 0.448311, 0.992899, 1.06929, 0.00967215
25.3546, 0.573395, 0.994009, 0.945107, 0.00821977
25.4787, 0.683052, 0.99494, 0.820922, 0.00676733
25.6029, 0.777298, 0.99569, 0.696739, 0.00531489
25.7271, 0.856117, 0.99626, 0.572556, 0.0038624
25.8513, 0.91951, 0.99665, 0.448373, 0.00240989
25.9755, 0.96748, 0.996859, 0.324189, 0.00095733
26.0997, 1.00003, 0.996888, 0.200005, -0.000495252
