4.08098, 0
0, 0, 0, 0.5, 0
0.0136615, 0.00659689, 0.000496565, 0.510905, 0.00818049
0.0273229, 0.0133431, 0.00110501, 0.521809, 0.0163604
0.0409844, 0.0202388, 0.00182533, 0.532712, 0.0245398
0.0546458, 0.0272838, 0.00265751, 0.543613, 0.0327185
0.0683073, 0.0344782, 0.00360155, 0.554513, 0.0408965
0.0819687, 0.041822, 0.00465746, 0.565411, 0.0490738
0.0956302, 0.0493152, 0.00582522, 0.576307, 0.0572503
0.109292, 0.0569578, 0.00710483, 0.587201, 0.0654259
0.122953, 0.0647497, 0.00849628, 0.598093, 0.0736006
0.136615, 0.0726911, 0.00999958, 0.608983, 0.0817743
0.150276, 0.0807819, 0.0116147, 0.61987, 0.0899469
0.163937, 0.0890221, 0.0133417, 0.630755, 0.0981183
0.177599, 0.0974117, 0.0151804, 0.641637, 0.106288
0.19126, 0.105951, 0.017131, 0.652515, 0.114457
0.204922, 0.114639, 0.0191933, 0.66339, 0.122624
0.218583, 0.123477, 0.0213675, 0.674261, 0.130789
0.232245, 0.132464, 0.0236533, 0.685128, 0.138953
0.245906, 0.141601, 0.026051, 0.695989, 0.147114
0.259568, 0.150887, 0.0285603, 0.706846, 0.155273
0.273229, 0.160323, 0.0311814, 0.717696, 0.163429
0.286891, 0.169908, 0.0339141, 0.72854, 0.171583
0.300552, 0.179643, 0.0367585, 0.739376, 0.179733
0.314213, 0.189527, 0.0397145, 0.750204, 0.187879
0.327875, 0.199561, 0.042782, 0.761021, 0.19602
0.341536, 0.209744, 0.045961, 0.771828, 0.204157
0.355198, 0.220077, 0.0492515, 0.782621, 0.212288
0.368859, 0.230559, 0.0526534, 0.7934, 0.220412
0.382521, 0.241191, 0.0561665, 0.804161, 0.228529
0.396182, 0.251973, 0.0597908, 0.814901, 0.236636
0.409844, 0.262905, 0.063526, 0.825616, 0.244732
0.423505, 0.273987, 0.0673721, 0.836301, 0.252815
0.437167, 0.285218, 0.0713288, 0.84695, 0.260881
0.450828, 0.2966, 0.0753957, 0.857554, 0.268928
0.464489, 0.308132, 0.0795724, 0.868102, 0.276948
0.478151, 0.319815, 0.0838583, 0.878577, 0.284937
0.491812, 0.331648, 0.0882527, 0.888959, 0.292883
0.505474, 0.343633, 0.0927542, 0.899216, 0.300773
0.519135, 0.35577, 0.0973612, 0.909301, 0.308585
0.532797, 0.36806, 0.102071, 0.919146, 0.316287
0.546458, 0.380504, 0.106879, 0.928635, 0.323827
0.56012, 0.393104, 0.111778, 0.937584, 0.331116
0.573781, 0.405862, 0.116755, 0.945671, 0.338003
0.587443, 0.41878, 0.121787, 0.952338, 0.344217
0.601104, 0.431853, 0.126833, 0.956681, 0.349304
0.614765, 0.445056, 0.131836, 0.957569, 0.352653
0.628427, 0.458324, 0.136746, 0.954383, 0.353836
0.642088, 0.471564, 0.141547, 0.947688, 0.35298
0.65575, 0.4847, 0.146255, 0.938672, 0.350585
0.669411, 0.497692, 0.150886, 0.92832, 0.347131
0.683073, 0.510519, 0.155447, 0.917234, 0.342945
0.696734, 0.523173, 0.159943, 0.905744, 0.338235
0.710396, 0.535653, 0.164372, 0.894033, 0.33313
0.724057, 0.547957, 0.168732, 0.882204, 0.327719
0.737719, 0.560086, 0.173021, 0.870314, 0.322061
0.75138, 0.572042, 0.177238, 0.858399, 0.316201
0.765041, 0.583825, 0.181378, 0.846479, 0.310169
0.778703, 0.595436, 0.185441, 0.834567, 0.303991
0.792364, 0.606878, 0.189423, 0.822672, 0.297687
0.806026, 0.61815, 0.193324, 0.810796, 0.291272
0.819687, 0.629254, 0.197141, 0.798943, 0.284759
0.833349, 0.64019, 0.200873, 0.787114, 0.278159
0.84701, 0.650961, 0.204518, 0.77531, 0.271481
0.860672, 0.661565, 0.208076, 0.763529, 0.264732
0.874333, 0.672005, 0.211545, 0.751773, 0.257918
0.887995, 0.682281, 0.214924, 0.74004, 0.251046
0.901656, 0.692393, 0.218212, 0.728329, 0.24412
0.915317, 0.702342, 0.221408, 0.71664, 0.237145
0.928979, 0.712128, 0.224511, 0.704972, 0.230124
0.94264, 0.721753, 0.227521, 0.693323, 0.223061
0.956302, 0.731215, 0.230436, 0.681694, 0.215959
0.969963, 0.740517, 0.233257, 0.670083, 0.20882
0.983625, 0.749658, 0.235982, 0.65849, 0.201646
0.997286, 0.758639, 0.238611, 0.646913, 0.194441
1.01095, 0.76746, 0.241144, 0.635352, 0.187206
1.02461, 0.776121, 0.243579, 0.623806, 0.179942
1.03827, 0.784622, 0.245917, 0.612275, 0.172652
1.05193, 0.792965, 0.248157, 0.600758, 0.165337
1.06559, 0.801149, 0.250299, 0.589255, 0.157998
1.07925, 0.809174, 0.252342, 0.577764, 0.150636
1.09292, 0.817041, 0.254285, 0.566285, 0.143253
1.10658, 0.82475, 0.256129, 0.554819, 0.13585
1.12024, 0.832301, 0.257873, 0.543363, 0.128428
1.1339, 0.839694, 0.259517, 0.531919, 0.120987
1.14756, 0.84693, 0.261061, 0.520485, 0.113529
1.16122, 0.854009, 0.262503, 0.509061, 0.106054
1.17489, 0.860931, 0.263845, 0.497647, 0.0985637
1.18855, 0.867696, 0.265085, 0.486242, 0.0910577
1.20221, 0.874304, 0.266224, 0.474846, 0.0835372
1.21587, 0.880756, 0.267261, 0.463458, 0.0760027
1.22953, 0.887051, 0.268196, 0.452079, 0.0684547
1.24319, 0.89319, 0.269029, 0.440708, 0.060894
1.25685, 0.899173, 0.269759, 0.429345, 0.0533209
1.27052, 0.905, 0.270387, 0.417989, 0.0457359
1.28418, 0.910671, 0.270912, 0.406641, 0.0381395
1.29784, 0.916187, 0.271333, 0.3953, 0.0305322
1.3115, 0.921547, 0.271652, 0.383965, 0.0229141
1.32516, 0.926751, 0.271867, 0.372637, 0.0152859
1.33882, 0.9318, 0.271979, 0.361316, 0.00764782
1.35248, 0.936694, 0.271987, 0.35, 8.9407e-08
1.37977, 0.946086, 0.272325, 0.339649, 0.0252453
1.40705, 0.955222, 0.273362, 0.329275, 0.0504811
1.43434, 0.96406, 0.275082, 0.318906, 0.0757189
1.46162, 0.972637, 0.277499, 0.308515, 0.100948
1.48891, 0.980915, 0.280598, 0.29813, 0.126179
1.51619, 0.988896, 0.284381, 0.287751, 0.151413
1.54348, 0.996581, 0.288846, 0.277376, 0.176649
1.57076, 1.00403, 0.294018, 0.266959, 0.201867
1.59805, 1.01117, 0.299871, 0.256548, 0.227088
1.62533, 1.01804, 0.306417, 0.246122, 0.252302
1.65262, 1.02459, 0.313634, 0.235725, 0.277528
1.6799, 1.03091, 0.321562, 0.225268, 0.30273
1.70719, 1.0369, 0.330162, 0.214842, 0.327944
1.73447, 1.04262, 0.339452, 0.204402, 0.353153
1.76176, 1.04805, 0.34943, 0.19395, 0.378357
1.78904, 1.0532, 0.360098, 0.183487, 0.403556
1.81633, 1.05806, 0.371452, 0.173014, 0.428751
1.84361, 1.06264, 0.383494, 0.162532, 0.453942
1.8709, 1.06694, 0.396227, 0.152025, 0.479123
1.89818, 1.07093, 0.40964, 0.14153, 0.504309
1.92547, 1.07465, 0.423743, 0.131012, 0.529485
1.95275, 1.07808, 0.438531, 0.12049, 0.554659
1.98004, 1.08121, 0.454006, 0.109949, 0.579826
2.00732, 1.08409, 0.470177, 0.099362, 0.604973
2.03461, 1.08665, 0.487025, 0.0887917, 0.630128
2.06189, 1.08894, 0.504565, 0.0781812, 0.655265
2.08918, 1.09093, 0.522788, 0.0675627, 0.680399
2.11646, 1.09262, 0.541692, 0.0569381, 0.705531
2.14375, 1.09402, 0.561281, 0.0462963, 0.730654
2.17103, 1.09514, 0.581562, 0.0356049, 0.755758
2.19832, 1.09596, 0.602522, 0.0249055, 0.780857
2.2256, 1.0965, 0.624174, 0.0141468, 0.805932
2.25289, 1.09674, 0.646507, 0.00336948, 0.830998
2.28017, 1.09668, 0.669519, -0.00742179, 0.856058
2.30746, 1.09633, 0.69322, -0.018286, 0.881087
2.33474, 1.09569, 0.717603, -0.0291915, 0.906098
2.36203, 1.09474, 0.742664, -0.0401276, 0.931095
2.38931, 1.0935, 0.768412, -0.0511586, 0.956051
2.4166, 1.09195, 0.794837, -0.0622267, 0.98099
2.44388, 1.0901, 0.821944, -0.073399, 1.00588
2.47117, 1.08794, 0.849726, -0.0846442, 1.03074
2.49845, 1.08548, 0.87819, -0.0960419, 1.05553
2.52574, 1.0827, 0.907328, -0.107578, 1.08026
2.55302, 1.07961, 0.937139, -0.119279, 1.10491
2.58031, 1.07619, 0.967621, -0.131234, 1.12943
2.60759, 1.07244, 0.99877, -0.143494, 1.15381
2.63488, 1.06835, 1.03058, -0.156246, 1.17793
2.66216, 1.06391, 1.06305, -0.169711, 1.20166
2.68945, 1.05908, 1.09615, -0.184423, 1.22463
2.71673, 1.05382, 1.12986, -0.201865, 1.24555
2.74402, 1.048, 1.16403, -0.226087, 1.25492
2.7713, 1.04161, 1.198, -0.238141, 1.23211
2.79859, 1.03512, 1.23124, -0.236581, 1.20493
2.82587, 1.02873, 1.26375, -0.231499, 1.17813
2.85316, 1.0225, 1.29554, -0.22494, 1.15164
2.88044, 1.01646, 1.3266, -0.217572, 1.12537
2.90773, 1.01063, 1.35695, -0.209693, 1.09925
2.93501, 1.00502, 1.38659, -0.201464, 1.07324
2.9623, 0.999642, 1.41552, -0.192978, 1.04731
2.98958, 0.994495, 1.44374, -0.184297, 1.02144
3.01687, 0.989587, 1.47126, -0.175463, 0.995625
3.04415, 0.984921, 1.49807, -0.166504, 0.969852
3.07144, 0.980502, 1.52418, -0.157443, 0.944115
3.09872, 0.97633, 1.54959, -0.148297, 0.918409
3.12601, 0.97241, 1.5743, -0.139077, 0.892729
3.15329, 0.968742, 1.59831, -0.129795, 0.867072
3.18058, 0.965327, 1.62162, -0.120458, 0.841434
3.20786, 0.962169, 1.64423, -0.111073, 0.815814
3.23515, 0.959266, 1.66614, -0.101646, 0.790209
3.26243, 0.956622, 1.68735, -0.0921803, 0.764619
3.28972, 0.954236, 1.70786, -0.0826811, 0.739041
3.317, 0.95211, 1.72768, -0.0731512, 0.713474
3.34429, 0.950245, 1.74679, -0.0635935, 0.687917
3.37157, 0.94864, 1.76522, -0.0540109, 0.662371
3.39886, 0.947298, 1.78294, -0.0444049, 0.636833
3.42614, 0.946217, 1.79997, -0.0347776, 0.611303
3.45343, 0.9454, 1.8163, -0.0251308, 0.58578
3.48071, 0.944846, 1.83193, -0.0154661, 0.560264
3.508, 0.944556, 1.84687, -0.00578448, 0.534755
3.53528, 0.944531, 1.86112, 0.00391272, 0.509251
3.56257, 0.94477, 1.87466, 0.0136243, 0.483753
3.58985, 0.945274, 1.88751, 0.0233495, 0.45826
3.61714, 0.946044, 1.89967, 0.0330875, 0.432772
3.64442, 0.94708, 1.91113, 0.0428373, 0.407288
3.67171, 0.948382, 1.9219, 0.0525983, 0.381809
3.69899, 0.94995, 1.93197, 0.0623699, 0.356334
3.72628, 0.951786, 1.94134, 0.0721514, 0.330862
3.75356, 0.953888, 1.95002, 0.0819423, 0.305395
3.78085, 0.956257, 1.95801, 0.0917419, 0.279931
3.80813, 0.958894, 1.9653, 0.10155, 0.254469
3.83542, 0.961799, 1.97189, 0.111366, 0.229011
3.8627, 0.964971, 1.97779, 0.12119, 0.203556
3.88999, 0.968412, 1.983, 0.131021, 0.178104
3.91727, 0.972121, 1.98751, 0.140859, 0.152654
3.94456, 0.976099, 1.99133, 0.150704, 0.127207
3.97184, 0.980345, 1.99445, 0.160555, 0.101763
3.99913, 0.98486, 1.99688, 0.170412, 0.0763197
4.02641, 0.989645, 1.99862, 0.180274, 0.0508798
4.0537, 0.994698, 1.99966, 0.190142, 0.025442
4.08098, 1.00002, 2.00001, 0.200016, 5.76302e-06
