4.48221, 0
0, 0, 0, 0.5, 0
0.0240983, 0.0118507, 0.000212318, 0.48255, 0.0166197
0.0481966, 0.0232741, 0.000818289, 0.465102, 0.0332423
0.072295, 0.0342706, 0.0018182, 0.447657, 0.0498677
0.0963933, 0.0448405, 0.00321237, 0.430215, 0.0664958
0.120492, 0.0550125, 0.0050302, 0.41275, 0.0831005
0.14459, 0.0647426, 0.00722663, 0.395301, 0.0997214
0.168688, 0.0740458, 0.00981719, 0.377854, 0.116345
0.192787, 0.0829476, 0.0128276, 0.360387, 0.132947
0.216885, 0.0914209, 0.0162305, 0.342924, 0.149553
0.240983, 0.099489, 0.0200495, 0.325441, 0.166139
0.265082, 0.107106, 0.0242377, 0.307985, 0.182752
0.28918, 0.114316, 0.0288406, 0.29051, 0.199346
0.313278, 0.121108, 0.0338456, 0.273029, 0.215934
0.337376, 0.127479, 0.0392517, 0.255542, 0.232515
0.361475, 0.133421, 0.045049, 0.23806, 0.249101
0.385573, 0.13895, 0.051255, 0.220563, 0.265671
0.409671, 0.144049, 0.0578513, 0.20307, 0.282247
0.43377, 0.148733, 0.0648538, 0.185565, 0.298809
0.457868, 0.153, 0.0722605, 0.168048, 0.315358
0.481966, 0.156835, 0.0800559, 0.150537, 0.331914
0.506065, 0.160252, 0.0882535, 0.133015, 0.348458
0.530163, 0.163253, 0.0968575, 0.115476, 0.364984
0.554261, 0.165816, 0.105843, 0.0979522, 0.381526
0.57836, 0.167972, 0.115243, 0.0803981, 0.398037
0.602458, 0.169698, 0.125034, 0.0628454, 0.414548
0.626556, 0.171003, 0.135225, 0.0452808, 0.431047
0.650655, 0.17188, 0.14581, 0.0277124, 0.447542
0.674753, 0.172338, 0.156794, 0.0101285, 0.46402
0.698851, 0.172365, 0.16817, -0.00745672, 0.480497
0.72295, 0.171975, 0.17995, -0.0250657, 0.496949
0.747048, 0.171161, 0.192126, -0.0426893, 0.513385
0.771146, 0.169913, 0.204688, -0.0603091, 0.529824
0.795245, 0.168251, 0.217658, -0.0779698, 0.546221
0.819343, 0.166152, 0.231011, -0.0956222, 0.562625
0.843441, 0.163642, 0.244774, -0.113329, 0.578972
0.86754, 0.160694, 0.25892, -0.131034, 0.59532
0.891638, 0.157323, 0.273463, -0.148771, 0.611633
0.915736, 0.153525, 0.2884, -0.166544, 0.627908
0.939835, 0.149296, 0.303726, -0.18434, 0.644157
0.963933, 0.144639, 0.319445, -0.202183, 0.660354
0.988031, 0.13955, 0.335551, -0.220065, 0.676508
1.01213, 0.134033, 0.35205, -0.238013, 0.692589
1.03623, 0.128081, 0.368934, -0.256024, 0.7086
1.06033, 0.121692, 0.386201, -0.274108, 0.724528
1.08442, 0.114867, 0.40385, -0.292298, 0.740334
1.10852, 0.107605, 0.421882, -0.310646, 0.755958
1.13262, 0.0998938, 0.440284, -0.329148, 0.771397
1.15672, 0.0917372, 0.459057, -0.347946, 0.786477
1.18082, 0.0831215, 0.478186, -0.367155, 0.801025
1.20492, 0.0740354, 0.497655, -0.387138, 0.814486
1.22901, 0.0644497, 0.517419, -0.408794, 0.824903
1.25311, 0.0543279, 0.537277, -0.428328, 0.817246
1.27721, 0.0440554, 0.556689, -0.421839, 0.794463
1.30131, 0.0340431, 0.575588, -0.408688, 0.774286
1.32541, 0.0243703, 0.594016, -0.393925, 0.755243
1.34951, 0.015063, 0.611993, -0.378449, 0.736771
1.3736, 0.00613374, 0.629529, -0.362571, 0.718643
1.3977, -0.00240958, 0.646631, -0.346436, 0.700743
1.4218, -0.010562, 0.663304, -0.330122, 0.683008
1.4459, -0.0183194, 0.679551, -0.313675, 0.665394
1.47, -0.0256791, 0.695374, -0.297127, 0.647875
1.4941, -0.0326391, 0.710777, -0.280499, 0.630433
1.51819, -0.0391977, 0.725759, -0.263806, 0.613052
1.54229, -0.0453534, 0.740324, -0.24706, 0.595724
1.56639, -0.0511048, 0.754472, -0.230269, 0.578438
1.59049, -0.0564512, 0.768203, -0.213439, 0.56119
1.61459, -0.0613917, 0.781519, -0.196575, 0.543975
1.63869, -0.0659253, 0.794421, -0.179684, 0.526789
1.66278, -0.0700514, 0.806909, -0.162766, 0.509627
1.68688, -0.0737699, 0.818984, -0.145826, 0.492487
1.71098, -0.0770798, 0.830646, -0.128866, 0.475367
1.73508, -0.0799806, 0.841895, -0.111888, 0.458266
1.75918, -0.0824722, 0.852732, -0.0948932, 0.44118
1.78328, -0.0845541, 0.863158, -0.0778839, 0.424109
1.80737, -0.0862258, 0.873173, -0.0608609, 0.407052
1.83147, -0.0874872, 0.882777, -0.0438259, 0.390007
1.85557, -0.088338, 0.89197, -0.0267795, 0.372973
1.87967, -0.088778, 0.900753, -0.00972253, 0.35595
1.90377, -0.0888066, 0.909126, 0.00734407, 0.338936
1.92787, -0.088424, 0.917089, 0.0244194, 0.321932
1.95196, -0.0876293, 0.924642, 0.0415035, 0.304935
1.97606, -0.0864235, 0.931786, 0.0585947, 0.287947
2.00016, -0.0848053, 0.93852, 0.0756939, 0.270966
2.02426, -0.0827752, 0.944845, 0.0927995, 0.253992
2.04836, -0.0803326, 0.950762, 0.109912, 0.237024
2.07246, -0.0774776, 0.956269, 0.12703, 0.220062
2.09655, -0.0742103, 0.961368, 0.144153, 0.203106
2.12065, -0.0705301, 0.966058, 0.161282, 0.186155
2.14475, -0.066437, 0.97034, 0.178416, 0.16921
2.16885, -0.0619309, 0.974214, 0.195555, 0.152269
2.19295, -0.0570118, 0.977679, 0.212699, 0.135333
2.21705, -0.0516795, 0.980736, 0.229846, 0.118401
2.24114, -0.0459337, 0.983385, 0.246998, 0.101473
2.26524, -0.039775, 0.985627, 0.264154, 0.0845498
2.28934, -0.0332025, 0.987461, 0.281313, 0.0676297
2.31344, -0.0262166, 0.988886, 0.298476, 0.0507134
2.33754, -0.0188169, 0.989905, 0.315643, 0.0338002
2.36164, -0.0110037, 0.990516, 0.332812, 0.0168908
2.38573, -0.0027765, 0.990719, 0.349984, -1.57207e-05
2.4067, 0.00327102, 0.991588, 0.35812, 0.0192676
2.42766, 0.00947204, 0.992844, 0.366238, 0.0385331
2.44863, 0.0158442, 0.994504, 0.374356, 0.0577964
2.46959, 0.0223874, 0.99657, 0.382471, 0.0770574
2.49056, 0.0291016, 0.99904, 0.390585, 0.096316
2.51152, 0.0359869, 1.00191, 0.398697, 0.115572
2.53249, 0.0430434, 1.00519, 0.406808, 0.134825
2.55345, 0.0502709, 1.00888, 0.414916, 0.154075
2.57442, 0.0576697, 1.01297, 0.423022, 0.173322
2.59538, 0.0652395, 1.01746, 0.431126, 0.192565
2.61635, 0.0729806, 1.02236, 0.439227, 0.211804
2.63731, 0.0808928, 1.02767, 0.447326, 0.23104
2.65828, 0.0889762, 1.03337, 0.455421, 0.250271
2.67924, 0.0972309, 1.03949, 0.463514, 0.269497
2.70021, 0.105657, 1.04601, 0.471603, 0.288718
2.72117, 0.114254, 1.05293, 0.479688, 0.307933
2.74213, 0.123023, 1.06026, 0.487769, 0.327141
2.7631, 0.131963, 1.06799, 0.495845, 0.346343
2.78406, 0.141074, 1.07612, 0.503917, 0.365537
2.80503, 0.150357, 1.08467, 0.511983, 0.384723
2.82599, 0.159812, 1.09361, 0.520043, 0.4039
2.84696, 0.169438, 1.10296, 0.528096, 0.423066
2.86792, 0.179236, 1.11272, 0.536141, 0.442221
2.88889, 0.189206, 1.12287, 0.544178, 0.461363
2.90985, 0.199348, 1.13344, 0.552206, 0.480491
2.93082, 0.209662, 1.14441, 0.560222, 0.499602
2.95178, 0.220148, 1.15578, 0.568227, 0.518695
2.97275, 0.230806, 1.16755, 0.576217, 0.537767
2.99371, 0.241637, 1.17973, 0.584192, 0.556814
3.01468, 0.252641, 1.19231, 0.592148, 0.575833
3.03564, 0.263819, 1.2053, 0.600083, 0.59482
3.05661, 0.27517, 1.21869, 0.607992, 0.613768
3.07757, 0.286695, 1.23248, 0.615871, 0.63267
3.09854, 0.298395, 1.24668, 0.623715, 0.651519
3.1195, 0.31027, 1.26127, 0.631516, 0.670301
3.14047, 0.322322, 1.27627, 0.639264, 0.689004
3.16143, 0.334552, 1.29167, 0.646948, 0.707607
3.18239, 0.346961, 1.30747, 0.654549, 0.726085
3.20336, 0.359552, 1.32366, 0.662046, 0.744403
3.22432, 0.372328, 1.34025, 0.669406, 0.762511
3.24529, 0.385294, 1.35723, 0.676586, 0.780341
3.26625, 0.398456, 1.37459, 0.683518, 0.79779
3.28722, 0.411823, 1.39233, 0.690103, 0.814702
3.30818, 0.425409, 1.41044, 0.696188, 0.830837
3.32915, 0.439235, 1.42888, 0.70153, 0.845811
3.35011, 0.453331, 1.44761, 0.70575, 0.859019
3.37108, 0.467732, 1.46657, 0.708288, 0.869548
3.39204, 0.482467, 1.48563, 0.708451, 0.87623
3.41301, 0.497513, 1.50464, 0.705697, 0.878065
3.43397, 0.512766, 1.52346, 0.700057, 0.874902
3.45494, 0.528073, 1.542, 0.692142, 0.867541
3.4759, 0.543298, 1.5602, 0.682727, 0.857131
3.49687, 0.558348, 1.57807, 0.672431, 0.844644
3.51783, 0.573174, 1.59559, 0.661651, 0.830754
3.5388, 0.587749, 1.61276, 0.650629, 0.815893
3.55976, 0.602061, 1.62959, 0.639504, 0.800339
3.58073, 0.616107, 1.64606, 0.628357, 0.784273
3.60169, 0.629886, 1.66218, 0.617237, 0.767818
3.62265, 0.643401, 1.67795, 0.606169, 0.751057
3.64362, 0.656654, 1.69335, 0.595169, 0.734052
3.66458, 0.669648, 1.7084, 0.584245, 0.716847
3.68555, 0.682388, 1.72308, 0.573401, 0.699476
3.70651, 0.694876, 1.7374, 0.562637, 0.681964
3.72748, 0.707116, 1.75136, 0.551952, 0.664331
3.74844, 0.719111, 1.76494, 0.541343, 0.646594
3.76941, 0.730865, 1.77815, 0.530809, 0.628765
3.79037, 0.74238, 1.79099, 0.520347, 0.610855
3.81134, 0.753659, 1.80346, 0.509952, 0.592873
3.8323, 0.764704, 1.81555, 0.499624, 0.574826
3.85327, 0.775519, 1.82726, 0.489357, 0.556721
3.87423, 0.786104, 1.8386, 0.47915, 0.538564
3.8952, 0.796462, 1.84956, 0.468999, 0.520358
3.91616, 0.806596, 1.86014, 0.458902, 0.502108
3.93713, 0.816507, 1.87034, 0.448857, 0.483817
3.95809, 0.826195, 1.88016, 0.43886, 0.465489
3.97906, 0.835665, 1.8896, 0.42891, 0.447126
4.00002, 0.844916, 1.89865, 0.419004, 0.428731
4.02099, 0.85395, 1.90732, 0.409141, 0.410306
4.04195, 0.862769, 1.91561, 0.399319, 0.391853
4.06291, 0.871374, 1.92351, 0.389535, 0.373373
4.08388, 0.879766, 1.93103, 0.379789, 0.354869
4.10484, 0.887946, 1.93816, 0.370077, 0.336342
4.12581, 0.895915, 1.9449, 0.360401, 0.317793
4.14677, 0.903675, 1.95126, 0.350756, 0.299223
4.16774, 0.911226, 1.95723, 0.341143, 0.280634
4.1887, 0.918569, 1.96281, 0.33156, 0.262026
4.20967, 0.925706, 1.968, 0.322006, 0.243401
4.23063, 0.932636, 1.97281, 0.31248, 0.224759
4.2516, 0.939362, 1.97722, 0.302981, 0.206101
4.27256, 0.945882, 1.98125, 0.293507, 0.187428
4.29353, 0.9522, 1.98488, 0.284058, 0.168741
4.31449, 0.958314, 1.98813, 0.274633, 0.15004
4.33546, 0.964226, 1.99098, 0.265231, 0.131325
4.35642, 0.969937, 1.99345, 0.255851, 0.112598
4.37739, 0.975446, 1.99552, 0.246493, 0.0938595
4.39835, 0.980755, 1.9972, 0.237156, 0.0751091
4.41932, 0.985865, 1.99849, 0.227838, 0.0563472
4.44028, 0.990775, 1.99938, 0.21854, 0.0375748
4.46125, 0.995487, 1.99989, 0.209261, 0.0187923
4.48221, 1, 2, 0.2, -1.08033e-07
