31.0509, 0
0, 0, 0, 0.5, 0
0.163306, 0.068319, 0.000103695, 0.3367, 0.00137066
0.326611, 0.10997, 0.000431225, 0.1734, 0.00274133
0.489917, 0.124952, 0.000982608, 0.0101002, 0.00411199
0.653223, 0.113268, 0.00175781, -0.1532, 0.00548266
0.816528, 0.0749165, 0.00275685, -0.316499, 0.00685332
0.979834, 0.00989541, 0.00397974, -0.4798, 0.00822399
1.14314, -0.0817934, 0.00542646, -0.643099, 0.00959465
1.30645, -0.20015, 0.00709703, -0.806399, 0.0109653
1.46975, -0.345149, 0.0119945, -0.969703, 0.011887
1.63306, -0.516865, 0.0111097, -1.133, 0.0137066
1.79636, -0.715223, 0.0134517, -1.2963, 0.0150773
1.95967, -0.940252, 0.0160176, -1.4596, 0.016448
2.12297, -1.19194, 0.0188074, -1.6229, 0.0178186
2.28628, -1.4703, 0.0218209, -1.7862, 0.0191893
2.44958, -1.77534, 0.0250583, -1.9495, 0.02056
2.61289, -2.10703, 0.0285196, -2.1128, 0.0219306
2.7762, -2.4654, 0.0322047, -2.2761, 0.0233013
2.9395, -2.85044, 0.0361136, -2.4394, 0.024672
3.10281, -3.26213, 0.0402464, -2.6027, 0.0260426
3.26611, -3.7005, 0.044603, -2.766, 0.0274133
3.42942, -4.16554, 0.0491834, -2.9293, 0.0287839
3.59272, -4.65725, 0.0539877, -3.0926, 0.0301546
3.75603, -5.17562, 0.0590158, -3.2559, 0.0315253
3.91934, -5.72066, 0.0642678, -3.4192, 0.0328959
4.08264, -6.29237, 0.0697436, -3.5825, 0.0342666
4.24595, -6.89075, 0.0754432, -3.7458, 0.0356373
4.40925, -7.51579, 0.0813666, -3.9091, 0.0370079
4.57256, -8.1675, 0.087514, -4.0724, 0.0383786
4.73586, -8.84587, 0.0954218, -4.2357, 0.0393003
4.89917, -9.55091, 0.101943, -4.399, 0.040671
5.06248, -10.2826, 0.107299, -4.5623, 0.0424906
5.22578, -11.041, 0.115658, -4.7256, 0.0434123
5.38909, -11.8261, 0.121608, -4.8889, 0.0452319
5.55239, -12.6378, 0.129098, -5.0522, 0.0466026
5.7157, -13.4762, 0.136812, -5.2155, 0.0479733
5.879, -14.3412, 0.144751, -5.3788, 0.0493439
6.04231, -15.233, 0.152912, -5.5421, 0.0507146
6.20562, -16.1513, 0.161298, -5.7054, 0.0520853
6.36892, -17.0964, 0.169908, -5.8687, 0.0534559
6.53223, -18.0681, 0.178741, -6.032, 0.0548266
6.69553, -19.0665, 0.187798, -6.1953, 0.0561972
6.85884, -20.0916, 0.197079, -6.3586, 0.0575679
7.02214, -21.1433, 0.207094, -6.5219, 0.0584896
7.18545, -22.2217, 0.21675, -6.6852, 0.0598603
7.34875, -23.3268, 0.226265, -6.8485, 0.0616799
7.51206, -24.4585, 0.236442, -7.0118, 0.0630506
7.67537, -25.6169, 0.246842, -7.1751, 0.0644213
7.83867, -26.802, 0.257466, -7.3384, 0.0657919
8.00198, -28.0137, 0.268314, -7.50171, 0.0671627
8.16528, -29.2521, 0.279379, -7.65205, 0.0674634
8.32859, -30.4883, 0.290264, -7.48842, 0.0659254
8.49189, -31.6979, 0.300915, -7.32511, 0.0645207
8.6552, -32.8808, 0.311338, -7.1618, 0.0631299
8.81851, -34.037, 0.321535, -6.9985, 0.0617449
8.98181, -35.1665, 0.331505, -6.8352, 0.0603631
9.14512, -36.2694, 0.34125, -6.6719, 0.0589833
9.30842, -37.3457, 0.35077, -6.5086, 0.0576049
9.47173, -38.3952, 0.360064, -6.34529, 0.0562275
9.63503, -39.4181, 0.369134, -6.182, 0.054851
9.79834, -40.4143, 0.377979, -6.0187, 0.053475
9.96165, -41.3839, 0.3866, -5.8554, 0.0520996
10.125, -42.3268, 0.394996, -5.6921, 0.0507246
10.2883, -43.243, 0.403167, -5.5288, 0.0493499
10.4516, -44.1325, 0.411114, -5.3655, 0.0479755
10.6149, -44.9954, 0.418836, -5.2022, 0.0466014
10.7782, -45.8316, 0.426334, -5.0389, 0.0452275
10.9415, -46.6412, 0.433608, -4.8756, 0.0438537
11.1048, -47.4241, 0.440658, -4.7123, 0.0424802
11.2681, -48.1803, 0.447483, -4.549, 0.0411068
11.4314, -48.9098, 0.454084, -4.3857, 0.0397336
11.5947, -49.6127, 0.46046, -4.2224, 0.0383605
11.758, -50.2889, 0.466613, -4.0591, 0.0369875
11.9213, -50.9384, 0.472541, -3.8958, 0.0356146
12.0846, -51.5613, 0.478245, -3.7325, 0.0342418
12.2479, -52.1575, 0.483724, -3.5692, 0.0328691
12.4112, -52.727, 0.48898, -3.4059, 0.0314964
12.5745, -53.2699, 0.494012, -3.2426, 0.0301239
12.7378, -53.7861, 0.498819, -3.0793, 0.0287514
12.9011, -54.2757, 0.503402, -2.916, 0.0273789
13.0645, -54.7385, 0.507761, -2.7527, 0.0260066
13.2278, -55.1747, 0.511896, -2.5894, 0.0246343
13.3911, -55.5842, 0.515807, -2.4261, 0.023262
13.5544, -55.9671, 0.519494, -2.2628, 0.0218898
13.7177, -56.3233, 0.522956, -2.0995, 0.0205176
13.881, -56.6528, 0.526195, -1.9362, 0.0191455
14.0443, -56.9557, 0.52921, -1.7729, 0.0177734
14.2076, -57.2319, 0.532, -1.6096, 0.0164014
14.3709, -57.4814, 0.534566, -1.4463, 0.0150294
14.5342, -57.7043, 0.536909, -1.283, 0.0136574
14.6975, -57.9004, 0.539027, -1.1197, 0.0122855
14.8608, -58.07, 0.540921, -0.956401, 0.0109136
15.0241, -58.2128, 0.542592, -0.7931, 0.00954167
15.1874, -58.329, 0.544038, -0.629801, 0.00816982
15.3507, -58.4185, 0.54526, -0.466501, 0.006798
15.514, -58.4814, 0.546258, -0.303201, 0.00542621
15.6773, -58.5175, 0.547032, -0.139901, 0.00405444
15.8407, -58.5271, 0.547582, 0.0233994, 0.00268269
16.004, -58.5099, 0.547908, 0.1867, 0.00131096
16.1673, -58.4661, 0.54801, 0.349998, -6.07312e-05
16.3161, -58.4029, 0.548595, 0.498831, 0.00121333
16.4649, -58.3176, 0.545548, 0.647659, 0.00289695
16.6138, -58.2101, 0.549331, 0.796494, 0.00363998
16.7626, -58.0805, 0.549971, 0.945325, 0.0048533
16.9114, -57.9287, 0.550791, 1.09416, 0.00606664
17.0603, -57.7548, 0.551791, 1.24299, 0.00727996
17.2091, -57.5587, 0.552972, 1.39182, 0.00849329
17.358, -57.3405, 0.551429, 1.54065, 0.0101769
17.5068, -57.1001, 0.555876, 1.68948, 0.0109199
17.6556, -56.8376, 0.557599, 1.83831, 0.0121333
17.8045, -56.5529, 0.559503, 1.98714, 0.0133466
17.9533, -56.246, 0.558962, 2.13597, 0.0150302
18.1021, -55.9171, 0.563851, 2.28481, 0.0157733
18.251, -55.5659, 0.566297, 2.43364, 0.0169866
18.3998, -55.1926, 0.566508, 2.58246, 0.0186702
18.5486, -54.7972, 0.571729, 2.7313, 0.0194132
18.6975, -54.3796, 0.572441, 2.88013, 0.0210969
18.8463, -53.9399, 0.577883, 3.02896, 0.0218399
18.9951, -53.478, 0.581231, 3.17779, 0.0230532
19.144, -52.9939, 0.58476, 3.32663, 0.0242665
19.2928, -52.4877, 0.586475, 3.47545, 0.0259502
19.4417, -51.9594, 0.590435, 3.62428, 0.0271635
19.5905, -51.4089, 0.594575, 3.77311, 0.0283768
19.7393, -50.8362, 0.598896, 3.92195, 0.0295901
19.8882, -50.2414, 0.605113, 4.07078, 0.0303332
20.037, -49.6245, 0.60808, 4.21961, 0.0320168
20.1858, -48.9853, 0.612943, 4.36844, 0.0332301
20.3347, -48.3241, 0.619491, 4.51727, 0.0339732
20.4835, -47.6407, 0.62321, 4.6661, 0.0356568
20.6323, -46.9351, 0.628615, 4.81493, 0.0368701
20.7812, -46.2074, 0.6342, 4.96376, 0.0380834
20.93, -45.4575, 0.639966, 5.1126, 0.0392968
21.0789, -44.6855, 0.645912, 5.26143, 0.0405101
21.2277, -43.8914, 0.652039, 5.41026, 0.0417234
21.3765, -43.075, 0.659362, 5.55909, 0.0424664
21.5254, -42.2366, 0.664835, 5.70792, 0.0441501
21.6742, -41.3759, 0.671404, 5.85675, 0.0454172
21.823, -40.4932, 0.678295, 6.00558, 0.0466106
21.9719, -39.5883, 0.686118, 6.15442, 0.0473198
22.1207, -38.6612, 0.692593, 6.30325, 0.0490034
22.2695, -37.7119, 0.699916, 6.45207, 0.0502705
22.4184, -36.7406, 0.707556, 6.60091, 0.05143
22.5672, -35.747, 0.715216, 6.74973, 0.0527386
22.7161, -34.7314, 0.723186, 6.89857, 0.0539245
22.8649, -33.6935, 0.731286, 7.0474, 0.0551717
23.0137, -32.6335, 0.739893, 7.19624, 0.0558131
23.1626, -31.5514, 0.748066, 7.34505, 0.05765
23.3114, -30.4471, 0.756746, 7.49388, 0.0588565
23.4602, -29.3207, 0.7656, 7.64269, 0.0601125
23.6091, -28.1777, 0.774622, 7.64159, 0.0605109
23.7579, -27.0514, 0.783542, 7.49273, 0.0593509
23.9067, -25.9473, 0.792288, 7.3439, 0.0581625
24.0556, -24.8654, 0.800855, 7.19507, 0.0569656
24.2044, -23.8056, 0.809245, 7.04624, 0.0557646
24.3533, -22.7679, 0.817455, 6.89741, 0.0545611
24.5021, -21.7524, 0.825486, 6.74858, 0.0533559
24.6509, -20.759, 0.833337, 6.59974, 0.0521496
24.7998, -19.7878, 0.841009, 6.45091, 0.0509423
24.9486, -18.8388, 0.848502, 6.30208, 0.0497345
25.0974, -17.9119, 0.855814, 6.15325, 0.048526
25.2463, -17.0071, 0.862946, 6.00442, 0.0473172
25.3951, -16.1245, 0.869899, 5.85558, 0.0461079
25.5439, -15.2641, 0.876671, 5.70675, 0.0448984
25.6928, -14.4258, 0.883264, 5.55792, 0.0436885
25.8416, -13.6096, 0.889676, 5.40909, 0.0424785
25.9905, -12.8156, 0.895908, 5.26026, 0.0412682
26.1393, -12.0438, 0.901961, 5.11143, 0.0400577
26.2881, -11.2941, 0.907833, 4.9626, 0.0388472
26.437, -10.5666, 0.913524, 4.81377, 0.0376364
26.5858, -9.86118, 0.919036, 4.66494, 0.0364255
26.7346, -9.17796, 0.924367, 4.5161, 0.0352145
26.8835, -8.51687, 0.929518, 4.36727, 0.0340034
27.0323, -7.87794, 0.934489, 4.21844, 0.0327922
27.1811, -7.26116, 0.93928, 4.06961, 0.0315809
27.33, -6.66652, 0.94389, 3.92078, 0.0303696
27.4788, -6.09404, 0.94832, 3.77195, 0.0291581
27.6276, -5.54372, 0.952569, 3.62312, 0.0279466
27.7765, -5.01554, 0.956639, 3.47429, 0.026735
27.9253, -4.50952, 0.960528, 3.32546, 0.0255234
28.0742, -4.02566, 0.964236, 3.17662, 0.0243117
28.223, -3.56393, 0.967765, 3.02779, 0.0230999
28.3718, -3.12436, 0.971113, 2.87896, 0.0218881
28.5207, -2.70694, 0.97428, 2.73013, 0.0206763
28.6695, -2.31167, 0.977267, 2.5813, 0.0194644
28.8183, -1.93856, 0.980074, 2.43247, 0.0182525
28.9672, -1.5876, 0.982701, 2.28363, 0.0170405
29.116, -1.25879, 0.985147, 2.1348, 0.0158285
29.2648, -0.952122, 0.987412, 1.98597, 0.0146165
29.4137, -0.66761, 0.989498, 1.83714, 0.0134044
29.5625, -0.405262, 0.991402, 1.68831, 0.0121923
29.7114, -0.165054, 0.993127, 1.53948, 0.0109802
29.8602, 0.0530052, 0.994671, 1.39065, 0.009768
30.009, 0.248901, 0.996035, 1.24182, 0.00855581
30.1579, 0.422653, 0.997218, 1.09298, 0.00734358
30.3067, 0.574249, 0.99822, 0.944153, 0.00613136
30.4555, 0.703705, 0.999043, 0.795322, 0.00491909
30.6044, 0.811008, 0.999685, 0.646493, 0.00370682
30.7532, 0.896145, 1.00015, 0.49766, 0.0024945
30.902, 0.959152, 1.00043, 0.348829, 0.00128218
31.0509, 0.999985, 1.00053, 0.2, 6.98433e-05
