4.27778, 0
0, 0, 0, 0.5, 0
0.0140831, 0.00707375, 0.000110533, 0.510226, 0.00968253
0.0281663, 0.0142915, 0.000357436, 0.520452, 0.019365
0.0422494, 0.0216533, 0.0007407, 0.530678, 0.0290475
0.0563325, 0.0291591, 0.00126032, 0.540904, 0.03873
0.0704156, 0.0368089, 0.0019163, 0.551131, 0.0484125
0.0844988, 0.0446028, 0.00270865, 0.561357, 0.0580949
0.0985819, 0.0525407, 0.00363736, 0.571583, 0.0677773
0.112665, 0.0606226, 0.00470244, 0.581809, 0.0774598
0.126748, 0.0688485, 0.00590388, 0.592035, 0.0871422
0.140831, 0.0772184, 0.00724168, 0.602261, 0.0968245
0.154914, 0.0857323, 0.00871584, 0.612486, 0.106507
0.168998, 0.0943903, 0.0103264, 0.622712, 0.116189
0.183081, 0.103192, 0.0120733, 0.632938, 0.125872
0.197164, 0.112138, 0.0139565, 0.643164, 0.135554
0.211247, 0.121228, 0.0159761, 0.65339, 0.145236
0.22533, 0.130462, 0.0181321, 0.663616, 0.154918
0.239413, 0.13984, 0.0204245, 0.673841, 0.1646
0.253496, 0.149363, 0.0228532, 0.684067, 0.174283
0.267579, 0.159029, 0.0254182, 0.694293, 0.183965
0.281663, 0.168839, 0.0281197, 0.704518, 0.193647
0.295746, 0.178793, 0.0309575, 0.714744, 0.203329
0.309829, 0.188891, 0.0339316, 0.724969, 0.21301
0.323912, 0.199133, 0.0370421, 0.735194, 0.222692
0.337995, 0.209519, 0.040289, 0.745419, 0.232374
0.352078, 0.22005, 0.0436723, 0.755644, 0.242055
0.366161, 0.230724, 0.0471919, 0.765869, 0.251737
0.380244, 0.241542, 0.0508478, 0.776093, 0.261418
0.394328, 0.252504, 0.0546402, 0.786318, 0.271099
0.408411, 0.263611, 0.0585689, 0.796542, 0.28078
0.422494, 0.274861, 0.0626339, 0.806765, 0.29046
0.436577, 0.286255, 0.0668353, 0.816989, 0.30014
0.45066, 0.297794, 0.0711731, 0.827211, 0.30982
0.464743, 0.309476, 0.0756473, 0.837433, 0.319499
0.478826, 0.321303, 0.0802578, 0.847654, 0.329177
0.492909, 0.333273, 0.0850046, 0.857873, 0.338854
0.506993, 0.345388, 0.0898878, 0.86809, 0.348529
0.521076, 0.357646, 0.0949074, 0.878303, 0.358201
0.535159, 0.370049, 0.100063, 0.888511, 0.367868
0.549242, 0.382595, 0.105356, 0.898708, 0.377527
0.563325, 0.395286, 0.110784, 0.908882, 0.387166
0.577408, 0.408121, 0.116349, 0.91899, 0.396751
0.591491, 0.421101, 0.122048, 0.928696, 0.406005
0.605574, 0.434218, 0.127814, 0.928683, 0.40712
0.619658, 0.447254, 0.133468, 0.918127, 0.398915
0.633741, 0.460131, 0.139004, 0.907328, 0.390076
0.647824, 0.47285, 0.144417, 0.896595, 0.38103
0.661907, 0.485416, 0.149705, 0.885931, 0.371866
0.67599, 0.497831, 0.154865, 0.875322, 0.362624
0.690073, 0.510094, 0.159895, 0.864757, 0.353324
0.704156, 0.522208, 0.164796, 0.854227, 0.343979
0.71824, 0.534173, 0.169565, 0.843726, 0.334601
0.732323, 0.545989, 0.174203, 0.833249, 0.325193
0.746406, 0.557657, 0.178709, 0.822792, 0.315763
0.760489, 0.569178, 0.183083, 0.812352, 0.306313
0.774572, 0.580551, 0.187324, 0.801928, 0.296846
0.788655, 0.591777, 0.191432, 0.791516, 0.287365
0.802738, 0.602856, 0.195407, 0.781115, 0.27787
0.816821, 0.613788, 0.199248, 0.770724, 0.268365
0.830905, 0.624574, 0.202955, 0.760343, 0.25885
0.844988, 0.635214, 0.206529, 0.749969, 0.249325
0.859071, 0.645707, 0.209969, 0.739603, 0.239793
0.873154, 0.656054, 0.213274, 0.729243, 0.230254
0.887237, 0.666255, 0.216446, 0.718889, 0.220708
0.90132, 0.67631, 0.219483, 0.708541, 0.211156
0.915403, 0.686219, 0.222386, 0.698197, 0.201599
0.929486, 0.695983, 0.225154, 0.687859, 0.192036
0.94357, 0.7056, 0.227788, 0.677524, 0.182469
0.957653, 0.715072, 0.230287, 0.667194, 0.172898
0.971736, 0.724399, 0.232651, 0.656867, 0.163322
0.985819, 0.73358, 0.234881, 0.646544, 0.153743
0.999902, 0.742615, 0.236976, 0.636223, 0.144161
1.01399, 0.751505, 0.238935, 0.625906, 0.134575
1.02807, 0.76025, 0.24076, 0.615592, 0.124986
1.04215, 0.768849, 0.24245, 0.60528, 0.115395
1.05623, 0.777304, 0.244005, 0.594971, 0.1058
1.07032, 0.785613, 0.245425, 0.584664, 0.0962032
1.0844, 0.793776, 0.24671, 0.574359, 0.0866039
1.09848, 0.801795, 0.24786, 0.564057, 0.0770023
1.11257, 0.809668, 0.248874, 0.553756, 0.0673987
1.12665, 0.817396, 0.249753, 0.543457, 0.0577929
1.14073, 0.82498, 0.250497, 0.53316, 0.0481853
1.15482, 0.832418, 0.251106, 0.522865, 0.0385758
1.1689, 0.839711, 0.25158, 0.512572, 0.0289645
1.18298, 0.846859, 0.251918, 0.50228, 0.0193517
1.19707, 0.853862, 0.252121, 0.491989, 0.00973718
1.21115, 0.86072, 0.252188, 0.4817, 0.000121172
1.22523, 0.867434, 0.25212, 0.471412, -0.00949632
1.23932, 0.874002, 0.251917, 0.461126, -0.0191152
1.2534, 0.880425, 0.251578, 0.450841, -0.0287354
1.26748, 0.886704, 0.251104, 0.440557, -0.0383567
1.28156, 0.892838, 0.250494, 0.430274, -0.0479796
1.29565, 0.898826, 0.249749, 0.419992, -0.0576034
1.30973, 0.90467, 0.248868, 0.409711, -0.0672283
1.32381, 0.91037, 0.247852, 0.399431, -0.0768545
1.3379, 0.915924, 0.2467, 0.389153, -0.0864816
1.35198, 0.921334, 0.245413, 0.378875, -0.0961097
1.36606, 0.926599, 0.24399, 0.368598, -0.105739
1.38015, 0.931719, 0.242431, 0.358322, -0.115369
1.39423, 0.936694, 0.240737, 0.348047, -0.125
1.42307, 0.946708, 0.237548, 0.347414, -0.0961714
1.4519, 0.956765, 0.235191, 0.346736, -0.0673439
1.48074, 0.966725, 0.233665, 0.346109, -0.0385152
1.50957, 0.976722, 0.23297, 0.345439, -0.00968745
1.53841, 0.98669, 0.233106, 0.344773, 0.0191404
1.56724, 0.99657, 0.234073, 0.344153, 0.0479691
1.59608, 1.00654, 0.235873, 0.343452, 0.0767963
1.62491, 1.01642, 0.238503, 0.342797, 0.105624
1.65375, 1.02627, 0.241964, 0.342145, 0.134452
1.68258, 1.0361, 0.246256, 0.341497, 0.16328
1.71142, 1.04599, 0.251381, 0.340775, 0.192107
1.74026, 1.0558, 0.257336, 0.340096, 0.220935
1.76909, 1.06558, 0.264122, 0.339422, 0.249762
1.79793, 1.07537, 0.27174, 0.338717, 0.278589
1.82676, 1.0851, 0.280188, 0.338052, 0.307417
1.8556, 1.09486, 0.289469, 0.337323, 0.336243
1.88443, 1.10456, 0.29958, 0.336634, 0.36507
1.91327, 1.11426, 0.310522, 0.335917, 0.393897
1.9421, 1.12392, 0.322296, 0.335207, 0.422723
1.97094, 1.13358, 0.334901, 0.334473, 0.45155
1.99977, 1.14321, 0.348337, 0.333746, 0.480376
2.02861, 1.15285, 0.362605, 0.332969, 0.509201
2.05745, 1.16241, 0.377703, 0.332256, 0.538028
2.08628, 1.17202, 0.393634, 0.331444, 0.566852
2.11512, 1.18155, 0.410395, 0.330695, 0.595678
2.14395, 1.19108, 0.427987, 0.329905, 0.624502
2.17279, 1.20057, 0.44641, 0.329125, 0.653327
2.20162, 1.21006, 0.465665, 0.328311, 0.682151
2.23046, 1.2195, 0.48575, 0.327508, 0.710975
2.25929, 1.22895, 0.506667, 0.326655, 0.739799
2.28813, 1.23834, 0.528415, 0.325838, 0.768622
2.31697, 1.24775, 0.550995, 0.324937, 0.797444
2.3458, 1.25709, 0.574405, 0.324075, 0.826266
2.37464, 1.26641, 0.598646, 0.323194, 0.855088
2.40347, 1.27572, 0.623718, 0.322266, 0.883909
2.43231, 1.285, 0.649622, 0.321329, 0.912729
2.46114, 1.29425, 0.676356, 0.320343, 0.941548
2.48998, 1.30346, 0.703922, 0.319359, 0.970366
2.51881, 1.31267, 0.732318, 0.318287, 0.999182
2.54765, 1.32183, 0.761546, 0.317208, 1.028
2.57648, 1.33096, 0.791604, 0.316081, 1.05681
2.60532, 1.34006, 0.822493, 0.31488, 1.08562
2.63416, 1.34912, 0.854212, 0.313646, 1.11443
2.66299, 1.35815, 0.886763, 0.31226, 1.14323
2.69183, 1.36712, 0.920144, 0.310884, 1.17203
2.72066, 1.37607, 0.954355, 0.30931, 1.20083
2.7495, 1.38496, 0.989397, 0.307562, 1.22961
2.77833, 1.3938, 1.02527, 0.305604, 1.25838
2.80717, 1.40258, 1.06197, 0.303309, 1.28712
2.836, 1.41129, 1.0995, 0.300484, 1.31582
2.86484, 1.4199, 1.13785, 0.296665, 1.3444
2.89367, 1.42838, 1.17703, 0.290471, 1.37254
2.92251, 1.43656, 1.21696, 0.272845, 1.39217
2.95135, 1.44417, 1.25679, 0.258649, 1.36844
2.98018, 1.45155, 1.29585, 0.253924, 1.34001
3.00902, 1.45883, 1.33407, 0.251267, 1.3113
3.03785, 1.46605, 1.37147, 0.249501, 1.28252
3.06669, 1.47323, 1.40804, 0.248232, 1.25371
3.09552, 1.48037, 1.44377, 0.24728, 1.22489
3.12436, 1.48749, 1.47868, 0.246548, 1.19606
3.15319, 1.49459, 1.51275, 0.245978, 1.16723
3.18203, 1.50168, 1.54599, 0.245531, 1.1384
3.21087, 1.50875, 1.5784, 0.245183, 1.10957
3.2397, 1.51582, 1.60998, 0.244914, 1.08073
3.26854, 1.52288, 1.64073, 0.24471, 1.0519
3.29737, 1.52993, 1.67064, 0.244562, 1.02306
3.32621, 1.53698, 1.69973, 0.244461, 0.994227
3.35504, 1.54403, 1.72798, 0.2444, 0.965391
3.38388, 1.55108, 1.7554, 0.244375, 0.936556
3.41271, 1.55812, 1.78199, 0.24438, 0.90772
3.44155, 1.56517, 1.80775, 0.244414, 0.878885
3.47038, 1.57222, 1.83268, 0.244471, 0.850049
3.49922, 1.57927, 1.85678, 0.244551, 0.821214
3.52806, 1.58632, 1.88004, 0.244651, 0.792379
3.55689, 1.59338, 1.90247, 0.244769, 0.763543
3.58573, 1.60044, 1.92408, 0.244903, 0.734709
3.61456, 1.6075, 1.94485, 0.245053, 0.705873
3.6434, 1.61457, 1.96478, 0.245216, 0.677038
3.67223, 1.62165, 1.98389, 0.245392, 0.648203
3.70107, 1.62872, 2.00217, 0.245579, 0.619369
3.7299, 1.63581, 2.01961, 0.245778, 0.590534
3.75874, 1.6429, 2.03622, 0.245987, 0.561699
3.78757, 1.65, 2.052, 0.246205, 0.532864
3.81641, 1.6571, 2.06695, 0.246432, 0.50403
3.84525, 1.66421, 2.08107, 0.246668, 0.475195
3.87408, 1.67132, 2.09436, 0.246911, 0.446361
3.90292, 1.67845, 2.10681, 0.247162, 0.417526
3.93175, 1.68558, 2.11844, 0.247419, 0.388692
3.96059, 1.69272, 2.12923, 0.247683, 0.359858
3.98942, 1.69986, 2.13919, 0.247953, 0.331024
4.01826, 1.70702, 2.14832, 0.248229, 0.302189
4.04709, 1.71418, 2.15662, 0.248511, 0.273355
4.07593, 1.72135, 2.16409, 0.248798, 0.244521
4.10476, 1.72853, 2.17072, 0.249089, 0.215687
4.1336, 1.73571, 2.17652, 0.249386, 0.186853
4.16244, 1.74291, 2.1815, 0.249687, 0.158019
4.19127, 1.75011, 2.18564, 0.249992, 0.129185
4.22011, 1.75733, 2.18895, 0.250302, 0.100351
4.24894, 1.76455, 2.19142, 0.250615, 0.0715179
4.27778, 1.77178, 2.19307, 0.250932, 0.0426839
