33.9097, 0
0, 0, 0, 0.5, 0
0.177794, 0.0730916, 0.00035727, 0.32221, 0.00122992
0.355588, 0.114573, 0.000432776, 0.144421, 0.00251796
0.533383, 0.124447, 0.000984907, -0.0333692, 0.00377695
0.711177, 0.102708, 0.0019982, -0.211159, 0.00500686
0.888971, 0.0493585, 0.00299287, -0.388949, 0.00626585
1.06677, -0.035602, 0.00398442, -0.566738, 0.00755389
1.24456, -0.152168, 0.0054319, -0.744528, 0.00881288
1.42235, -0.300365, 0.00431653, -0.922316, 0.0104457
1.60015, -0.480134, 0.00899843, -1.10011, 0.0113308
1.77794, -0.691527, 0.0111174, -1.2779, 0.0125898
1.95574, -0.934539, 0.0136614, -1.45569, 0.0138197
2.13353, -1.20915, 0.016223, -1.63348, 0.0150787
2.31133, -1.51538, 0.0190083, -1.81127, 0.0163377
2.48912, -1.85324, 0.019444, -1.98905, 0.0179996
2.66691, -2.22267, 0.0252506, -2.16685, 0.0188557
2.84471, -2.62373, 0.0285322, -2.34464, 0.0201437
3.0225, -3.0564, 0.0322181, -2.52243, 0.0214027
3.2003, -3.52067, 0.0361279, -2.70022, 0.0226617
3.37809, -4.01656, 0.0404212, -2.87801, 0.0238916
3.55588, -4.54406, 0.0446189, -3.0558, 0.0251796
3.73368, -5.10317, 0.0492001, -3.23359, 0.0264386
3.91147, -5.69388, 0.0540052, -3.41137, 0.0276976
4.08927, -6.31621, 0.0591733, -3.58916, 0.0289275
4.26706, -6.97015, 0.0644209, -3.76695, 0.0301865
4.44486, -7.6557, 0.0698924, -3.94474, 0.0314455
4.62265, -8.37286, 0.07566, -4.12253, 0.0326875
4.80044, -9.12162, 0.0815068, -4.30032, 0.0339635
4.97824, -9.902, 0.0876497, -4.47811, 0.0352224
5.15603, -10.714, 0.0925177, -4.6559, 0.0368844
5.33383, -11.5576, 0.10071, -4.83369, 0.0377113
5.51162, -12.4328, 0.107422, -5.01148, 0.0389994
5.68942, -13.3396, 0.114514, -5.18927, 0.0402414
5.86721, -14.278, 0.121773, -5.36706, 0.0415003
6.045, -15.2481, 0.129291, -5.54485, 0.0427473
6.2228, -16.2497, 0.136918, -5.72264, 0.0440353
6.40059, -17.283, 0.144852, -5.90043, 0.0452943
6.57839, -18.3479, 0.153076, -6.07822, 0.0465242
6.75618, -19.4443, 0.161472, -6.25601, 0.0477738
6.93398, -20.5724, 0.169939, -6.4338, 0.0491003
7.11177, -21.7321, 0.178876, -6.61159, 0.0503012
7.28956, -22.9234, 0.187878, -6.78938, 0.0515892
7.46736, -24.1463, 0.197236, -6.96717, 0.05279
7.64515, -25.4009, 0.206727, -7.14496, 0.054049
7.82295, -26.687, 0.216446, -7.32275, 0.0553031
8.00074, -28.0048, 0.226361, -7.50054, 0.0565867
8.17853, -29.3541, 0.2365, -7.67833, 0.0578841
8.35633, -30.7351, 0.246933, -7.85611, 0.0590716
8.53412, -32.1477, 0.25754, -8.03391, 0.0603306
8.71192, -33.5919, 0.268383, -8.21166, 0.0615142
8.88971, -35.0675, 0.279421, -8.36158, 0.0622977
9.06751, -36.5383, 0.290371, -8.18389, 0.0609296
9.2453, -37.9776, 0.30109, -8.00609, 0.0596431
9.42309, -39.3852, 0.31158, -7.82832, 0.0583677
9.60089, -40.7612, 0.321845, -7.65053, 0.057097
9.77868, -42.1056, 0.331884, -7.47274, 0.0558288
9.95648, -43.4184, 0.341697, -7.29495, 0.0545623
10.1343, -44.6996, 0.351285, -7.11717, 0.0532969
10.3121, -45.9492, 0.360649, -6.93938, 0.0520324
10.4899, -47.1672, 0.369787, -6.76158, 0.0507685
10.6677, -48.3536, 0.378702, -6.58379, 0.0495051
10.8454, -49.5083, 0.387391, -6.40601, 0.0482422
11.0232, -50.6315, 0.395856, -6.22822, 0.0469796
11.201, -51.723, 0.404096, -6.05043, 0.0457173
11.3788, -52.7829, 0.412112, -5.87264, 0.0444552
11.5566, -53.8112, 0.419904, -5.69485, 0.0431934
11.7344, -54.8079, 0.427472, -5.51706, 0.0419317
11.9122, -55.773, 0.434815, -5.33927, 0.0406702
12.09, -56.7065, 0.441933, -5.16148, 0.0394088
12.2678, -57.6084, 0.448828, -4.98369, 0.0381475
12.4456, -58.4787, 0.455498, -4.8059, 0.0368864
12.6234, -59.3173, 0.461944, -4.62811, 0.0356254
12.8012, -60.1244, 0.468166, -4.45032, 0.0343645
12.979, -60.8998, 0.474164, -4.27253, 0.0331036
13.1568, -61.6436, 0.479937, -4.09474, 0.0318429
13.3346, -62.3559, 0.485487, -3.91695, 0.0305822
13.5124, -63.0365, 0.490812, -3.73916, 0.0293216
13.6902, -63.6855, 0.495913, -3.56137, 0.028061
13.868, -64.3028, 0.50079, -3.38358, 0.0268005
14.0457, -64.8886, 0.505443, -3.20579, 0.0255401
14.2235, -65.4428, 0.509872, -3.028, 0.0242797
14.4013, -65.9653, 0.514077, -2.85021, 0.0230193
14.5791, -66.4563, 0.518058, -2.67242, 0.021759
14.7569, -66.9156, 0.521814, -2.49464, 0.0204987
14.9347, -67.3434, 0.525347, -2.31684, 0.0192385
15.1125, -67.7395, 0.528655, -2.13906, 0.0179783
15.2903, -68.104, 0.53174, -1.96126, 0.0167181
15.4681, -68.4369, 0.5346, -1.78347, 0.015458
15.6459, -68.7382, 0.537236, -1.60568, 0.0141979
15.8237, -69.0079, 0.539649, -1.42789, 0.0129378
16.0015, -69.2459, 0.541837, -1.25011, 0.0116778
16.1793, -69.4524, 0.543801, -1.07232, 0.0104178
16.3571, -69.6272, 0.545541, -0.894527, 0.0091578
16.5349, -69.7705, 0.547057, -0.716735, 0.00789782
16.7127, -69.8821, 0.54835, -0.538947, 0.00663788
16.8905, -69.9621, 0.549418, -0.361156, 0.00537796
17.0682, -70.0105, 0.550262, -0.183368, 0.00411806
17.246, -70.0273, 0.550882, -0.00557667, 0.00285817
17.4238, -70.0125, 0.551278, 0.172215, 0.0015983
17.6016, -69.9661, 0.55145, 0.350003, 0.000338462
17.7647, -69.8957, 0.548594, 0.513078, 0.00110737
17.9278, -69.7987, 0.548871, 0.676154, 0.00221473
18.0909, -69.6752, 0.549329, 0.839231, 0.0033221
18.254, -69.525, 0.549968, 1.00231, 0.00442947
18.417, -69.3482, 0.550787, 1.16539, 0.00553683
18.5801, -69.1449, 0.551787, 1.32846, 0.0066442
18.7432, -68.9149, 0.550297, 1.49154, 0.0081364
18.9063, -68.6584, 0.554328, 1.65462, 0.00885893
19.0694, -68.3753, 0.55587, 1.81769, 0.0099663
19.2324, -68.0655, 0.55511, 1.98077, 0.0114585
19.3955, -67.7292, 0.559495, 2.14385, 0.012181
19.5586, -67.3663, 0.561578, 2.30693, 0.0132884
19.7217, -66.9768, 0.563842, 2.47, 0.0143958
19.8848, -66.5607, 0.564056, 2.63308, 0.015888
20.0478, -66.118, 0.568911, 2.79616, 0.0166105
20.2109, -65.6487, 0.571717, 2.95923, 0.0177179
20.374, -65.1528, 0.574703, 3.12231, 0.0188252
20.5371, -64.6303, 0.57787, 3.28539, 0.0199326
20.7002, -64.0812, 0.581218, 3.44847, 0.02104
20.8632, -63.5055, 0.584746, 3.61154, 0.0221473
21.0263, -62.9033, 0.588454, 3.77462, 0.0232547
21.1894, -62.2744, 0.592344, 3.9377, 0.0243621
21.3525, -61.6189, 0.596413, 4.10078, 0.0254694
21.5156, -60.9369, 0.599061, 4.26385, 0.0269616
21.6787, -60.2282, 0.605095, 4.42693, 0.0276842
21.8417, -59.493, 0.608229, 4.59, 0.0291764
22.0048, -58.7312, 0.614499, 4.75308, 0.0298989
22.1679, -57.9427, 0.618119, 4.91616, 0.0313911
22.331, -57.1277, 0.624625, 5.07924, 0.0321136
22.4941, -56.2861, 0.628732, 5.24231, 0.0336058
22.6571, -55.4179, 0.635473, 5.40539, 0.0343284
22.8202, -54.523, 0.640068, 5.56847, 0.0358206
22.9833, -53.6016, 0.646006, 5.73154, 0.0369279
23.1464, -52.6536, 0.652125, 5.89462, 0.0380353
23.3095, -51.679, 0.658425, 6.0577, 0.0391427
23.4725, -50.6778, 0.665755, 6.22078, 0.0398652
23.6356, -49.65, 0.672353, 6.38386, 0.0409726
23.7987, -48.5957, 0.679131, 6.54693, 0.0420799
23.9618, -47.5147, 0.686091, 6.71001, 0.0431873
24.1249, -46.4071, 0.693231, 6.87309, 0.0442947
24.2879, -45.2729, 0.700015, 7.03616, 0.0457869
24.451, -44.1122, 0.708052, 7.19924, 0.0465094
24.6141, -42.9248, 0.715276, 7.36231, 0.0480456
24.7772, -41.7109, 0.723223, 7.52539, 0.0491367
24.9403, -40.4703, 0.731639, 7.68848, 0.0498315
25.1034, -39.2032, 0.739615, 7.85154, 0.0513677
25.2664, -37.9095, 0.748266, 8.01463, 0.0520462
25.4295, -36.5891, 0.756747, 8.1777, 0.0535662
25.5926, -35.2422, 0.76557, 8.34075, 0.0547844
25.7557, -33.8743, 0.774583, 8.35389, 0.0552227
25.9188, -32.5252, 0.783503, 8.19077, 0.0541613
26.0818, -31.2028, 0.792247, 8.02771, 0.053075
26.2449, -29.9069, 0.800813, 7.86461, 0.0519812
26.408, -28.6376, 0.809201, 7.70155, 0.0508841
26.5711, -27.395, 0.81741, 7.53847, 0.0497848
26.7342, -26.1789, 0.825439, 7.3754, 0.0486842
26.8972, -24.9894, 0.833289, 7.21232, 0.0475826
27.0603, -23.8265, 0.840959, 7.04924, 0.0464803
27.2234, -22.6902, 0.848449, 6.88616, 0.0453774
27.3865, -21.5805, 0.855759, 6.72309, 0.044274
27.5496, -20.4974, 0.862889, 6.56001, 0.0431703
27.7126, -19.4409, 0.869839, 6.39693, 0.0420663
27.8757, -18.4109, 0.87661, 6.23386, 0.040962
28.0388, -17.4076, 0.8832, 6.07078, 0.0398575
28.2019, -16.4309, 0.88961, 5.9077, 0.0387528
28.365, -15.4808, 0.895839, 5.74462, 0.037648
28.5281, -14.5572, 0.901889, 5.58154, 0.036543
28.6911, -13.6603, 0.907758, 5.41847, 0.0354378
28.8542, -12.7899, 0.913447, 5.25539, 0.0343326
29.0173, -11.9462, 0.918956, 5.09231, 0.0332272
29.1804, -11.129, 0.924285, 4.92924, 0.0321218
29.3435, -10.3384, 0.929433, 4.76616, 0.0310162
29.5065, -9.57445, 0.934401, 4.60308, 0.0299106
29.6696, -8.83707, 0.939189, 4.44001, 0.0288049
29.8327, -8.12629, 0.943796, 4.27693, 0.0276992
29.9958, -7.44211, 0.948223, 4.11385, 0.0265933
30.1589, -6.78451, 0.95247, 3.95077, 0.0254874
30.3219, -6.15351, 0.956536, 3.7877, 0.0243815
30.485, -5.5491, 0.960422, 3.62462, 0.0232755
30.6481, -4.97129, 0.964128, 3.46154, 0.0221695
30.8112, -4.42008, 0.967653, 3.29847, 0.0210634
30.9743, -3.89545, 0.970998, 3.13539, 0.0199573
31.1373, -3.39743, 0.974162, 2.97231, 0.0188512
31.3004, -2.92601, 0.977146, 2.80923, 0.017745
31.4635, -2.48118, 0.97995, 2.64616, 0.0166387
31.6266, -2.06293, 0.982573, 2.48308, 0.0155325
31.7897, -1.67129, 0.985016, 2.32, 0.0144262
31.9528, -1.30624, 0.987279, 2.15693, 0.0133199
32.1158, -0.967773, 0.989361, 1.99385, 0.0122136
32.2789, -0.655922, 0.991262, 1.83077, 0.0111072
32.442, -0.370651, 0.992983, 1.66769, 0.0100008
32.6051, -0.111984, 0.994524, 1.50462, 0.0088944
32.7682, 0.120094, 0.995884, 1.34154, 0.00778797
32.9312, 0.325577, 0.997064, 1.17846, 0.00668151
33.0943, 0.504456, 0.998064, 1.01538, 0.00557503
33.2574, 0.656761, 0.998883, 0.852308, 0.00446855
33.4205, 0.782448, 0.999521, 0.68923, 0.00336203
33.5836, 0.881561, 0.999979, 0.526154, 0.0022555
33.7466, 0.954071, 1.00026, 0.363079, 0.00114897
33.9097, 0.999985, 1.00035, 0.2, 4.2396e-05
