4.08348, 0
0, 0, 0, 0.5, 0
0.0135708, 0.00647575, 0.000652686, 0.511045, 0.00779562
0.0271416, 0.0131021, 0.00141138, 0.522087, 0.0155901
0.0407124, 0.019879, 0.00227607, 0.533127, 0.0233835
0.0542832, 0.0268065, 0.00324673, 0.544165, 0.0311756
0.067854, 0.0338846, 0.00432339, 0.5552, 0.0389663
0.0814248, 0.0411133, 0.00550599, 0.566232, 0.0467556
0.0949955, 0.0484927, 0.00679457, 0.577261, 0.0545433
0.108566, 0.0560226, 0.00818909, 0.588287, 0.0623293
0.122137, 0.0637032, 0.00968954, 0.599309, 0.0701135
0.135708, 0.0715344, 0.0112959, 0.610327, 0.0778957
0.149279, 0.0795163, 0.0130082, 0.621341, 0.0856757
0.16285, 0.0876487, 0.0148263, 0.63235, 0.0934533
0.17642, 0.0959319, 0.0167503, 0.643354, 0.101228
0.189991, 0.104366, 0.0187801, 0.654352, 0.109001
0.203562, 0.11295, 0.0209157, 0.665344, 0.11677
0.217133, 0.121685, 0.023157, 0.67633, 0.124536
0.230703, 0.130571, 0.0255041, 0.687308, 0.132297
0.244274, 0.139608, 0.0279569, 0.698278, 0.140055
0.257845, 0.148796, 0.0305154, 0.709238, 0.147808
0.271416, 0.158134, 0.0331794, 0.720188, 0.155556
0.284987, 0.167623, 0.0359489, 0.731127, 0.163298
0.298557, 0.177263, 0.0388239, 0.742052, 0.171034
0.312128, 0.187054, 0.0418042, 0.752963, 0.178761
0.325699, 0.196996, 0.0448898, 0.763857, 0.186481
0.33927, 0.207089, 0.0480805, 0.774731, 0.19419
0.352841, 0.217333, 0.0513761, 0.785584, 0.201889
0.366411, 0.227728, 0.0547766, 0.79641, 0.209574
0.379982, 0.238274, 0.0582816, 0.807207, 0.217244
0.393553, 0.248972, 0.0618909, 0.817968, 0.224896
0.407124, 0.259822, 0.065604, 0.828687, 0.232527
0.420695, 0.270823, 0.0694207, 0.839355, 0.240132
0.434265, 0.281976, 0.0733402, 0.849962, 0.247706
0.447836, 0.293282, 0.077362, 0.860494, 0.255242
0.461407, 0.30474, 0.0814848, 0.870932, 0.262729
0.474978, 0.316351, 0.0857076, 0.881251, 0.270157
0.488549, 0.328117, 0.0900283, 0.891417, 0.277506
0.502119, 0.340037, 0.0944443, 0.901382, 0.284752
0.51569, 0.352113, 0.098952, 0.911079, 0.291862
0.529261, 0.364346, 0.103546, 0.920407, 0.298782
0.542832, 0.376739, 0.108217, 0.929216, 0.305435
0.556402, 0.389293, 0.112953, 0.937281, 0.311703
0.569973, 0.40201, 0.117732, 0.944258, 0.317406
0.583544, 0.414889, 0.122525, 0.949655, 0.322283
0.597115, 0.427918, 0.127287, 0.952847, 0.325994
0.610686, 0.441069, 0.131971, 0.953251, 0.328209
0.624256, 0.454286, 0.136539, 0.950637, 0.328766
0.637827, 0.467501, 0.140979, 0.945308, 0.327781
0.651398, 0.48065, 0.1453, 0.937887, 0.32555
0.664969, 0.49369, 0.149518, 0.929008, 0.322388
0.67854, 0.506592, 0.153648, 0.919155, 0.31855
0.69211, 0.51934, 0.157697, 0.90866, 0.314215
0.705681, 0.531926, 0.161671, 0.897737, 0.309507
0.719252, 0.544345, 0.165574, 0.886527, 0.304508
0.732823, 0.556595, 0.169405, 0.87512, 0.299277
0.746394, 0.568675, 0.173165, 0.863579, 0.293858
0.759964, 0.580583, 0.176854, 0.851946, 0.28828
0.773535, 0.592321, 0.180471, 0.840248, 0.282567
0.787106, 0.603888, 0.184014, 0.828506, 0.276737
0.800677, 0.615284, 0.187483, 0.816736, 0.270805
0.814247, 0.626512, 0.190876, 0.804947, 0.264783
0.827818, 0.63757, 0.194193, 0.793148, 0.258679
0.841389, 0.64846, 0.197431, 0.781343, 0.252503
0.85496, 0.659182, 0.200592, 0.769538, 0.24626
0.868531, 0.669737, 0.203672, 0.757735, 0.239956
0.882101, 0.680125, 0.206672, 0.745936, 0.233597
0.895672, 0.690346, 0.20959, 0.734144, 0.227187
0.909243, 0.700402, 0.212426, 0.722359, 0.220729
0.922814, 0.710293, 0.215179, 0.710583, 0.214227
0.936385, 0.720018, 0.217848, 0.698816, 0.207684
0.949955, 0.72958, 0.220432, 0.687058, 0.201102
0.963526, 0.738977, 0.222931, 0.67531, 0.194485
0.977097, 0.748211, 0.225343, 0.663573, 0.187833
0.990668, 0.757281, 0.22767, 0.651845, 0.181149
1.00424, 0.766189, 0.229909, 0.640127, 0.174436
1.01781, 0.774934, 0.232061, 0.62842, 0.167693
1.03138, 0.783517, 0.234124, 0.616722, 0.160924
1.04495, 0.791937, 0.236099, 0.605034, 0.154129
1.05852, 0.800197, 0.237985, 0.593356, 0.14731
1.07209, 0.808294, 0.239781, 0.581687, 0.140467
1.08566, 0.816231, 0.241487, 0.570028, 0.133603
1.09923, 0.824007, 0.243102, 0.558377, 0.126717
1.1128, 0.831622, 0.244627, 0.546736, 0.119811
1.12638, 0.839077, 0.246061, 0.535103, 0.112886
1.13995, 0.846371, 0.247404, 0.523479, 0.105942
1.15352, 0.853506, 0.248654, 0.511863, 0.0989811
1.16709, 0.860481, 0.249812, 0.500255, 0.0920028
1.18066, 0.867296, 0.250878, 0.488654, 0.0850082
1.19423, 0.873952, 0.251851, 0.477062, 0.0779979
1.2078, 0.880449, 0.252732, 0.465477, 0.0709727
1.22137, 0.886786, 0.253518, 0.453899, 0.0639328
1.23494, 0.892965, 0.254212, 0.442329, 0.056879
1.24851, 0.898985, 0.254811, 0.430765, 0.0498116
1.26208, 0.904847, 0.255317, 0.419209, 0.0427314
1.27565, 0.91055, 0.255728, 0.407658, 0.0356385
1.28923, 0.916095, 0.256045, 0.396114, 0.0285336
1.3028, 0.921481, 0.256266, 0.384577, 0.0214168
1.31637, 0.92671, 0.256394, 0.373045, 0.0142887
1.32994, 0.931781, 0.256425, 0.36152, 0.00714971
1.34351, 0.936694, 0.256362, 0.35, 1.49012e-08
1.37091, 0.94613, 0.256705, 0.339642, 0.0253664
1.39831, 0.955308, 0.257753, 0.329261, 0.0507234
1.42571, 0.964188, 0.25949, 0.318885, 0.0760824
1.45311, 0.97277, 0.261917, 0.308513, 0.101443
1.48051, 0.981088, 0.265047, 0.298121, 0.126796
1.50791, 0.989107, 0.268865, 0.287734, 0.15215
1.53531, 0.996858, 0.273385, 0.277327, 0.177497
1.56271, 1.00431, 0.278594, 0.266927, 0.202846
1.59011, 1.01149, 0.284502, 0.256509, 0.228188
1.61751, 1.01837, 0.291099, 0.246098, 0.253532
1.6449, 1.02497, 0.298394, 0.23567, 0.27887
1.6723, 1.03127, 0.306376, 0.22525, 0.304211
1.6997, 1.03729, 0.315056, 0.214815, 0.329546
1.7271, 1.04306, 0.324441, 0.204345, 0.354866
1.7545, 1.04849, 0.334504, 0.193906, 0.380199
1.7819, 1.05367, 0.34527, 0.183434, 0.405519
1.8093, 1.05856, 0.35673, 0.172952, 0.430835
1.8367, 1.06315, 0.368883, 0.162462, 0.456147
1.8641, 1.06746, 0.381727, 0.151964, 0.481455
1.8915, 1.07148, 0.395264, 0.14146, 0.506761
1.9189, 1.07521, 0.409497, 0.130932, 0.532058
1.9463, 1.07865, 0.42442, 0.120401, 0.557353
1.9737, 1.08182, 0.440043, 0.109835, 0.582634
2.0011, 1.08467, 0.456349, 0.0992849, 0.607921
2.0285, 1.08726, 0.473356, 0.0886894, 0.633189
2.0559, 1.08955, 0.491053, 0.078083, 0.658453
2.0833, 1.09152, 0.509432, 0.0674951, 0.683723
2.1107, 1.09322, 0.528511, 0.0568583, 0.708974
2.1381, 1.09463, 0.548284, 0.0461918, 0.734213
2.1655, 1.09576, 0.568747, 0.0355006, 0.75944
2.1929, 1.09659, 0.589903, 0.0247776, 0.784655
2.2203, 1.09712, 0.611746, 0.0140394, 0.809862
2.2477, 1.09735, 0.634282, 0.00325885, 0.835052
2.2751, 1.0973, 0.657511, -0.00757533, 0.86022
2.3025, 1.09695, 0.681424, -0.0184247, 0.885379
2.3299, 1.09629, 0.706028, -0.0293273, 0.910517
2.3573, 1.09533, 0.731318, -0.0402705, 0.935636
2.3847, 1.09408, 0.7573, -0.0513028, 0.960717
2.4121, 1.09252, 0.783964, -0.062374, 0.98578
2.4395, 1.09066, 0.811319, -0.0735583, 1.01079
2.4669, 1.08849, 0.839355, -0.0848165, 1.03577
2.4943, 1.08601, 0.868077, -0.0962082, 1.06069
2.52169, 1.08322, 0.897481, -0.107744, 1.08555
2.54909, 1.08011, 0.927563, -0.119455, 1.11032
2.57649, 1.07667, 0.958324, -0.13142, 1.13497
2.60389, 1.0729, 0.989758, -0.14371, 1.15945
2.63129, 1.06879, 1.02186, -0.15645, 1.18371
2.65869, 1.06432, 1.05462, -0.169923, 1.20757
2.68609, 1.05947, 1.08803, -0.184664, 1.23066
2.71349, 1.05418, 1.12204, -0.202152, 1.25169
2.74089, 1.04833, 1.15653, -0.226518, 1.26094
2.76829, 1.0419, 1.1908, -0.238425, 1.23789
2.79569, 1.03538, 1.22434, -0.236816, 1.21059
2.82309, 1.02895, 1.25714, -0.231716, 1.18368
2.85049, 1.02269, 1.28921, -0.225145, 1.15708
2.87789, 1.01662, 1.32055, -0.217768, 1.13069
2.90529, 1.01076, 1.35117, -0.209883, 1.10445
2.93269, 1.00512, 1.38107, -0.201648, 1.07831
2.96009, 0.999714, 1.41026, -0.193157, 1.05226
2.98749, 0.99454, 1.43874, -0.184472, 1.02628
3.01489, 0.989606, 1.4665, -0.175633, 1.00034
3.04229, 0.984917, 1.49355, -0.166671, 0.974449
3.06969, 0.980474, 1.5199, -0.157606, 0.948592
3.09709, 0.976281, 1.54554, -0.148456, 0.922765
3.12449, 0.972339, 1.57047, -0.139232, 0.896964
3.15189, 0.968652, 1.59469, -0.129946, 0.871186
3.17929, 0.965219, 1.61821, -0.120606, 0.845428
3.20669, 0.962043, 1.64102, -0.111217, 0.819686
3.23409, 0.959125, 1.66313, -0.101786, 0.793961
3.26149, 0.956465, 1.68453, -0.092317, 0.768249
3.28889, 0.954066, 1.70522, -0.0828145, 0.742551
3.31629, 0.951927, 1.72522, -0.0732811, 0.716863
3.34369, 0.950051, 1.74451, -0.0637201, 0.691186
3.37109, 0.948436, 1.76309, -0.0541336, 0.665518
3.39848, 0.947084, 1.78098, -0.044524, 0.639858
3.42588, 0.945996, 1.79816, -0.0348933, 0.614207
3.45328, 0.945172, 1.81464, -0.025243, 0.588563
3.48068, 0.944613, 1.83041, -0.0155747, 0.562926
3.50808, 0.944319, 1.84548, -0.00588974, 0.537295
3.53548, 0.944291, 1.85986, 0.00381097, 0.51167
3.56288, 0.944528, 1.87352, 0.0135261, 0.48605
3.59028, 0.945032, 1.88649, 0.0232547, 0.460436
3.61768, 0.945803, 1.89876, 0.0329962, 0.434826
3.64508, 0.94684, 1.91032, 0.0427494, 0.409221
3.67248, 0.948145, 1.92118, 0.0525139, 0.383621
3.69988, 0.949718, 1.93134, 0.0622889, 0.358024
3.72728, 0.951559, 1.9408, 0.0720738, 0.332431
3.75468, 0.953668, 1.94956, 0.0818681, 0.306842
3.78208, 0.956045, 1.95762, 0.0916712, 0.281256
3.80948, 0.958691, 1.96497, 0.101483, 0.255673
3.83688, 0.961606, 1.97163, 0.111303, 0.230093
3.86428, 0.964791, 1.97758, 0.12113, 0.204516
3.89168, 0.968244, 1.98283, 0.130965, 0.178943
3.91908, 0.971968, 1.98739, 0.140806, 0.153372
3.94648, 0.97596, 1.99124, 0.150654, 0.127803
3.97388, 0.980223, 1.99439, 0.160508, 0.102236
4.00128, 0.984756, 1.99684, 0.170369, 0.0766725
4.02868, 0.989559, 1.99859, 0.180235, 0.0511108
4.05608, 0.994633, 1.99964, 0.190106, 0.0255507
4.08348, 0.999977, 1.99999, 0.199983, -6.64592e-06
