24.1669, 0
0, 0, 0, 0.5, 0
0.128369, 0.0558759, -0.00509509, 0.371654, 0.00256828
0.256738, 0.0953452, -0.0046645, 0.243297, 0.0043119
0.385106, 0.118341, -0.00401012, 0.11494, 0.00605553
0.513475, 0.124854, -0.00313185, -0.0134165, 0.00779916
0.641844, 0.114893, -0.00202977, -0.141774, 0.00954279
0.770212, 0.0884552, -0.000703887, -0.27013, 0.0112864
0.898581, 0.0456029, 0.00540665, -0.398499, 0.0122054
1.02695, -0.0137899, 0.00707433, -0.526855, 0.013949
1.15532, -0.0896614, 0.00896586, -0.655212, 0.0156927
1.28369, -0.182067, 0.00683796, -0.783558, 0.0182609
1.41206, -0.290888, 0.00928297, -0.911915, 0.0200046
1.54042, -0.416189, 0.0119518, -1.04027, 0.0217482
1.66879, -0.557913, 0.0187702, -1.16864, 0.0226672
1.79716, -0.716221, 0.017961, -1.29699, 0.0252354
1.92553, -0.89095, 0.0213014, -1.42534, 0.0269791
2.0539, -1.08211, 0.0284737, -1.55371, 0.027898
2.18227, -1.28984, 0.0286535, -1.68206, 0.0304663
2.31064, -1.51401, 0.0326653, -1.81041, 0.03221
2.43901, -1.75465, 0.036901, -1.93877, 0.0339536
2.56738, -2.01176, 0.0413605, -2.06713, 0.0356972
2.69574, -2.28536, 0.0460438, -2.19548, 0.0374408
2.82411, -2.57543, 0.0509509, -2.32384, 0.0391845
2.95248, -2.88197, 0.0560819, -2.4522, 0.0409281
3.08085, -3.20496, 0.0643971, -2.58057, 0.0417876
3.20922, -3.5445, 0.0670153, -2.70891, 0.0444153
3.33759, -3.90044, 0.0753672, -2.83728, 0.0453343
3.46596, -4.2729, 0.0812876, -2.96564, 0.047078
3.59433, -4.66186, 0.0850941, -3.09398, 0.0496462
3.72269, -5.06724, 0.0939609, -3.22235, 0.0505057
3.85106, -5.48916, 0.0982657, -3.3507, 0.0531335
3.97943, -5.9275, 0.107208, -3.47906, 0.0540525
4.1078, -6.38234, 0.114247, -3.60742, 0.0557961
4.23617, -6.85366, 0.121641, -3.73578, 0.0574802
4.36454, -7.34148, 0.127295, -3.86412, 0.060108
4.49291, -7.84575, 0.135112, -3.99248, 0.0618516
4.62127, -8.3665, 0.143153, -4.12084, 0.0635953
4.74964, -8.90372, 0.151417, -4.24919, 0.0653389
4.87801, -9.45741, 0.161185, -4.37756, 0.0662579
5.00638, -10.0276, 0.168618, -4.50591, 0.0688261
5.13475, -10.6143, 0.177554, -4.63427, 0.0705698
5.26312, -11.2174, 0.187675, -4.76263, 0.0714887
5.39149, -11.837, 0.196097, -4.89098, 0.074057
5.51986, -12.4731, 0.205705, -5.01934, 0.0758007
5.64823, -13.1256, 0.216254, -5.1477, 0.0766253
5.77659, -13.7947, 0.22623, -5.27606, 0.0783095
5.90496, -14.4802, 0.236365, -5.40442, 0.0800879
6.03333, -15.1822, 0.246787, -5.53277, 0.0817303
6.1617, -15.9007, 0.257389, -5.66112, 0.0834369
6.29007, -16.6356, 0.268211, -5.78946, 0.085107
6.41844, -17.3871, 0.279237, -5.91781, 0.0868175
6.54681, -18.1411, 0.290228, -5.8111, 0.0846278
6.67518, -18.8789, 0.300976, -5.68275, 0.082821
6.80354, -19.6001, 0.311493, -5.55439, 0.0810412
6.93191, -20.3049, 0.321782, -5.42605, 0.0792725
7.06028, -20.9932, 0.331845, -5.29769, 0.0775093
7.18865, -21.665, 0.341682, -5.16934, 0.0757498
7.31702, -22.3204, 0.351293, -5.04098, 0.0739928
7.44539, -22.9592, 0.360679, -4.91262, 0.0722376
7.57376, -23.5816, 0.369839, -4.78427, 0.0704838
7.70213, -24.1875, 0.378775, -4.65591, 0.068731
7.83049, -24.777, 0.387485, -4.52755, 0.0669791
7.95886, -25.3499, 0.395971, -4.3992, 0.065228
8.08723, -25.9064, 0.404232, -4.27084, 0.0634774
8.2156, -26.4464, 0.412268, -4.14248, 0.0617274
8.34397, -26.9699, 0.420079, -4.01413, 0.0599778
8.47234, -27.477, 0.427666, -3.88577, 0.0582286
8.60071, -27.9676, 0.435029, -3.75741, 0.0564797
8.72908, -28.4416, 0.442167, -3.62906, 0.0547312
8.85744, -28.8993, 0.44908, -3.5007, 0.0529829
8.98581, -29.3404, 0.45577, -3.37234, 0.0512349
9.11418, -29.7651, 0.462234, -3.24398, 0.049487
9.24255, -30.1733, 0.468475, -3.11563, 0.0477394
9.37092, -30.565, 0.474491, -2.98727, 0.0459919
9.49929, -30.9402, 0.480283, -2.85892, 0.0442447
9.62766, -31.299, 0.48585, -2.73056, 0.0424975
9.75603, -31.6412, 0.491193, -2.6022, 0.0407505
9.88439, -31.967, 0.496312, -2.47384, 0.0390036
10.0128, -32.2764, 0.501207, -2.34549, 0.0372569
10.1411, -32.5692, 0.505878, -2.21713, 0.0355102
10.2695, -32.8456, 0.510324, -2.08877, 0.0337637
10.3979, -33.1055, 0.514546, -1.96042, 0.0320172
10.5262, -33.3489, 0.518544, -1.83206, 0.0302709
10.6546, -33.5758, 0.522318, -1.7037, 0.0285246
10.783, -33.7863, 0.525867, -1.57535, 0.0267784
10.9113, -33.9803, 0.529193, -1.44699, 0.0250323
11.0397, -34.1578, 0.532294, -1.31863, 0.0232862
11.1681, -34.3188, 0.535171, -1.19028, 0.0215402
11.2965, -34.4634, 0.537824, -1.06192, 0.0197943
11.4248, -34.5915, 0.540253, -0.933561, 0.0180484
11.5532, -34.7031, 0.542458, -0.805204, 0.0163026
11.6816, -34.7982, 0.544439, -0.676847, 0.0145569
11.8099, -34.8768, 0.546195, -0.548491, 0.0128112
11.9383, -34.939, 0.547728, -0.420133, 0.0110655
12.0667, -34.9847, 0.549036, -0.291776, 0.00931992
12.195, -35.0139, 0.55012, -0.163421, 0.00757439
12.3234, -35.0267, 0.550981, -0.0350634, 0.00582886
12.4518, -35.0229, 0.551617, 0.0932941, 0.00408337
12.5801, -35.0027, 0.552029, 0.221651, 0.00233794
12.7085, -34.966, 0.552217, 0.350008, 0.000592525
12.8231, -34.9194, 0.548712, 0.464573, 0.00157644
12.9377, -34.8596, 0.549107, 0.579146, 0.00315289
13.0523, -34.7867, 0.549684, 0.693719, 0.00472934
13.1668, -34.7006, 0.55044, 0.808293, 0.00630578
13.2814, -34.6015, 0.551378, 0.922866, 0.00788222
13.396, -34.4891, 0.552496, 1.03744, 0.00945867
13.5106, -34.3637, 0.553795, 1.15201, 0.0110351
13.6252, -34.2251, 0.555274, 1.26659, 0.0126116
13.7398, -34.0735, 0.556934, 1.38116, 0.014188
13.8543, -33.9086, 0.558775, 1.49573, 0.0157645
13.9689, -33.7307, 0.560796, 1.6103, 0.0173409
14.0835, -33.5396, 0.562998, 1.72488, 0.0189173
14.1981, -33.3354, 0.56538, 1.83945, 0.0204938
14.3127, -33.1181, 0.567944, 1.95402, 0.0220702
14.4273, -32.8876, 0.570687, 2.0686, 0.0236467
14.5419, -32.644, 0.573612, 2.18317, 0.0252231
14.6564, -32.3873, 0.576717, 2.29774, 0.0267996
14.771, -32.1174, 0.580003, 2.41232, 0.028376
14.8856, -31.8345, 0.583469, 2.52689, 0.0299525
15.0002, -31.5384, 0.587116, 2.64146, 0.0315289
15.1148, -31.2291, 0.590944, 2.75604, 0.0331054
15.2294, -30.9068, 0.594952, 2.87061, 0.0346818
15.3439, -30.5713, 0.599141, 2.98518, 0.0362582
15.4585, -30.2227, 0.60351, 3.09976, 0.0378347
15.5731, -29.8609, 0.60806, 3.21433, 0.0394111
15.6877, -29.486, 0.612791, 3.3289, 0.0409876
15.8023, -29.098, 0.617703, 3.44348, 0.042564
15.9169, -28.6969, 0.622795, 3.55805, 0.0441405
16.0314, -28.2827, 0.628067, 3.67262, 0.0457169
16.146, -27.8553, 0.633521, 3.78719, 0.0472934
16.2606, -27.4148, 0.639155, 3.90177, 0.0488698
16.3752, -26.9611, 0.644969, 4.01634, 0.0504463
16.4898, -26.4943, 0.650965, 4.13091, 0.0520227
16.6044, -26.0144, 0.65714, 4.24549, 0.0535991
16.7189, -25.5214, 0.663497, 4.36006, 0.0551756
16.8335, -25.0153, 0.670034, 4.47463, 0.056752
16.9481, -24.496, 0.676752, 4.58921, 0.0583285
17.0627, -23.9636, 0.68365, 4.70378, 0.0599049
17.1773, -23.418, 0.690729, 4.81835, 0.0614813
17.2919, -22.8594, 0.697989, 4.93293, 0.0630578
17.4065, -22.2876, 0.705429, 5.0475, 0.0646343
17.521, -21.7026, 0.71305, 5.16207, 0.0662107
17.6356, -21.1046, 0.720852, 5.27665, 0.0677872
17.7502, -20.4934, 0.728834, 5.39122, 0.0693636
17.8648, -19.8691, 0.736997, 5.50579, 0.07094
17.9794, -19.2316, 0.745341, 5.62036, 0.0725164
18.094, -18.5811, 0.753865, 5.73493, 0.0740928
18.2085, -17.9174, 0.76257, 5.84949, 0.0756691
18.3231, -17.2406, 0.771455, 5.96401, 0.0772449
18.4377, -16.5562, 0.780286, 5.92866, 0.0768353
18.5523, -15.8835, 0.788896, 5.8141, 0.075367
18.6669, -15.2238, 0.797347, 5.69953, 0.0738888
18.7815, -14.5773, 0.805636, 5.58496, 0.0724023
18.896, -13.9439, 0.813762, 5.47039, 0.070909
19.0106, -13.3237, 0.821722, 5.35582, 0.0694098
19.1252, -12.7166, 0.829515, 5.24124, 0.0679055
19.2398, -12.1225, 0.83714, 5.12666, 0.0663966
19.3544, -11.5417, 0.844597, 5.01209, 0.0648839
19.469, -10.9739, 0.851883, 4.89751, 0.0633675
19.5835, -10.4193, 0.858998, 4.78294, 0.0618481
19.6981, -9.87783, 0.865943, 4.66837, 0.0603258
19.8127, -9.34948, 0.872715, 4.55379, 0.0588009
19.9273, -8.83424, 0.879315, 4.43922, 0.0572737
20.0419, -8.33215, 0.885741, 4.32465, 0.0557444
20.1565, -7.84318, 0.891995, 4.21008, 0.0542131
20.2711, -7.36733, 0.898075, 4.0955, 0.0526799
20.3856, -6.90462, 0.90398, 3.98093, 0.0511452
20.5002, -6.45503, 0.909712, 3.86635, 0.0496089
20.6148, -6.01857, 0.915268, 3.75178, 0.0480712
20.7294, -5.59524, 0.92065, 3.63721, 0.0465321
20.844, -5.18504, 0.925857, 3.52263, 0.0449918
20.9586, -4.78796, 0.930888, 3.40806, 0.0434504
21.0731, -4.40402, 0.935744, 3.29348, 0.0419078
21.1877, -4.03321, 0.940424, 3.17891, 0.0403642
21.3023, -3.67551, 0.944928, 3.06434, 0.0388197
21.4169, -3.33096, 0.949255, 2.94976, 0.0372742
21.5315, -2.99953, 0.953407, 2.83519, 0.0357279
21.6461, -2.68122, 0.957382, 2.72062, 0.0341808
21.7606, -2.37604, 0.961181, 2.60604, 0.0326329
21.8752, -2.08399, 0.964803, 2.49147, 0.0310843
21.9898, -1.80508, 0.968248, 2.3769, 0.0295349
22.1044, -1.53928, 0.971516, 2.26232, 0.027985
22.219, -1.28662, 0.974608, 2.14775, 0.0264343
22.3336, -1.04709, 0.977522, 2.03318, 0.0248831
22.4481, -0.820679, 0.980259, 1.9186, 0.0233314
22.5627, -0.607403, 0.982819, 1.80403, 0.021779
22.6773, -0.407257, 0.985201, 1.68946, 0.0202262
22.7919, -0.220234, 0.987406, 1.57488, 0.0186728
22.9065, -0.0463409, 0.989434, 1.46031, 0.017119
23.0211, 0.114422, 0.991284, 1.34574, 0.0155647
23.1357, 0.262058, 0.992956, 1.23116, 0.01401
23.2502, 0.396561, 0.99445, 1.11659, 0.0124548
23.3648, 0.517944, 0.995767, 1.00201, 0.0108992
23.4794, 0.626194, 0.996906, 0.887442, 0.00934328
23.594, 0.721321, 0.997867, 0.772868, 0.00778693
23.7086, 0.803307, 0.998649, 0.658293, 0.0062302
23.8232, 0.872181, 0.999254, 0.543722, 0.00467318
23.9377, 0.927914, 0.999681, 0.429147, 0.00311576
24.0523, 0.970524, 0.99993, 0.314575, 0.00155805
24.1669, 1, 1, 0.2, -6.75209e-09
