2.29614, 0
0, 0, 0, 0.5, 0
0.011156, 0.00480821, 4.35863e-05, 0.499183, 0.0110853
0.022312, 0.00960815, 0.000211326, 0.498363, 0.0221694
0.0334679, 0.0144, 0.000503128, 0.497542, 0.0332522
0.0446239, 0.0191833, 0.000919032, 0.496719, 0.0443338
0.0557799, 0.0239586, 0.001459, 0.495893, 0.055414
0.0669359, 0.0287252, 0.00212313, 0.495066, 0.0664929
0.0780918, 0.0334837, 0.00291133, 0.494237, 0.0775703
0.0892478, 0.038234, 0.00382357, 0.493405, 0.0886462
0.100404, 0.042976, 0.00485994, 0.49257, 0.0997205
0.11156, 0.0477096, 0.00602038, 0.491734, 0.110793
0.122716, 0.0524349, 0.00730485, 0.490894, 0.121864
0.133872, 0.057152, 0.00871345, 0.490052, 0.132933
0.145028, 0.0618607, 0.0102461, 0.489207, 0.144001
0.156184, 0.0665613, 0.0119028, 0.488359, 0.155066
0.16734, 0.0712535, 0.0136836, 0.487508, 0.16613
0.178496, 0.0759374, 0.0155884, 0.486654, 0.177191
0.189652, 0.080613, 0.0176172, 0.485796, 0.18825
0.200808, 0.0852804, 0.0197701, 0.484935, 0.199306
0.211964, 0.0899396, 0.022047, 0.48407, 0.21036
0.22312, 0.0945903, 0.0244479, 0.483202, 0.221412
0.234276, 0.0992328, 0.0269729, 0.482329, 0.232461
0.245431, 0.103867, 0.0296218, 0.481452, 0.243507
0.256587, 0.108493, 0.0323948, 0.48057, 0.25455
0.267743, 0.113111, 0.0352917, 0.479684, 0.26559
0.278899, 0.11772, 0.0383126, 0.478793, 0.276626
0.290055, 0.122321, 0.0414575, 0.477897, 0.287659
0.301211, 0.126914, 0.0447263, 0.476995, 0.298688
0.312367, 0.131498, 0.0481191, 0.476087, 0.309714
0.323523, 0.136075, 0.0516358, 0.475174, 0.320735
0.334679, 0.140643, 0.0552764, 0.474254, 0.331751
0.345835, 0.145202, 0.0590409, 0.473327, 0.342763
0.356991, 0.149754, 0.0629293, 0.472392, 0.35377
0.368147, 0.154297, 0.0669415, 0.47145, 0.364772
0.379303, 0.158832, 0.0710776, 0.470501, 0.375768
0.390459, 0.163358, 0.0753375, 0.469542, 0.386757
0.401615, 0.167877, 0.0797212, 0.468574, 0.397741
0.412771, 0.172387, 0.0842287, 0.467596, 0.408717
0.423927, 0.176889, 0.0888599, 0.466608, 0.419687
0.435083, 0.181382, 0.0936148, 0.465609, 0.430648
0.446239, 0.185868, 0.0984934, 0.464598, 0.4416
0.457395, 0.190345, 0.103496, 0.463574, 0.452544
0.468551, 0.194814, 0.108622, 0.462536, 0.463477
0.479707, 0.199274, 0.113871, 0.461484, 0.4744
0.490863, 0.203727, 0.119244, 0.460416, 0.485311
0.502019, 0.208171, 0.12474, 0.45933, 0.496209
0.513175, 0.212607, 0.13036, 0.458226, 0.507094
0.524331, 0.217035, 0.136103, 0.457102, 0.517964
0.535487, 0.221454, 0.141969, 0.455957, 0.528817
0.546643, 0.225865, 0.147959, 0.454788, 0.539653
0.557799, 0.230269, 0.154071, 0.453593, 0.550469
0.568955, 0.234664, 0.160307, 0.45237, 0.561263
0.580111, 0.23905, 0.166665, 0.451116, 0.572033
0.591267, 0.243429, 0.173146, 0.449829, 0.582777
0.602423, 0.2478, 0.17975, 0.448504, 0.593491
0.613579, 0.252162, 0.186476, 0.447138, 0.604172
0.624735, 0.256517, 0.193324, 0.445727, 0.614816
0.635891, 0.260863, 0.200293, 0.444266, 0.625419
0.647047, 0.265201, 0.207385, 0.442747, 0.635974
0.658203, 0.269532, 0.214598, 0.441166, 0.646475
0.669359, 0.273854, 0.221931, 0.439515, 0.656916
0.680515, 0.278169, 0.229385, 0.437784, 0.667286
0.691671, 0.282476, 0.236959, 0.435962, 0.677575
0.702827, 0.286775, 0.244652, 0.434037, 0.687769
0.713983, 0.291066, 0.252464, 0.431996, 0.697854
0.725138, 0.29535, 0.260393, 0.42982, 0.707808
0.736295, 0.299626, 0.268438, 0.427488, 0.717607
0.74745, 0.303896, 0.276597, 0.424978, 0.727222
0.758606, 0.308158, 0.284869, 0.42226, 0.736615
0.769762, 0.312413, 0.293252, 0.419298, 0.745736
0.780918, 0.316661, 0.301741, 0.416055, 0.754526
0.792074, 0.320902, 0.310334, 0.412482, 0.762907
0.80323, 0.325137, 0.319025, 0.408526, 0.77078
0.814386, 0.329364, 0.327807, 0.404129, 0.77802
0.825542, 0.333583, 0.336671, 0.399234, 0.784475
0.836698, 0.337792, 0.345606, 0.393792, 0.789961
0.847854, 0.341988, 0.354598, 0.387775, 0.794273
0.85901, 0.346167, 0.363629, 0.381197, 0.797204
0.870166, 0.350319, 0.372678, 0.374128, 0.798576
0.881322, 0.354437, 0.381725, 0.366699, 0.798288
0.892478, 0.358509, 0.390748, 0.359086, 0.796337
0.903634, 0.362526, 0.399727, 0.351479, 0.792825
0.91479, 0.366479, 0.408644, 0.344045, 0.787931
0.925946, 0.370363, 0.417487, 0.336907, 0.781869
0.937102, 0.374177, 0.426245, 0.330141, 0.77485
0.948258, 0.37792, 0.43491, 0.32378, 0.767063
0.959414, 0.381594, 0.443476, 0.317832, 0.758667
0.97057, 0.385203, 0.451938, 0.312284, 0.749788
0.981726, 0.388749, 0.460293, 0.307113, 0.740525
0.992882, 0.392236, 0.468538, 0.302292, 0.730955
1.00404, 0.395668, 0.476671, 0.297794, 0.72114
1.01519, 0.399047, 0.484689, 0.293592, 0.711125
1.02635, 0.402378, 0.492591, 0.28966, 0.700947
1.03751, 0.405663, 0.500377, 0.285974, 0.690635
1.04866, 0.408905, 0.508045, 0.282512, 0.680212
1.05982, 0.412107, 0.515594, 0.279256, 0.669695
1.07097, 0.415271, 0.523024, 0.276189, 0.6591
1.08213, 0.418398, 0.530333, 0.273294, 0.648438
1.09329, 0.421492, 0.537523, 0.270558, 0.63772
1.10444, 0.424554, 0.544591, 0.267969, 0.626954
1.11636, 0.427764, 0.552131, 0.270792, 0.638531
1.12828, 0.431008, 0.559809, 0.273702, 0.650087
1.14019, 0.434288, 0.567625, 0.276704, 0.66162
1.15211, 0.437604, 0.575578, 0.279801, 0.673127
1.16403, 0.440957, 0.583668, 0.283001, 0.684606
1.17594, 0.444349, 0.591895, 0.286308, 0.696055
1.18786, 0.447781, 0.600258, 0.289728, 0.707471
1.19978, 0.451255, 0.608757, 0.293268, 0.71885
1.21169, 0.454772, 0.617391, 0.296936, 0.730188
1.22361, 0.458333, 0.62616, 0.30074, 0.741482
1.23553, 0.46194, 0.635063, 0.304689, 0.752725
1.24745, 0.465595, 0.6441, 0.308791, 0.763914
1.25936, 0.4693, 0.65327, 0.313057, 0.775041
1.27128, 0.473057, 0.662572, 0.317499, 0.786099
1.2832, 0.476868, 0.672005, 0.322129, 0.79708
1.29511, 0.480736, 0.681569, 0.32696, 0.807973
1.30703, 0.484662, 0.691262, 0.332007, 0.818769
1.31895, 0.48865, 0.701083, 0.337285, 0.829452
1.33086, 0.492702, 0.711031, 0.342814, 0.840009
1.34278, 0.496821, 0.721103, 0.348611, 0.85042
1.3547, 0.501012, 0.731299, 0.354698, 0.860665
1.36662, 0.505276, 0.741616, 0.361096, 0.870718
1.37853, 0.509619, 0.752051, 0.36783, 0.88055
1.39045, 0.514045, 0.762602, 0.374924, 0.890124
1.40237, 0.518557, 0.773265, 0.382404, 0.8994
1.41428, 0.52316, 0.784036, 0.390296, 0.908328
1.4262, 0.527861, 0.794912, 0.398625, 0.916849
1.43812, 0.532663, 0.805887, 0.407412, 0.924896
1.45003, 0.537573, 0.816954, 0.416675, 0.93239
1.46195, 0.542596, 0.828107, 0.426421, 0.939244
1.47387, 0.547738, 0.839337, 0.436646, 0.945359
1.48578, 0.553005, 0.850635, 0.447329, 0.950633
1.4977, 0.558401, 0.86199, 0.458427, 0.954961
1.50962, 0.563932, 0.873391, 0.469878, 0.958247
1.52154, 0.569601, 0.884825, 0.481592, 0.960411
1.53345, 0.575411, 0.896277, 0.493463, 0.961397
1.54537, 0.581363, 0.907734, 0.505373, 0.961185
1.55729, 0.587456, 0.919181, 0.517203, 0.959788
1.5692, 0.593689, 0.930605, 0.528843, 0.957254
1.58112, 0.600059, 0.941992, 0.5402, 0.953659
1.59304, 0.606563, 0.95333, 0.551204, 0.949093
1.60495, 0.613195, 0.964609, 0.561806, 0.943658
1.61687, 0.619951, 0.975818, 0.57198, 0.937456
1.62879, 0.626826, 0.98695, 0.581713, 0.930584
1.64071, 0.633814, 0.997996, 0.591009, 0.92313
1.65262, 0.64091, 1.00895, 0.599879, 0.915174
1.66454, 0.64811, 1.01981, 0.60834, 0.906783
1.67646, 0.655408, 1.03056, 0.616413, 0.898019
1.68837, 0.6628, 1.04121, 0.624121, 0.888931
1.70029, 0.670282, 1.05175, 0.631487, 0.879564
1.71221, 0.677849, 1.06217, 0.638533, 0.869954
1.72412, 0.685499, 1.07248, 0.645281, 0.860132
1.73604, 0.693228, 1.08267, 0.651751, 0.850125
1.74796, 0.701032, 1.09274, 0.657963, 0.839956
1.75987, 0.708909, 1.10269, 0.663935, 0.829643
1.77179, 0.716855, 1.11251, 0.669683, 0.819204
1.78371, 0.724869, 1.12221, 0.675222, 0.808653
1.79563, 0.732948, 1.13179, 0.680566, 0.798002
1.80754, 0.741089, 1.14123, 0.685728, 0.787261
1.81946, 0.749291, 1.15055, 0.690719, 0.77644
1.83138, 0.757551, 1.15974, 0.695551, 0.765546
1.84329, 0.765868, 1.1688, 0.700233, 0.754588
1.85521, 0.77424, 1.17772, 0.704775, 0.74357
1.86713, 0.782665, 1.18652, 0.709184, 0.732499
1.87904, 0.791142, 1.19518, 0.713468, 0.721379
1.89096, 0.799669, 1.20371, 0.717635, 0.710214
1.90288, 0.808245, 1.21211, 0.721691, 0.699009
1.9148, 0.816869, 1.22037, 0.725642, 0.687766
1.92671, 0.82554, 1.2285, 0.729493, 0.676488
1.93863, 0.834256, 1.23649, 0.73325, 0.665179
1.95055, 0.843016, 1.24435, 0.736918, 0.65384
1.96246, 0.851819, 1.25208, 0.7405, 0.642475
1.97438, 0.860664, 1.25967, 0.744002, 0.631084
1.9863, 0.869551, 1.26712, 0.747426, 0.61967
1.99821, 0.878478, 1.27444, 0.750778, 0.608234
2.01013, 0.887445, 1.28162, 0.754059, 0.596777
2.02205, 0.89645, 1.28866, 0.757273, 0.585302
2.03397, 0.905493, 1.29557, 0.760423, 0.573809
2.04588, 0.914574, 1.30233, 0.763512, 0.562299
2.0578, 0.923691, 1.30897, 0.766542, 0.550774
2.06972, 0.932843, 1.31546, 0.769517, 0.539234
2.08163, 0.942031, 1.32182, 0.772437, 0.527681
2.09355, 0.951253, 1.32804, 0.775306, 0.516114
2.10547, 0.960509, 1.33412, 0.778124, 0.504535
2.11738, 0.969799, 1.34006, 0.780895, 0.492945
2.1293, 0.979121, 1.34587, 0.78362, 0.481344
2.14122, 0.988475, 1.35154, 0.786301, 0.469732
2.15313, 0.997862, 1.35706, 0.788939, 0.458111
2.16505, 1.00728, 1.36245, 0.791536, 0.44648
2.17697, 1.01673, 1.36771, 0.794094, 0.434841
2.18889, 1.0262, 1.37282, 0.796613, 0.423193
2.2008, 1.03571, 1.37779, 0.799095, 0.411538
2.21272, 1.04525, 1.38263, 0.801541, 0.399875
2.22464, 1.05482, 1.38732, 0.803953, 0.388204
2.23655, 1.06441, 1.39188, 0.806332, 0.376527
2.24847, 1.07403, 1.3963, 0.808678, 0.364843
2.26039, 1.08369, 1.40057, 0.810992, 0.353153
2.2723, 1.09336, 1.40471, 0.813277, 0.341457
2.28422, 1.10307, 1.40871, 0.815532, 0.329756
2.29614, 1.1128, 1.41257, 0.817758, 0.318048
