2.31646, 0
0, 0, 0, 0.5, 0
0.011203, 0.00473796, 6.0184e-05, 0.499332, 0.011131
0.0224059, 0.00946949, 0.000245613, 0.498661, 0.0222604
0.0336089, 0.0141948, 0.000556299, 0.497988, 0.0333883
0.0448119, 0.0189134, 0.000992174, 0.497313, 0.0445146
0.0560148, 0.0236258, 0.00155324, 0.496634, 0.0556393
0.0672178, 0.0283317, 0.00223958, 0.495953, 0.0667621
0.0784208, 0.0330313, 0.00305114, 0.495269, 0.0778832
0.0896237, 0.0377244, 0.00398788, 0.494582, 0.0890024
0.100827, 0.0424111, 0.00504976, 0.493892, 0.10012
0.11203, 0.0470914, 0.00623692, 0.493199, 0.111235
0.123233, 0.0517655, 0.00754926, 0.492502, 0.122348
0.134436, 0.056433, 0.00898677, 0.491802, 0.133459
0.145639, 0.0610942, 0.0105494, 0.491098, 0.144567
0.156842, 0.065749, 0.0122372, 0.49039, 0.155673
0.168045, 0.0703974, 0.0140503, 0.489678, 0.166777
0.179247, 0.0750392, 0.0159884, 0.488963, 0.177878
0.19045, 0.0796748, 0.0180517, 0.488242, 0.188976
0.201653, 0.084304, 0.0202401, 0.487517, 0.200071
0.212856, 0.0889269, 0.0225537, 0.486787, 0.211163
0.224059, 0.0935431, 0.0249923, 0.486053, 0.222251
0.235262, 0.0981533, 0.0275561, 0.485312, 0.233337
0.246465, 0.102757, 0.0302449, 0.484567, 0.244418
0.257668, 0.107354, 0.0330589, 0.483816, 0.255496
0.268871, 0.111945, 0.0359979, 0.483058, 0.26657
0.280074, 0.116529, 0.0390619, 0.482294, 0.27764
0.291277, 0.121107, 0.042251, 0.481524, 0.288706
0.30248, 0.125679, 0.045565, 0.480746, 0.299766
0.313683, 0.130244, 0.0490041, 0.479961, 0.310822
0.324886, 0.134803, 0.0525681, 0.479168, 0.321873
0.336089, 0.139355, 0.0562571, 0.478367, 0.332918
0.347292, 0.143902, 0.060071, 0.477556, 0.343957
0.358495, 0.148441, 0.0640099, 0.476737, 0.35499
0.369698, 0.152974, 0.0680736, 0.475907, 0.366016
0.380901, 0.157501, 0.0722621, 0.475067, 0.377035
0.392104, 0.162022, 0.0765755, 0.474216, 0.388046
0.403307, 0.166536, 0.0810136, 0.473354, 0.39905
0.41451, 0.171044, 0.0855765, 0.472478, 0.410044
0.425713, 0.175545, 0.0902642, 0.471589, 0.42103
0.436916, 0.18004, 0.0950764, 0.470686, 0.432005
0.448119, 0.184529, 0.100013, 0.469768, 0.44297
0.459322, 0.189011, 0.105075, 0.468833, 0.453924
0.470525, 0.193487, 0.110261, 0.467881, 0.464865
0.481728, 0.197956, 0.115571, 0.466909, 0.475792
0.492931, 0.20242, 0.121006, 0.465918, 0.486705
0.504134, 0.206876, 0.126565, 0.464905, 0.497603
0.515337, 0.211327, 0.132248, 0.463868, 0.508483
0.526539, 0.215771, 0.138055, 0.462806, 0.519344
0.537742, 0.220209, 0.143987, 0.461716, 0.530186
0.548945, 0.22464, 0.150042, 0.460596, 0.541004
0.560148, 0.229065, 0.156221, 0.459444, 0.551799
0.571351, 0.233484, 0.162523, 0.458257, 0.562567
0.582554, 0.237897, 0.168949, 0.457031, 0.573304
0.593757, 0.242303, 0.175498, 0.455762, 0.584009
0.60496, 0.246703, 0.18217, 0.454446, 0.594677
0.616163, 0.251097, 0.188965, 0.45308, 0.605304
0.627366, 0.255484, 0.195882, 0.451657, 0.615886
0.638569, 0.259866, 0.202922, 0.450172, 0.626416
0.649772, 0.264241, 0.210083, 0.448616, 0.636888
0.660975, 0.26861, 0.217365, 0.446984, 0.647294
0.672178, 0.272973, 0.224768, 0.445264, 0.657625
0.683381, 0.27733, 0.232291, 0.443447, 0.667871
0.694584, 0.28168, 0.239933, 0.441521, 0.678017
0.705787, 0.286025, 0.247693, 0.439471, 0.68805
0.71699, 0.290364, 0.255571, 0.437281, 0.697949
0.728193, 0.294697, 0.263565, 0.434932, 0.707693
0.739396, 0.299024, 0.271672, 0.432401, 0.717252
0.750599, 0.303346, 0.279893, 0.429662, 0.726594
0.761802, 0.307661, 0.288223, 0.426686, 0.735677
0.773005, 0.311971, 0.29666, 0.423437, 0.744446
0.784208, 0.316275, 0.305199, 0.419875, 0.75284
0.795411, 0.320573, 0.313837, 0.415956, 0.760775
0.806614, 0.324864, 0.322567, 0.411633, 0.768156
0.817817, 0.329148, 0.33138, 0.406859, 0.774862
0.82902, 0.333422, 0.340269, 0.40159, 0.780756
0.840223, 0.337685, 0.34922, 0.395797, 0.785678
0.851426, 0.341931, 0.358218, 0.389473, 0.789463
0.862629, 0.346155, 0.367249, 0.382646, 0.791953
0.873831, 0.35035, 0.376292, 0.375392, 0.793027
0.885034, 0.354506, 0.385328, 0.367823, 0.792619
0.896237, 0.358613, 0.394339, 0.360085, 0.790737
0.90744, 0.362662, 0.403307, 0.35233, 0.787462
0.918643, 0.366647, 0.412217, 0.344694, 0.782929
0.929846, 0.370561, 0.421056, 0.337287, 0.777303
0.941049, 0.374402, 0.429815, 0.330181, 0.770752
0.952252, 0.37817, 0.438485, 0.323419, 0.763435
0.963455, 0.381865, 0.447059, 0.317016, 0.75549
0.974658, 0.38549, 0.455534, 0.310974, 0.747031
0.985861, 0.389047, 0.463904, 0.305282, 0.738153
0.997064, 0.392539, 0.472167, 0.299921, 0.728934
1.00827, 0.39597, 0.48032, 0.294872, 0.719435
1.01947, 0.399342, 0.488362, 0.290113, 0.709703
1.03067, 0.402659, 0.496289, 0.285622, 0.699779
1.04188, 0.405924, 0.504101, 0.281379, 0.689694
1.05308, 0.409139, 0.511797, 0.277364, 0.679474
1.06428, 0.412307, 0.519375, 0.273561, 0.669139
1.07548, 0.41543, 0.526835, 0.269953, 0.658707
1.08669, 0.418511, 0.534176, 0.266525, 0.648191
1.09789, 0.421552, 0.541396, 0.263263, 0.637603
1.10909, 0.424554, 0.548497, 0.260156, 0.626953
1.12117, 0.429623, 0.556457, 0.263786, 0.636889
1.13324, 0.434708, 0.564546, 0.267485, 0.646742
1.14531, 0.43981, 0.572763, 0.271254, 0.656509
1.15739, 0.444929, 0.581106, 0.275098, 0.666183
1.16946, 0.450064, 0.589576, 0.27902, 0.675759
1.18154, 0.455216, 0.598171, 0.283022, 0.685233
1.19361, 0.460384, 0.606889, 0.287109, 0.694597
1.20568, 0.465569, 0.61573, 0.291283, 0.703845
1.21776, 0.47077, 0.624692, 0.295549, 0.712971
1.22983, 0.475987, 0.633773, 0.29991, 0.721967
1.2419, 0.481221, 0.642973, 0.304371, 0.730824
1.25398, 0.486471, 0.652289, 0.308935, 0.739535
1.26605, 0.491738, 0.661719, 0.313607, 0.748091
1.27813, 0.497021, 0.671263, 0.31839, 0.75648
1.2902, 0.50232, 0.680916, 0.32329, 0.764695
1.30227, 0.507636, 0.690678, 0.328311, 0.772722
1.31435, 0.512968, 0.700546, 0.333457, 0.780551
1.32642, 0.518317, 0.710517, 0.338732, 0.78817
1.33849, 0.523683, 0.720589, 0.344141, 0.795564
1.35057, 0.529067, 0.730757, 0.349688, 0.802721
1.36264, 0.534467, 0.74102, 0.355376, 0.809626
1.37471, 0.539886, 0.751373, 0.36121, 0.816263
1.38679, 0.545323, 0.761813, 0.367193, 0.822617
1.39886, 0.550779, 0.772336, 0.373328, 0.82867
1.41094, 0.556254, 0.782937, 0.379617, 0.834406
1.42301, 0.561749, 0.793612, 0.386062, 0.839808
1.43508, 0.567266, 0.804355, 0.392663, 0.844856
1.44716, 0.572805, 0.815162, 0.399421, 0.849533
1.45923, 0.578367, 0.826028, 0.406335, 0.853821
1.4713, 0.583954, 0.836945, 0.413402, 0.857701
1.48338, 0.589568, 0.847909, 0.420619, 0.861157
1.49545, 0.59521, 0.858913, 0.427981, 0.864171
1.50753, 0.600882, 0.869949, 0.435482, 0.866728
1.5196, 0.606587, 0.881012, 0.443114, 0.868813
1.53167, 0.612326, 0.892094, 0.450868, 0.870413
1.54375, 0.618103, 0.903189, 0.458733, 0.871517
1.55582, 0.623921, 0.914288, 0.466698, 0.872117
1.56789, 0.629781, 0.925384, 0.474748, 0.872206
1.57997, 0.635687, 0.93647, 0.482871, 0.87178
1.59204, 0.641642, 0.947538, 0.491049, 0.870838
1.60411, 0.647649, 0.958582, 0.499268, 0.869382
1.61619, 0.653712, 0.969594, 0.50751, 0.867415
1.62826, 0.659833, 0.980567, 0.515761, 0.864946
1.64034, 0.666014, 0.991495, 0.524002, 0.861982
1.65241, 0.67226, 1.00237, 0.532219, 0.858536
1.66448, 0.678572, 1.01319, 0.540396, 0.854622
1.67656, 0.684954, 1.02394, 0.548519, 0.850255
1.68863, 0.691406, 1.03462, 0.556573, 0.845451
1.7007, 0.697931, 1.04523, 0.564547, 0.840228
1.71278, 0.70453, 1.05576, 0.57243, 0.834605
1.72485, 0.711205, 1.0662, 0.580211, 0.828601
1.73692, 0.717958, 1.07656, 0.587881, 0.822235
1.749, 0.724788, 1.08682, 0.595434, 0.815527
1.76107, 0.731696, 1.09698, 0.602863, 0.808496
1.77315, 0.738683, 1.10705, 0.610163, 0.801159
1.78522, 0.745749, 1.11701, 0.617329, 0.793535
1.79729, 0.752894, 1.12686, 0.624359, 0.785643
1.80937, 0.760117, 1.13661, 0.631251, 0.777497
1.82144, 0.767418, 1.14624, 0.638002, 0.769115
1.83351, 0.774796, 1.15576, 0.644613, 0.760511
1.84559, 0.782252, 1.16517, 0.651083, 0.7517
1.85766, 0.789783, 1.17445, 0.657413, 0.742696
1.86974, 0.797389, 1.18362, 0.663604, 0.73351
1.88181, 0.805069, 1.19267, 0.669656, 0.724156
1.89388, 0.812822, 1.20159, 0.675573, 0.714643
1.90596, 0.820647, 1.21039, 0.681355, 0.704983
1.91803, 0.828543, 1.21906, 0.687005, 0.695185
1.9301, 0.836508, 1.22761, 0.692525, 0.685258
1.94218, 0.844541, 1.23603, 0.697918, 0.675211
1.95425, 0.852641, 1.24431, 0.703186, 0.665051
1.96632, 0.860807, 1.25247, 0.708333, 0.654786
1.9784, 0.869038, 1.2605, 0.71336, 0.644422
1.99047, 0.877331, 1.2684, 0.718271, 0.633966
2.00255, 0.885687, 1.27616, 0.723068, 0.623424
2.01462, 0.894103, 1.28379, 0.727755, 0.612801
2.02669, 0.902579, 1.29129, 0.732334, 0.602102
2.03877, 0.911113, 1.29865, 0.736807, 0.591331
2.05084, 0.919704, 1.30587, 0.741178, 0.580494
2.06291, 0.928351, 1.31296, 0.745449, 0.569594
2.07499, 0.937052, 1.31992, 0.749623, 0.558635
2.08706, 0.945808, 1.32674, 0.753702, 0.547621
2.09914, 0.954615, 1.33342, 0.757689, 0.536554
2.11121, 0.963474, 1.33996, 0.761586, 0.525438
2.12328, 0.972383, 1.34636, 0.765396, 0.514276
2.13536, 0.981341, 1.35263, 0.769121, 0.50307
2.14743, 0.990348, 1.35875, 0.772763, 0.491823
2.1595, 0.999401, 1.36474, 0.776324, 0.480537
2.17158, 1.0085, 1.37059, 0.779807, 0.469215
2.18365, 1.01765, 1.37629, 0.783214, 0.457857
2.19572, 1.02683, 1.38186, 0.786546, 0.446467
2.2078, 1.03607, 1.38729, 0.789806, 0.435046
2.21987, 1.04534, 1.39257, 0.792996, 0.423595
2.23195, 1.05466, 1.39772, 0.796116, 0.412117
2.24402, 1.06401, 1.40272, 0.79917, 0.400612
2.25609, 1.07341, 1.40759, 0.802158, 0.389082
2.26817, 1.08284, 1.41231, 0.805083, 0.377529
2.28024, 1.09232, 1.41689, 0.807946, 0.365953
2.29231, 1.10183, 1.42132, 0.810749, 0.354355
2.30439, 1.11137, 1.42562, 0.813492, 0.342737
2.31646, 1.12096, 1.42977, 0.816178, 0.3311
