4.50728, 0
0, 0, 0, 0.5, 0
0.0149479, 0.00763886, 1.96156e-05, 0.50876, 0.0121103
0.0298958, 0.0154087, 0.000220296, 0.51752, 0.0242204
0.0448436, 0.0233094, 0.000601992, 0.52628, 0.0363306
0.0597915, 0.0313412, 0.00116476, 0.53504, 0.0484406
0.0747394, 0.0395039, 0.00190854, 0.543799, 0.0605506
0.0896873, 0.0477975, 0.00283339, 0.552559, 0.0726605
0.104635, 0.0562221, 0.00393925, 0.561319, 0.0847703
0.119583, 0.0647776, 0.00522617, 0.570078, 0.0968799
0.134531, 0.0734641, 0.00669412, 0.578838, 0.108989
0.149479, 0.0822815, 0.00834312, 0.587597, 0.121099
0.164427, 0.0912299, 0.0101732, 0.596357, 0.133208
0.179375, 0.100309, 0.0121843, 0.605116, 0.145317
0.194322, 0.10952, 0.0143764, 0.613875, 0.157426
0.20927, 0.118861, 0.0167495, 0.622634, 0.169535
0.224218, 0.128333, 0.0193038, 0.631393, 0.181643
0.239166, 0.137936, 0.022039, 0.640152, 0.193752
0.254114, 0.14767, 0.0249553, 0.64891, 0.20586
0.269062, 0.157535, 0.0280527, 0.657669, 0.217967
0.28401, 0.167531, 0.031331, 0.666427, 0.230075
0.298958, 0.177658, 0.0347905, 0.675185, 0.242181
0.313905, 0.187916, 0.0384309, 0.683942, 0.254288
0.328853, 0.198305, 0.0422524, 0.6927, 0.266394
0.343801, 0.208825, 0.046255, 0.701456, 0.278499
0.358749, 0.219476, 0.0504386, 0.710213, 0.290603
0.373697, 0.230257, 0.0548033, 0.718968, 0.302706
0.388645, 0.24117, 0.059349, 0.727723, 0.314808
0.403593, 0.252214, 0.0640757, 0.736477, 0.326909
0.418541, 0.263388, 0.0689835, 0.74523, 0.339008
0.433488, 0.274694, 0.0740724, 0.753982, 0.351104
0.448436, 0.28613, 0.0793423, 0.762731, 0.363197
0.463384, 0.297697, 0.0847932, 0.771478, 0.375286
0.478332, 0.309396, 0.0904253, 0.780222, 0.38737
0.49328, 0.321225, 0.0962384, 0.78896, 0.399445
0.508228, 0.333185, 0.102233, 0.797691, 0.411507
0.523176, 0.345276, 0.108408, 0.806409, 0.423549
0.538124, 0.357497, 0.114765, 0.815104, 0.435555
0.553071, 0.369849, 0.121303, 0.823753, 0.447484
0.568019, 0.38233, 0.128023, 0.832281, 0.459215
0.582967, 0.394935, 0.134927, 0.840291, 0.470106
0.597915, 0.407593, 0.142018, 0.843683, 0.473564
0.612863, 0.420126, 0.149096, 0.838293, 0.463342
0.627811, 0.432549, 0.155986, 0.831161, 0.450949
0.642759, 0.444866, 0.162677, 0.823604, 0.43833
0.657707, 0.457074, 0.169173, 0.815833, 0.425699
0.672655, 0.469169, 0.175475, 0.807921, 0.413096
0.687602, 0.48115, 0.181585, 0.799907, 0.400528
0.70255, 0.493013, 0.187505, 0.791814, 0.387994
0.717498, 0.504758, 0.193235, 0.783658, 0.375491
0.732446, 0.516382, 0.198776, 0.775451, 0.363015
0.747394, 0.527886, 0.204129, 0.7672, 0.350564
0.762342, 0.539268, 0.209295, 0.758912, 0.338134
0.77729, 0.550527, 0.214274, 0.750592, 0.325724
0.792238, 0.561663, 0.219066, 0.742244, 0.31333
0.807185, 0.572675, 0.223673, 0.733872, 0.300952
0.822133, 0.583564, 0.228093, 0.725479, 0.288588
0.837081, 0.594327, 0.232328, 0.717066, 0.276236
0.852029, 0.604965, 0.236378, 0.708635, 0.263896
0.866977, 0.615478, 0.240243, 0.700189, 0.251565
0.881925, 0.625866, 0.243923, 0.691728, 0.239245
0.896873, 0.636127, 0.247418, 0.683254, 0.226933
0.911821, 0.646262, 0.250729, 0.674769, 0.214629
0.926768, 0.656271, 0.253856, 0.666272, 0.202332
0.941716, 0.666154, 0.256798, 0.657765, 0.190042
0.956664, 0.67591, 0.259557, 0.649249, 0.177759
0.971612, 0.685538, 0.262131, 0.640724, 0.165481
0.98656, 0.69504, 0.264522, 0.632191, 0.153209
1.00151, 0.704415, 0.266729, 0.623651, 0.140942
1.01646, 0.713662, 0.268753, 0.615103, 0.12868
1.0314, 0.722781, 0.270592, 0.606548, 0.116423
1.04635, 0.731773, 0.272249, 0.597988, 0.104169
1.0613, 0.740638, 0.273722, 0.589421, 0.0919203
1.07625, 0.749374, 0.275012, 0.580849, 0.0796751
1.0912, 0.757983, 0.276119, 0.572272, 0.0674334
1.10614, 0.766464, 0.277042, 0.56369, 0.0551952
1.12109, 0.774816, 0.277782, 0.555103, 0.0429603
1.13604, 0.783041, 0.27834, 0.546512, 0.0307284
1.15099, 0.791137, 0.278714, 0.537916, 0.0184994
1.16593, 0.799105, 0.278905, 0.529316, 0.00627335
1.18088, 0.806944, 0.278914, 0.520713, -0.0059501
1.19583, 0.814655, 0.27874, 0.512106, -0.018171
1.21078, 0.822238, 0.278383, 0.503495, -0.0303895
1.22573, 0.829692, 0.277843, 0.494881, -0.0426056
1.24067, 0.837017, 0.27712, 0.486264, -0.0548195
1.25562, 0.844214, 0.276215, 0.477644, -0.0670312
1.27057, 0.851282, 0.275127, 0.469021, -0.079241
1.28552, 0.858221, 0.273857, 0.460395, -0.0914488
1.30047, 0.865032, 0.272404, 0.451767, -0.103655
1.31541, 0.871713, 0.270768, 0.443135, -0.115859
1.33036, 0.878266, 0.26895, 0.434502, -0.128061
1.34531, 0.88469, 0.266949, 0.425866, -0.140262
1.36026, 0.890984, 0.264766, 0.417227, -0.15246
1.3752, 0.89715, 0.262401, 0.408587, -0.164658
1.39015, 0.903187, 0.259853, 0.399944, -0.176854
1.4051, 0.909094, 0.257123, 0.391299, -0.189048
1.42005, 0.914873, 0.25421, 0.382653, -0.201241
1.435, 0.920522, 0.251115, 0.374004, -0.213433
1.44994, 0.926042, 0.247838, 0.365353, -0.225623
1.46489, 0.931433, 0.244379, 0.356701, -0.237812
1.47984, 0.936694, 0.240737, 0.348047, -0.25
1.51011, 0.947412, 0.233593, 0.356183, -0.220839
1.54039, 0.958369, 0.227335, 0.364323, -0.19168
1.57066, 0.969239, 0.222053, 0.372673, -0.162579
1.60094, 0.980846, 0.217516, 0.380709, -0.13339
1.63121, 0.992527, 0.21391, 0.388854, -0.104232
1.66149, 1.00445, 0.211188, 0.397001, -0.0750743
1.69176, 1.01661, 0.209351, 0.40515, -0.0459174
1.72204, 1.02888, 0.208436, 0.413395, -0.0167873
1.75231, 1.04153, 0.208366, 0.421547, 0.012369
1.78258, 1.05442, 0.20918, 0.429701, 0.0415247
1.81286, 1.06743, 0.210912, 0.437945, 0.0706548
1.84313, 1.08093, 0.213462, 0.446014, 0.0998345
1.87341, 1.09443, 0.216959, 0.454259, 0.128965
1.90368, 1.1084, 0.22128, 0.462335, 0.158142
1.93396, 1.12259, 0.226487, 0.470419, 0.187318
1.96423, 1.13684, 0.232633, 0.478663, 0.216448
1.9945, 1.15151, 0.23961, 0.486753, 0.245622
2.02478, 1.16634, 0.247498, 0.494923, 0.274773
2.05505, 1.18141, 0.256268, 0.503093, 0.303924
2.08533, 1.19687, 0.265881, 0.511124, 0.333114
2.1156, 1.21242, 0.27642, 0.5193, 0.362263
2.14588, 1.22828, 0.287825, 0.527411, 0.391431
2.17615, 1.24431, 0.300133, 0.53559, 0.420579
2.20643, 1.26071, 0.31329, 0.543645, 0.449763
2.2367, 1.27723, 0.327366, 0.551829, 0.47891
2.26697, 1.29409, 0.342295, 0.559895, 0.508091
2.29725, 1.31119, 0.358112, 0.567969, 0.537269
2.32752, 1.32848, 0.374827, 0.576104, 0.566429
2.3578, 1.34605, 0.392415, 0.584189, 0.595604
2.38807, 1.36386, 0.410889, 0.592281, 0.624777
2.41835, 1.38193, 0.430239, 0.60033, 0.653962
2.44862, 1.40024, 0.450475, 0.608389, 0.683145
2.4789, 1.41878, 0.471599, 0.616456, 0.712324
2.50917, 1.43756, 0.493609, 0.624531, 0.741502
2.53944, 1.45657, 0.516505, 0.632612, 0.770678
2.56972, 1.47586, 0.540274, 0.640624, 0.799873
2.59999, 1.49537, 0.564931, 0.648649, 0.829064
2.63027, 1.51512, 0.590476, 0.656686, 0.858253
2.66054, 1.53512, 0.616903, 0.664701, 0.887447
2.69082, 1.55537, 0.644209, 0.672668, 0.916654
2.72109, 1.57586, 0.672402, 0.680626, 0.945864
2.75137, 1.59659, 0.701477, 0.688552, 0.975083
2.78164, 1.61754, 0.731445, 0.696525, 1.00429
2.81191, 1.63877, 0.762284, 0.704341, 1.03354
2.84219, 1.66022, 0.794015, 0.71218, 1.06278
2.87246, 1.68189, 0.826635, 0.720021, 1.09202
2.90274, 1.70379, 0.860141, 0.727836, 1.12127
2.93301, 1.72595, 0.894528, 0.735486, 1.15056
2.96329, 1.74832, 0.929807, 0.743155, 1.17985
2.99356, 1.77093, 0.96597, 0.750638, 1.20918
3.02383, 1.79377, 1.00302, 0.757914, 1.23857
3.05411, 1.81683, 1.04096, 0.764917, 1.26803
3.08438, 1.84008, 1.0798, 0.771304, 1.29762
3.11466, 1.86351, 1.11953, 0.776061, 1.32751
3.14493, 1.88692, 1.16012, 0.76408, 1.34385
3.17521, 1.90983, 1.2004, 0.750269, 1.31701
3.20548, 1.93238, 1.23985, 0.739784, 1.28861
3.23576, 1.95463, 1.27843, 0.730118, 1.25992
3.26603, 1.97659, 1.31613, 0.72083, 1.23111
3.2963, 1.99828, 1.35297, 0.71176, 1.20222
3.32658, 2.01969, 1.38893, 0.702833, 1.17329
3.35685, 2.04083, 1.42401, 0.694007, 1.14433
3.38713, 2.06171, 1.45821, 0.685255, 1.11535
3.4174, 2.08232, 1.49154, 0.676561, 1.08635
3.44768, 2.10268, 1.52399, 0.667913, 1.05734
3.47795, 2.12277, 1.55556, 0.659303, 1.02832
3.50823, 2.1426, 1.58625, 0.650724, 0.999282
3.5385, 2.16217, 1.61607, 0.64217, 0.970241
3.56877, 2.18148, 1.645, 0.633639, 0.941193
3.59905, 2.20053, 1.67305, 0.625128, 0.91214
3.62932, 2.21933, 1.70023, 0.616633, 0.883082
3.6596, 2.23787, 1.72652, 0.608153, 0.854019
3.68987, 2.25615, 1.75194, 0.599687, 0.824952
3.72015, 2.27418, 1.77647, 0.591232, 0.795882
3.75042, 2.29195, 1.80013, 0.582788, 0.766809
3.78069, 2.30947, 1.8229, 0.574353, 0.737734
3.81097, 2.32673, 1.8448, 0.565927, 0.708656
3.84124, 2.34373, 1.86581, 0.557509, 0.679575
3.87152, 2.36048, 1.88594, 0.549099, 0.650492
3.90179, 2.37698, 1.9052, 0.540695, 0.621408
3.93207, 2.39322, 1.92357, 0.532297, 0.592321
3.96234, 2.40921, 1.94106, 0.523905, 0.563233
3.99262, 2.42494, 1.95767, 0.515518, 0.534144
4.02289, 2.44042, 1.9734, 0.507136, 0.505053
4.05316, 2.45565, 1.98825, 0.498759, 0.47596
4.08344, 2.47062, 2.00222, 0.490386, 0.446867
4.11371, 2.48534, 2.01531, 0.482017, 0.417772
4.14399, 2.49981, 2.02752, 0.473652, 0.388676
4.17426, 2.51402, 2.03884, 0.465291, 0.359579
4.20454, 2.52798, 2.04929, 0.456932, 0.330482
4.23481, 2.54169, 2.05886, 0.448578, 0.301383
4.26509, 2.55514, 2.06754, 0.440225, 0.272283
4.29536, 2.56834, 2.07534, 0.431876, 0.243183
4.32563, 2.58129, 2.08226, 0.42353, 0.214082
4.35591, 2.59399, 2.0883, 0.415186, 0.18498
4.38618, 2.60643, 2.09346, 0.406844, 0.155877
4.41646, 2.61862, 2.09774, 0.398505, 0.126774
4.44673, 2.63056, 2.10114, 0.390168, 0.0976706
4.47701, 2.64225, 2.10366, 0.381833, 0.0685661
4.50728, 2.65368, 2.10529, 0.373501, 0.0394608
