2.30948, 0
0, 0, 0, 0.5, 0
0.0112078, 0.00485475, 3.28132e-05, 0.499034, 0.0111287
0.0224155, 0.00969942, 0.000190759, 0.498067, 0.0222562
0.0336233, 0.0145341, 0.000473885, 0.497098, 0.0333825
0.044831, 0.0193586, 0.000882205, 0.496127, 0.0445077
0.0560388, 0.024173, 0.00141558, 0.495154, 0.0556317
0.0672465, 0.0289772, 0.00207402, 0.49418, 0.0667544
0.0784543, 0.0337714, 0.00285769, 0.493204, 0.0778756
0.089662, 0.0385554, 0.00376645, 0.492226, 0.0889956
0.10087, 0.0433294, 0.00480038, 0.491245, 0.100114
0.112078, 0.0480933, 0.00595943, 0.490263, 0.111231
0.123285, 0.0528469, 0.00724353, 0.489279, 0.122346
0.134493, 0.0575905, 0.00865279, 0.488292, 0.13346
0.145701, 0.0623241, 0.0101872, 0.487302, 0.144572
0.156909, 0.0670476, 0.0118467, 0.48631, 0.155682
0.168116, 0.0717609, 0.0136312, 0.485316, 0.16679
0.179324, 0.0764642, 0.0155409, 0.484319, 0.177897
0.190532, 0.0811572, 0.0175757, 0.483318, 0.189001
0.20174, 0.0858403, 0.0197355, 0.482315, 0.200103
0.212947, 0.0905132, 0.0220205, 0.481309, 0.211202
0.224155, 0.0951761, 0.0244305, 0.480299, 0.2223
0.235363, 0.0998288, 0.0269656, 0.479286, 0.233394
0.246571, 0.104471, 0.0296257, 0.478269, 0.244486
0.257778, 0.109104, 0.0324109, 0.477249, 0.255576
0.268986, 0.113727, 0.0353212, 0.476224, 0.266662
0.280194, 0.118339, 0.0383565, 0.475195, 0.277745
0.291402, 0.122941, 0.0415168, 0.474162, 0.288825
0.302609, 0.127534, 0.0448021, 0.473124, 0.299901
0.313817, 0.132116, 0.0482124, 0.47208, 0.310974
0.325025, 0.136688, 0.0517478, 0.471032, 0.322043
0.336233, 0.14125, 0.0554081, 0.469978, 0.333108
0.34744, 0.145802, 0.0591934, 0.468918, 0.344168
0.358648, 0.150344, 0.0631037, 0.467852, 0.355224
0.369856, 0.154876, 0.0671388, 0.46678, 0.366274
0.381064, 0.159397, 0.071299, 0.4657, 0.377319
0.392271, 0.163909, 0.075584, 0.464613, 0.388359
0.403479, 0.168411, 0.0799939, 0.463518, 0.399393
0.414687, 0.172902, 0.0845287, 0.462414, 0.41042
0.425895, 0.177384, 0.0891883, 0.461302, 0.42144
0.437102, 0.181855, 0.0939728, 0.46018, 0.432453
0.44831, 0.186317, 0.098882, 0.459047, 0.443458
0.459518, 0.190768, 0.103916, 0.457903, 0.454454
0.470726, 0.19521, 0.109075, 0.456748, 0.465441
0.481933, 0.199641, 0.114358, 0.45558, 0.476418
0.493141, 0.204063, 0.119766, 0.454398, 0.487384
0.504349, 0.208474, 0.125299, 0.4532, 0.498338
0.515557, 0.212876, 0.130956, 0.451988, 0.50928
0.526764, 0.217268, 0.136738, 0.450757, 0.520207
0.537972, 0.221649, 0.142644, 0.449508, 0.531119
0.54918, 0.226021, 0.148674, 0.448238, 0.542014
0.560388, 0.230383, 0.154829, 0.446945, 0.552891
0.571595, 0.234735, 0.161108, 0.445628, 0.563748
0.582803, 0.239077, 0.167511, 0.444284, 0.574582
0.594011, 0.243409, 0.174037, 0.44291, 0.585391
0.605219, 0.247732, 0.180688, 0.441503, 0.596172
0.616426, 0.252045, 0.187463, 0.44006, 0.606921
0.627634, 0.256348, 0.19436, 0.438578, 0.617637
0.638842, 0.260641, 0.201382, 0.437051, 0.628313
0.65005, 0.264925, 0.208526, 0.435473, 0.638944
0.661257, 0.269199, 0.215792, 0.43384, 0.649524
0.672465, 0.273464, 0.223182, 0.432143, 0.660047
0.683673, 0.27772, 0.230693, 0.430376, 0.670503
0.694881, 0.281966, 0.238325, 0.428527, 0.680882
0.706088, 0.286203, 0.246079, 0.426586, 0.691171
0.717296, 0.290432, 0.253953, 0.424539, 0.701354
0.728504, 0.294651, 0.261945, 0.422369, 0.711413
0.739712, 0.298862, 0.270056, 0.420059, 0.721324
0.750919, 0.303065, 0.278284, 0.417584, 0.731057
0.762127, 0.30726, 0.286627, 0.414917, 0.740575
0.773335, 0.311447, 0.295083, 0.412025, 0.749829
0.784543, 0.315627, 0.303648, 0.408867, 0.758759
0.79575, 0.3198, 0.31232, 0.405398, 0.767285
0.806958, 0.323967, 0.321092, 0.401562, 0.775307
0.818166, 0.328127, 0.329959, 0.397301, 0.782695
0.829374, 0.332281, 0.338912, 0.392553, 0.789287
0.840581, 0.336427, 0.347939, 0.387261, 0.794887
0.851789, 0.340564, 0.357026, 0.381393, 0.799268
0.862997, 0.344686, 0.366154, 0.374959, 0.802202
0.874205, 0.348787, 0.375301, 0.36803, 0.803495
0.885412, 0.352856, 0.384444, 0.360746, 0.803033
0.89662, 0.356883, 0.393561, 0.353295, 0.800822
0.907828, 0.360857, 0.40263, 0.34588, 0.796988
0.919036, 0.36477, 0.411633, 0.338674, 0.791738
0.930243, 0.368616, 0.420557, 0.331799, 0.785311
0.941451, 0.372393, 0.429392, 0.325324, 0.777936
0.952659, 0.376102, 0.438129, 0.319278, 0.769813
0.963867, 0.379746, 0.446764, 0.313657, 0.761105
0.975074, 0.383326, 0.45529, 0.308444, 0.751939
0.986282, 0.386847, 0.463706, 0.303612, 0.742413
0.99749, 0.390313, 0.472009, 0.299131, 0.732602
1.0087, 0.393727, 0.480196, 0.29497, 0.722565
1.01991, 0.397092, 0.488266, 0.291102, 0.712345
1.03111, 0.400411, 0.496218, 0.287499, 0.701979
1.04232, 0.403688, 0.50405, 0.284137, 0.691491
1.05353, 0.406926, 0.511763, 0.280994, 0.680903
1.06474, 0.410126, 0.519354, 0.278052, 0.670232
1.07594, 0.413292, 0.526823, 0.275293, 0.659492
1.08715, 0.416425, 0.53417, 0.272702, 0.648693
1.09836, 0.419527, 0.541395, 0.270264, 0.637845
1.10957, 0.422601, 0.548497, 0.267969, 0.626953
1.12157, 0.426917, 0.556251, 0.270873, 0.637858
1.13357, 0.431251, 0.564138, 0.273857, 0.648712
1.14556, 0.435604, 0.572159, 0.276925, 0.659511
1.15756, 0.439975, 0.580313, 0.280082, 0.670252
1.16956, 0.444366, 0.588599, 0.283332, 0.68093
1.18156, 0.448777, 0.597016, 0.28668, 0.691541
1.19356, 0.453209, 0.605564, 0.290132, 0.702078
1.20556, 0.457662, 0.614241, 0.293694, 0.712538
1.21756, 0.462137, 0.623047, 0.297372, 0.722913
1.22956, 0.466635, 0.631981, 0.301172, 0.733197
1.24156, 0.471157, 0.641042, 0.305101, 0.743383
1.25356, 0.475702, 0.650227, 0.309167, 0.753461
1.26556, 0.480274, 0.659537, 0.313377, 0.763424
1.27756, 0.484871, 0.66897, 0.31774, 0.77326
1.28955, 0.489496, 0.678523, 0.322266, 0.782959
1.30155, 0.49415, 0.688195, 0.326962, 0.792509
1.31355, 0.498833, 0.697985, 0.331839, 0.801895
1.32555, 0.503547, 0.70789, 0.336907, 0.811103
1.33755, 0.508294, 0.717907, 0.342177, 0.820116
1.34955, 0.513075, 0.728035, 0.347659, 0.828915
1.36155, 0.517892, 0.73827, 0.353365, 0.83748
1.37355, 0.522746, 0.748609, 0.359307, 0.845788
1.38555, 0.527639, 0.759048, 0.365494, 0.853815
1.39755, 0.532575, 0.769584, 0.371939, 0.861532
1.40955, 0.537554, 0.780213, 0.37865, 0.868912
1.42155, 0.54258, 0.790928, 0.385638, 0.87592
1.43354, 0.547654, 0.801727, 0.39291, 0.882523
1.44554, 0.552781, 0.812602, 0.40047, 0.888684
1.45754, 0.557963, 0.823547, 0.408323, 0.894363
1.46954, 0.563203, 0.834556, 0.416466, 0.899521
1.48154, 0.568505, 0.845622, 0.424895, 0.904116
1.49354, 0.573873, 0.856735, 0.433601, 0.908108
1.50554, 0.57931, 0.867889, 0.442567, 0.911459
1.51754, 0.584821, 0.879074, 0.451774, 0.914131
1.52954, 0.59041, 0.89028, 0.461195, 0.916094
1.54154, 0.59608, 0.901499, 0.470797, 0.917322
1.55354, 0.601837, 0.91272, 0.480544, 0.917797
1.56553, 0.607683, 0.923934, 0.490395, 0.917508
1.57753, 0.613622, 0.935131, 0.500305, 0.916456
1.58953, 0.619657, 0.946301, 0.510232, 0.914649
1.60153, 0.625792, 0.957436, 0.52013, 0.912103
1.61353, 0.632027, 0.968526, 0.52996, 0.908843
1.62553, 0.638366, 0.979562, 0.539681, 0.904901
1.63753, 0.644807, 0.990539, 0.549262, 0.900313
1.64953, 0.651353, 1.00145, 0.558672, 0.895119
1.66153, 0.658003, 1.01228, 0.567889, 0.88936
1.67353, 0.664756, 1.02303, 0.576893, 0.883079
1.68553, 0.671611, 1.0337, 0.585671, 0.876317
1.69753, 0.678566, 1.04427, 0.594214, 0.869114
1.70952, 0.685621, 1.05475, 0.602516, 0.861511
1.72152, 0.692773, 1.06513, 0.610575, 0.853541
1.73352, 0.700019, 1.07541, 0.61839, 0.84524
1.74552, 0.707358, 1.08558, 0.625964, 0.836638
1.75752, 0.714787, 1.09564, 0.633301, 0.827763
1.76952, 0.722303, 1.10558, 0.640408, 0.81864
1.78152, 0.729905, 1.11542, 0.647288, 0.809293
1.79352, 0.73759, 1.12513, 0.653951, 0.799744
1.80552, 0.745355, 1.13472, 0.660402, 0.79001
1.81752, 0.753199, 1.1442, 0.66665, 0.780108
1.82952, 0.761118, 1.15355, 0.672702, 0.770055
1.84152, 0.769111, 1.16277, 0.678566, 0.759863
1.85351, 0.777176, 1.17187, 0.684249, 0.749545
1.86551, 0.785309, 1.18085, 0.689759, 0.739112
1.87751, 0.79351, 1.18969, 0.695103, 0.728574
1.88951, 0.801776, 1.19841, 0.700287, 0.71794
1.90151, 0.810106, 1.207, 0.705319, 0.707218
1.91351, 0.818497, 1.21545, 0.710205, 0.696415
1.92551, 0.826948, 1.22378, 0.714951, 0.685537
1.93751, 0.835457, 1.23197, 0.719563, 0.674591
1.94951, 0.844023, 1.24003, 0.724047, 0.663582
1.96151, 0.852643, 1.24795, 0.728407, 0.652514
1.97351, 0.861317, 1.25574, 0.732649, 0.641393
1.9855, 0.870044, 1.2634, 0.736777, 0.630222
1.9975, 0.87882, 1.27092, 0.740797, 0.619004
2.0095, 0.887646, 1.2783, 0.744712, 0.607744
2.0215, 0.89652, 1.28555, 0.748526, 0.596444
2.0335, 0.905441, 1.29266, 0.752245, 0.585106
2.0455, 0.914407, 1.29963, 0.75587, 0.573735
2.0575, 0.923418, 1.30647, 0.759406, 0.56233
2.0695, 0.932473, 1.31317, 0.762856, 0.550896
2.0815, 0.941569, 1.31973, 0.766223, 0.539433
2.0935, 0.950707, 1.32615, 0.769511, 0.527945
2.1055, 0.959885, 1.33243, 0.772722, 0.516431
2.1175, 0.969103, 1.33858, 0.775858, 0.504894
2.12949, 0.978359, 1.34458, 0.778924, 0.493336
2.14149, 0.987653, 1.35045, 0.78192, 0.481757
2.15349, 0.996983, 1.35617, 0.784849, 0.470159
2.16549, 1.00635, 1.36176, 0.787714, 0.458542
2.17749, 1.01575, 1.36721, 0.790516, 0.446909
2.18949, 1.02519, 1.37251, 0.793259, 0.435259
2.20149, 1.03466, 1.37768, 0.795943, 0.423595
2.21349, 1.04416, 1.38271, 0.798571, 0.411915
2.22549, 1.05369, 1.38759, 0.801144, 0.400223
2.23749, 1.06326, 1.39234, 0.803663, 0.388517
2.24949, 1.07286, 1.39694, 0.806132, 0.376799
2.26149, 1.08248, 1.4014, 0.808551, 0.36507
2.27348, 1.09214, 1.40573, 0.810922, 0.35333
2.28548, 1.10182, 1.40991, 0.813245, 0.341579
2.29748, 1.11154, 1.41394, 0.815524, 0.329818
2.30948, 1.12128, 1.41784, 0.817758, 0.318049
