35.9877, 0
0, 0, 0, 0.5, 0
0.18832, 0.07643, 0.000104935, 0.311684, 0.00118862
0.376641, 0.11739, 0.000433753, 0.123367, 0.00237724
0.564961, 0.122892, 0.000986373, -0.0649495, 0.00356586
0.753281, 0.0929307, 0.00176283, -0.253266, 0.00475448
0.941602, 0.0275021, 0.00276315, -0.441583, 0.0059431
1.12992, -0.0733868, 0.00398729, -0.629899, 0.00713172
1.31824, -0.209741, 0.00543528, -0.818216, 0.00832034
1.50656, -0.381561, 0.00710712, -1.00653, 0.00950896
1.69488, -0.588843, 0.00900279, -1.19485, 0.0106976
1.8832, -0.83159, 0.0111223, -1.38317, 0.0118862
2.07152, -1.1098, 0.0134657, -1.57148, 0.0130748
2.25984, -1.42347, 0.0160329, -1.7598, 0.0142634
2.44816, -1.77261, 0.0188239, -1.94812, 0.0154521
2.63648, -2.15721, 0.0218388, -2.13643, 0.0166407
2.82481, -2.57728, 0.0250775, -2.32475, 0.0178293
3.01313, -3.03281, 0.0285401, -2.51307, 0.0190179
3.20145, -3.5238, 0.0322265, -2.70138, 0.0202065
3.38977, -4.05026, 0.0361367, -2.8897, 0.0213952
3.57809, -4.61218, 0.0402708, -3.07802, 0.0225838
3.76641, -5.20956, 0.0446288, -3.26633, 0.0237724
3.95473, -5.84241, 0.0492105, -3.45465, 0.024961
4.14305, -6.51072, 0.0540161, -3.64296, 0.0261496
4.33137, -7.2145, 0.0590456, -3.83128, 0.0273383
4.51969, -7.95374, 0.0642989, -4.0196, 0.0285269
4.70801, -8.72844, 0.069776, -4.20791, 0.0297155
4.89633, -9.53861, 0.075477, -4.39623, 0.0309041
5.08465, -10.3842, 0.0814018, -4.58455, 0.0320927
5.27297, -11.2653, 0.0875505, -4.77287, 0.0332814
5.46129, -12.1819, 0.093923, -4.96118, 0.03447
5.64961, -13.1339, 0.100519, -5.1495, 0.0356586
5.83793, -14.1214, 0.107339, -5.33782, 0.0368472
6.02625, -15.1444, 0.114384, -5.52613, 0.0380358
6.21457, -16.2028, 0.121651, -5.71445, 0.0392245
6.40289, -17.2966, 0.129143, -5.90276, 0.0404131
6.59121, -18.426, 0.136859, -6.09108, 0.0416017
6.77953, -19.5908, 0.144798, -6.2794, 0.0427903
6.96785, -20.7911, 0.152961, -6.46772, 0.0439789
7.15617, -22.0268, 0.161348, -6.65603, 0.0451676
7.34449, -23.298, 0.169959, -6.84435, 0.0463562
7.53281, -24.6047, 0.178794, -7.03267, 0.0475448
7.72113, -25.9468, 0.187853, -7.22098, 0.0487334
7.90945, -27.3244, 0.197135, -7.4093, 0.0499221
8.09777, -28.7374, 0.206641, -7.59762, 0.0511107
8.28609, -30.1859, 0.216371, -7.78593, 0.0522993
8.47441, -31.6699, 0.226325, -7.97425, 0.0534879
8.66273, -33.1894, 0.236503, -8.16257, 0.0546765
8.85106, -34.7443, 0.246905, -8.35089, 0.0558652
9.03938, -36.3347, 0.25753, -8.5392, 0.0570538
9.2277, -37.9605, 0.26838, -8.72753, 0.0582425
9.41602, -39.6214, 0.279438, -8.87776, 0.0584474
9.60434, -41.2755, 0.290321, -8.6892, 0.0571688
9.79266, -42.8941, 0.300973, -8.50088, 0.0559563
9.98098, -44.4773, 0.311397, -8.31256, 0.0547532
10.1693, -46.025, 0.321595, -8.12425, 0.0535543
10.3576, -47.5372, 0.331568, -7.93593, 0.0523576
10.5459, -49.014, 0.341315, -7.74761, 0.0511623
10.7343, -50.4553, 0.350838, -7.5593, 0.0499681
10.9226, -51.8611, 0.360135, -7.37098, 0.0487746
11.1109, -53.2315, 0.369208, -7.18267, 0.0475817
11.2992, -54.5664, 0.378057, -6.99435, 0.0463892
11.4875, -55.8658, 0.38668, -6.80604, 0.0451971
11.6759, -57.1298, 0.39508, -6.61772, 0.0440053
11.8642, -58.3583, 0.403254, -6.4294, 0.0428137
12.0525, -59.5514, 0.411205, -6.24108, 0.0416224
12.2408, -60.709, 0.418931, -6.05277, 0.0404312
12.4291, -61.8311, 0.426433, -5.86445, 0.0392402
12.6175, -62.9178, 0.433711, -5.67613, 0.0380494
12.8058, -63.969, 0.440764, -5.48782, 0.0368586
12.9941, -64.9847, 0.447593, -5.2995, 0.035668
13.1824, -65.965, 0.454198, -5.11118, 0.0344775
13.3707, -66.9098, 0.460579, -4.92287, 0.0332871
13.5591, -67.8191, 0.466735, -4.73455, 0.0320967
13.7474, -68.693, 0.472668, -4.54623, 0.0309065
13.9357, -69.5314, 0.478376, -4.35792, 0.0297163
14.124, -70.3344, 0.48386, -4.1696, 0.0285262
14.3123, -71.1019, 0.48912, -3.98128, 0.0273361
14.5007, -71.8339, 0.494156, -3.79297, 0.0261461
14.689, -72.5304, 0.498968, -3.60465, 0.0249561
14.8773, -73.1915, 0.503555, -3.41633, 0.0237662
15.0656, -73.8172, 0.507919, -3.22802, 0.0225764
15.2539, -74.4073, 0.512058, -3.0397, 0.0213865
15.4423, -74.9621, 0.515974, -2.85138, 0.0201967
15.6306, -75.4813, 0.519665, -2.66307, 0.019007
15.8189, -75.9651, 0.523133, -2.47475, 0.0178173
16.0072, -76.4134, 0.526376, -2.28643, 0.0166276
16.1955, -76.8262, 0.529395, -2.09812, 0.0154379
16.3839, -77.2036, 0.532191, -1.9098, 0.0142483
16.5722, -77.5455, 0.534762, -1.72148, 0.0130587
16.7605, -77.852, 0.537109, -1.53317, 0.0118691
16.9488, -78.123, 0.539232, -1.34485, 0.0106795
17.1371, -78.3585, 0.541131, -1.15653, 0.00949
17.3255, -78.5586, 0.542807, -0.968217, 0.00830048
17.5138, -78.7232, 0.544258, -0.7799, 0.00711099
17.7021, -78.8523, 0.545485, -0.591583, 0.00592152
17.8904, -78.946, 0.546488, -0.403267, 0.00473207
18.0788, -79.0042, 0.547267, -0.214951, 0.00354265
18.2671, -79.027, 0.547822, -0.0266339, 0.00235323
18.4554, -79.0142, 0.548154, 0.161683, 0.00116383
18.6437, -78.9661, 0.548261, 0.349999, -2.55524e-05
18.8172, -78.8903, 0.548593, 0.523437, 0.00104124
18.9906, -78.7845, 0.54887, 0.696874, 0.00208248
19.164, -78.6486, 0.549328, 0.87031, 0.00312372
19.3375, -78.4826, 0.549966, 1.04375, 0.00416496
19.5109, -78.2865, 0.550785, 1.21718, 0.0052062
19.6844, -78.0604, 0.551784, 1.39062, 0.00624745
19.8578, -77.8042, 0.552964, 1.56406, 0.00728868
20.0312, -77.5179, 0.554325, 1.73749, 0.00832993
20.2047, -77.2015, 0.555866, 1.91093, 0.00937117
20.3781, -76.855, 0.557587, 2.08437, 0.0104124
20.5516, -76.4784, 0.55949, 2.2578, 0.0114536
20.725, -76.0718, 0.561572, 2.43124, 0.0124949
20.8984, -75.6351, 0.563836, 2.60468, 0.0135361
21.0719, -75.1683, 0.56628, 2.77811, 0.0145774
21.2453, -74.6714, 0.568905, 2.95155, 0.0156186
21.4188, -74.1445, 0.57171, 3.12499, 0.0166599
21.5922, -73.5874, 0.574696, 3.29843, 0.0177011
21.7656, -73.0003, 0.577862, 3.47186, 0.0187423
21.9391, -72.3831, 0.581209, 3.6453, 0.0197836
22.1125, -71.7358, 0.584737, 3.81873, 0.0208248
22.2859, -71.0585, 0.588445, 3.99217, 0.0218661
22.4594, -70.351, 0.592334, 4.16561, 0.0229073
22.6328, -69.6135, 0.596403, 4.33905, 0.0239485
22.8063, -68.8459, 0.600653, 4.51248, 0.0249898
22.9797, -68.0482, 0.605084, 4.68592, 0.026031
23.1531, -67.2205, 0.609695, 4.85936, 0.0270723
23.3266, -66.3626, 0.614487, 5.03279, 0.0281135
23.5, -65.4747, 0.619459, 5.20623, 0.0291548
23.6735, -64.5567, 0.624612, 5.37967, 0.030196
23.8469, -63.6086, 0.629946, 5.5531, 0.0312372
24.0203, -62.6304, 0.63546, 5.72654, 0.0322785
24.1938, -61.6222, 0.641155, 5.89998, 0.0333197
24.3672, -60.5838, 0.64703, 6.07341, 0.0343609
24.5407, -59.5154, 0.653086, 6.24685, 0.0354022
24.7141, -58.4169, 0.659322, 6.42029, 0.0364434
24.8875, -57.2884, 0.665739, 6.59373, 0.0374847
25.061, -56.1297, 0.672337, 6.76716, 0.0385259
25.2344, -54.941, 0.679115, 6.9406, 0.0395672
25.4079, -53.7221, 0.686074, 7.11404, 0.0406084
25.5813, -52.4732, 0.693214, 7.28747, 0.0416497
25.7547, -51.1943, 0.700534, 7.46091, 0.0426909
25.9282, -49.8852, 0.708034, 7.63435, 0.0437322
26.1016, -48.5461, 0.715716, 7.80778, 0.0447734
26.2751, -47.1768, 0.723578, 7.98122, 0.0458146
26.4485, -45.7776, 0.73162, 8.15467, 0.0468559
26.6219, -44.3482, 0.739843, 8.3281, 0.0478972
26.7954, -42.8887, 0.748247, 8.50155, 0.0489384
26.9688, -41.3992, 0.756831, 8.675, 0.0499798
27.1423, -39.8795, 0.765596, 8.84848, 0.0510213
27.3157, -38.3355, 0.774559, 8.87191, 0.0519274
27.4891, -36.8118, 0.78348, 8.69844, 0.0509279
27.6626, -35.3182, 0.792224, 8.52498, 0.0499051
27.836, -33.8546, 0.80079, 8.35154, 0.0488758
28.0095, -32.4212, 0.809178, 8.1781, 0.0478435
28.1829, -31.0178, 0.817386, 8.00466, 0.0468094
28.3563, -29.6445, 0.825415, 7.83123, 0.0457741
28.5298, -28.3013, 0.833264, 7.65779, 0.0447379
28.7032, -26.9882, 0.840934, 7.48435, 0.043701
28.8767, -25.7052, 0.848423, 7.31091, 0.0426637
29.0501, -24.4522, 0.855733, 7.13748, 0.041626
29.2235, -23.2293, 0.862862, 6.96404, 0.040588
29.397, -22.0365, 0.869812, 6.7906, 0.0395496
29.5704, -20.8738, 0.876581, 6.61717, 0.0385111
29.7439, -19.7412, 0.883171, 6.44373, 0.0374724
29.9173, -18.6386, 0.88958, 6.27029, 0.0364335
30.0907, -17.5661, 0.895809, 6.09685, 0.0353944
30.2642, -16.5237, 0.901857, 5.92342, 0.0343553
30.4376, -15.5114, 0.907726, 5.74998, 0.033316
30.6111, -14.5292, 0.913414, 5.57654, 0.0322766
30.7845, -13.577, 0.918922, 5.40311, 0.0312371
30.9579, -12.655, 0.924249, 5.22967, 0.0301975
31.1314, -11.763, 0.929397, 5.05624, 0.0291579
31.3048, -10.901, 0.934364, 4.8828, 0.0281182
31.4783, -10.0692, 0.93915, 4.70936, 0.0270784
31.6517, -9.26746, 0.943757, 4.53592, 0.0260385
31.8251, -8.49578, 0.948183, 4.36249, 0.0249987
31.9986, -7.75421, 0.952428, 4.18905, 0.0239587
32.172, -7.04269, 0.956493, 4.01561, 0.0229187
32.3455, -6.36127, 0.960378, 3.84218, 0.0218787
32.5189, -5.70992, 0.964083, 3.66874, 0.0208386
32.6923, -5.08865, 0.967607, 3.4953, 0.0197985
32.8658, -4.49747, 0.97095, 3.32186, 0.0187583
33.0392, -3.93636, 0.974114, 3.14843, 0.0177182
33.2127, -3.40534, 0.977096, 2.97499, 0.016678
33.3861, -2.9044, 0.979899, 2.80155, 0.0156377
33.5595, -2.43354, 0.982521, 2.62812, 0.0145975
33.733, -1.99277, 0.984962, 2.45468, 0.0135572
33.9064, -1.58207, 0.987224, 2.28124, 0.0125168
34.0799, -1.20145, 0.989304, 2.10781, 0.0114765
34.2533, -0.850899, 0.991205, 1.93437, 0.0104362
34.4267, -0.530464, 0.992924, 1.76093, 0.00939576
34.6002, -0.240067, 0.994464, 1.5875, 0.00835535
34.7736, 0.0202103, 0.995823, 1.41406, 0.00731491
34.9471, 0.25042, 0.997001, 1.24062, 0.00627447
35.1205, 0.450569, 0.997999, 1.06719, 0.00523401
35.2939, 0.620613, 0.998817, 0.893752, 0.00419354
35.4674, 0.760574, 0.999454, 0.720313, 0.00315303
35.6408, 0.870476, 0.99991, 0.546876, 0.00211253
35.8143, 0.950287, 1.00019, 0.373441, 0.00107201
35.9877, 1.00002, 1.00028, 0.200001, 3.14495e-05
