2.32686, 0
0, 0, 0, 0.5, 0
0.0112275, 0.00491646, 7.63001e-06, 0.498656, 0.0111157
0.022455, 0.00981815, 0.000140408, 0.49731, 0.0222305
0.0336824, 0.0147053, 0.000398316, 0.495964, 0.0333443
0.0449099, 0.0195779, 0.000781466, 0.494616, 0.0444571
0.0561374, 0.0244357, 0.00128975, 0.493268, 0.0555689
0.0673649, 0.029279, 0.00192316, 0.491918, 0.0666797
0.0785924, 0.0341078, 0.0026818, 0.490566, 0.0777892
0.0898198, 0.0389218, 0.0035655, 0.489214, 0.0888977
0.101047, 0.0437213, 0.00457443, 0.487861, 0.100005
0.112275, 0.0485063, 0.00570852, 0.486505, 0.111111
0.123502, 0.0532766, 0.00696773, 0.485149, 0.122215
0.13473, 0.0580322, 0.00835205, 0.483791, 0.133318
0.145957, 0.0627733, 0.00986165, 0.482431, 0.14442
0.157185, 0.0674998, 0.0114963, 0.481069, 0.15552
0.168412, 0.0722117, 0.0132561, 0.479706, 0.166619
0.17964, 0.076909, 0.0151411, 0.478341, 0.177716
0.190867, 0.0815917, 0.0171511, 0.476975, 0.188811
0.202095, 0.0862599, 0.0192863, 0.475606, 0.199904
0.213322, 0.0909134, 0.0215467, 0.474235, 0.210996
0.22455, 0.0955523, 0.0239322, 0.472862, 0.222085
0.235777, 0.100177, 0.0264428, 0.471487, 0.233172
0.247005, 0.104786, 0.0290785, 0.470109, 0.244257
0.258232, 0.109382, 0.0318393, 0.468729, 0.25534
0.26946, 0.113962, 0.0347253, 0.467346, 0.26642
0.280687, 0.118528, 0.0377363, 0.46596, 0.277498
0.291914, 0.12308, 0.0408724, 0.464571, 0.288573
0.303142, 0.127617, 0.0441337, 0.463179, 0.299645
0.314369, 0.132139, 0.04752, 0.461784, 0.310713
0.325597, 0.136647, 0.0510314, 0.460386, 0.321779
0.336824, 0.14114, 0.0546679, 0.458984, 0.332841
0.348052, 0.145619, 0.0584294, 0.457577, 0.343899
0.359279, 0.150084, 0.062316, 0.456167, 0.354954
0.370507, 0.154533, 0.0663277, 0.454753, 0.366004
0.381734, 0.158968, 0.0704643, 0.453333, 0.37705
0.392962, 0.163389, 0.0747261, 0.451909, 0.388091
0.404189, 0.167795, 0.0791128, 0.450479, 0.399127
0.415417, 0.172187, 0.0836245, 0.449044, 0.410158
0.426644, 0.176564, 0.0882612, 0.447603, 0.421183
0.437872, 0.180927, 0.0930229, 0.446156, 0.432201
0.449099, 0.185275, 0.0979095, 0.444701, 0.443213
0.460327, 0.189609, 0.102921, 0.443239, 0.454218
0.471554, 0.193928, 0.108058, 0.441769, 0.465214
0.482782, 0.198233, 0.113319, 0.440291, 0.476203
0.494009, 0.202524, 0.118705, 0.438803, 0.487182
0.505237, 0.2068, 0.124216, 0.437306, 0.498152
0.516464, 0.211062, 0.129852, 0.435797, 0.50911
0.527691, 0.215309, 0.135613, 0.434277, 0.520057
0.538919, 0.219542, 0.141498, 0.432744, 0.530991
0.550146, 0.223761, 0.147508, 0.431197, 0.541911
0.561374, 0.227966, 0.153643, 0.429635, 0.552815
0.572601, 0.232156, 0.159902, 0.428056, 0.563702
0.583829, 0.236333, 0.166286, 0.426458, 0.57457
0.595056, 0.240495, 0.172794, 0.424841, 0.585417
0.606284, 0.244643, 0.179426, 0.423201, 0.596241
0.617511, 0.248777, 0.186183, 0.421536, 0.607039
0.628739, 0.252897, 0.193064, 0.419844, 0.617807
0.639966, 0.257004, 0.200069, 0.418121, 0.628542
0.651194, 0.261096, 0.207197, 0.416363, 0.639239
0.662421, 0.265175, 0.21445, 0.414567, 0.649893
0.673649, 0.269241, 0.221825, 0.412726, 0.660498
0.684876, 0.273293, 0.229324, 0.410835, 0.671047
0.696104, 0.277333, 0.236946, 0.408887, 0.68153
0.707331, 0.281359, 0.24469, 0.406874, 0.691937
0.718559, 0.285373, 0.252556, 0.404784, 0.702253
0.729786, 0.289374, 0.260543, 0.402606, 0.712463
0.741014, 0.293364, 0.268651, 0.400326, 0.722545
0.752241, 0.297343, 0.276878, 0.397924, 0.732473
0.763469, 0.301311, 0.285224, 0.39538, 0.742214
0.774696, 0.305269, 0.293686, 0.392665, 0.751723
0.785923, 0.309218, 0.302263, 0.389747, 0.760945
0.797151, 0.313159, 0.310951, 0.386585, 0.769807
0.808379, 0.317094, 0.319747, 0.383129, 0.77821
0.819606, 0.321024, 0.328645, 0.379322, 0.786026
0.830833, 0.32495, 0.337637, 0.375099, 0.793088
0.842061, 0.328875, 0.346714, 0.370395, 0.799182
0.853288, 0.332799, 0.355862, 0.365157, 0.804052
0.864516, 0.33672, 0.365061, 0.35937, 0.807419
0.875743, 0.340634, 0.374288, 0.35308, 0.809021
0.886971, 0.344531, 0.383517, 0.346419, 0.808692
0.898198, 0.348401, 0.392721, 0.339583, 0.806419
0.909426, 0.352231, 0.401876, 0.332795, 0.802347
0.920653, 0.35601, 0.410961, 0.326244, 0.796734
0.931881, 0.359733, 0.419962, 0.32006, 0.789873
0.943108, 0.363395, 0.428866, 0.314311, 0.782042
0.954336, 0.366997, 0.437668, 0.309013, 0.773468
0.965563, 0.370541, 0.44636, 0.304158, 0.76433
0.976791, 0.374031, 0.45494, 0.299718, 0.754765
0.988018, 0.377469, 0.463403, 0.29566, 0.744872
0.999246, 0.38086, 0.471749, 0.291949, 0.734725
1.01047, 0.384207, 0.479976, 0.288552, 0.724383
1.0217, 0.387513, 0.488082, 0.285439, 0.713885
1.03293, 0.390782, 0.496066, 0.28258, 0.703264
1.04416, 0.394016, 0.503928, 0.279953, 0.692544
1.05538, 0.397219, 0.511666, 0.277534, 0.681743
1.06661, 0.400392, 0.519281, 0.275304, 0.670876
1.07784, 0.403539, 0.526772, 0.273247, 0.659956
1.08907, 0.40666, 0.534138, 0.271348, 0.64899
1.10029, 0.409758, 0.54138, 0.269592, 0.637987
1.11152, 0.412835, 0.548497, 0.267969, 0.626953
1.12367, 0.418191, 0.556498, 0.271958, 0.636659
1.13583, 0.423567, 0.564627, 0.276012, 0.646276
1.14798, 0.428962, 0.572884, 0.280132, 0.655798
1.16013, 0.434375, 0.581268, 0.284322, 0.66522
1.17229, 0.439808, 0.589778, 0.288584, 0.674538
1.18444, 0.445259, 0.598412, 0.292921, 0.683745
1.19659, 0.450728, 0.607169, 0.297336, 0.692834
1.20875, 0.456216, 0.616049, 0.301833, 0.701801
1.2209, 0.461721, 0.625049, 0.306414, 0.710636
1.23305, 0.467245, 0.634168, 0.311083, 0.719333
1.24521, 0.472786, 0.643405, 0.315842, 0.727884
1.25736, 0.478345, 0.652757, 0.320696, 0.73628
1.26951, 0.483922, 0.662223, 0.325649, 0.744513
1.28167, 0.489515, 0.6718, 0.330702, 0.752572
1.29382, 0.495126, 0.681487, 0.335861, 0.760449
1.30597, 0.500753, 0.691281, 0.341127, 0.768131
1.31813, 0.506397, 0.70118, 0.346506, 0.775608
1.33028, 0.512058, 0.711181, 0.352001, 0.782868
1.34243, 0.517736, 0.72128, 0.357613, 0.789898
1.35459, 0.523431, 0.731476, 0.363348, 0.796685
1.36674, 0.529142, 0.741764, 0.369207, 0.803216
1.3789, 0.53487, 0.752141, 0.375194, 0.809476
1.39105, 0.540616, 0.762603, 0.38131, 0.815451
1.4032, 0.546378, 0.773146, 0.387557, 0.821124
1.41536, 0.552159, 0.783766, 0.393937, 0.826482
1.42751, 0.557958, 0.794458, 0.40045, 0.831506
1.43966, 0.563776, 0.805217, 0.407096, 0.836183
1.45182, 0.569613, 0.816038, 0.413875, 0.840494
1.46397, 0.575471, 0.826915, 0.420784, 0.844424
1.47612, 0.581351, 0.837844, 0.427822, 0.847958
1.48828, 0.587254, 0.848817, 0.434985, 0.85108
1.50043, 0.593181, 0.859828, 0.442267, 0.853775
1.51258, 0.599134, 0.870871, 0.449664, 0.85603
1.52474, 0.605114, 0.88194, 0.457167, 0.857833
1.53689, 0.611125, 0.893027, 0.464768, 0.859172
1.54904, 0.617168, 0.904125, 0.47246, 0.860037
1.5612, 0.623245, 0.915227, 0.48023, 0.860423
1.57335, 0.629359, 0.926327, 0.488067, 0.860323
1.5855, 0.635512, 0.937416, 0.49596, 0.859733
1.59766, 0.641708, 0.948487, 0.503894, 0.858654
1.60981, 0.647948, 0.959534, 0.511858, 0.857085
1.62196, 0.654237, 0.970549, 0.519836, 0.855032
1.63412, 0.660576, 0.981525, 0.527816, 0.852499
1.64627, 0.666969, 0.992457, 0.535782, 0.849494
1.65842, 0.673418, 1.00334, 0.543722, 0.846028
1.67058, 0.679925, 1.01416, 0.551622, 0.842111
1.68273, 0.686494, 1.02491, 0.55947, 0.837758
1.69488, 0.693126, 1.0356, 0.567253, 0.832983
1.70704, 0.699823, 1.04622, 0.574961, 0.827802
1.71919, 0.706588, 1.05675, 0.582583, 0.822229
1.73134, 0.713421, 1.0672, 0.590111, 0.816284
1.7435, 0.720324, 1.07756, 0.597536, 0.809982
1.75565, 0.727299, 1.08782, 0.604852, 0.803342
1.7678, 0.734345, 1.09799, 0.612052, 0.796381
1.77996, 0.741464, 1.10806, 0.61913, 0.789115
1.79211, 0.748656, 1.11802, 0.626083, 0.781561
1.80426, 0.755922, 1.12788, 0.632908, 0.773737
1.81642, 0.763261, 1.13762, 0.639602, 0.765657
1.82857, 0.770673, 1.14726, 0.646162, 0.757336
1.84072, 0.778159, 1.15678, 0.652588, 0.74879
1.85288, 0.785717, 1.16618, 0.65888, 0.740032
1.86503, 0.793347, 1.17546, 0.665037, 0.731075
1.87718, 0.801048, 1.18462, 0.671059, 0.721931
1.88934, 0.808821, 1.19366, 0.676948, 0.712613
1.90149, 0.816663, 1.20257, 0.682705, 0.703131
1.91364, 0.824574, 1.21136, 0.68833, 0.693496
1.9258, 0.832553, 1.22001, 0.693826, 0.683717
1.93795, 0.840599, 1.22854, 0.699195, 0.673804
1.9501, 0.84871, 1.23694, 0.704439, 0.663764
1.96226, 0.856887, 1.24521, 0.709559, 0.653606
1.97441, 0.865127, 1.25335, 0.714559, 0.643338
1.98656, 0.87343, 1.26135, 0.71944, 0.632966
1.99872, 0.881794, 1.26922, 0.724206, 0.622497
2.01087, 0.890218, 1.27695, 0.728858, 0.611937
2.02302, 0.898701, 1.28455, 0.7334, 0.601291
2.03518, 0.907242, 1.29201, 0.737833, 0.590565
2.04733, 0.91584, 1.29933, 0.74216, 0.579763
2.05948, 0.924493, 1.30652, 0.746385, 0.56889
2.07164, 0.933201, 1.31357, 0.750508, 0.557951
2.08379, 0.941962, 1.32048, 0.754533, 0.54695
2.09595, 0.950775, 1.32725, 0.758462, 0.535889
2.1081, 0.959639, 1.33388, 0.762298, 0.524773
2.12025, 0.968553, 1.34037, 0.766043, 0.513605
2.13241, 0.977516, 1.34671, 0.769698, 0.502387
2.14456, 0.986526, 1.35292, 0.773267, 0.491124
2.15671, 0.995583, 1.35899, 0.776752, 0.479816
2.16887, 1.00469, 1.36491, 0.780154, 0.468467
2.18102, 1.01383, 1.37069, 0.783476, 0.457079
2.19317, 1.02303, 1.37633, 0.78672, 0.445654
2.20533, 1.03226, 1.38183, 0.789887, 0.434195
2.21748, 1.04154, 1.38718, 0.79298, 0.422702
2.22963, 1.05085, 1.39239, 0.796, 0.411179
2.24179, 1.06021, 1.39746, 0.79895, 0.399626
2.25394, 1.06961, 1.40238, 0.801831, 0.388045
2.26609, 1.07904, 1.40716, 0.804644, 0.376437
2.27825, 1.08851, 1.4118, 0.807392, 0.364805
2.2904, 1.09802, 1.41629, 0.810076, 0.353148
2.30255, 1.10756, 1.42063, 0.812697, 0.341469
2.31471, 1.11714, 1.42483, 0.815257, 0.329769
2.32686, 1.12675, 1.42889, 0.817758, 0.318049
