21.6925, 0
0, 0, 0, 0.5, 0
0.115784, 0.0510909, -0.00582627, 0.384249, 0.00297442
0.231568, 0.0889769, 0.000422525, 0.268464, 0.0038662
0.347352, 0.113263, -0.00471495, 0.152714, 0.00684061
0.463136, 0.124334, 0.00174039, 0.0369285, 0.00773239
0.57892, 0.121908, 0.00273503, -0.0788395, 0.00966548
0.694704, 0.106078, 0.0039535, -0.194607, 0.0115986
0.810488, 0.0768425, 0.00539581, -0.310375, 0.0135317
0.926272, 0.0342052, 0.0070619, -0.426143, 0.0154648
1.04206, -0.021839, 0.00895186, -0.541911, 0.0173979
1.15784, -0.091285, 0.0110656, -0.657679, 0.019331
1.27362, -0.174131, 0.0137437, -0.773448, 0.0211889
1.38941, -0.270392, 0.0159646, -0.889214, 0.0231972
1.50519, -0.380046, 0.0190729, -1.00498, 0.0250551
1.62098, -0.503109, 0.0220732, -1.12075, 0.0269882
1.73676, -0.639581, 0.0249917, -1.23652, 0.0289964
1.85254, -0.789448, 0.0287454, -1.35229, 0.0308544
1.96833, -0.952727, 0.0321289, -1.46805, 0.0328626
2.08411, -1.1294, 0.0363128, -1.58382, 0.0347206
2.1999, -1.31949, 0.0404323, -1.69959, 0.0366537
2.31568, -1.52298, 0.0445134, -1.81536, 0.0386619
2.43146, -1.73987, 0.0490892, -1.93112, 0.040595
2.54725, -1.97016, 0.0541336, -2.04689, 0.042453
2.66303, -2.21386, 0.0591483, -2.16266, 0.0443861
2.77882, -2.47097, 0.0641595, -2.27843, 0.0463943
2.8946, -2.74148, 0.0696306, -2.3942, 0.0483274
3.01038, -3.02538, 0.0756583, -2.50997, 0.0501414
3.12617, -3.3227, 0.0814455, -2.62573, 0.0521185
3.24195, -3.63342, 0.087772, -2.7415, 0.0539765
3.35774, -3.95755, 0.0939371, -2.85727, 0.0559847
3.47352, -4.29508, 0.100343, -2.97304, 0.0579929
3.5893, -4.64601, 0.107324, -3.0888, 0.0598509
3.70509, -5.01034, 0.114353, -3.20457, 0.061784
3.82087, -5.38808, 0.121606, -3.32034, 0.063717
3.93666, -5.77923, 0.129223, -3.43611, 0.065575
4.05244, -6.18378, 0.136783, -3.55188, 0.0675832
4.16822, -6.60173, 0.144831, -3.66764, 0.0694412
4.28401, -7.03308, 0.15297, -3.78341, 0.0713743
4.39979, -7.47785, 0.161368, -3.89918, 0.0732832
4.51558, -7.93601, 0.169824, -4.01495, 0.0753156
4.63136, -8.40758, 0.178732, -4.13071, 0.0771736
4.74714, -8.89255, 0.187813, -4.24648, 0.0790627
4.86293, -9.39093, 0.196996, -4.36225, 0.081071
4.97871, -9.90271, 0.206508, -4.47802, 0.0829729
5.0945, -10.4279, 0.216277, -4.59379, 0.0848181
5.21028, -10.9665, 0.226197, -4.70955, 0.0867512
5.32606, -11.5185, 0.236334, -4.82532, 0.088697
5.44185, -12.0839, 0.246703, -4.94109, 0.0906301
5.55763, -12.6627, 0.257289, -5.05686, 0.0925944
5.67342, -13.2549, 0.268133, -5.17262, 0.0943425
5.7892, -13.8605, 0.279132, -5.28841, 0.0976966
5.90498, -14.4698, 0.290161, -5.20679, 0.0938951
6.02077, -15.0659, 0.300915, -5.09105, 0.0918784
6.13655, -15.6487, 0.311439, -4.9753, 0.0898988
6.25234, -16.2181, 0.321733, -4.85953, 0.0879331
6.36812, -16.774, 0.331801, -4.74376, 0.085975
6.4839, -17.3166, 0.341643, -4.628, 0.0840216
6.59969, -17.8457, 0.351258, -4.51223, 0.0820714
6.71547, -18.3615, 0.360648, -4.39646, 0.0801236
6.83126, -18.8638, 0.369812, -4.2807, 0.0781775
6.94704, -19.3527, 0.378751, -4.16493, 0.0762329
7.06282, -19.8283, 0.387465, -4.04916, 0.0742892
7.17861, -20.2904, 0.395955, -3.93339, 0.0723466
7.29439, -20.7391, 0.404219, -3.81763, 0.0704047
7.41018, -21.1744, 0.412258, -3.70186, 0.0684635
7.52596, -21.5963, 0.420073, -3.58609, 0.0665229
7.64174, -22.0048, 0.427663, -3.47032, 0.0645827
7.75753, -22.4, 0.435028, -3.35456, 0.062643
7.87331, -22.7817, 0.442169, -3.23879, 0.0607037
7.9891, -23.15, 0.449085, -3.12302, 0.0587647
8.10488, -23.5048, 0.455777, -3.00725, 0.056826
8.22066, -23.8463, 0.462244, -2.89149, 0.0548875
8.33645, -24.1744, 0.468487, -2.77572, 0.0529494
8.45223, -24.4891, 0.474506, -2.65995, 0.0510114
8.56802, -24.7904, 0.4803, -2.54418, 0.0490737
8.6838, -25.0783, 0.485869, -2.42842, 0.0471362
8.79958, -25.3527, 0.491215, -2.31265, 0.0451988
8.91537, -25.6138, 0.496336, -2.19688, 0.0432615
9.03115, -25.8615, 0.501233, -2.08111, 0.0413245
9.14694, -26.0957, 0.505905, -1.96534, 0.0393876
9.26272, -26.3166, 0.510354, -1.84958, 0.0374508
9.3785, -26.524, 0.514578, -1.73381, 0.0355142
9.49429, -26.7181, 0.518578, -1.61804, 0.0335776
9.61007, -26.8987, 0.522353, -1.50227, 0.0316411
9.72586, -27.0659, 0.525905, -1.3865, 0.0297048
9.84164, -27.2198, 0.529232, -1.27074, 0.0277685
9.95742, -27.3602, 0.532335, -1.15497, 0.0258324
10.0732, -27.4872, 0.535214, -1.0392, 0.0238963
10.189, -27.6008, 0.537869, -0.923432, 0.0219603
10.3048, -27.7011, 0.540299, -0.807666, 0.0200244
10.4206, -27.7879, 0.542506, -0.691898, 0.0180885
10.5363, -27.8613, 0.544488, -0.57613, 0.0161527
10.6521, -27.9213, 0.546246, -0.460364, 0.0142171
10.7679, -27.9679, 0.54778, -0.344594, 0.0122814
10.8837, -28.0011, 0.54909, -0.228827, 0.0103458
10.9995, -28.0209, 0.550176, -0.113058, 0.00841023
11.1153, -28.0273, 0.551038, 0.00270838, 0.00647477
11.231, -28.0202, 0.551675, 0.118476, 0.00453934
11.3468, -27.9998, 0.552089, 0.234245, 0.00260393
11.4626, -27.966, 0.552278, 0.350011, 0.000668619
11.5649, -27.925, 0.548727, 0.452283, 0.00176586
11.6672, -27.8735, 0.549138, 0.554566, 0.00353172
11.7695, -27.8116, 0.54973, 0.65685, 0.00529758
11.8718, -27.7392, 0.550502, 0.759133, 0.00706344
11.9741, -27.6563, 0.551455, 0.861416, 0.0088293
12.0764, -27.5629, 0.552589, 0.963699, 0.0105952
12.1787, -27.4591, 0.553903, 1.06598, 0.012361
12.281, -27.3448, 0.555398, 1.16827, 0.0141269
12.3833, -27.2201, 0.557073, 1.27055, 0.0158927
12.4856, -27.0849, 0.558929, 1.37283, 0.0176586
12.5879, -26.9392, 0.560966, 1.47511, 0.0194245
12.6902, -26.7831, 0.563183, 1.5774, 0.0211903
12.7925, -26.6165, 0.565582, 1.67968, 0.0229562
12.8948, -26.4394, 0.56816, 1.78196, 0.024722
12.9971, -26.2519, 0.57092, 1.88425, 0.0264879
13.0994, -26.0539, 0.57386, 1.98653, 0.0282537
13.2017, -25.8455, 0.57698, 2.08881, 0.0300196
13.304, -25.6266, 0.580281, 2.1911, 0.0317855
13.4063, -25.3972, 0.583763, 2.29338, 0.0335513
13.5086, -25.1574, 0.587426, 2.39566, 0.0353172
13.6109, -24.9071, 0.591269, 2.49795, 0.037083
13.7132, -24.6463, 0.595293, 2.60023, 0.0388489
13.8155, -24.3751, 0.599498, 2.70251, 0.0406148
13.9178, -24.0934, 0.603883, 2.8048, 0.0423806
14.0201, -23.8012, 0.608449, 2.90708, 0.0441465
14.1224, -23.4986, 0.613195, 3.00936, 0.0459123
14.2247, -23.1855, 0.618122, 3.11164, 0.0476782
14.327, -22.862, 0.62323, 3.21393, 0.0494441
14.4293, -22.528, 0.628518, 3.31621, 0.0512099
14.5316, -22.1835, 0.633987, 3.41849, 0.0529758
14.6339, -21.8285, 0.639637, 3.52078, 0.0547416
14.7362, -21.4632, 0.645467, 3.62306, 0.0565075
14.8385, -21.0873, 0.651478, 3.72534, 0.0582734
14.9408, -20.701, 0.65767, 3.82763, 0.0600392
15.0431, -20.3042, 0.664042, 3.92991, 0.0618051
15.1454, -19.8969, 0.670595, 4.03219, 0.063571
15.2477, -19.4792, 0.677328, 4.13448, 0.0653368
15.35, -19.051, 0.684243, 4.23676, 0.0671027
15.4523, -18.6124, 0.691337, 4.33904, 0.0688685
15.5546, -18.1633, 0.698613, 4.44133, 0.0706344
15.6568, -17.7037, 0.706069, 4.54361, 0.0724002
15.7591, -17.2337, 0.713706, 4.64589, 0.0741661
15.8614, -16.7532, 0.721523, 4.74818, 0.075932
15.9637, -16.2622, 0.729521, 4.85046, 0.0776978
16.066, -15.7608, 0.7377, 4.95274, 0.0794637
16.1683, -15.2489, 0.746059, 5.05503, 0.0812296
16.2706, -14.7266, 0.754599, 5.15731, 0.0829955
16.3729, -14.1937, 0.76332, 5.25961, 0.0847616
16.4752, -13.6505, 0.772221, 5.36191, 0.0865278
16.5775, -13.1023, 0.781009, 5.31423, 0.0858116
16.6798, -12.5639, 0.78958, 5.21192, 0.084179
16.7821, -12.036, 0.797995, 5.10963, 0.0825349
16.8844, -11.5185, 0.806251, 5.00734, 0.0808809
16.9867, -11.0115, 0.814345, 4.90506, 0.0792184
17.089, -10.515, 0.822275, 4.80277, 0.0775487
17.1913, -10.0289, 0.830039, 4.70049, 0.0758727
17.2936, -9.55325, 0.837637, 4.59821, 0.074191
17.3959, -9.08809, 0.845068, 4.49592, 0.0725046
17.4982, -8.6334, 0.852329, 4.39364, 0.0708138
17.6005, -8.18917, 0.859421, 4.29135, 0.0691191
17.7028, -7.7554, 0.866342, 4.18907, 0.0674208
17.8051, -7.3321, 0.873093, 4.08678, 0.0657193
17.9074, -6.91926, 0.879672, 3.9845, 0.0640151
18.0097, -6.51688, 0.886079, 3.88222, 0.0623081
18.112, -6.12497, 0.892314, 3.77993, 0.0605987
18.2143, -5.74352, 0.898376, 3.67765, 0.0588871
18.3166, -5.37253, 0.904264, 3.57536, 0.0571733
18.4189, -5.012, 0.909979, 3.47308, 0.0554577
18.5212, -4.66195, 0.915519, 3.3708, 0.0537403
18.6235, -4.32235, 0.920886, 3.26851, 0.0520212
18.7258, -3.99323, 0.926078, 3.16623, 0.0503007
18.8281, -3.67455, 0.931095, 3.06394, 0.0485786
18.9304, -3.36635, 0.935937, 2.96166, 0.0468552
19.0327, -3.06861, 0.940604, 2.85938, 0.0451305
19.135, -2.78133, 0.945096, 2.75709, 0.0434046
19.2373, -2.50451, 0.949412, 2.65481, 0.0416776
19.3396, -2.23816, 0.953552, 2.55253, 0.0399495
19.4419, -1.98227, 0.957517, 2.45024, 0.0382204
19.5442, -1.73685, 0.961305, 2.34796, 0.0364903
19.6465, -1.50189, 0.964917, 2.24567, 0.0347593
19.7488, -1.27739, 0.968353, 2.14339, 0.0330275
19.8511, -1.06336, 0.971613, 2.04111, 0.0312948
19.9534, -0.859787, 0.974696, 1.93882, 0.0295613
20.0557, -0.666677, 0.977602, 1.83654, 0.0278272
20.158, -0.484032, 0.980331, 1.73425, 0.0260922
20.2603, -0.311857, 0.982884, 1.63197, 0.0243566
20.3626, -0.150135, 0.985259, 1.52969, 0.0226204
20.4649, 0.0011158, 0.987458, 1.4274, 0.0208835
20.5672, 0.141909, 0.989479, 1.32512, 0.019146
20.6695, 0.272232, 0.991323, 1.22284, 0.0174079
20.7718, 0.392094, 0.99299, 1.12055, 0.0156693
20.8741, 0.501493, 0.994479, 1.01827, 0.0139301
20.9764, 0.60043, 0.995791, 0.915985, 0.0121904
21.0787, 0.688902, 0.996926, 0.813703, 0.0104503
21.181, 0.766911, 0.997882, 0.711419, 0.00870969
21.2833, 0.834459, 0.998662, 0.609135, 0.0069686
21.3856, 0.891539, 0.999263, 0.506851, 0.00522707
21.4879, 0.938158, 0.999686, 0.404567, 0.00348511
21.5902, 0.974308, 0.999932, 0.302284, 0.00174276
21.6925, 1.00001, 1, 0.200001, 1.5134e-08
