37.0915, 0
0, 0, 0, 0.5, 0
0.19391, 0.0781598, 0.000105125, 0.306093, 0.00115436
0.38782, 0.11871, 0.000434147, 0.112187, 0.00230872
0.58173, 0.121666, 0.000986971, -0.0817202, 0.00346308
0.77564, 0.0870198, 0.00176365, -0.275627, 0.00461744
0.96955, 0.014773, 0.00276417, -0.469533, 0.0057718
1.16346, -0.0950737, 0.00398854, -0.66344, 0.00692616
1.35737, -0.242524, 0.00543675, -0.857347, 0.00808052
1.55128, -0.427567, 0.00710878, -1.05125, 0.00923488
1.74519, -0.65022, 0.00900469, -1.24516, 0.0103892
1.9391, -0.910474, 0.0111244, -1.43907, 0.0115436
2.13301, -1.20832, 0.013468, -1.63297, 0.012698
2.32692, -1.54377, 0.0160354, -1.82688, 0.0138523
2.52083, -1.91682, 0.0188267, -2.02079, 0.0150067
2.71474, -2.32747, 0.0218417, -2.21469, 0.016161
2.90865, -2.77572, 0.0250807, -2.4086, 0.0173154
3.10256, -3.26157, 0.0285435, -2.60251, 0.0184698
3.29647, -3.78502, 0.0322301, -2.79641, 0.0196241
3.49038, -4.34608, 0.0361406, -2.99032, 0.0207785
3.68429, -4.94473, 0.0402749, -3.18423, 0.0219328
3.8782, -5.58098, 0.044633, -3.37813, 0.0230872
4.07211, -6.25484, 0.049215, -3.57204, 0.0242416
4.26602, -6.96629, 0.0540209, -3.76595, 0.0253959
4.45993, -7.71534, 0.0590505, -3.95985, 0.0265503
4.65384, -8.502, 0.0643041, -4.15376, 0.0277046
4.84775, -9.32626, 0.0697814, -4.34767, 0.028859
5.04166, -10.1881, 0.0754826, -4.54157, 0.0300134
5.23557, -11.0876, 0.0814077, -4.73548, 0.0311677
5.42948, -12.0246, 0.0875566, -4.92939, 0.0323221
5.62339, -12.9993, 0.0939293, -5.12329, 0.0334764
5.8173, -14.0115, 0.100526, -5.3172, 0.0346308
6.01121, -15.0614, 0.107346, -5.51111, 0.0357852
6.20512, -16.1489, 0.11439, -5.70501, 0.0369395
6.39903, -17.2739, 0.121659, -5.89892, 0.0380939
6.59294, -18.4366, 0.129151, -6.09283, 0.0392483
6.78685, -19.6368, 0.136866, -6.28674, 0.0404026
6.98076, -20.8747, 0.144806, -6.48064, 0.041557
7.17467, -22.1502, 0.152969, -6.67455, 0.0427113
7.36858, -23.4632, 0.161357, -6.86846, 0.0438657
7.56249, -24.8139, 0.169968, -7.06236, 0.0450201
7.7564, -26.2021, 0.178803, -7.25627, 0.0461744
7.95031, -27.628, 0.187862, -7.45018, 0.0473288
8.14422, -29.0915, 0.197144, -7.64409, 0.0484832
8.33813, -30.5925, 0.206651, -7.83799, 0.0496375
8.53204, -32.1312, 0.216381, -8.0319, 0.0507919
8.72595, -33.7075, 0.226335, -8.22581, 0.0519463
8.91986, -35.3213, 0.236513, -8.41972, 0.0531006
9.11377, -36.9728, 0.246915, -8.61362, 0.054255
9.30768, -38.6618, 0.257541, -8.80755, 0.0554095
9.50159, -40.3885, 0.268391, -9.00148, 0.056564
9.6955, -42.1523, 0.279447, -9.152, 0.0567598
9.88941, -43.9081, 0.290331, -8.95758, 0.0555221
10.0833, -45.6262, 0.300983, -8.76365, 0.0543453
10.2772, -47.3068, 0.311407, -8.56973, 0.0531773
10.4711, -48.9497, 0.321606, -8.37582, 0.0520132
10.6651, -50.5551, 0.331579, -8.18191, 0.0508513
10.859, -52.1228, 0.341327, -7.988, 0.0496906
11.0529, -53.653, 0.35085, -7.79409, 0.048531
11.2468, -55.1455, 0.360148, -7.60018, 0.047372
11.4407, -56.6005, 0.369222, -7.40627, 0.0462136
11.6346, -58.0178, 0.378071, -7.21236, 0.0450556
11.8285, -59.3976, 0.386696, -7.01846, 0.0438979
12.0224, -60.7397, 0.395096, -6.82455, 0.0427406
12.2163, -62.0443, 0.403271, -6.63064, 0.0415834
12.4102, -63.3112, 0.411222, -6.43674, 0.0404265
12.6042, -64.5406, 0.418949, -6.24283, 0.0392698
12.7981, -65.7323, 0.426452, -6.04893, 0.0381132
12.992, -66.8865, 0.43373, -5.85502, 0.0369567
13.1859, -68.003, 0.440785, -5.66111, 0.0358004
13.3798, -69.082, 0.447615, -5.46721, 0.0346441
13.5737, -70.1233, 0.45422, -5.2733, 0.033488
13.7676, -71.127, 0.460602, -5.07939, 0.032332
13.9615, -72.0932, 0.466759, -4.88548, 0.0311759
14.1554, -73.0217, 0.472692, -4.69158, 0.0300201
14.3493, -73.9127, 0.478402, -4.49767, 0.0288642
14.5433, -74.766, 0.483887, -4.30376, 0.0277084
14.7372, -75.5817, 0.489148, -4.10986, 0.0265527
14.9311, -76.3599, 0.494184, -3.91595, 0.025397
15.125, -77.1004, 0.498997, -3.72204, 0.0242414
15.3189, -77.8034, 0.503586, -3.52814, 0.0230858
15.5128, -78.4687, 0.50795, -3.33423, 0.0219303
15.7067, -79.0965, 0.512091, -3.14032, 0.0207748
15.9006, -79.6866, 0.516007, -2.94642, 0.0196193
16.0945, -80.2391, 0.519699, -2.75251, 0.0184639
16.2884, -80.7541, 0.523168, -2.5586, 0.0173085
16.4824, -81.2314, 0.526412, -2.3647, 0.0161532
16.6763, -81.6711, 0.529432, -2.17079, 0.0149978
16.8702, -82.0733, 0.532228, -1.97689, 0.0138425
17.0641, -82.4378, 0.534801, -1.78298, 0.0126872
17.258, -82.7647, 0.537149, -1.58907, 0.0115319
17.4519, -83.0541, 0.539273, -1.39516, 0.0103767
17.6458, -83.3058, 0.541173, -1.20126, 0.00922147
17.8397, -83.52, 0.542849, -1.00735, 0.00806628
18.0336, -83.6965, 0.544301, -0.813445, 0.00691111
18.2275, -83.8354, 0.545529, -0.619537, 0.00575594
18.4215, -83.9368, 0.546534, -0.425632, 0.00460081
18.6154, -84.0005, 0.547314, -0.231723, 0.00344567
18.8093, -84.0266, 0.54787, -0.0378163, 0.00229056
19.0032, -84.0152, 0.548202, 0.156092, 0.00113546
19.1971, -83.9661, 0.54831, 0.349999, -1.96193e-05
19.376, -83.8874, 0.548593, 0.528941, 0.00100922
19.555, -83.7768, 0.54887, 0.707882, 0.00201845
19.7339, -83.6341, 0.549327, 0.886822, 0.00302767
19.9129, -83.4594, 0.547404, 1.06576, 0.00435088
20.0918, -83.2527, 0.550784, 1.2447, 0.00504611
20.2708, -83.0139, 0.551783, 1.42364, 0.00605533
20.4497, -82.7432, 0.552963, 1.60258, 0.00706455
20.6286, -82.4404, 0.554323, 1.78153, 0.00807378
20.8076, -82.1056, 0.555864, 1.96047, 0.009083
20.9865, -81.7388, 0.557585, 2.13941, 0.0100922
21.1655, -81.3399, 0.559487, 2.31835, 0.0111014
21.3444, -80.909, 0.56157, 2.49729, 0.0121107
21.5234, -80.4462, 0.563833, 2.67623, 0.0131199
21.7023, -79.9513, 0.566277, 2.85517, 0.0141291
21.8812, -79.4243, 0.568902, 3.03411, 0.0151383
22.0602, -78.8654, 0.571707, 3.21305, 0.0161476
22.2391, -78.2744, 0.574692, 3.39199, 0.0171568
22.4181, -77.6514, 0.577858, 3.57093, 0.018166
22.597, -76.9964, 0.579487, 3.74987, 0.0194892
22.776, -76.3094, 0.584733, 3.92882, 0.0201844
22.9549, -75.5904, 0.588441, 4.10776, 0.0211937
23.1339, -74.8393, 0.592329, 4.2867, 0.0222029
23.3128, -74.0562, 0.596399, 4.46564, 0.0232121
23.4917, -73.2411, 0.600648, 4.64458, 0.0242213
23.6707, -72.394, 0.605079, 4.82352, 0.0252305
23.8496, -71.5148, 0.608365, 5.00246, 0.0265538
24.0286, -70.6036, 0.613213, 5.1814, 0.027563
24.2075, -69.6605, 0.619453, 5.36034, 0.0282582
24.3865, -68.6853, 0.624606, 5.53928, 0.0292674
24.5654, -67.678, 0.628839, 5.71822, 0.0305907
24.7443, -66.6388, 0.635454, 5.89716, 0.0312859
24.9233, -65.5675, 0.641148, 6.0761, 0.0322951
25.1022, -64.4642, 0.647023, 6.25504, 0.0333043
25.2812, -63.3289, 0.653079, 6.43399, 0.0343136
25.4601, -62.1616, 0.659315, 6.61293, 0.0353228
25.6391, -60.9622, 0.665732, 6.79187, 0.036332
25.818, -59.7309, 0.671572, 6.9708, 0.0376779
25.9969, -58.4675, 0.678383, 7.14974, 0.0387003
26.1759, -57.1721, 0.686067, 7.32869, 0.0393597
26.3548, -55.8446, 0.693206, 7.50763, 0.0403689
26.5338, -54.4852, 0.700526, 7.68657, 0.0413781
26.7127, -53.0937, 0.708026, 7.86551, 0.0423873
26.8917, -51.6702, 0.715707, 8.04445, 0.0433966
27.0706, -50.2147, 0.723569, 8.22339, 0.0444058
27.2496, -48.7272, 0.731306, 8.40233, 0.0457875
27.4285, -47.2076, 0.739834, 8.58128, 0.0464242
27.6074, -45.656, 0.748076, 8.76021, 0.0477833
27.7864, -44.0724, 0.756714, 8.93915, 0.0488246
27.9653, -42.4568, 0.765586, 9.1181, 0.0494519
28.1443, -40.8148, 0.774549, 9.147, 0.0503306
28.3232, -39.194, 0.783469, 8.96811, 0.0493615
28.5022, -37.6052, 0.792213, 8.78915, 0.0483696
28.6811, -36.0485, 0.80078, 8.61022, 0.0473717
28.86, -34.5238, 0.809167, 8.43127, 0.0463708
29.039, -33.031, 0.817375, 8.25234, 0.0453683
29.2179, -31.5704, 0.825404, 8.0734, 0.0443646
29.3969, -30.1417, 0.833253, 7.89445, 0.0433601
29.5758, -28.745, 0.840922, 7.71551, 0.042355
29.7548, -27.3804, 0.848411, 7.53657, 0.0413495
29.9337, -26.0478, 0.85572, 7.35763, 0.0403435
30.1127, -24.7472, 0.862849, 7.17869, 0.0393373
30.2916, -23.4786, 0.869798, 6.99975, 0.0383309
30.4705, -22.2421, 0.876567, 6.82081, 0.0373242
30.6495, -21.0375, 0.883156, 6.64187, 0.0363173
30.8284, -19.865, 0.889565, 6.46292, 0.0353102
31.0074, -18.7245, 0.895793, 6.28399, 0.0343031
31.1863, -17.6161, 0.901841, 6.10504, 0.0332958
31.3653, -16.5396, 0.907709, 5.92611, 0.0322884
31.5442, -15.4952, 0.913397, 5.74716, 0.0312809
31.7231, -14.4828, 0.918904, 5.56822, 0.0302733
31.9021, -13.5024, 0.924231, 5.38928, 0.0292657
32.081, -12.554, 0.929378, 5.21034, 0.0282579
32.26, -11.6377, 0.934345, 5.0314, 0.0272501
32.4389, -10.7534, 0.939131, 4.85246, 0.0262423
32.6179, -9.90105, 0.943736, 4.67352, 0.0252344
32.7968, -9.08077, 0.948162, 4.49458, 0.0242264
32.9757, -8.2925, 0.952407, 4.31564, 0.0232184
33.1547, -7.53625, 0.956471, 4.1367, 0.0222103
33.3336, -6.81203, 0.960355, 3.95775, 0.0212022
33.5126, -6.11983, 0.964059, 3.77881, 0.0201941
33.6915, -5.45964, 0.967583, 3.59987, 0.019186
33.8705, -4.83148, 0.970926, 3.42093, 0.0181778
34.0494, -4.23535, 0.974088, 3.24199, 0.0171695
34.2284, -3.67121, 0.97707, 3.06305, 0.0161613
34.4073, -3.13911, 0.979872, 2.88411, 0.015153
34.5862, -2.63903, 0.982494, 2.70517, 0.0141447
34.7652, -2.17097, 0.984934, 2.52623, 0.0131363
34.9441, -1.73492, 0.987195, 2.34729, 0.012128
35.1231, -1.33089, 0.989275, 2.16835, 0.0111196
35.302, -0.9589, 0.991174, 1.98941, 0.0101112
35.481, -0.618912, 0.992893, 1.81047, 0.00910277
35.6599, -0.310951, 0.994432, 1.63153, 0.00809432
35.8388, -0.0350189, 0.99579, 1.45259, 0.00708587
36.0178, 0.2089, 0.996968, 1.27364, 0.00607738
36.1967, 0.420815, 0.997965, 1.0947, 0.00506889
36.3757, 0.600685, 0.998782, 0.915762, 0.00406037
36.5546, 0.748543, 0.999418, 0.736822, 0.00305185
36.7336, 0.864388, 0.999874, 0.557882, 0.00204331
36.9125, 0.948196, 1.00015, 0.37894, 0.00103475
37.0915, 1, 1.00024, 0.199999, 2.61854e-05
