2.28228, 0.196979
0, 0, 0, 0.5, 0
0.0130609, 0.00628768, 0.00127983, 0.510399, 0.0070816
0.0261219, 0.0127186, 0.00263873, 0.52075, 0.014209
0.0391828, 0.0192923, 0.0040772, 0.53105, 0.0213838
0.0522437, 0.026008, 0.00559578, 0.541297, 0.0286074
0.0653047, 0.0328654, 0.00719447, 0.551488, 0.0358822
0.0783656, 0.0398637, 0.00887392, 0.56162, 0.0432099
0.0914265, 0.0470024, 0.0106344, 0.571692, 0.0505925
0.104487, 0.0542809, 0.0124763, 0.581698, 0.0580324
0.117548, 0.0616982, 0.0144003, 0.591637, 0.0655313
0.130609, 0.0692537, 0.0164066, 0.601503, 0.073092
0.14367, 0.0769466, 0.0184957, 0.611294, 0.0807169
0.156731, 0.0847761, 0.0206683, 0.621006, 0.0884084
0.169792, 0.0927411, 0.0229247, 0.630632, 0.0961692
0.182853, 0.100841, 0.0252656, 0.64017, 0.104002
0.195914, 0.109074, 0.0276915, 0.649613, 0.11191
0.208975, 0.11744, 0.030203, 0.658956, 0.119896
0.222036, 0.125937, 0.0328007, 0.668194, 0.127963
0.235097, 0.134564, 0.0354854, 0.677318, 0.136115
0.248158, 0.14332, 0.0382576, 0.686323, 0.144355
0.261219, 0.152203, 0.041118, 0.695201, 0.152687
0.27428, 0.161212, 0.0440675, 0.703943, 0.161113
0.28734, 0.170345, 0.0471069, 0.712541, 0.169639
0.300401, 0.1796, 0.0502368, 0.720985, 0.178267
0.313462, 0.188976, 0.0534582, 0.729264, 0.187003
0.326523, 0.19847, 0.0567721, 0.737368, 0.195849
0.339584, 0.20808, 0.0601792, 0.745284, 0.204811
0.352645, 0.217803, 0.0636804, 0.752997, 0.213891
0.365706, 0.227638, 0.067277, 0.760495, 0.223094
0.378767, 0.237581, 0.0709699, 0.767761, 0.232425
0.391828, 0.247629, 0.0747601, 0.774778, 0.241886
0.404889, 0.257779, 0.0786487, 0.781528, 0.251481
0.41795, 0.268027, 0.0826371, 0.78799, 0.261213
0.431011, 0.27837, 0.0867262, 0.794143, 0.271084
0.444072, 0.288803, 0.0909174, 0.799964, 0.281097
0.457133, 0.299322, 0.0952119, 0.805428, 0.291251
0.470194, 0.309921, 0.0996109, 0.810507, 0.301547
0.483254, 0.320596, 0.104116, 0.815174, 0.311982
0.496315, 0.33134, 0.108728, 0.819398, 0.322553
0.509376, 0.342148, 0.113448, 0.823149, 0.333254
0.522437, 0.353012, 0.118278, 0.826392, 0.344077
0.535498, 0.363926, 0.123219, 0.829095, 0.355011
0.548559, 0.37488, 0.128273, 0.831225, 0.366042
0.56162, 0.385868, 0.133439, 0.832747, 0.37715
0.574681, 0.39688, 0.13872, 0.833631, 0.388316
0.587742, 0.407907, 0.144116, 0.833845, 0.399513
0.600803, 0.418939, 0.149628, 0.833364, 0.410712
0.613864, 0.429965, 0.155257, 0.832166, 0.421879
0.626925, 0.440975, 0.161002, 0.830233, 0.432979
0.639986, 0.451959, 0.166864, 0.827555, 0.443971
0.653047, 0.462905, 0.172844, 0.824129, 0.454817
0.666107, 0.473803, 0.178939, 0.81996, 0.465474
0.679168, 0.484642, 0.185149, 0.81506, 0.475904
0.692229, 0.495411, 0.191473, 0.809448, 0.486067
0.70529, 0.506101, 0.19791, 0.803153, 0.49593
0.718351, 0.516701, 0.204456, 0.796206, 0.50546
0.731412, 0.527204, 0.211109, 0.788643, 0.514634
0.744473, 0.5376, 0.217867, 0.780508, 0.52343
0.757534, 0.547882, 0.224726, 0.77184, 0.531833
0.770595, 0.558043, 0.231683, 0.762685, 0.539833
0.783656, 0.568077, 0.238733, 0.753085, 0.547424
0.796717, 0.577979, 0.245873, 0.743081, 0.554606
0.809778, 0.587742, 0.253098, 0.732715, 0.561383
0.822839, 0.597363, 0.260405, 0.722024, 0.567759
0.8359, 0.606837, 0.267789, 0.711042, 0.573744
0.848961, 0.616162, 0.275246, 0.699802, 0.579348
0.862021, 0.625334, 0.282771, 0.688333, 0.584583
0.875082, 0.634351, 0.290362, 0.676662, 0.589463
0.888143, 0.64321, 0.298012, 0.664812, 0.594
0.901204, 0.651909, 0.305719, 0.652805, 0.59821
0.914265, 0.660446, 0.313479, 0.64066, 0.602106
0.927326, 0.668821, 0.321287, 0.628393, 0.605701
0.940387, 0.677031, 0.329141, 0.616021, 0.609011
0.953448, 0.685076, 0.337037, 0.603555, 0.612047
0.966509, 0.692954, 0.344971, 0.591009, 0.614823
0.97957, 0.700666, 0.352941, 0.578391, 0.617352
0.992631, 0.708209, 0.360943, 0.565712, 0.619644
1.00569, 0.715584, 0.368974, 0.55298, 0.621712
1.01875, 0.722789, 0.377032, 0.540202, 0.623566
1.03181, 0.729826, 0.385113, 0.527384, 0.625215
1.04487, 0.736692, 0.393216, 0.514531, 0.626671
1.05794, 0.743388, 0.401338, 0.50165, 0.627941
1.071, 0.749915, 0.409476, 0.488743, 0.629034
1.08406, 0.75627, 0.417629, 0.475815, 0.62996
1.09712, 0.762455, 0.425793, 0.462869, 0.630724
1.11018, 0.768468, 0.433968, 0.449908, 0.631334
1.12324, 0.774311, 0.44215, 0.436936, 0.631798
1.1363, 0.779983, 0.450339, 0.423954, 0.632121
1.14936, 0.785484, 0.458532, 0.410964, 0.63231
1.16242, 0.790814, 0.466728, 0.397968, 0.63237
1.17548, 0.795973, 0.474925, 0.384968, 0.632307
1.18854, 0.80096, 0.483121, 0.371965, 0.632126
1.20161, 0.805777, 0.491315, 0.35896, 0.631832
1.21467, 0.810423, 0.499506, 0.345956, 0.631428
1.22773, 0.814898, 0.507691, 0.332952, 0.630921
1.24079, 0.819202, 0.51587, 0.319949, 0.630313
1.25385, 0.823335, 0.524041, 0.306949, 0.629609
1.26691, 0.827297, 0.532204, 0.293952, 0.628812
1.27997, 0.831089, 0.540356, 0.280958, 0.627925
1.29303, 0.83471, 0.548497, 0.267969, 0.626953
1.30292, 0.837271, 0.554567, 0.258239, 0.628035
1.31282, 0.839736, 0.560651, 0.248511, 0.62904
1.32271, 0.842106, 0.56675, 0.238784, 0.629958
1.3326, 0.84438, 0.572862, 0.22906, 0.630779
1.34249, 0.846559, 0.578986, 0.219341, 0.631487
1.35239, 0.848643, 0.585123, 0.209629, 0.632067
1.36228, 0.850631, 0.59127, 0.199927, 0.632496
1.37217, 0.852524, 0.597427, 0.190241, 0.632748
1.38206, 0.854323, 0.603592, 0.180576, 0.632793
1.39196, 0.856027, 0.609762, 0.170944, 0.632587
1.40185, 0.857637, 0.615937, 0.161359, 0.63208
1.41174, 0.859154, 0.622112, 0.151846, 0.631201
1.42163, 0.860579, 0.628285, 0.142442, 0.629859
1.43153, 0.861913, 0.634451, 0.133207, 0.627933
1.44142, 0.863159, 0.640604, 0.124245, 0.625256
1.45131, 0.864321, 0.646736, 0.115735, 0.621612
1.4612, 0.865404, 0.652837, 0.107982, 0.616737
1.4711, 0.86642, 0.658893, 0.101497, 0.610382
1.48099, 0.867385, 0.664888, 0.0969927, 0.602495
1.49088, 0.868323, 0.670806, 0.0951364, 0.593477
1.50077, 0.86926, 0.676637, 0.0960835, 0.584113
1.51067, 0.870221, 0.682378, 0.0993893, 0.575105
1.52056, 0.871225, 0.688032, 0.104399, 0.566781
1.53045, 0.872287, 0.693608, 0.110568, 0.559183
1.54034, 0.873414, 0.69911, 0.11752, 0.552239
1.55024, 0.874613, 0.704547, 0.125015, 0.545849
1.56013, 0.875888, 0.709921, 0.132897, 0.539921
1.57002, 0.877243, 0.715239, 0.141064, 0.534375
1.57991, 0.87868, 0.720503, 0.149446, 0.529151
1.58981, 0.8802, 0.725717, 0.157996, 0.524198
1.5997, 0.881806, 0.730882, 0.166679, 0.519476
1.60959, 0.883499, 0.736001, 0.175468, 0.514952
1.61948, 0.885279, 0.741077, 0.184346, 0.510601
1.62938, 0.887147, 0.74611, 0.193298, 0.5064
1.63927, 0.889104, 0.751101, 0.202311, 0.502332
1.64916, 0.89115, 0.756053, 0.211378, 0.498382
1.65905, 0.893287, 0.760967, 0.22049, 0.494537
1.66895, 0.895513, 0.765842, 0.229641, 0.490787
1.67884, 0.897831, 0.770681, 0.238828, 0.487122
1.68873, 0.900239, 0.775484, 0.248045, 0.483534
1.69862, 0.902739, 0.780252, 0.25729, 0.480016
1.70852, 0.90533, 0.784985, 0.266558, 0.476563
1.71841, 0.908013, 0.789684, 0.275849, 0.473169
1.7283, 0.910788, 0.79435, 0.28516, 0.469829
1.73819, 0.913655, 0.798983, 0.294489, 0.46654
1.74809, 0.916615, 0.803583, 0.303834, 0.463297
1.75798, 0.919667, 0.808152, 0.313194, 0.460097
1.76787, 0.922812, 0.812689, 0.322568, 0.456937
1.77776, 0.92605, 0.817195, 0.331954, 0.453816
1.78766, 0.92938, 0.82167, 0.341352, 0.450729
1.79755, 0.932804, 0.826115, 0.350761, 0.447675
1.80744, 0.93632, 0.83053, 0.36018, 0.444652
1.81733, 0.93993, 0.834915, 0.369608, 0.441659
1.82723, 0.943633, 0.839271, 0.379045, 0.438693
1.83712, 0.94743, 0.843597, 0.38849, 0.435753
1.84701, 0.95132, 0.847894, 0.397943, 0.432837
1.8569, 0.955304, 0.852163, 0.407403, 0.429945
1.8668, 0.959381, 0.856403, 0.41687, 0.427075
1.87669, 0.963552, 0.860614, 0.426343, 0.424225
1.88658, 0.967816, 0.864798, 0.435822, 0.421396
1.89647, 0.972175, 0.868954, 0.445307, 0.418586
1.90637, 0.976627, 0.873082, 0.454797, 0.415794
1.91626, 0.981173, 0.877182, 0.464292, 0.413019
1.92615, 0.985813, 0.881255, 0.473792, 0.41026
1.93604, 0.990548, 0.885301, 0.483297, 0.407518
1.94594, 0.995376, 0.889319, 0.492806, 0.40479
1.95583, 1.0003, 0.893311, 0.502319, 0.402077
1.96572, 1.00531, 0.897276, 0.511836, 0.399378
1.97561, 1.01042, 0.901214, 0.521356, 0.396692
1.98551, 1.01563, 0.905126, 0.530881, 0.39402
1.9954, 1.02093, 0.909011, 0.540409, 0.391359
2.00529, 1.02632, 0.912871, 0.54994, 0.38871
2.01518, 1.03181, 0.916704, 0.559474, 0.386073
2.02508, 1.03739, 0.92051, 0.569012, 0.383446
2.03497, 1.04307, 0.924291, 0.578552, 0.380831
2.04486, 1.04884, 0.928047, 0.588095, 0.378225
2.05475, 1.0547, 0.931776, 0.597641, 0.375629
2.06465, 1.06066, 0.93548, 0.607189, 0.373043
2.07454, 1.06672, 0.939158, 0.61674, 0.370466
2.08443, 1.07287, 0.942811, 0.626293, 0.367898
2.09432, 1.07911, 0.946438, 0.635849, 0.365339
2.10422, 1.08545, 0.95004, 0.645407, 0.362788
2.11411, 1.09188, 0.953617, 0.654967, 0.360245
2.124, 1.0984, 0.957169, 0.664529, 0.35771
2.13389, 1.10503, 0.960696, 0.674093, 0.355183
2.14379, 1.11174, 0.964197, 0.683659, 0.352663
2.15368, 1.11855, 0.967674, 0.693227, 0.35015
2.16357, 1.12546, 0.971126, 0.702797, 0.347644
2.17346, 1.13246, 0.974553, 0.712368, 0.345144
2.18336, 1.13955, 0.977956, 0.721942, 0.342652
2.19325, 1.14674, 0.981334, 0.731516, 0.340165
2.20314, 1.15402, 0.984687, 0.741093, 0.337685
2.21303, 1.1614, 0.988016, 0.750671, 0.335211
2.22293, 1.16888, 0.99132, 0.760251, 0.332743
2.23282, 1.17645, 0.9946, 0.769832, 0.33028
2.24271, 1.18411, 0.997856, 0.779414, 0.327823
2.2526, 1.19187, 1.00109, 0.788998, 0.325372
2.2625, 1.19972, 1.00429, 0.798583, 0.322926
2.27239, 1.20767, 1.00748, 0.80817, 0.320485
2.28228, 1.21571, 1.01064, 0.817758, 0.318049
