36.654, 0
0, 0, 0, 0.5, 0
0.191695, 0.0774772, 0.000105038, 0.308309, 0.0011677
0.383389, 0.118205, 0.000661778, 0.116618, 0.00231058
0.575084, 0.122185, 0.00134027, -0.0750728, 0.00346376
0.766779, 0.089423, 0.00198158, -0.266764, 0.00464598
0.958473, 0.0199111, 0.00297726, -0.458455, 0.00581368
1.15017, -0.0863446, 0.00419676, -0.650146, 0.00698138
1.34186, -0.229351, 0.00564014, -0.841837, 0.00814908
1.53356, -0.409101, 0.00730734, -1.03353, 0.00931678
1.72525, -0.625593, 0.00919835, -1.22522, 0.0104845
1.91695, -0.878836, 0.0113132, -1.41691, 0.0116522
2.10864, -1.16882, 0.013652, -1.6086, 0.0128199
2.30034, -1.49556, 0.0162145, -1.80029, 0.0139876
2.49203, -1.85904, 0.0190009, -1.99198, 0.0151553
2.68372, -2.25926, 0.022111, -2.18367, 0.0163085
2.87542, -2.69623, 0.0252453, -2.37537, 0.0174907
3.06711, -3.16995, 0.0287032, -2.56706, 0.0186584
3.25881, -3.68042, 0.0324765, -2.75875, 0.0198116
3.4505, -4.22763, 0.0363793, -2.95044, 0.0209793
3.6422, -4.81158, 0.040567, -3.14213, 0.0221367
3.83389, -5.43229, 0.0447733, -3.33382, 0.0233292
4.02559, -6.08974, 0.0493504, -3.52551, 0.0244969
4.21728, -6.78393, 0.0542291, -3.7172, 0.0256501
4.40898, -7.51487, 0.0593042, -3.90889, 0.0268075
4.60067, -8.28256, 0.0645481, -4.10058, 0.0279752
4.79237, -9.087, 0.0699667, -4.29228, 0.0291532
4.98406, -9.92817, 0.0757074, -4.48397, 0.0303106
5.17575, -10.8061, 0.0816228, -4.67566, 0.0314782
5.36745, -11.7208, 0.0877621, -4.86735, 0.0326459
5.55914, -12.6722, 0.0941253, -5.05904, 0.0338137
5.75084, -13.6604, 0.100712, -5.25073, 0.0349813
5.94253, -14.6853, 0.107576, -5.44242, 0.0361345
6.13423, -15.7469, 0.114558, -5.63411, 0.0373168
6.32592, -16.8453, 0.121842, -5.8258, 0.0384765
6.51762, -17.9805, 0.12936, -6.01749, 0.0396321
6.70931, -19.1524, 0.137005, -6.20919, 0.0408198
6.90101, -20.361, 0.144988, -6.40088, 0.0419675
7.0927, -21.6064, 0.153124, -6.59257, 0.0431407
7.2844, -22.8885, 0.161532, -6.78426, 0.0442939
7.47609, -24.2074, 0.170143, -6.97595, 0.0454544
7.66779, -25.563, 0.178921, -7.16764, 0.0466438
7.85948, -26.9554, 0.187985, -7.35933, 0.0478012
8.05117, -28.3845, 0.197265, -7.55102, 0.0489609
8.24287, -29.8504, 0.206778, -7.74271, 0.0501118
8.43456, -31.353, 0.216489, -7.9344, 0.0512795
8.62626, -32.8924, 0.226417, -8.12609, 0.0524546
8.81795, -34.4685, 0.236596, -8.31777, 0.0535974
9.00965, -36.0813, 0.246968, -8.50947, 0.0547783
9.20134, -37.7309, 0.257589, -8.70113, 0.055904
9.39304, -39.4172, 0.268413, -8.89281, 0.0570583
9.58473, -41.1399, 0.27945, -9.04246, 0.0577322
9.77643, -42.855, 0.290394, -8.85112, 0.0564839
9.96812, -44.5333, 0.301108, -8.65945, 0.0552933
10.1598, -46.1749, 0.311594, -8.46776, 0.0541117
10.3515, -47.7798, 0.321854, -8.27609, 0.0529341
10.5432, -49.3479, 0.331888, -8.0844, 0.0517586
10.7349, -50.8793, 0.341698, -7.89271, 0.0505845
10.9266, -52.3739, 0.351282, -7.70101, 0.0494114
11.1183, -53.8318, 0.360642, -7.50933, 0.048239
11.31, -55.2529, 0.369777, -7.31764, 0.0470672
11.5017, -56.6373, 0.378687, -7.12595, 0.0458957
11.6934, -57.9849, 0.387372, -6.93426, 0.0447247
11.8851, -59.2958, 0.395834, -6.74256, 0.0435539
12.0768, -60.5699, 0.404071, -6.55088, 0.0423833
12.2685, -61.8073, 0.412083, -6.35918, 0.041213
12.4602, -63.008, 0.419871, -6.16749, 0.0400429
12.6518, -64.1719, 0.427435, -5.9758, 0.0388729
12.8435, -65.299, 0.434775, -5.78411, 0.037703
13.0352, -66.3895, 0.44189, -5.59242, 0.0365333
13.2269, -67.4431, 0.448781, -5.40073, 0.0353637
13.4186, -68.46, 0.455448, -5.20904, 0.0341941
13.6103, -69.4402, 0.461891, -5.01734, 0.0330247
13.802, -70.3836, 0.468109, -4.82566, 0.0318553
13.9937, -71.2903, 0.474104, -4.63397, 0.030686
14.1854, -72.1602, 0.479874, -4.44227, 0.0295168
14.3771, -72.9934, 0.48542, -4.25058, 0.0283477
14.5688, -73.7899, 0.490742, -4.05889, 0.0271786
14.7605, -74.5496, 0.49584, -3.8672, 0.0260095
14.9522, -75.2725, 0.500714, -3.67551, 0.0248405
15.1439, -75.9587, 0.505364, -3.48382, 0.0236716
15.3356, -76.6082, 0.50979, -3.29213, 0.0225027
15.5273, -77.2209, 0.513991, -3.10044, 0.0213338
15.719, -77.7968, 0.517969, -2.90875, 0.020165
15.9107, -78.3361, 0.521722, -2.71706, 0.0189962
16.1023, -78.8385, 0.525252, -2.52536, 0.0178274
16.294, -79.3043, 0.528557, -2.33368, 0.0166587
16.4857, -79.7332, 0.531638, -2.14198, 0.01549
16.6774, -80.1255, 0.534496, -1.95029, 0.0143213
16.8691, -80.481, 0.537129, -1.7586, 0.0131526
17.0608, -80.7997, 0.539538, -1.56691, 0.011984
17.2525, -81.0817, 0.541724, -1.37522, 0.0108154
17.4442, -81.3269, 0.543685, -1.18353, 0.00964682
17.6359, -81.5355, 0.545422, -0.991837, 0.00847827
17.8276, -81.7072, 0.546935, -0.800145, 0.00730973
18.0193, -81.8422, 0.548225, -0.608455, 0.00614121
18.211, -81.9405, 0.54929, -0.416764, 0.00497271
18.4027, -82.002, 0.550131, -0.225072, 0.00380422
18.5944, -82.0268, 0.550748, -0.0333797, 0.00263574
18.7861, -82.0148, 0.551142, 0.15831, 0.0014673
18.9778, -81.9661, 0.551311, 0.350001, 0.000298862
19.1545, -81.8886, 0.548593, 0.52676, 0.00102166
19.3313, -81.7799, 0.556121, 0.703523, 0.00118111
19.5081, -81.6399, 0.549327, 0.880277, 0.00306497
19.6848, -81.4687, 0.549965, 1.05704, 0.00408663
19.8616, -81.2662, 0.550783, 1.2338, 0.00510829
20.0383, -81.0325, 0.551782, 1.41055, 0.00612994
20.2151, -80.7675, 0.552962, 1.58731, 0.0071516
20.3919, -80.4713, 0.554322, 1.76407, 0.00817326
20.5686, -80.1439, 0.555863, 1.94083, 0.00919492
20.7454, -79.7852, 0.557585, 2.11759, 0.0102166
20.9221, -79.3953, 0.565366, 2.29435, 0.010376
21.0989, -78.9741, 0.561569, 2.47111, 0.0122599
21.2757, -78.5217, 0.563832, 2.64787, 0.0132815
21.4524, -78.038, 0.566276, 2.82463, 0.0143032
21.6292, -77.5231, 0.568901, 3.00139, 0.0153249
21.806, -76.9769, 0.571706, 3.17815, 0.0163465
21.9827, -76.3995, 0.574691, 3.3549, 0.0173682
22.1595, -75.7909, 0.577857, 3.53166, 0.0183898
22.3362, -75.151, 0.581204, 3.70842, 0.0194115
22.513, -74.4799, 0.584731, 3.88518, 0.0204331
22.6898, -73.7775, 0.588439, 4.06194, 0.0214548
22.8665, -73.0439, 0.592328, 4.2387, 0.0224765
23.0433, -72.279, 0.596397, 4.41546, 0.0234981
23.2201, -71.4829, 0.600646, 4.59222, 0.0245198
23.3968, -70.6556, 0.605077, 4.76898, 0.0255414
23.5736, -69.797, 0.609688, 4.94573, 0.0265631
23.7503, -68.9071, 0.614479, 5.12249, 0.0275847
23.9271, -67.986, 0.619364, 5.29925, 0.0286292
24.1039, -67.0337, 0.624521, 5.47601, 0.0296508
24.2806, -66.0501, 0.629858, 5.65277, 0.0306725
24.4574, -65.0353, 0.635376, 5.82953, 0.0316941
24.6342, -63.9893, 0.641033, 6.00629, 0.0327291
24.8109, -62.9119, 0.646914, 6.18305, 0.0337508
24.9877, -61.8034, 0.652976, 6.35981, 0.0347724
25.1644, -60.6636, 0.659219, 6.53657, 0.0357941
25.3412, -59.4926, 0.665619, 6.71332, 0.0368252
25.518, -58.2903, 0.672275, 6.89008, 0.0378241
25.6947, -57.0567, 0.67903, 7.06684, 0.0388591
25.8715, -55.792, 0.685977, 7.2436, 0.0398902
26.0483, -54.496, 0.693124, 7.42036, 0.0409118
26.225, -53.1687, 0.700432, 7.59712, 0.0419468
26.4018, -51.8102, 0.707951, 7.77388, 0.0429625
26.5785, -50.4204, 0.715649, 7.95064, 0.0439768
26.7553, -48.9995, 0.723506, 8.12739, 0.0450118
26.9321, -47.5472, 0.731577, 8.30416, 0.0460107
27.1088, -46.0637, 0.739781, 8.48091, 0.0470718
27.2856, -44.549, 0.748194, 8.65767, 0.0481021
27.4623, -43.003, 0.756785, 8.83441, 0.0491511
27.6391, -41.4258, 0.765565, 9.0111, 0.0502132
27.8159, -39.823, 0.774517, 9.0379, 0.0506094
27.9926, -38.241, 0.783377, 8.86116, 0.0496276
28.1694, -36.6903, 0.792061, 8.68441, 0.0486235
28.3462, -35.1709, 0.800566, 8.50766, 0.0476132
28.5229, -33.6827, 0.808893, 8.33091, 0.0466
28.6997, -32.2257, 0.81704, 8.15415, 0.045585
28.8764, -30.8, 0.825008, 7.97739, 0.0445689
29.0532, -29.4055, 0.832797, 7.80063, 0.043552
29.23, -28.0423, 0.840405, 7.62388, 0.0425345
29.4067, -26.7103, 0.847834, 7.44712, 0.0415166
29.5835, -25.4095, 0.855082, 7.27036, 0.0404982
29.7603, -24.14, 0.862151, 7.0936, 0.0394796
29.937, -22.9018, 0.869039, 6.91684, 0.0384607
30.1138, -21.6948, 0.875748, 6.74008, 0.0374416
30.2905, -20.519, 0.882276, 6.56332, 0.0364223
30.4673, -19.3745, 0.888624, 6.38656, 0.0354028
30.6441, -18.2612, 0.894791, 6.2098, 0.0343832
30.8208, -17.1792, 0.900779, 6.03304, 0.0333635
30.9976, -16.1284, 0.906586, 5.85629, 0.0323437
31.1743, -15.1088, 0.912213, 5.67953, 0.0313238
31.3511, -14.1205, 0.91766, 5.50277, 0.0303038
31.5279, -13.1634, 0.922926, 5.32601, 0.0292837
31.7046, -12.2376, 0.928012, 5.14925, 0.0282635
31.8814, -11.3431, 0.932918, 4.97249, 0.0272433
32.0582, -10.4797, 0.937644, 4.79573, 0.026223
32.2349, -9.64767, 0.942189, 4.61897, 0.0252027
32.4117, -8.84681, 0.946553, 4.44221, 0.0241823
32.5884, -8.07722, 0.950738, 4.26545, 0.0231618
32.7652, -7.33887, 0.954742, 4.0887, 0.0221414
32.942, -6.63177, 0.958565, 3.91194, 0.0211208
33.1187, -5.9559, 0.962208, 3.73518, 0.0201003
33.2955, -5.31129, 0.965671, 3.55842, 0.0190797
33.4723, -4.69791, 0.968953, 3.38166, 0.0180591
33.649, -4.1158, 0.972055, 3.2049, 0.0170384
33.8258, -3.56493, 0.974977, 3.02814, 0.0160177
34.0025, -3.04527, 0.977718, 2.85138, 0.014997
34.1793, -2.55688, 0.980279, 2.67463, 0.0139763
34.3561, -2.09974, 0.982659, 2.49786, 0.0129555
34.5328, -1.67384, 0.984859, 2.32111, 0.0119347
34.7096, -1.27917, 0.986878, 2.14435, 0.0109139
34.8864, -0.915756, 0.988717, 1.96759, 0.00989305
35.0631, -0.58358, 0.990376, 1.79083, 0.00887219
35.2399, -0.282654, 0.991854, 1.61407, 0.00785132
35.4166, -0.0129623, 0.993151, 1.43731, 0.00683043
35.5934, 0.225471, 0.994268, 1.26055, 0.00580951
35.7702, 0.432671, 0.995205, 1.08379, 0.00478859
35.9469, 0.60862, 0.995961, 0.907033, 0.00376764
36.1237, 0.753326, 0.996537, 0.730274, 0.00274669
36.3004, 0.866791, 0.996932, 0.553514, 0.00172571
36.4772, 0.949013, 0.997147, 0.376757, 0.000704733
36.654, 0.999985, 0.997181, 0.199999, -0.000316259
