36.4332, 0
0, 0, 0, 0.5, 0
0.190577, 0.0771282, 0.000105047, 0.309427, 0.00117454
0.381154, 0.117956, 0.00359958, 0.118851, 0.00200227
0.57173, 0.122433, 0.000986632, -0.0717201, 0.00352365
0.762307, 0.0906032, 0.00176322, -0.262293, 0.00469819
0.952884, 0.0224551, 0.00276364, -0.452866, 0.00587274
1.14346, -0.0820085, 0.00398787, -0.643439, 0.00704729
1.33404, -0.222795, 0.00543598, -0.834012, 0.00822183
1.52461, -0.399899, 0.00710792, -1.02459, 0.00939638
1.71519, -0.613316, 0.00900367, -1.21516, 0.0105709
1.90577, -0.863061, 0.0111233, -1.40573, 0.0117455
2.09634, -1.14912, 0.0134668, -1.59631, 0.01292
2.28692, -1.4715, 0.0160341, -1.78688, 0.0140946
2.4775, -1.83019, 0.0188252, -1.97745, 0.0152691
2.66808, -2.22521, 0.0218402, -2.16802, 0.0164437
2.85865, -2.65655, 0.025079, -2.3586, 0.0176182
3.04923, -3.12418, 0.0307819, -2.54917, 0.0184459
3.23981, -3.62817, 0.0322282, -2.73974, 0.0199673
3.43038, -4.16846, 0.0361385, -2.93032, 0.0211419
3.62096, -4.74507, 0.0402727, -3.12089, 0.0223164
3.81154, -5.358, 0.0446307, -3.31146, 0.023491
4.00211, -6.00725, 0.0492126, -3.50204, 0.0246655
4.19269, -6.69281, 0.0540183, -3.69261, 0.0258401
4.38327, -7.4147, 0.0590479, -3.88318, 0.0270146
4.57384, -8.1729, 0.0643013, -4.07376, 0.0281891
4.76442, -8.96743, 0.0697785, -4.26433, 0.0293637
4.955, -9.79827, 0.0754796, -4.4549, 0.0305382
5.14557, -10.6654, 0.0829177, -4.64548, 0.031366
5.33615, -11.5689, 0.0875533, -4.83605, 0.0328873
5.52673, -12.5087, 0.0953069, -5.02662, 0.0337151
5.7173, -13.4848, 0.101932, -5.2172, 0.0348646
5.90788, -14.4973, 0.107343, -5.40777, 0.036411
6.09846, -15.546, 0.115655, -5.59834, 0.0372137
6.28903, -16.6311, 0.121655, -5.78892, 0.0387601
6.47961, -17.7525, 0.129147, -5.97949, 0.0399346
6.67019, -18.9102, 0.136862, -6.17006, 0.0411092
6.86076, -20.1042, 0.144802, -6.36063, 0.0422837
7.05134, -21.3346, 0.152965, -6.55121, 0.0434583
7.24192, -22.6012, 0.161352, -6.74178, 0.0446328
7.4325, -23.9042, 0.169963, -6.93235, 0.0458074
7.62307, -25.2435, 0.179452, -7.12293, 0.0466351
7.81365, -26.6192, 0.187857, -7.3135, 0.0481565
8.00423, -28.0311, 0.197139, -7.50408, 0.049331
8.1948, -29.4794, 0.207101, -7.69465, 0.0501587
8.38538, -30.9639, 0.216376, -7.88523, 0.0516801
8.57596, -32.4848, 0.22633, -8.07579, 0.0528546
8.76653, -34.0421, 0.236508, -8.26637, 0.0540292
8.95711, -35.6356, 0.247145, -8.45693, 0.0547776
9.14769, -37.2654, 0.25766, -8.64751, 0.0560315
9.33826, -38.9316, 0.268385, -8.83809, 0.0575528
9.52884, -40.6337, 0.279442, -8.98807, 0.0577499
9.71942, -42.3285, 0.290325, -8.79753, 0.0564911
9.90999, -43.9869, 0.300977, -8.60693, 0.0552932
10.1006, -45.609, 0.311401, -8.41636, 0.0541046
10.2911, -47.1948, 0.321599, -8.22579, 0.05292
10.4817, -48.7443, 0.331572, -8.03522, 0.0517376
10.6723, -50.2575, 0.341319, -7.84465, 0.0505566
10.8629, -51.7343, 0.350842, -7.65408, 0.0493766
11.0535, -53.1749, 0.360139, -7.4635, 0.0481973
11.244, -54.5791, 0.369212, -7.27293, 0.0470185
11.4346, -55.947, 0.378061, -7.08235, 0.0458402
11.6252, -57.2785, 0.386684, -6.89178, 0.0446623
11.8158, -58.5738, 0.395084, -6.70121, 0.0434846
12.0063, -59.8327, 0.403259, -6.51063, 0.0423072
12.1969, -61.0554, 0.411209, -6.32006, 0.04113
12.3875, -62.2416, 0.418936, -6.12949, 0.039953
12.5781, -63.3916, 0.426438, -5.93892, 0.0387761
12.7686, -64.5053, 0.433715, -5.74834, 0.0375994
12.9592, -65.5826, 0.440769, -5.55777, 0.0364228
13.1498, -66.6237, 0.447598, -5.3672, 0.0352463
13.3404, -67.6284, 0.454203, -5.17662, 0.0340699
13.531, -68.5968, 0.460584, -4.98605, 0.0328936
13.7215, -69.5288, 0.466741, -4.79548, 0.0317174
13.9121, -70.4246, 0.472673, -4.60491, 0.0305413
14.1027, -71.284, 0.478381, -4.41433, 0.0293652
14.2933, -72.1071, 0.483866, -4.22376, 0.0281892
14.4838, -72.8939, 0.489126, -4.03318, 0.0270132
14.6744, -73.6444, 0.494162, -3.84261, 0.0258373
14.865, -74.3585, 0.498974, -3.65204, 0.0246615
15.0556, -75.0363, 0.503562, -3.46146, 0.0234856
15.2461, -75.6779, 0.507925, -3.27089, 0.0223099
15.4367, -76.2831, 0.512065, -3.08032, 0.0211342
15.6273, -76.8519, 0.515981, -2.88975, 0.0199585
15.8179, -77.3845, 0.519672, -2.69917, 0.0187828
16.0085, -77.8807, 0.52314, -2.5086, 0.0176072
16.199, -78.3407, 0.526383, -2.31803, 0.0164316
16.3896, -78.7643, 0.529403, -2.12745, 0.015256
16.5802, -79.1515, 0.532198, -1.93688, 0.0140805
16.7708, -79.5025, 0.53477, -1.74631, 0.012905
16.9613, -79.8172, 0.537117, -1.55574, 0.0117295
17.1519, -80.0955, 0.539241, -1.36516, 0.0105541
17.3425, -80.3375, 0.54114, -1.17459, 0.00937863
17.5331, -80.5432, 0.542815, -0.984015, 0.00820321
17.7236, -80.7125, 0.544267, -0.793443, 0.00702782
17.9142, -80.8456, 0.545494, -0.602866, 0.00585243
18.1048, -80.9423, 0.546497, -0.412292, 0.00467707
18.2954, -81.0027, 0.547277, -0.22172, 0.00350174
18.486, -81.0268, 0.547832, -0.0311477, 0.00232642
18.6765, -81.0146, 0.548163, 0.159425, 0.00115111
18.8671, -80.9661, 0.548271, 0.349998, -2.41734e-05
19.0428, -80.8892, 0.548593, 0.525658, 0.00102806
19.2184, -80.7814, 0.54887, 0.701317, 0.00205611
19.3941, -80.6427, 0.542175, 0.87697, 0.00395846
19.5697, -80.4733, 0.549965, 1.05263, 0.00411223
19.7454, -80.273, 0.550784, 1.22829, 0.00514029
19.9211, -80.0418, 0.551783, 1.40395, 0.00616835
20.0967, -79.7797, 0.552962, 1.57961, 0.00719641
20.2724, -79.4868, 0.554323, 1.75527, 0.00822446
20.4481, -79.1631, 0.555864, 1.93093, 0.00925252
20.6237, -78.8084, 0.557585, 2.10658, 0.0102806
20.7994, -78.423, 0.559487, 2.28224, 0.0113086
20.975, -78.0066, 0.56157, 2.4579, 0.0123367
21.1507, -77.5594, 0.563833, 2.63356, 0.0133648
21.3264, -77.0814, 0.566277, 2.80922, 0.0143928
21.502, -76.5725, 0.568901, 2.98488, 0.0154209
21.6777, -76.0328, 0.571706, 3.16053, 0.0164489
21.8533, -75.4621, 0.574692, 3.33619, 0.017477
22.029, -74.8607, 0.577858, 3.51185, 0.018505
22.2047, -74.2283, 0.581205, 3.68751, 0.0195331
22.3803, -73.5652, 0.584732, 3.86317, 0.0205612
22.556, -72.8711, 0.58844, 4.03883, 0.0215892
22.7317, -72.1462, 0.592329, 4.21449, 0.0226173
22.9073, -71.3905, 0.596398, 4.39014, 0.0236453
23.083, -70.6039, 0.600647, 4.5658, 0.0246734
23.2586, -69.7864, 0.605078, 4.74146, 0.0257015
23.4343, -68.9381, 0.609689, 4.91712, 0.0267295
23.61, -68.0589, 0.61448, 5.09278, 0.0277576
23.7856, -67.1489, 0.619452, 5.26844, 0.0287856
23.9613, -66.208, 0.624605, 5.44409, 0.0298137
24.1369, -65.2363, 0.629938, 5.61975, 0.0308417
24.3126, -64.2336, 0.635452, 5.79541, 0.0318698
24.4883, -63.2002, 0.641146, 5.97107, 0.0328979
24.6639, -62.1359, 0.644476, 6.14672, 0.0348002
24.8396, -61.0407, 0.653077, 6.32239, 0.034954
25.0153, -59.9147, 0.659313, 6.49804, 0.035982
25.1909, -58.7578, 0.66573, 6.6737, 0.0370101
25.3666, -57.5701, 0.672327, 6.84936, 0.0380381
25.5422, -56.3515, 0.679105, 7.02502, 0.0390662
25.7179, -55.102, 0.686064, 7.20068, 0.0400943
25.8936, -53.8217, 0.693203, 7.37634, 0.0411223
26.0692, -52.5105, 0.699172, 7.55199, 0.0430477
26.2449, -51.1685, 0.706829, 7.72765, 0.0440758
26.4205, -49.7956, 0.714641, 7.9033, 0.0451269
26.5962, -48.3919, 0.72271, 8.07896, 0.0461088
26.7719, -46.9573, 0.731608, 8.25463, 0.0462626
26.9475, -45.4918, 0.739831, 8.43029, 0.0472907
27.1232, -43.9955, 0.748234, 8.60595, 0.0483187
27.2989, -42.4684, 0.756818, 8.78161, 0.0493468
27.4745, -40.9104, 0.765481, 8.95722, 0.0513757
27.6502, -39.3271, 0.774585, 8.98298, 0.0518006
27.8258, -37.7646, 0.783598, 8.80727, 0.0508125
28.0015, -36.2329, 0.792435, 8.6316, 0.049802
28.1772, -34.7321, 0.801094, 8.45594, 0.0487855
28.3528, -33.2622, 0.809575, 8.28028, 0.0477659
28.5285, -31.8231, 0.817876, 8.10462, 0.0467447
28.7041, -30.4148, 0.825997, 7.92897, 0.0457223
28.8798, -29.0374, 0.833939, 7.75331, 0.044699
29.0555, -27.6909, 0.841701, 7.57765, 0.0436752
29.2311, -26.3752, 0.849283, 7.40199, 0.0426508
29.4068, -25.0904, 0.856685, 7.22633, 0.0416261
29.5825, -23.8365, 0.863907, 7.05067, 0.0406011
29.7581, -22.6134, 0.870949, 6.87501, 0.0395758
29.9338, -21.4211, 0.877811, 6.69936, 0.0385504
30.1094, -20.2597, 0.884493, 6.5237, 0.0375247
30.2851, -19.1292, 0.890994, 6.34804, 0.0364989
30.4608, -18.0295, 0.897316, 6.17238, 0.0354729
30.6364, -16.9607, 0.903457, 5.99672, 0.0344468
30.8121, -15.9227, 0.909417, 5.82107, 0.0334206
30.9877, -14.9156, 0.915198, 5.64541, 0.0323943
31.1634, -13.9394, 0.920798, 5.46975, 0.0313679
31.3391, -12.994, 0.926218, 5.29409, 0.0303415
31.5147, -12.0794, 0.931458, 5.11843, 0.0293149
31.6904, -11.1958, 0.936517, 4.94277, 0.0282883
31.866, -10.3429, 0.941396, 4.76712, 0.0272617
32.0417, -9.52097, 0.946095, 4.59146, 0.026235
32.2174, -8.72984, 0.950613, 4.4158, 0.0252082
32.393, -7.96958, 0.954951, 4.24014, 0.0241814
32.5687, -7.24019, 0.959109, 4.06448, 0.0231545
32.7444, -6.54165, 0.963086, 3.88882, 0.0221276
32.92, -5.87395, 0.966883, 3.71317, 0.0211007
33.0957, -5.23713, 0.970499, 3.53751, 0.0200737
33.2713, -4.63114, 0.973935, 3.36185, 0.0190466
33.447, -4.05602, 0.977191, 3.18619, 0.0180196
33.6227, -3.51178, 0.980266, 3.01053, 0.0169925
33.7983, -2.99836, 0.98316, 2.83487, 0.0159654
33.974, -2.51582, 0.985875, 2.65921, 0.0149383
34.1496, -2.06412, 0.988409, 2.48356, 0.0139111
34.3253, -1.6433, 0.990762, 2.3079, 0.012884
34.501, -1.2533, 0.992935, 2.13224, 0.0118568
34.6766, -0.894188, 0.994928, 1.95658, 0.0108295
34.8523, -0.56591, 0.99674, 1.78092, 0.0098023
35.028, -0.268494, 0.998371, 1.60526, 0.00877502
35.2036, -0.0019455, 0.999822, 1.4296, 0.00774773
35.3793, 0.233742, 1.00109, 1.25395, 0.00672044
35.5549, 0.438591, 1.00218, 1.07829, 0.00569313
35.7306, 0.612572, 1.00309, 0.902628, 0.00466578
35.9063, 0.755707, 1.00382, 0.726972, 0.00363845
36.0819, 0.867973, 1.00437, 0.55131, 0.00261107
36.2576, 0.949394, 1.00474, 0.375653, 0.0015837
36.4332, 0.999954, 1.00493, 0.199996, 0.000556319
