4.19193, 0
0, 0, 0, 0.5, 0
0.0202918, 0.00862333, 0.000542232, 0.503496, 0.0199212
0.0405836, 0.0173183, 0.0014898, 0.506991, 0.0398397
0.0608755, 0.0260849, 0.00284282, 0.510485, 0.0597554
0.0811673, 0.0349232, 0.00460133, 0.513977, 0.079668
0.101459, 0.0438333, 0.00676527, 0.517468, 0.0995774
0.121751, 0.052815, 0.00933466, 0.520958, 0.119483
0.142043, 0.0618685, 0.0123094, 0.524446, 0.139386
0.162335, 0.0709938, 0.0156896, 0.527933, 0.159284
0.182626, 0.0801908, 0.0194751, 0.531418, 0.179178
0.202918, 0.0894597, 0.0236661, 0.534901, 0.199067
0.22321, 0.0988004, 0.0282625, 0.538383, 0.218952
0.243502, 0.108213, 0.0332641, 0.541862, 0.238831
0.263794, 0.117697, 0.0386712, 0.545338, 0.258704
0.284086, 0.127254, 0.0444836, 0.548813, 0.278571
0.304377, 0.136882, 0.0507014, 0.552284, 0.298431
0.324669, 0.146583, 0.0573245, 0.555753, 0.318284
0.344961, 0.156355, 0.0643528, 0.559218, 0.338129
0.365253, 0.1662, 0.0717865, 0.562679, 0.357964
0.385545, 0.176117, 0.0796254, 0.566137, 0.37779
0.405836, 0.186106, 0.0878695, 0.56959, 0.397605
0.426128, 0.196167, 0.0965188, 0.573039, 0.417408
0.44642, 0.206302, 0.105573, 0.576482, 0.437198
0.466712, 0.216508, 0.115033, 0.57992, 0.456973
0.487004, 0.226788, 0.124897, 0.583351, 0.476731
0.507296, 0.23714, 0.135167, 0.586774, 0.496471
0.527587, 0.247565, 0.145842, 0.590189, 0.51619
0.547879, 0.258064, 0.156921, 0.593595, 0.535885
0.568171, 0.268636, 0.168405, 0.596989, 0.555553
0.588463, 0.279282, 0.180294, 0.600372, 0.57519
0.608755, 0.290002, 0.192587, 0.60374, 0.594792
0.629047, 0.300797, 0.205285, 0.607092, 0.614352
0.649338, 0.311667, 0.218387, 0.610425, 0.633864
0.66963, 0.322612, 0.231892, 0.613735, 0.653318
0.689922, 0.333634, 0.245801, 0.617018, 0.672704
0.710214, 0.344734, 0.260113, 0.620268, 0.692009
0.730506, 0.355913, 0.274828, 0.62348, 0.711214
0.750798, 0.367172, 0.289944, 0.626643, 0.730297
0.771089, 0.378515, 0.305461, 0.629747, 0.749228
0.791381, 0.389942, 0.321377, 0.632774, 0.767964
0.811673, 0.40146, 0.33769, 0.635704, 0.786452
0.831965, 0.413072, 0.354397, 0.638506, 0.80461
0.852257, 0.424788, 0.371493, 0.641137, 0.822327
0.872548, 0.436618, 0.388972, 0.643534, 0.839437
0.89284, 0.448578, 0.406822, 0.645603, 0.85569
0.913132, 0.460692, 0.425023, 0.647203, 0.870707
0.933424, 0.472994, 0.443543, 0.648126, 0.883916
0.953716, 0.485526, 0.462327, 0.648084, 0.894502
0.974008, 0.498331, 0.481285, 0.646735, 0.901441
0.994299, 0.511424, 0.50029, 0.643808, 0.903809
1.01459, 0.524757, 0.519201, 0.63929, 0.901291
1.03488, 0.538231, 0.537899, 0.63347, 0.894391
1.05517, 0.551732, 0.556307, 0.626771, 0.884088
1.07547, 0.565171, 0.574384, 0.619572, 0.871353
1.09576, 0.57849, 0.59211, 0.612138, 0.856935
1.11605, 0.591658, 0.609476, 0.60463, 0.841344
1.13634, 0.604658, 0.626474, 0.597145, 0.824923
1.15663, 0.617484, 0.643102, 0.589736, 0.807896
1.17693, 0.630133, 0.659356, 0.582431, 0.790421
1.19722, 0.642606, 0.675233, 0.575243, 0.7726
1.21751, 0.654907, 0.690733, 0.568177, 0.75451
1.2378, 0.667039, 0.705853, 0.561235, 0.736206
1.25809, 0.679005, 0.720591, 0.554412, 0.717727
1.27838, 0.690808, 0.734947, 0.547704, 0.699105
1.29868, 0.702454, 0.748918, 0.541107, 0.680363
1.31897, 0.713944, 0.762504, 0.534615, 0.66152
1.33926, 0.725284, 0.775704, 0.528223, 0.64259
1.35955, 0.736475, 0.788516, 0.521925, 0.623585
1.37984, 0.747521, 0.80094, 0.515716, 0.604515
1.40014, 0.758425, 0.812975, 0.509591, 0.585388
1.42043, 0.769189, 0.82462, 0.503546, 0.566209
1.44072, 0.779816, 0.835876, 0.497577, 0.546987
1.46101, 0.790309, 0.846739, 0.491678, 0.527723
1.4813, 0.800669, 0.857211, 0.485847, 0.508423
1.5016, 0.810899, 0.867291, 0.48008, 0.48909
1.52189, 0.821, 0.876978, 0.474374, 0.469727
1.54218, 0.830974, 0.886272, 0.468726, 0.450337
1.56247, 0.840824, 0.895172, 0.463132, 0.430922
1.58276, 0.850551, 0.903678, 0.457591, 0.411484
1.60305, 0.860156, 0.911789, 0.4521, 0.392025
1.62335, 0.86964, 0.919506, 0.446656, 0.372546
1.64364, 0.879006, 0.926827, 0.441257, 0.353049
1.66393, 0.888254, 0.933753, 0.435901, 0.333535
1.68422, 0.897386, 0.940283, 0.430587, 0.314005
1.70451, 0.906403, 0.946417, 0.425312, 0.294461
1.72481, 0.915305, 0.952155, 0.420075, 0.274902
1.7451, 0.924095, 0.957496, 0.414874, 0.255331
1.76539, 0.932773, 0.96244, 0.409709, 0.235747
1.78568, 0.94134, 0.966987, 0.404576, 0.216152
1.80597, 0.949797, 0.971137, 0.399476, 0.196546
1.82626, 0.958144, 0.974889, 0.394407, 0.17693
1.84656, 0.966384, 0.978243, 0.389367, 0.157304
1.86685, 0.974516, 0.981199, 0.384356, 0.137669
1.88714, 0.982541, 0.983758, 0.379373, 0.118025
1.90743, 0.99046, 0.985917, 0.374416, 0.0983726
1.92772, 0.998274, 0.987679, 0.369485, 0.0787126
1.94802, 1.00598, 0.989042, 0.364579, 0.0590449
1.96831, 1.01359, 0.990006, 0.359696, 0.03937
1.9886, 1.02109, 0.990571, 0.354837, 0.0196884
2.00889, 1.02849, 0.990737, 0.35, -2.6077e-08
2.03072, 1.03601, 0.990941, 0.338186, 0.0183576
2.05255, 1.04324, 0.991531, 0.326389, 0.0367255
2.07438, 1.05024, 0.992534, 0.31457, 0.05508
2.09621, 1.05698, 0.993939, 0.302744, 0.0734296
2.11804, 1.06346, 0.99574, 0.290922, 0.091782
2.13987, 1.06969, 0.99795, 0.279081, 0.110123
2.1617, 1.07565, 1.00055, 0.267246, 0.128466
2.18353, 1.08135, 1.00355, 0.255415, 0.146813
2.20536, 1.0868, 1.00696, 0.243568, 0.165149
2.2272, 1.09198, 1.01076, 0.231716, 0.183482
2.24903, 1.09692, 1.01497, 0.219848, 0.201805
2.27086, 1.10159, 1.01958, 0.207988, 0.220132
2.29269, 1.106, 1.02458, 0.196113, 0.238451
2.31452, 1.11015, 1.02999, 0.184236, 0.256768
2.33635, 1.11404, 1.03579, 0.172357, 0.275083
2.35818, 1.11768, 1.042, 0.160458, 0.293385
2.38001, 1.12105, 1.04861, 0.148557, 0.311687
2.40184, 1.12416, 1.05561, 0.136657, 0.329988
2.42367, 1.12702, 1.06301, 0.124732, 0.348274
2.4455, 1.1296, 1.07081, 0.112816, 0.366565
2.46733, 1.13194, 1.07901, 0.100878, 0.384842
2.48916, 1.134, 1.08761, 0.0889354, 0.403116
2.51099, 1.13582, 1.09661, 0.0769745, 0.421378
2.53282, 1.13738, 1.10602, 0.0649834, 0.439621
2.55465, 1.13866, 1.11581, 0.0530061, 0.457872
2.57648, 1.13969, 1.12601, 0.0410028, 0.476107
2.59831, 1.14045, 1.13659, 0.0290019, 0.494342
2.62014, 1.14095, 1.14759, 0.0169616, 0.512552
2.64197, 1.14119, 1.15898, 0.00490454, 0.530751
2.6638, 1.14117, 1.17076, -0.00716084, 0.548944
2.68563, 1.14088, 1.18294, -0.0192536, 0.567119
2.70746, 1.14033, 1.19552, -0.0313641, 0.585283
2.72929, 1.13951, 1.2085, -0.0435076, 0.603424
2.75113, 1.13843, 1.22187, -0.0556689, 0.621553
2.77296, 1.13708, 1.23563, -0.0678647, 0.639659
2.79479, 1.13546, 1.24979, -0.0801079, 0.657733
2.81662, 1.13358, 1.26435, -0.0923802, 0.675787
2.83845, 1.13143, 1.2793, -0.104709, 0.693804
2.86028, 1.12901, 1.29464, -0.117085, 0.711787
2.88211, 1.12632, 1.31038, -0.12952, 0.72973
2.90394, 1.12335, 1.3265, -0.142032, 0.747618
2.92577, 1.12011, 1.34302, -0.154625, 0.765451
2.9476, 1.1166, 1.35992, -0.16733, 0.783204
2.96943, 1.11281, 1.37721, -0.18015, 0.800873
2.99126, 1.10873, 1.39489, -0.193144, 0.818415
3.01309, 1.10437, 1.41294, -0.206336, 0.835808
3.03492, 1.09972, 1.43138, -0.21983, 0.852969
3.05675, 1.09477, 1.45018, -0.233731, 0.8698
3.07858, 1.08951, 1.46935, -0.248263, 0.886087
3.10041, 1.08392, 1.48886, -0.263937, 0.901272
3.12224, 1.07797, 1.50868, -0.281964, 0.913453
3.14407, 1.07159, 1.52865, -0.302142, 0.911408
3.1659, 1.06492, 1.54832, -0.30611, 0.890535
3.18773, 1.05828, 1.56753, -0.301174, 0.869305
3.20956, 1.05179, 1.58628, -0.293663, 0.848812
3.23139, 1.04547, 1.60459, -0.285002, 0.828774
3.25323, 1.03935, 1.62247, -0.275692, 0.809029
3.27506, 1.03344, 1.63992, -0.265966, 0.789484
3.29689, 1.02774, 1.65694, -0.255952, 0.770086
3.31872, 1.02226, 1.67354, -0.245727, 0.750799
3.34055, 1.01701, 1.68972, -0.235339, 0.731598
3.36238, 1.01199, 1.70548, -0.224823, 0.712468
3.38421, 1.0072, 1.72083, -0.214204, 0.693394
3.40604, 1.00264, 1.73576, -0.203498, 0.674369
3.42787, 0.998313, 1.75027, -0.192721, 0.655385
3.4497, 0.994224, 1.76437, -0.181882, 0.636435
3.47153, 0.990372, 1.77806, -0.170989, 0.617516
3.49336, 0.986758, 1.79134, -0.160051, 0.598624
3.51519, 0.983384, 1.8042, -0.149072, 0.579755
3.53702, 0.98025, 1.81665, -0.138058, 0.560907
3.55885, 0.977357, 1.82869, -0.127011, 0.542078
3.58068, 0.974705, 1.84032, -0.115936, 0.523265
3.60251, 0.972295, 1.85153, -0.104834, 0.504468
3.62434, 0.970128, 1.86234, -0.0937092, 0.485686
3.64617, 0.968204, 1.87274, -0.0825626, 0.466915
3.668, 0.966523, 1.88273, -0.0713965, 0.448156
3.68983, 0.965087, 1.89231, -0.0602125, 0.429409
3.71166, 0.963895, 1.90148, -0.0490117, 0.410671
3.73349, 0.962947, 1.91024, -0.0377956, 0.391942
3.75533, 0.962245, 1.91859, -0.0265653, 0.373222
3.77716, 0.961787, 1.92653, -0.0153217, 0.354509
3.79899, 0.961576, 1.93407, -0.00406578, 0.335804
3.82082, 0.96161, 1.94119, 0.00720161, 0.317107
3.84265, 0.96189, 1.94791, 0.0184798, 0.298415
3.86448, 0.962417, 1.95422, 0.0297683, 0.27973
3.88631, 0.96319, 1.96012, 0.0410662, 0.26105
3.90814, 0.96421, 1.96562, 0.0523732, 0.242376
3.92997, 0.965477, 1.97071, 0.0636886, 0.223707
3.9518, 0.96699, 1.97539, 0.075012, 0.205043
3.97363, 0.968752, 1.97966, 0.086343, 0.186384
3.99546, 0.970761, 1.98352, 0.0976812, 0.167728
4.01729, 0.973017, 1.98698, 0.109026, 0.149078
4.03912, 0.975521, 1.99003, 0.120378, 0.13043
4.06095, 0.978272, 1.99268, 0.131735, 0.111787
4.08278, 0.981272, 1.99491, 0.143099, 0.0931474
4.10461, 0.98452, 1.99674, 0.154468, 0.0745113
4.12644, 0.988017, 1.99817, 0.165842, 0.0558785
4.14827, 0.991761, 1.99918, 0.177222, 0.0372486
4.1701, 0.995754, 1.99979, 0.188607, 0.0186218
4.19193, 0.999996, 2, 0.199996, -2.34693e-06
