2.25391, 0.206668
0, 0, 0, 0.5, 0
0.0104209, 0.0041994, 0.000214085, 0.500558, 0.0102966
0.0208418, 0.00840707, 0.00053596, 0.501109, 0.0205908
0.0312626, 0.0126237, 0.000965649, 0.501652, 0.0308827
0.0416835, 0.0168484, 0.00150321, 0.502189, 0.041172
0.0521044, 0.0210819, 0.00214844, 0.502717, 0.0514588
0.0625253, 0.0253239, 0.00290148, 0.503238, 0.0617429
0.0729462, 0.0295746, 0.00376227, 0.50375, 0.0720242
0.0833671, 0.0338334, 0.00473074, 0.504254, 0.0823026
0.0937879, 0.0381011, 0.00580697, 0.504749, 0.0925779
0.104209, 0.0423771, 0.00699088, 0.505235, 0.10285
0.11463, 0.0466616, 0.0082824, 0.505711, 0.113119
0.125051, 0.0509545, 0.00968163, 0.506178, 0.123384
0.135471, 0.0552558, 0.0111885, 0.506634, 0.133646
0.145892, 0.0595656, 0.0128029, 0.50708, 0.143904
0.156313, 0.0638836, 0.0145248, 0.507514, 0.154158
0.166734, 0.06821, 0.0163544, 0.507937, 0.164408
0.177155, 0.0725449, 0.0182914, 0.508347, 0.174654
0.187576, 0.076888, 0.020336, 0.508746, 0.184895
0.197997, 0.0812394, 0.0224879, 0.50913, 0.195131
0.208418, 0.085599, 0.0247473, 0.509502, 0.205362
0.218839, 0.0899669, 0.0271141, 0.509859, 0.215588
0.229259, 0.0943429, 0.0295882, 0.510201, 0.225809
0.23968, 0.0987271, 0.0321696, 0.510528, 0.236023
0.250101, 0.103119, 0.0348583, 0.510838, 0.246232
0.260522, 0.10752, 0.0376542, 0.511132, 0.256434
0.270943, 0.111928, 0.0405572, 0.511408, 0.266629
0.281364, 0.116345, 0.0435673, 0.511665, 0.276818
0.291785, 0.120769, 0.0466845, 0.511902, 0.286998
0.302206, 0.125202, 0.0499087, 0.512119, 0.297171
0.312626, 0.129642, 0.0532398, 0.512315, 0.307335
0.323047, 0.13409, 0.0566778, 0.512488, 0.31749
0.333468, 0.138546, 0.0602225, 0.512637, 0.327636
0.343889, 0.143009, 0.063874, 0.512761, 0.337771
0.35431, 0.14748, 0.0676321, 0.512859, 0.347896
0.364731, 0.151959, 0.0714967, 0.512929, 0.358009
0.375152, 0.156445, 0.0754677, 0.51297, 0.36811
0.385573, 0.160939, 0.0795451, 0.51298, 0.378198
0.395994, 0.16544, 0.0837286, 0.512958, 0.388272
0.406414, 0.169948, 0.0880184, 0.512901, 0.398331
0.416835, 0.174464, 0.092414, 0.512807, 0.408374
0.427256, 0.178987, 0.0969154, 0.512674, 0.4184
0.437677, 0.183516, 0.101523, 0.512501, 0.428408
0.448098, 0.188052, 0.106235, 0.512284, 0.438395
0.458519, 0.192595, 0.111053, 0.51202, 0.448362
0.46894, 0.197145, 0.115976, 0.511707, 0.458305
0.479361, 0.201701, 0.121004, 0.511341, 0.468223
0.489781, 0.206264, 0.126136, 0.510919, 0.478114
0.500202, 0.210832, 0.131373, 0.510436, 0.487976
0.510623, 0.215406, 0.136714, 0.50989, 0.497806
0.521044, 0.219987, 0.142159, 0.509274, 0.507601
0.531465, 0.224572, 0.147707, 0.508585, 0.517357
0.541886, 0.229163, 0.153358, 0.507816, 0.527072
0.552307, 0.233759, 0.159111, 0.506962, 0.536741
0.562728, 0.238359, 0.164967, 0.506016, 0.54636
0.573148, 0.242964, 0.170924, 0.504971, 0.555923
0.583569, 0.247573, 0.176982, 0.503819, 0.565425
0.59399, 0.252186, 0.18314, 0.502551, 0.574858
0.604411, 0.256801, 0.189397, 0.501157, 0.584216
0.614832, 0.261419, 0.195753, 0.499628, 0.593489
0.625253, 0.26604, 0.202207, 0.497951, 0.602667
0.635674, 0.270662, 0.208757, 0.496114, 0.611741
0.646095, 0.275284, 0.215402, 0.494102, 0.620694
0.656516, 0.279907, 0.222141, 0.491901, 0.629514
0.666936, 0.284529, 0.228972, 0.489493, 0.638183
0.677357, 0.289149, 0.235893, 0.48686, 0.64668
0.687778, 0.293766, 0.242902, 0.483983, 0.654982
0.698199, 0.298379, 0.249996, 0.480839, 0.663062
0.70862, 0.302986, 0.257173, 0.477409, 0.67089
0.719041, 0.307586, 0.26443, 0.473666, 0.67843
0.729462, 0.312176, 0.271761, 0.469589, 0.685641
0.739883, 0.316754, 0.279164, 0.465153, 0.692477
0.750304, 0.321317, 0.286632, 0.460337, 0.698887
0.760724, 0.325863, 0.294161, 0.455124, 0.704815
0.771145, 0.330387, 0.301744, 0.449498, 0.7102
0.781566, 0.334886, 0.309374, 0.443455, 0.714979
0.791987, 0.339355, 0.317042, 0.436996, 0.719087
0.802408, 0.343788, 0.324741, 0.430138, 0.722465
0.812829, 0.348181, 0.332462, 0.422906, 0.725058
0.82325, 0.352526, 0.340194, 0.415342, 0.726822
0.833671, 0.356819, 0.347929, 0.407497, 0.727731
0.844091, 0.361053, 0.355656, 0.399434, 0.727773
0.854512, 0.365222, 0.363368, 0.39122, 0.726957
0.864933, 0.369323, 0.371055, 0.382921, 0.725307
0.875354, 0.37335, 0.378708, 0.374603, 0.722863
0.885775, 0.377302, 0.386322, 0.366322, 0.719675
0.896196, 0.381175, 0.393888, 0.358129, 0.715802
0.906617, 0.384969, 0.401402, 0.350063, 0.711304
0.917038, 0.388682, 0.408857, 0.342154, 0.706242
0.927459, 0.392316, 0.416249, 0.334424, 0.700674
0.937879, 0.395871, 0.423575, 0.326888, 0.694655
0.9483, 0.399348, 0.430829, 0.319553, 0.688237
0.958721, 0.402748, 0.43801, 0.312423, 0.681463
0.969142, 0.406073, 0.445113, 0.305497, 0.674374
0.979563, 0.409326, 0.452138, 0.298773, 0.667006
0.989984, 0.412507, 0.45908, 0.292246, 0.65939
1.0004, 0.415618, 0.465939, 0.285909, 0.651555
1.01083, 0.418662, 0.472713, 0.279756, 0.643523
1.02125, 0.42164, 0.479399, 0.273778, 0.635316
1.03167, 0.424554, 0.485997, 0.267969, 0.626953
1.04389, 0.427864, 0.493746, 0.268201, 0.639153
1.05611, 0.431177, 0.501644, 0.268523, 0.651349
1.06833, 0.434493, 0.509691, 0.268941, 0.663542
1.08056, 0.437813, 0.517886, 0.269459, 0.675731
1.09278, 0.44114, 0.52623, 0.270085, 0.687914
1.105, 0.444473, 0.534723, 0.270826, 0.700089
1.11722, 0.447816, 0.543365, 0.27169, 0.712256
1.12945, 0.451169, 0.552154, 0.272686, 0.724411
1.14167, 0.454533, 0.561092, 0.273823, 0.736553
1.15389, 0.457912, 0.570179, 0.275113, 0.748679
1.16611, 0.461306, 0.579413, 0.276568, 0.760785
1.17834, 0.464718, 0.588794, 0.278201, 0.772867
1.19056, 0.468149, 0.598323, 0.280027, 0.78492
1.20278, 0.471604, 0.607998, 0.282062, 0.796938
1.215, 0.475083, 0.617821, 0.284327, 0.808914
1.22723, 0.478591, 0.627788, 0.286842, 0.820837
1.23945, 0.482129, 0.637901, 0.289631, 0.832698
1.25167, 0.485703, 0.648159, 0.292721, 0.844482
1.26389, 0.489315, 0.658559, 0.296144, 0.856172
1.27612, 0.49297, 0.669101, 0.299934, 0.867745
1.28834, 0.496673, 0.679784, 0.30413, 0.879175
1.30056, 0.500429, 0.690605, 0.308776, 0.890427
1.31278, 0.504243, 0.701562, 0.313921, 0.901458
1.32501, 0.508122, 0.712652, 0.319617, 0.91221
1.33723, 0.512074, 0.723871, 0.325922, 0.922614
1.34945, 0.516105, 0.735214, 0.332894, 0.93258
1.36167, 0.520225, 0.746675, 0.340585, 0.941999
1.3739, 0.524442, 0.758247, 0.34904, 0.950736
1.38612, 0.528767, 0.76992, 0.358284, 0.958632
1.39834, 0.533208, 0.781684, 0.368307, 0.965511
1.41056, 0.537776, 0.793524, 0.379055, 0.971195
1.42279, 0.542478, 0.805425, 0.390422, 0.975519
1.43501, 0.547321, 0.817369, 0.40225, 0.978364
1.44723, 0.552311, 0.829339, 0.414352, 0.979675
1.45945, 0.557449, 0.841315, 0.42653, 0.979469
1.47168, 0.562734, 0.853279, 0.438606, 0.977831
1.4839, 0.568166, 0.865215, 0.45044, 0.974892
1.49612, 0.573741, 0.877107, 0.461934, 0.970804
1.50834, 0.579454, 0.888943, 0.47303, 0.965723
1.52057, 0.5853, 0.900712, 0.483702, 0.959797
1.53279, 0.591273, 0.912403, 0.493948, 0.953155
1.54501, 0.59737, 0.92401, 0.503779, 0.945908
1.55723, 0.603584, 0.935524, 0.513214, 0.93815
1.56946, 0.609911, 0.946941, 0.522278, 0.929959
1.58168, 0.616347, 0.958256, 0.530996, 0.9214
1.5939, 0.622888, 0.969464, 0.539395, 0.912526
1.60612, 0.629529, 0.980562, 0.547499, 0.903382
1.61835, 0.636268, 0.991546, 0.555332, 0.894003
1.63057, 0.643101, 1.00241, 0.562914, 0.88442
1.64279, 0.650026, 1.01317, 0.570266, 0.874658
1.65501, 0.657039, 1.0238, 0.577405, 0.864739
1.66724, 0.664138, 1.0343, 0.584348, 0.854682
1.67946, 0.671321, 1.04469, 0.591109, 0.844501
1.69168, 0.678585, 1.05495, 0.597701, 0.834211
1.7039, 0.685929, 1.06508, 0.604137, 0.823821
1.71613, 0.693351, 1.07508, 0.610427, 0.813343
1.72835, 0.700849, 1.08496, 0.616582, 0.802784
1.74057, 0.708422, 1.09471, 0.62261, 0.792152
1.75279, 0.716067, 1.10432, 0.62852, 0.781454
1.76502, 0.723784, 1.11381, 0.634318, 0.770695
1.77724, 0.731571, 1.12316, 0.640013, 0.759881
1.78946, 0.739428, 1.13238, 0.645609, 0.749015
1.80168, 0.747352, 1.14147, 0.651113, 0.738103
1.81391, 0.755343, 1.15043, 0.65653, 0.727147
1.82613, 0.763399, 1.15925, 0.661865, 0.716151
1.83835, 0.77152, 1.16793, 0.667123, 0.705117
1.85057, 0.779706, 1.17648, 0.672306, 0.694048
1.8628, 0.787954, 1.1849, 0.67742, 0.682948
1.87502, 0.796264, 1.19318, 0.682468, 0.671816
1.88724, 0.804635, 1.20132, 0.687453, 0.660657
1.89946, 0.813067, 1.20933, 0.692377, 0.649471
1.91168, 0.821559, 1.2172, 0.697245, 0.638259
1.92391, 0.83011, 1.22493, 0.702058, 0.627025
1.93613, 0.83872, 1.23253, 0.706819, 0.615768
1.94835, 0.847388, 1.23998, 0.711531, 0.60449
1.96057, 0.856112, 1.2473, 0.716195, 0.593193
1.9728, 0.864894, 1.25448, 0.720813, 0.581877
1.98502, 0.873732, 1.26153, 0.725388, 0.570543
1.99724, 0.882625, 1.26843, 0.729922, 0.559192
2.00946, 0.891574, 1.27519, 0.734414, 0.547826
2.02169, 0.900577, 1.28182, 0.738869, 0.536444
2.03391, 0.909634, 1.28831, 0.743286, 0.525048
2.04613, 0.918746, 1.29466, 0.747668, 0.513638
2.05835, 0.92791, 1.30086, 0.752015, 0.502215
2.07058, 0.937128, 1.30693, 0.756329, 0.490779
2.0828, 0.946398, 1.31286, 0.760612, 0.479331
2.09502, 0.95572, 1.31865, 0.764863, 0.467872
2.10724, 0.965094, 1.3243, 0.769085, 0.456402
2.11947, 0.97452, 1.32981, 0.773278, 0.444922
2.13169, 0.983996, 1.33517, 0.777444, 0.433431
2.14391, 0.993524, 1.3404, 0.781583, 0.42193
2.15613, 1.0031, 1.34549, 0.785696, 0.410421
2.16836, 1.01273, 1.35043, 0.789784, 0.398902
2.18058, 1.02241, 1.35524, 0.793847, 0.387375
2.1928, 1.03213, 1.3599, 0.797887, 0.37584
2.20502, 1.04191, 1.36443, 0.801904, 0.364296
2.21725, 1.05174, 1.36881, 0.805899, 0.352745
2.22947, 1.06161, 1.37305, 0.809873, 0.341187
2.24169, 1.07153, 1.37715, 0.813826, 0.329621
2.25391, 1.0815, 1.38111, 0.817758, 0.318049
