27.163, 0
0, 0, 0, 0.5, 0
0.143585, 0.0614831, 0.00010241, 0.356424, 0.00155888
0.28717, 0.102222, -0.0115753, 0.212866, 0.00485865
0.430755, 0.122481, -0.0107753, 0.069289, 0.00641754
0.57434, 0.122245, 0.00175257, -0.0743062, 0.00623553
0.717925, 0.101268, 0.00275029, -0.217883, 0.00779442
0.861511, 0.0596743, 0.00397186, -0.361459, 0.0093533
1.0051, -0.00253218, 0.00541723, -0.505036, 0.0109122
1.14868, -0.0854703, -0.00341766, -0.648594, 0.014212
1.29227, -0.188797, 0.00897952, -0.792189, 0.01403
1.43585, -0.312849, 0.0110964, -0.935766, 0.0155888
1.57944, -0.457518, 0.0134371, -1.07934, 0.0171477
1.72302, -0.622803, 0.0160016, -1.22292, 0.0187066
1.86661, -0.808805, 0.00953574, -1.36648, 0.0220064
2.01019, -1.01532, 0.0127979, -1.51005, 0.0235653
2.15378, -1.24235, 0.0250383, -1.65365, 0.0233833
2.29736, -1.49019, 0.0199938, -1.79721, 0.026683
2.44095, -1.75846, 0.0321819, -1.9408, 0.026501
2.58453, -2.04744, 0.0360894, -2.08438, 0.0280599
2.72812, -2.35704, 0.0402208, -2.22796, 0.0296188
2.8717, -2.68725, 0.044576, -2.37153, 0.0311777
3.01529, -3.03815, 0.0419005, -2.51509, 0.0344775
3.15887, -3.40951, 0.054143, -2.65869, 0.0342495
3.30246, -3.80164, 0.05223, -2.80224, 0.0375952
3.44604, -4.21423, 0.0642352, -2.94584, 0.0374132
3.58963, -4.64752, 0.0698748, -3.08942, 0.0389261
3.73321, -5.10149, 0.069403, -3.23297, 0.0422719
3.8768, -5.57594, 0.0814818, -3.37657, 0.0420439
4.02038, -6.07107, 0.0874757, -3.52015, 0.0436488
4.16397, -6.58682, 0.0939842, -3.66372, 0.0451617
4.30755, -7.12319, 0.100439, -3.8073, 0.0467665
4.45114, -7.68021, 0.102501, -3.95086, 0.0500663
4.59472, -8.25776, 0.114297, -4.09445, 0.0498843
4.73831, -8.85597, 0.121563, -4.23803, 0.0514432
4.88189, -9.4748, 0.129051, -4.3816, 0.0530021
5.02548, -10.1142, 0.136863, -4.52518, 0.054515
5.16906, -10.7743, 0.144793, -4.66876, 0.0560738
5.31265, -11.455, 0.152947, -4.81233, 0.0576327
5.45623, -12.1563, 0.161371, -4.95591, 0.0591647
5.59982, -12.8782, 0.167098, -5.09947, 0.0625374
5.7434, -13.6207, 0.178751, -5.24306, 0.0623094
5.88699, -14.3838, 0.18786, -5.38664, 0.0638223
6.03057, -15.1676, 0.197073, -5.53022, 0.0654271
6.17416, -15.9719, 0.206616, -5.67379, 0.06694
6.31774, -16.7969, 0.21633, -5.81737, 0.0684989
6.46133, -17.6425, 0.226202, -5.96095, 0.0701498
6.60491, -18.5087, 0.236445, -6.10452, 0.0715898
6.7485, -19.3955, 0.246849, -6.24809, 0.0730973
6.89208, -20.303, 0.25745, -6.39167, 0.0746467
7.03567, -21.231, 0.268277, -6.53523, 0.0761595
7.17925, -22.1797, 0.279316, -6.67772, 0.0774498
7.32284, -23.1293, 0.290294, -6.54162, 0.0756054
7.46642, -24.0583, 0.301034, -6.3981, 0.0740004
7.61001, -24.9666, 0.311546, -6.25451, 0.0724143
7.75359, -25.8544, 0.32183, -6.11093, 0.0708362
7.89718, -26.7215, 0.331888, -5.96736, 0.0692625
8.04077, -27.568, 0.34172, -5.82378, 0.0676914
8.18435, -28.3939, 0.351327, -5.6802, 0.0661223
8.32794, -29.1992, 0.360708, -5.53663, 0.0645545
8.47152, -29.9839, 0.369865, -5.39306, 0.0629878
8.61511, -30.7479, 0.378797, -5.24948, 0.0614219
8.75869, -31.4914, 0.387504, -5.1059, 0.0598567
8.90228, -32.2142, 0.395986, -4.96233, 0.0582921
9.04586, -32.9164, 0.404243, -4.81875, 0.0567279
9.18945, -33.598, 0.412276, -4.67517, 0.0551641
9.33303, -34.259, 0.420085, -4.5316, 0.0536006
9.47662, -34.8993, 0.427669, -4.38802, 0.0520374
9.6202, -35.5191, 0.435028, -4.24444, 0.0504745
9.76379, -36.1182, 0.442164, -4.10087, 0.0489118
9.90737, -36.6967, 0.449075, -3.95729, 0.0473493
10.051, -37.2546, 0.455761, -3.81371, 0.045787
10.1945, -37.7919, 0.462223, -3.67014, 0.0442249
10.3381, -38.3086, 0.468461, -3.52656, 0.042663
10.4817, -38.8046, 0.474475, -3.38298, 0.0411011
10.6253, -39.2801, 0.480264, -3.23941, 0.0395394
10.7689, -39.7349, 0.485829, -3.09583, 0.0379778
10.9125, -40.1691, 0.49117, -2.95225, 0.0364163
11.0561, -40.5827, 0.496287, -2.80868, 0.0348549
11.1996, -40.9757, 0.50118, -2.6651, 0.0332937
11.3432, -41.348, 0.505848, -2.52152, 0.0317324
11.4868, -41.6998, 0.510292, -2.37795, 0.0301713
11.6304, -42.0309, 0.514512, -2.23437, 0.0286102
11.774, -42.3414, 0.518508, -2.09079, 0.0270492
11.9176, -42.6313, 0.52228, -1.94722, 0.0254883
12.0611, -42.9006, 0.525828, -1.80364, 0.0239275
12.2047, -43.1493, 0.529151, -1.66006, 0.0223666
12.3483, -43.3773, 0.532251, -1.51649, 0.0208059
12.4919, -43.5848, 0.535126, -1.37291, 0.0192452
12.6355, -43.7716, 0.537777, -1.22934, 0.0176845
12.7791, -43.9378, 0.540205, -1.08576, 0.0161239
12.9227, -44.0834, 0.542408, -0.942184, 0.0145634
13.0662, -44.2084, 0.544387, -0.798604, 0.0130028
13.2098, -44.3127, 0.546142, -0.65503, 0.0114424
13.3534, -44.3965, 0.547673, -0.511452, 0.0098819
13.497, -44.4596, 0.54898, -0.367876, 0.00832149
13.6406, -44.5021, 0.550062, -0.2243, 0.00676112
13.7842, -44.524, 0.550921, -0.0807228, 0.00520078
13.9278, -44.5253, 0.551556, 0.0628539, 0.00364047
14.0713, -44.506, 0.551967, 0.20643, 0.00208019
14.2149, -44.466, 0.552153, 0.350007, 0.000519939
14.3444, -44.4124, 0.548596, 0.479473, 0.00139465
14.4739, -44.3419, 0.548875, 0.608947, 0.00278931
14.6034, -44.2547, 0.549335, 0.738421, 0.00418396
14.7328, -44.1507, 0.549976, 0.867895, 0.00557862
14.8623, -44.0299, 0.550797, 0.997368, 0.00697327
14.9918, -43.8924, 0.551799, 1.12684, 0.00836793
15.1213, -43.7381, 0.552982, 1.25632, 0.00976258
15.2508, -43.5671, 0.554345, 1.38579, 0.0111572
15.3803, -43.3792, 0.555888, 1.51526, 0.0125519
15.5097, -43.1747, 0.557612, 1.64474, 0.0139465
15.6392, -42.9533, 0.559517, 1.77421, 0.0153412
15.7687, -42.7152, 0.561602, 1.90368, 0.0167359
15.8982, -42.4603, 0.563868, 2.03316, 0.0181305
16.0277, -42.1887, 0.566315, 2.16263, 0.0195252
16.1571, -41.9003, 0.568942, 2.2921, 0.0209198
16.2866, -41.5951, 0.571749, 2.42158, 0.0223145
16.4161, -41.2732, 0.574738, 2.55105, 0.0237091
16.5456, -40.9345, 0.577906, 2.68053, 0.0251038
16.6751, -40.5791, 0.581256, 2.81, 0.0264984
16.8045, -40.2068, 0.584786, 2.93947, 0.0278931
16.934, -39.8178, 0.588496, 3.06895, 0.0292877
17.0635, -39.4121, 0.592387, 3.19842, 0.0306824
17.193, -38.9896, 0.596459, 3.32789, 0.0320771
17.3225, -38.5503, 0.600711, 3.45737, 0.0334717
17.452, -38.0942, 0.605144, 3.58684, 0.0348664
17.5814, -37.6214, 0.609758, 3.71631, 0.036261
17.7109, -37.1319, 0.614552, 3.84579, 0.0376557
17.8404, -36.6255, 0.619526, 3.97526, 0.0390503
17.9699, -36.1024, 0.624681, 4.10473, 0.040445
18.0994, -35.5625, 0.630017, 4.23421, 0.0418396
18.2288, -35.0059, 0.635534, 4.36368, 0.0432343
18.3583, -34.4325, 0.641231, 4.49316, 0.044629
18.4878, -33.8424, 0.647108, 4.62263, 0.0460236
18.6173, -33.2354, 0.653166, 4.7521, 0.0474183
18.7468, -32.6117, 0.659405, 4.88158, 0.0488129
18.8762, -31.9713, 0.665824, 5.01105, 0.0502076
19.0057, -31.3141, 0.672424, 5.14052, 0.0516022
19.1352, -30.6401, 0.679204, 5.27, 0.0529969
19.2647, -29.9493, 0.686165, 5.39947, 0.0543916
19.3942, -29.2418, 0.693307, 5.52894, 0.0557862
19.5236, -28.5175, 0.699932, 5.65841, 0.0578205
19.6531, -27.7765, 0.708132, 5.78789, 0.0585755
19.7826, -27.0187, 0.715815, 5.91737, 0.0599702
19.9121, -26.2441, 0.723679, 6.04684, 0.0613648
20.0416, -25.4528, 0.731724, 6.17632, 0.0627595
20.1711, -24.6447, 0.739949, 6.30579, 0.0641542
20.3005, -23.8198, 0.748354, 6.43527, 0.0655488
20.43, -22.9782, 0.756941, 6.56474, 0.0669435
20.5595, -22.1198, 0.765707, 6.69425, 0.0683386
20.689, -21.2503, 0.774695, 6.67368, 0.0695999
20.8185, -20.3946, 0.783622, 6.54422, 0.0682722
20.9479, -19.5556, 0.792374, 6.41474, 0.0669101
21.0774, -18.7334, 0.800949, 6.28527, 0.0655372
21.2069, -17.928, 0.809345, 6.15579, 0.0641589
21.3364, -17.1393, 0.817563, 6.02631, 0.0627774
21.4659, -16.3674, 0.825602, 5.89684, 0.0613937
21.5953, -15.6122, 0.833462, 5.76737, 0.0600085
21.7248, -14.8738, 0.841142, 5.63789, 0.0586221
21.8543, -14.1522, 0.848643, 5.50842, 0.0572348
21.9838, -13.4474, 0.855964, 5.37894, 0.0558467
22.1133, -12.7593, 0.863105, 5.24947, 0.0544581
22.2428, -12.088, 0.870066, 5.12, 0.0530689
22.3722, -11.4334, 0.876848, 4.99052, 0.0516794
22.5017, -10.7956, 0.883449, 4.86105, 0.0502895
22.6312, -10.1746, 0.889871, 4.73158, 0.0488992
22.7607, -9.57029, 0.896112, 4.6021, 0.0475087
22.8902, -8.98279, 0.902174, 4.47263, 0.046118
23.0196, -8.41205, 0.908055, 4.34316, 0.044727
23.1491, -7.85808, 0.913756, 4.21368, 0.0433358
23.2786, -7.32087, 0.919277, 4.08421, 0.0419445
23.4081, -6.80042, 0.924618, 3.95473, 0.040553
23.5376, -6.29674, 0.929779, 3.82526, 0.0391613
23.667, -5.80983, 0.93476, 3.69579, 0.0377695
23.7965, -5.33966, 0.93956, 3.56631, 0.0363777
23.926, -4.88628, 0.94418, 3.43684, 0.0349857
24.0555, -4.44966, 0.94862, 3.30737, 0.0335936
24.185, -4.0298, 0.95288, 3.17789, 0.0322014
24.3145, -3.62671, 0.956959, 3.04842, 0.0308091
24.4439, -3.24038, 0.960858, 2.91894, 0.0294167
24.5734, -2.87081, 0.964577, 2.78947, 0.0280243
24.7029, -2.51801, 0.968115, 2.66, 0.0266318
24.8324, -2.18197, 0.971473, 2.53052, 0.0252392
24.9619, -1.8627, 0.974651, 2.40105, 0.0238465
25.0913, -1.56019, 0.977649, 2.27158, 0.0224539
25.2208, -1.27445, 0.980466, 2.1421, 0.0210611
25.3503, -1.00547, 0.983103, 2.01263, 0.0196683
25.4798, -0.753246, 0.985559, 1.88316, 0.0182754
25.6093, -0.517799, 0.987835, 1.75368, 0.0168825
25.7387, -0.299114, 0.989931, 1.62421, 0.0154896
25.8682, -0.0971909, 0.991847, 1.49473, 0.0140966
25.9977, 0.0879745, 0.993582, 1.36526, 0.0127035
26.1272, 0.256363, 0.995136, 1.23579, 0.0113105
26.2567, 0.407993, 0.996511, 1.10631, 0.00991736
26.3861, 0.542862, 0.997705, 0.976841, 0.00852422
26.5156, 0.660957, 0.998718, 0.847367, 0.00713103
26.6451, 0.762291, 0.999551, 0.717892, 0.00573781
26.7746, 0.846855, 1.0002, 0.588419, 0.00434457
26.9041, 0.914673, 1.00068, 0.458947, 0.00295132
27.0336, 0.965706, 1.00097, 0.329472, 0.00155801
27.163, 0.999981, 1.00108, 0.199997, 0.000164671
