2.31465, 0
0, 0, 0, 0.5, 0
0.0112046, 0.00457578, 0.000121527, 0.499764, 0.0111197
0.0224091, 0.0091509, 0.000368362, 0.499523, 0.0222371
0.0336137, 0.0137254, 0.000740466, 0.499277, 0.0333523
0.0448183, 0.0182994, 0.0012378, 0.499026, 0.0444651
0.0560228, 0.0228728, 0.0018604, 0.49877, 0.0555754
0.0672274, 0.0274455, 0.00260819, 0.498508, 0.0666832
0.078432, 0.0320177, 0.00348133, 0.498241, 0.0777883
0.0896365, 0.036589, 0.00447957, 0.497968, 0.0888906
0.100841, 0.0411598, 0.00560304, 0.497689, 0.09999
0.112046, 0.04573, 0.00685172, 0.497404, 0.111086
0.12325, 0.0502995, 0.00822555, 0.497112, 0.12218
0.134455, 0.0548684, 0.00972453, 0.496814, 0.133269
0.145659, 0.0594365, 0.0113487, 0.496509, 0.144356
0.156864, 0.0640041, 0.0130979, 0.496195, 0.155439
0.168069, 0.0685709, 0.0149723, 0.495875, 0.166518
0.179273, 0.073137, 0.0169717, 0.495546, 0.177593
0.190478, 0.0777025, 0.0190962, 0.495209, 0.188664
0.201682, 0.0822673, 0.0213458, 0.494863, 0.19973
0.212887, 0.0868313, 0.0237203, 0.494508, 0.210792
0.224091, 0.0913946, 0.0262199, 0.494144, 0.22185
0.235296, 0.0959571, 0.0288444, 0.49377, 0.232902
0.246501, 0.100519, 0.0315939, 0.493384, 0.243949
0.257705, 0.10508, 0.0344683, 0.492989, 0.25499
0.26891, 0.10964, 0.0374676, 0.492581, 0.266026
0.280114, 0.1142, 0.0405917, 0.492162, 0.277055
0.291319, 0.118759, 0.0438407, 0.49173, 0.288078
0.302523, 0.123316, 0.0472144, 0.491284, 0.299094
0.313728, 0.127873, 0.0507128, 0.490825, 0.310102
0.324932, 0.13243, 0.0543359, 0.490351, 0.321103
0.336137, 0.136985, 0.0580837, 0.489861, 0.332096
0.347342, 0.14154, 0.0619561, 0.489354, 0.343079
0.358546, 0.146093, 0.0659529, 0.488831, 0.354054
0.369751, 0.150646, 0.0700743, 0.48829, 0.365019
0.380955, 0.155197, 0.0743201, 0.487728, 0.375974
0.39216, 0.159748, 0.0786902, 0.487147, 0.386917
0.403364, 0.164298, 0.0831846, 0.486544, 0.397848
0.414569, 0.168846, 0.0878032, 0.485918, 0.408767
0.425774, 0.173394, 0.0925459, 0.485267, 0.419672
0.436978, 0.17794, 0.0974126, 0.48459, 0.430562
0.448183, 0.182486, 0.102403, 0.483886, 0.441437
0.459387, 0.18703, 0.107518, 0.483153, 0.452295
0.470592, 0.191573, 0.112756, 0.482387, 0.463135
0.481796, 0.196114, 0.118117, 0.481589, 0.473955
0.493001, 0.200655, 0.123602, 0.480754, 0.484754
0.504206, 0.205194, 0.12921, 0.47988, 0.49553
0.51541, 0.209731, 0.134941, 0.478965, 0.506281
0.526615, 0.214267, 0.140795, 0.478006, 0.517005
0.537819, 0.218802, 0.146772, 0.476998, 0.527699
0.549024, 0.223334, 0.152871, 0.475939, 0.538361
0.560228, 0.227865, 0.159092, 0.474824, 0.548987
0.571433, 0.232395, 0.165435, 0.473648, 0.559575
0.582638, 0.236922, 0.171899, 0.472407, 0.57012
0.593842, 0.241447, 0.178484, 0.471095, 0.580617
0.605047, 0.24597, 0.18519, 0.469704, 0.591062
0.616251, 0.250491, 0.192015, 0.46823, 0.601449
0.627456, 0.255009, 0.198961, 0.466662, 0.611771
0.63866, 0.259524, 0.206025, 0.464993, 0.62202
0.649865, 0.264037, 0.213207, 0.463213, 0.632188
0.66107, 0.268546, 0.220507, 0.46131, 0.642264
0.672274, 0.273052, 0.227923, 0.459272, 0.652237
0.683479, 0.277554, 0.235454, 0.457086, 0.662091
0.694683, 0.282052, 0.243099, 0.454734, 0.671812
0.705888, 0.286546, 0.250856, 0.4522, 0.681379
0.717092, 0.291034, 0.258723, 0.449465, 0.69077
0.728297, 0.295517, 0.266699, 0.446503, 0.699957
0.739502, 0.299994, 0.27478, 0.443292, 0.708908
0.750706, 0.304464, 0.282964, 0.439803, 0.717586
0.761911, 0.308925, 0.291248, 0.436008, 0.725945
0.773115, 0.313377, 0.299626, 0.431874, 0.733931
0.78432, 0.317818, 0.308094, 0.427368, 0.741482
0.795524, 0.322246, 0.316645, 0.422457, 0.748524
0.806729, 0.326659, 0.325273, 0.417111, 0.754973
0.817933, 0.331053, 0.333969, 0.411306, 0.760737
0.829138, 0.335424, 0.342722, 0.405026, 0.765714
0.840343, 0.339768, 0.351523, 0.398274, 0.7698
0.851547, 0.344078, 0.360357, 0.391068, 0.772895
0.862752, 0.348349, 0.369212, 0.383454, 0.774914
0.873956, 0.352572, 0.378073, 0.375498, 0.775797
0.885161, 0.35674, 0.386925, 0.367288, 0.775514
0.896366, 0.360845, 0.395755, 0.358926, 0.774074
0.90757, 0.36488, 0.404549, 0.350515, 0.771522
0.918775, 0.368841, 0.413295, 0.342151, 0.76793
0.929979, 0.372722, 0.421982, 0.333918, 0.763392
0.941184, 0.376522, 0.430603, 0.32588, 0.75801
0.952388, 0.380239, 0.439147, 0.318084, 0.751887
0.963593, 0.383873, 0.44761, 0.31056, 0.745123
0.974797, 0.387426, 0.455986, 0.303324, 0.737806
0.986002, 0.3909, 0.464269, 0.296381, 0.730017
0.997207, 0.394295, 0.472456, 0.289729, 0.721822
1.00841, 0.397616, 0.480544, 0.283361, 0.713282
1.01962, 0.400864, 0.48853, 0.277265, 0.704445
1.03082, 0.404042, 0.49641, 0.271429, 0.695354
1.04202, 0.407154, 0.504184, 0.26584, 0.686043
1.05323, 0.410201, 0.51185, 0.260483, 0.676543
1.06443, 0.413186, 0.519404, 0.255344, 0.666878
1.07564, 0.416111, 0.526848, 0.250411, 0.657071
1.08684, 0.41898, 0.534178, 0.24567, 0.647137
1.09805, 0.421793, 0.541395, 0.24111, 0.637093
1.10925, 0.424554, 0.548497, 0.236719, 0.626953
1.12131, 0.427426, 0.556124, 0.2399, 0.63858
1.13336, 0.430338, 0.563892, 0.24316, 0.650184
1.14541, 0.433289, 0.571799, 0.246504, 0.661765
1.15747, 0.436281, 0.579845, 0.249935, 0.673321
1.16952, 0.439315, 0.588031, 0.253457, 0.684849
1.18158, 0.442392, 0.596356, 0.257076, 0.696346
1.19363, 0.445513, 0.604819, 0.260797, 0.707812
1.20568, 0.448679, 0.613419, 0.264625, 0.719242
1.21774, 0.451893, 0.622158, 0.268565, 0.730633
1.22979, 0.455154, 0.631033, 0.272625, 0.741983
1.24185, 0.458466, 0.640045, 0.276811, 0.753287
1.2539, 0.461828, 0.649193, 0.281131, 0.76454
1.26595, 0.465244, 0.658477, 0.285592, 0.775738
1.27801, 0.468714, 0.667895, 0.290204, 0.786875
1.29006, 0.472241, 0.677446, 0.294976, 0.797944
1.30212, 0.475826, 0.687131, 0.299917, 0.808938
1.31417, 0.479472, 0.696948, 0.30504, 0.819849
1.32622, 0.48318, 0.706896, 0.310356, 0.830668
1.33828, 0.486955, 0.716973, 0.315878, 0.841382
1.35033, 0.490797, 0.727179, 0.32162, 0.85198
1.36239, 0.494709, 0.737512, 0.327598, 0.862447
1.37444, 0.498695, 0.74797, 0.333828, 0.872766
1.38649, 0.502758, 0.758552, 0.340328, 0.882917
1.39855, 0.506901, 0.769255, 0.347117, 0.892877
1.4106, 0.511128, 0.780077, 0.354214, 0.902619
1.42266, 0.515442, 0.791014, 0.361641, 0.912112
1.43471, 0.519848, 0.802065, 0.369419, 0.92132
1.44676, 0.524349, 0.813224, 0.37757, 0.9302
1.45882, 0.528952, 0.824488, 0.386113, 0.938702
1.47087, 0.533659, 0.835853, 0.395067, 0.94677
1.48293, 0.538478, 0.847311, 0.404446, 0.954339
1.49498, 0.543411, 0.858857, 0.41426, 0.961334
1.50703, 0.548466, 0.870484, 0.424508, 0.967676
1.51909, 0.553647, 0.882183, 0.435179, 0.973276
1.53114, 0.558959, 0.893945, 0.446246, 0.978045
1.5432, 0.564407, 0.905758, 0.457665, 0.981894
1.55525, 0.569994, 0.917612, 0.469374, 0.984743
1.5673, 0.575723, 0.929494, 0.481291, 0.986526
1.57936, 0.581597, 0.941391, 0.493322, 0.987199
1.59141, 0.587616, 0.953289, 0.505363, 0.986745
1.60347, 0.59378, 0.965175, 0.51731, 0.985177
1.61552, 0.600087, 0.977035, 0.529067, 0.982535
1.62757, 0.606534, 0.988858, 0.54055, 0.97888
1.63963, 0.613117, 1.00063, 0.551693, 0.974293
1.65168, 0.619832, 1.01234, 0.562451, 0.968861
1.66374, 0.626675, 1.02398, 0.572792, 0.962673
1.67579, 0.633639, 1.03555, 0.582705, 0.955818
1.68784, 0.640721, 1.04702, 0.592186, 0.948376
1.6999, 0.647914, 1.05841, 0.601242, 0.940424
1.71195, 0.655214, 1.06969, 0.609889, 0.932027
1.72401, 0.662616, 1.08088, 0.618142, 0.923243
1.73606, 0.670115, 1.09195, 0.626022, 0.914122
1.74811, 0.677706, 1.10291, 0.633551, 0.904709
1.76017, 0.685387, 1.11376, 0.640748, 0.895041
1.77222, 0.693152, 1.12449, 0.647636, 0.885149
1.78428, 0.700999, 1.1351, 0.654233, 0.875061
1.79633, 0.708923, 1.14559, 0.66056, 0.864801
1.80838, 0.716923, 1.15595, 0.666632, 0.854389
1.82044, 0.724994, 1.16618, 0.672468, 0.843842
1.83249, 0.733134, 1.17629, 0.678082, 0.833176
1.84455, 0.74134, 1.18627, 0.683489, 0.822403
1.8566, 0.74961, 1.19612, 0.688702, 0.811534
1.86865, 0.757942, 1.20583, 0.693733, 0.80058
1.88071, 0.766334, 1.21542, 0.698592, 0.78955
1.89276, 0.774783, 1.22487, 0.703291, 0.778449
1.90482, 0.783288, 1.23418, 0.707839, 0.767286
1.91687, 0.791847, 1.24336, 0.712245, 0.756066
1.92892, 0.800459, 1.25241, 0.716516, 0.744794
1.94098, 0.809121, 1.26132, 0.72066, 0.733475
1.95303, 0.817832, 1.27009, 0.724684, 0.722113
1.96509, 0.826591, 1.27873, 0.728595, 0.710711
1.97714, 0.835396, 1.28723, 0.732399, 0.699273
1.98919, 0.844247, 1.29559, 0.7361, 0.687801
2.00125, 0.853142, 1.30381, 0.739704, 0.676299
2.0133, 0.86208, 1.31189, 0.743216, 0.664768
2.02536, 0.871059, 1.31983, 0.746641, 0.65321
2.03741, 0.880079, 1.32764, 0.749982, 0.641629
2.04946, 0.889139, 1.3353, 0.753243, 0.630024
2.06152, 0.898238, 1.34283, 0.756428, 0.618399
2.07357, 0.907375, 1.35021, 0.75954, 0.606753
2.08563, 0.916549, 1.35745, 0.762583, 0.59509
2.09768, 0.925759, 1.36456, 0.765559, 0.583409
2.10973, 0.935005, 1.37152, 0.768471, 0.571712
2.12179, 0.944285, 1.37834, 0.771323, 0.56
2.13384, 0.953599, 1.38502, 0.774115, 0.548274
2.1459, 0.962947, 1.39156, 0.776852, 0.536535
2.15795, 0.972327, 1.39795, 0.779534, 0.524783
2.17, 0.98174, 1.40421, 0.782164, 0.51302
2.18206, 0.991184, 1.41032, 0.784744, 0.501245
2.19411, 1.00066, 1.41629, 0.787276, 0.48946
2.20616, 1.01016, 1.42212, 0.789761, 0.477665
2.21822, 1.0197, 1.42781, 0.792202, 0.465861
2.23027, 1.02926, 1.43335, 0.794599, 0.454048
2.24233, 1.03885, 1.43875, 0.796954, 0.442226
2.25438, 1.04847, 1.44401, 0.79927, 0.430396
2.26643, 1.05812, 1.44913, 0.801546, 0.418559
2.27849, 1.0678, 1.4541, 0.803784, 0.406715
2.29054, 1.0775, 1.45893, 0.805986, 0.394864
2.3026, 1.08723, 1.46362, 0.808153, 0.383006
2.31465, 1.09698, 1.46817, 0.810286, 0.371142
