29.857, 0
0, 0, 0, 0.5, 0
0.157252, 0.0662632, 0.00010328, 0.342754, 0.00142342
0.314505, 0.10783, 0.00412268, 0.185504, 0.00235744
0.471757, 0.124605, 0.000981375, 0.0282621, 0.00427026
0.62901, 0.116685, 0.00175617, -0.128983, 0.00569367
0.786262, 0.0840391, 0.0027548, -0.28623, 0.0071171
0.943515, 0.0266656, 0.00397726, -0.443476, 0.00854051
1.10077, -0.0554355, 0.00542356, -0.600722, 0.00996393
1.25802, -0.162264, 0.0070937, -0.757967, 0.0113873
1.41527, -0.293821, 0.00898768, -0.915214, 0.0128108
1.57252, -0.450105, 0.0111055, -1.07246, 0.0142342
1.72978, -0.631117, 0.0134472, -1.22971, 0.0156576
1.88703, -0.836853, 0.0160126, -1.38695, 0.017081
2.04428, -1.06732, 0.0188019, -1.5442, 0.0185044
2.20153, -1.32251, 0.0218151, -1.70144, 0.0199279
2.35879, -1.60241, 0.0277439, -1.85869, 0.0208619
2.51604, -1.90706, 0.0311278, -2.01594, 0.0222853
2.67329, -2.23645, 0.0321976, -2.17318, 0.0241981
2.83054, -2.59055, 0.0361061, -2.33043, 0.0256215
2.9878, -2.96938, 0.0402384, -2.48767, 0.027045
3.14505, -3.37294, 0.0445946, -2.64492, 0.0284684
3.3023, -3.80122, 0.0491746, -2.80217, 0.0298918
3.45955, -4.25424, 0.0539784, -2.95941, 0.0313152
3.61681, -4.73197, 0.0590061, -3.11666, 0.0327386
3.77406, -5.23444, 0.0642576, -3.2739, 0.0341621
3.93131, -5.76163, 0.069733, -3.43115, 0.0355855
4.08856, -6.31355, 0.0754322, -3.5884, 0.0370089
4.24582, -6.8902, 0.0813552, -3.74564, 0.0384323
4.40307, -7.49158, 0.0875021, -3.90289, 0.0398557
4.56032, -8.11768, 0.0938727, -4.06013, 0.0412791
4.71757, -8.76851, 0.100467, -4.21738, 0.0427026
4.87483, -9.44406, 0.107286, -4.37463, 0.044126
5.03208, -10.1443, 0.114328, -4.53187, 0.0455494
5.18933, -10.8694, 0.121594, -4.68912, 0.0469728
5.34658, -11.6191, 0.130313, -4.84637, 0.0479068
5.50383, -12.3936, 0.13795, -5.00361, 0.0493303
5.66109, -13.1928, 0.144735, -5.16086, 0.0512431
5.81834, -14.0167, 0.152896, -5.3181, 0.0526665
5.97559, -14.8653, 0.162347, -5.47535, 0.0535244
6.13284, -15.7387, 0.169891, -5.63259, 0.0555133
6.2901, -16.6368, 0.178724, -5.78984, 0.0569368
6.44735, -17.5596, 0.18861, -5.94709, 0.0577724
6.6046, -18.5072, 0.197675, -6.10433, 0.0592942
6.76185, -19.4795, 0.207168, -6.26158, 0.0606573
6.91911, -20.4765, 0.216293, -6.41882, 0.0626304
7.07636, -21.4982, 0.226246, -6.57607, 0.0640539
7.23361, -22.5447, 0.236789, -6.73332, 0.0648895
7.39086, -23.6159, 0.247068, -6.89056, 0.0663732
7.54812, -24.7118, 0.257445, -7.04781, 0.0683241
7.70537, -25.8325, 0.268388, -7.20505, 0.0691217
7.86262, -26.9778, 0.27936, -7.35641, 0.0701276
8.01987, -28.1221, 0.290247, -7.19781, 0.0684724
8.17713, -29.2416, 0.3009, -7.04056, 0.0670115
8.33438, -30.3363, 0.311324, -6.88331, 0.0655661
8.49163, -31.4064, 0.321521, -6.72607, 0.064127
8.64888, -32.4517, 0.331492, -6.56882, 0.0626913
8.80614, -33.4723, 0.341238, -6.41158, 0.061258
8.96339, -34.4682, 0.350758, -6.25433, 0.0598261
9.12064, -35.4393, 0.360053, -6.09709, 0.0583954
9.27789, -36.3858, 0.369124, -5.93984, 0.0569655
9.43515, -37.3075, 0.377969, -5.78259, 0.0555364
9.5924, -38.2044, 0.38659, -5.62535, 0.0541077
9.74965, -39.0767, 0.394987, -5.4681, 0.0526795
9.9069, -39.9242, 0.403158, -5.31085, 0.0512517
10.0642, -40.7469, 0.411105, -5.15361, 0.0498243
10.2214, -41.545, 0.418828, -4.99637, 0.0483971
10.3787, -42.3183, 0.426327, -4.83912, 0.0469701
10.5359, -43.0669, 0.433601, -4.68187, 0.0455434
10.6932, -43.7908, 0.44065, -4.52463, 0.0441168
10.8504, -44.4899, 0.447476, -4.36738, 0.0426904
11.0077, -45.1644, 0.454077, -4.21013, 0.0412642
11.1649, -45.814, 0.460453, -4.05289, 0.0398381
11.3222, -46.439, 0.466606, -3.89564, 0.0384122
11.4794, -47.0392, 0.472534, -3.7384, 0.0369863
11.6367, -47.6148, 0.478238, -3.58115, 0.0355605
11.7939, -48.1655, 0.483718, -3.4239, 0.0341349
11.9512, -48.6916, 0.488974, -3.26666, 0.0327093
12.1084, -49.1929, 0.494005, -3.10941, 0.0312838
12.2657, -49.6695, 0.498813, -2.95217, 0.0298584
12.4229, -50.1214, 0.503396, -2.79492, 0.0284331
12.5802, -50.5485, 0.507755, -2.63767, 0.0270078
12.7374, -50.9509, 0.51189, -2.48043, 0.0255826
12.8947, -51.3286, 0.515801, -2.32318, 0.0241574
13.052, -51.6816, 0.519488, -2.16594, 0.0227323
13.2092, -52.0098, 0.52295, -2.00869, 0.0213072
13.3665, -52.3133, 0.526189, -1.85144, 0.0198822
13.5237, -52.5921, 0.529203, -1.6942, 0.0184573
13.681, -52.8462, 0.531994, -1.53695, 0.0170323
13.8382, -53.0755, 0.53456, -1.37971, 0.0156075
13.9955, -53.2801, 0.536902, -1.22246, 0.0141826
14.1527, -53.46, 0.539021, -1.06522, 0.0127578
14.31, -53.6151, 0.540915, -0.907969, 0.011333
14.4672, -53.7455, 0.542585, -0.750722, 0.00990829
14.6245, -53.8512, 0.544031, -0.593475, 0.00848358
14.7817, -53.9322, 0.545253, -0.436231, 0.00705891
14.939, -53.9884, 0.546251, -0.278986, 0.00563427
15.0962, -54.0199, 0.547025, -0.121739, 0.00420963
15.2535, -54.0267, 0.547575, 0.0355076, 0.00278503
15.4107, -54.0088, 0.547901, 0.192753, 0.00136046
15.568, -53.9661, 0.548003, 0.35, -6.40958e-05
15.7109, -53.9058, 0.548595, 0.492885, 0.0012638
15.8538, -53.8252, 0.548873, 0.63577, 0.00252761
15.9967, -53.7242, 0.549333, 0.778655, 0.00379141
16.1396, -53.6027, 0.549972, 0.92154, 0.00505521
16.2824, -53.4608, 0.550793, 1.06442, 0.00631902
16.4253, -53.2985, 0.551793, 1.20731, 0.00758282
16.5682, -53.1158, 0.552975, 1.35019, 0.00884663
16.7111, -52.9126, 0.554337, 1.49308, 0.0101104
16.854, -52.6891, 0.55588, 1.63596, 0.0113742
16.9969, -52.4451, 0.557603, 1.77885, 0.012638
17.1398, -52.1807, 0.559507, 1.92173, 0.0139018
17.2827, -51.8959, 0.561591, 2.06462, 0.0151656
17.4256, -51.5907, 0.563856, 2.2075, 0.0164294
17.5685, -51.2651, 0.566301, 2.35039, 0.0176932
17.7113, -50.919, 0.568928, 2.49327, 0.0189571
17.8542, -50.5525, 0.571734, 2.63616, 0.0202209
17.9971, -50.1656, 0.574722, 2.77904, 0.0214847
18.14, -49.7583, 0.57789, 2.92193, 0.0227485
18.2829, -49.3306, 0.581238, 3.06481, 0.0240123
18.4258, -48.8825, 0.584767, 3.2077, 0.0252761
18.5687, -48.4139, 0.588477, 3.35058, 0.0265399
18.7116, -47.9249, 0.592367, 3.49347, 0.0278037
18.8545, -47.4155, 0.596438, 3.63635, 0.0290675
18.9974, -46.8857, 0.600689, 3.77924, 0.0303313
19.1403, -46.3355, 0.605121, 3.92212, 0.0315951
19.2831, -45.7649, 0.609734, 4.06501, 0.0328589
19.426, -45.1738, 0.614527, 4.20789, 0.0341227
19.5689, -44.5623, 0.619501, 4.35078, 0.0353865
19.7118, -43.9304, 0.624655, 4.49366, 0.0366503
19.8547, -43.2781, 0.62999, 4.63655, 0.0379141
19.9976, -42.6054, 0.635505, 4.77943, 0.0391779
20.1405, -41.9123, 0.641201, 4.92232, 0.0404417
20.2834, -41.1987, 0.647078, 5.0652, 0.0417055
20.4263, -40.4647, 0.653135, 5.20809, 0.0429693
20.5692, -39.7103, 0.659373, 5.35097, 0.0442331
20.712, -38.9355, 0.665792, 5.49386, 0.0454969
20.8549, -38.1403, 0.672391, 5.63674, 0.0467607
20.9978, -37.3246, 0.67917, 5.77962, 0.0480245
21.1407, -36.4886, 0.68613, 5.92251, 0.0492883
21.2836, -35.6321, 0.693271, 6.0654, 0.0505521
21.4265, -34.7552, 0.700593, 6.20828, 0.051816
21.5694, -33.8579, 0.708095, 6.35116, 0.0530797
21.7123, -32.9402, 0.715777, 6.49405, 0.0543436
21.8552, -32.002, 0.72364, 6.63694, 0.0556074
21.9981, -31.0435, 0.731288, 6.77981, 0.0574894
22.1409, -30.0645, 0.739908, 6.92271, 0.058135
22.2838, -29.0651, 0.748313, 7.0656, 0.0593989
22.4267, -28.0453, 0.756898, 7.20849, 0.0606627
22.5696, -27.005, 0.765664, 7.35141, 0.0619268
22.7125, -25.95, 0.774641, 7.34428, 0.0630366
22.8554, -24.9108, 0.783563, 7.20137, 0.0618297
22.9983, -23.892, 0.79231, 7.05848, 0.0605928
23.1412, -22.8936, 0.800879, 6.91559, 0.0593469
23.2841, -21.9157, 0.80927, 6.7727, 0.0580964
23.427, -20.9581, 0.817482, 6.62982, 0.0568433
23.5699, -20.021, 0.825514, 6.48694, 0.0555884
23.7127, -19.1043, 0.833368, 6.34405, 0.0543322
23.8556, -18.208, 0.841041, 6.20116, 0.0530751
23.9985, -17.3321, 0.848535, 6.05828, 0.0518172
24.1414, -16.4766, 0.85585, 5.9154, 0.0505588
24.2843, -15.6416, 0.862984, 5.77251, 0.0492998
24.4272, -14.827, 0.869939, 5.62963, 0.0480405
24.5701, -14.0328, 0.876713, 5.48674, 0.0467808
24.713, -13.259, 0.883308, 5.34386, 0.0455208
24.8559, -12.5056, 0.889722, 5.20097, 0.0442605
24.9988, -11.7726, 0.895957, 5.05809, 0.0430001
25.1416, -11.0601, 0.902011, 4.9152, 0.0417394
25.2845, -10.368, 0.907885, 4.77232, 0.0404786
25.4274, -9.69624, 0.913579, 4.62943, 0.0392176
25.5703, -9.04495, 0.919092, 4.48655, 0.0379565
25.7132, -8.41407, 0.924426, 4.34366, 0.0366952
25.8561, -7.80362, 0.929579, 4.20078, 0.0354338
25.999, -7.21357, 0.934552, 4.05789, 0.0341723
26.1419, -6.64394, 0.939345, 3.91501, 0.0329108
26.2848, -6.09474, 0.943958, 3.77212, 0.0316491
26.4277, -5.56594, 0.94839, 3.62924, 0.0303874
26.5706, -5.05757, 0.952642, 3.48635, 0.0291255
26.7134, -4.56961, 0.956713, 3.34347, 0.0278636
26.8563, -4.10207, 0.960605, 3.20058, 0.0266017
26.9992, -3.65495, 0.964316, 3.0577, 0.0253397
27.1421, -3.22824, 0.967846, 2.91481, 0.0240776
27.285, -2.82195, 0.971196, 2.77193, 0.0228155
27.4279, -2.43607, 0.974366, 2.62904, 0.0215533
27.5708, -2.07062, 0.977356, 2.48616, 0.020291
27.7137, -1.72559, 0.980165, 2.34327, 0.0190287
27.8566, -1.40096, 0.982794, 2.20039, 0.0177664
27.9995, -1.09675, 0.985242, 2.0575, 0.0165041
28.1423, -0.812958, 0.987511, 1.91462, 0.0152417
28.2852, -0.549591, 0.989598, 1.77173, 0.0139793
28.4281, -0.306637, 0.991506, 1.62885, 0.0127168
28.571, -0.084095, 0.993232, 1.48596, 0.0114543
28.7139, 0.118027, 0.994779, 1.34308, 0.0101918
28.8568, 0.299736, 0.996145, 1.20019, 0.00892918
28.9997, 0.461021, 0.997331, 1.05731, 0.00766661
29.1426, 0.601891, 0.998336, 0.914422, 0.00640397
29.2855, 0.722343, 0.999161, 0.771541, 0.00514136
29.4284, 0.82238, 0.999805, 0.628655, 0.00387869
29.5713, 0.902, 1.00027, 0.48577, 0.00261599
29.7141, 0.961205, 1.00055, 0.342886, 0.00135329
29.857, 0.999985, 1.00066, 0.199999, 9.05447e-05
