2.30826, 0
0, 0, 0, 0.5, 0
0.0112284, 0.00485999, 3.60424e-05, 0.499074, 0.0111522
0.0224569, 0.00971021, 0.000197619, 0.498147, 0.0223034
0.0336853, 0.0145509, 0.000484994, 0.497217, 0.0334533
0.0449138, 0.0193817, 0.000897867, 0.496286, 0.0446021
0.0561422, 0.024203, 0.00143643, 0.495354, 0.0557496
0.0673706, 0.0290148, 0.00210062, 0.494419, 0.0668958
0.0785991, 0.0338167, 0.00289048, 0.493482, 0.0780406
0.0898275, 0.0386092, 0.00380593, 0.492544, 0.089184
0.101056, 0.0433918, 0.00484702, 0.491603, 0.100326
0.112284, 0.0481649, 0.00601369, 0.49066, 0.111466
0.123513, 0.0529284, 0.00730604, 0.489714, 0.122605
0.134741, 0.0576821, 0.00872395, 0.488767, 0.133742
0.14597, 0.0624262, 0.0102675, 0.487816, 0.144878
0.157198, 0.0671606, 0.0119366, 0.486864, 0.156011
0.168427, 0.0718855, 0.0137314, 0.485908, 0.167143
0.179655, 0.0766007, 0.0156517, 0.484949, 0.178272
0.190884, 0.0813061, 0.0176976, 0.483988, 0.1894
0.202112, 0.086002, 0.0198691, 0.483023, 0.200525
0.21334, 0.0906882, 0.0221662, 0.482055, 0.211648
0.224569, 0.0953649, 0.0245889, 0.481084, 0.222768
0.235797, 0.100032, 0.0271371, 0.480109, 0.233886
0.247026, 0.104689, 0.0298109, 0.47913, 0.245001
0.258254, 0.109337, 0.0326102, 0.478147, 0.256114
0.269483, 0.113975, 0.035535, 0.47716, 0.267223
0.280711, 0.118603, 0.0385855, 0.476169, 0.278329
0.291939, 0.123222, 0.0417614, 0.475173, 0.289432
0.303168, 0.127831, 0.0450628, 0.474172, 0.300531
0.314396, 0.132431, 0.0484898, 0.473166, 0.311627
0.325625, 0.137021, 0.0520422, 0.472154, 0.322718
0.336853, 0.141601, 0.0557201, 0.471137, 0.333806
0.348082, 0.146172, 0.0595235, 0.470113, 0.344889
0.35931, 0.150733, 0.0634523, 0.469083, 0.355967
0.370539, 0.155284, 0.0675065, 0.468046, 0.36704
0.381767, 0.159826, 0.0716862, 0.467002, 0.378108
0.392995, 0.164358, 0.0759912, 0.465951, 0.38917
0.404224, 0.168881, 0.0804216, 0.46489, 0.400226
0.415452, 0.173394, 0.0849774, 0.463821, 0.411275
0.426681, 0.177897, 0.0896585, 0.462743, 0.422318
0.437909, 0.182391, 0.0944649, 0.461655, 0.433353
0.449138, 0.186875, 0.0993966, 0.460556, 0.444379
0.460366, 0.19135, 0.104454, 0.459445, 0.455397
0.471595, 0.195815, 0.109636, 0.458322, 0.466406
0.482823, 0.200271, 0.114943, 0.457186, 0.477404
0.494051, 0.204717, 0.120375, 0.456036, 0.488391
0.50528, 0.209153, 0.125933, 0.45487, 0.499367
0.516508, 0.21358, 0.131615, 0.453687, 0.510329
0.527737, 0.217997, 0.137423, 0.452486, 0.521277
0.538965, 0.222405, 0.143355, 0.451265, 0.532209
0.550194, 0.226804, 0.149412, 0.450023, 0.543125
0.561422, 0.231193, 0.155594, 0.448758, 0.554021
0.57265, 0.235572, 0.161901, 0.447467, 0.564897
0.583879, 0.239942, 0.168332, 0.446148, 0.57575
0.595107, 0.244303, 0.174887, 0.444799, 0.586578
0.606336, 0.248654, 0.181567, 0.443415, 0.597377
0.617564, 0.252996, 0.18837, 0.441994, 0.608144
0.628793, 0.257329, 0.195298, 0.440531, 0.618876
0.640021, 0.261652, 0.202349, 0.439021, 0.629568
0.65125, 0.265967, 0.209524, 0.43746, 0.640215
0.662478, 0.270272, 0.216822, 0.435841, 0.65081
0.673706, 0.274568, 0.224242, 0.434156, 0.661345
0.684935, 0.278855, 0.231785, 0.432397, 0.671813
0.696163, 0.283133, 0.23945, 0.430554, 0.682202
0.707392, 0.287402, 0.247236, 0.428615, 0.6925
0.71862, 0.291663, 0.255142, 0.426565, 0.702689
0.729849, 0.295916, 0.263168, 0.42439, 0.712752
0.741077, 0.30016, 0.271312, 0.422068, 0.722663
0.752306, 0.304396, 0.279573, 0.419575, 0.732393
0.763534, 0.308624, 0.287949, 0.416882, 0.741902
0.774762, 0.312845, 0.296438, 0.413957, 0.751141
0.785991, 0.317059, 0.305036, 0.410757, 0.760049
0.797219, 0.321265, 0.313741, 0.407235, 0.768544
0.808448, 0.325466, 0.322546, 0.403336, 0.776523
0.819676, 0.329659, 0.331444, 0.398999, 0.783855
0.830905, 0.333846, 0.340428, 0.394162, 0.790375
0.842133, 0.338025, 0.349484, 0.388771, 0.795884
0.853361, 0.342192, 0.358598, 0.382799, 0.80016
0.86459, 0.346343, 0.367751, 0.376257, 0.802974
0.875818, 0.350471, 0.376922, 0.369226, 0.80414
0.887047, 0.354565, 0.386087, 0.36185, 0.803553
0.898275, 0.358614, 0.395224, 0.354321, 0.801233
0.909504, 0.362609, 0.404311, 0.346841, 0.797307
0.920732, 0.36654, 0.413332, 0.339578, 0.791987
0.931961, 0.370402, 0.422274, 0.332653, 0.785508
0.943189, 0.374196, 0.431125, 0.32613, 0.778096
0.954417, 0.37792, 0.439879, 0.320035, 0.769948
0.965646, 0.381577, 0.448529, 0.314365, 0.76122
0.976874, 0.385171, 0.457072, 0.309102, 0.752041
0.988103, 0.388705, 0.465503, 0.304219, 0.742504
0.999331, 0.392183, 0.473821, 0.299685, 0.732685
1.01056, 0.395608, 0.482024, 0.295471, 0.72264
1.02179, 0.398983, 0.490109, 0.291548, 0.712414
1.03302, 0.402313, 0.498075, 0.28789, 0.70204
1.04425, 0.405599, 0.505922, 0.284473, 0.691544
1.05547, 0.408845, 0.513649, 0.281275, 0.680948
1.0667, 0.412054, 0.521254, 0.278277, 0.670269
1.07793, 0.415227, 0.528737, 0.275461, 0.659521
1.08916, 0.418367, 0.536098, 0.272814, 0.648713
1.10039, 0.421475, 0.543335, 0.270321, 0.637854
1.11162, 0.424554, 0.55045, 0.267969, 0.626953
1.12358, 0.42879, 0.55817, 0.270871, 0.637877
1.13555, 0.433044, 0.566024, 0.273855, 0.648752
1.14752, 0.437318, 0.574011, 0.276924, 0.659574
1.15948, 0.441611, 0.58213, 0.280082, 0.67034
1.17145, 0.445925, 0.59038, 0.283335, 0.681046
1.18341, 0.450259, 0.598762, 0.286688, 0.691687
1.19538, 0.454615, 0.607273, 0.290146, 0.702257
1.20735, 0.458993, 0.615914, 0.293715, 0.712752
1.21931, 0.463395, 0.624684, 0.297401, 0.723166
1.23128, 0.46782, 0.63358, 0.301212, 0.733491
1.24325, 0.47227, 0.642603, 0.305153, 0.743721
1.25521, 0.476746, 0.651752, 0.309234, 0.753848
1.26718, 0.481248, 0.661024, 0.313461, 0.763861
1.27915, 0.485778, 0.670418, 0.317844, 0.773752
1.29111, 0.490338, 0.679934, 0.322391, 0.78351
1.30308, 0.494927, 0.689568, 0.327113, 0.793121
1.31505, 0.499548, 0.69932, 0.332018, 0.802574
1.32701, 0.504201, 0.709186, 0.337119, 0.811851
1.33898, 0.50889, 0.719166, 0.342425, 0.820938
1.35095, 0.513614, 0.729256, 0.347949, 0.829814
1.36291, 0.518377, 0.739453, 0.353701, 0.838461
1.37488, 0.523179, 0.749755, 0.359695, 0.846853
1.38684, 0.528024, 0.760158, 0.36594, 0.854967
1.39881, 0.532913, 0.770658, 0.37245, 0.862775
1.41078, 0.537848, 0.78125, 0.379234, 0.870246
1.42274, 0.542833, 0.791931, 0.386302, 0.877347
1.43471, 0.547871, 0.802694, 0.393663, 0.884042
1.44668, 0.552963, 0.813535, 0.401321, 0.890292
1.45864, 0.558115, 0.824447, 0.409281, 0.896058
1.47061, 0.563328, 0.835424, 0.417541, 0.901298
1.48258, 0.568607, 0.846457, 0.426097, 0.905967
1.49454, 0.573956, 0.85754, 0.434937, 0.910023
1.50651, 0.579378, 0.868663, 0.444047, 0.913426
1.51848, 0.584878, 0.879818, 0.453403, 0.916136
1.53044, 0.59046, 0.890995, 0.462977, 0.918121
1.54241, 0.596128, 0.902184, 0.472734, 0.919353
1.55438, 0.601886, 0.913377, 0.482635, 0.919813
1.56634, 0.607737, 0.924562, 0.492635, 0.919491
1.57831, 0.613686, 0.93573, 0.502688, 0.918387
1.59027, 0.619734, 0.946872, 0.512746, 0.916511
1.60224, 0.625885, 0.957977, 0.522764, 0.913882
1.61421, 0.63214, 0.969038, 0.532698, 0.910526
1.62617, 0.6385, 0.980045, 0.542508, 0.906478
1.63814, 0.644966, 0.990991, 0.55216, 0.901777
1.65011, 0.651538, 1.00187, 0.561625, 0.896465
1.66207, 0.658215, 1.01267, 0.570879, 0.890586
1.67404, 0.664997, 1.02339, 0.579905, 0.884184
1.68601, 0.671881, 1.03403, 0.588691, 0.877304
1.69797, 0.678867, 1.04457, 0.597228, 0.869986
1.70994, 0.685952, 1.05502, 0.605511, 0.862272
1.72191, 0.693133, 1.06536, 0.61354, 0.854197
1.73387, 0.70041, 1.07561, 0.621317, 0.845796
1.74584, 0.707778, 1.08574, 0.628844, 0.8371
1.75781, 0.715236, 1.09577, 0.636128, 0.828137
1.76977, 0.72278, 1.10568, 0.643175, 0.818933
1.78174, 0.730409, 1.11548, 0.649991, 0.809511
1.7937, 0.73812, 1.12516, 0.656586, 0.799893
1.80567, 0.74591, 1.13472, 0.662966, 0.790095
1.81764, 0.753778, 1.14416, 0.669141, 0.780136
1.8296, 0.761719, 1.15348, 0.675117, 0.770031
1.84157, 0.769734, 1.16267, 0.680905, 0.759792
1.85354, 0.777818, 1.17174, 0.686511, 0.749431
1.8655, 0.78597, 1.18068, 0.691943, 0.738961
1.87747, 0.794188, 1.18949, 0.697209, 0.728389
1.88944, 0.802471, 1.19818, 0.702316, 0.717725
1.9014, 0.810815, 1.20673, 0.707271, 0.706976
1.91337, 0.81922, 1.21516, 0.712081, 0.69615
1.92534, 0.827683, 1.22345, 0.716751, 0.685253
1.9373, 0.836203, 1.23161, 0.721288, 0.67429
1.94927, 0.844778, 1.23964, 0.725697, 0.663268
1.96124, 0.853408, 1.24753, 0.729984, 0.652189
1.9732, 0.862089, 1.25529, 0.734154, 0.641059
1.98517, 0.870821, 1.26292, 0.738212, 0.629882
1.99713, 0.879603, 1.27041, 0.742162, 0.61866
2.0091, 0.888432, 1.27776, 0.746009, 0.607398
2.02107, 0.897309, 1.28498, 0.749756, 0.596098
2.03303, 0.906231, 1.29207, 0.753409, 0.584762
2.045, 0.915198, 1.29901, 0.75697, 0.573393
2.05697, 0.924208, 1.30582, 0.760443, 0.561994
2.06893, 0.933261, 1.3125, 0.763832, 0.550566
2.0809, 0.942354, 1.31903, 0.767139, 0.539111
2.09287, 0.951488, 1.32543, 0.770367, 0.527631
2.10483, 0.960662, 1.33169, 0.77352, 0.516128
2.1168, 0.969874, 1.33781, 0.776601, 0.504602
2.12877, 0.979123, 1.34379, 0.779611, 0.493056
2.14073, 0.98841, 1.34964, 0.782553, 0.481491
2.1527, 0.997731, 1.35534, 0.785429, 0.469907
2.16467, 1.00709, 1.36091, 0.788243, 0.458306
2.17663, 1.01648, 1.36634, 0.790995, 0.446688
2.1886, 1.0259, 1.37162, 0.793689, 0.435056
2.20056, 1.03536, 1.37677, 0.796325, 0.423408
2.21253, 1.04485, 1.38178, 0.798906, 0.411748
2.2245, 1.05437, 1.38665, 0.801433, 0.400074
2.23646, 1.06392, 1.39137, 0.803909, 0.388388
2.24843, 1.07351, 1.39596, 0.806334, 0.37669
2.2604, 1.08312, 1.40041, 0.808711, 0.364982
2.27236, 1.09276, 1.40472, 0.81104, 0.353263
2.28433, 1.10243, 1.40888, 0.813323, 0.341534
2.2963, 1.11212, 1.41291, 0.815562, 0.329796
2.30826, 1.12185, 1.41679, 0.817758, 0.318049
