4.08974, 0
0, 0, 0, 0.5, 0
0.0135829, 0.00660207, 0.000499567, 0.511422, 0.00729774
0.0271658, 0.0133597, 0.00109833, 0.522842, 0.014595
0.0407487, 0.0202728, 0.00179631, 0.534261, 0.0218918
0.0543316, 0.0273415, 0.0025935, 0.545679, 0.029188
0.0679145, 0.0345658, 0.00348987, 0.557095, 0.0364837
0.0814975, 0.0419455, 0.00448544, 0.568509, 0.0437787
0.0950804, 0.0494809, 0.00558022, 0.579921, 0.051073
0.108663, 0.0571718, 0.00677416, 0.591331, 0.0583667
0.122246, 0.0650182, 0.0080673, 0.602739, 0.0656595
0.135829, 0.0730202, 0.00945959, 0.614145, 0.0729515
0.149412, 0.0811778, 0.0109511, 0.625547, 0.0802426
0.162995, 0.0894909, 0.0125417, 0.636947, 0.0875326
0.176578, 0.0979597, 0.0142314, 0.648344, 0.0948215
0.190161, 0.106584, 0.0160203, 0.659738, 0.102109
0.203744, 0.115364, 0.0179083, 0.671127, 0.109396
0.217327, 0.124299, 0.0198955, 0.682513, 0.11668
0.230909, 0.13339, 0.0219817, 0.693894, 0.123964
0.244492, 0.142637, 0.024167, 0.705269, 0.131245
0.258075, 0.152039, 0.0264513, 0.716639, 0.138524
0.271658, 0.161597, 0.0288347, 0.728002, 0.145801
0.285241, 0.171311, 0.031317, 0.739358, 0.153076
0.298824, 0.18118, 0.0338983, 0.750706, 0.160347
0.312407, 0.191204, 0.0365785, 0.762044, 0.167615
0.32599, 0.201385, 0.0393576, 0.773372, 0.17488
0.339573, 0.211721, 0.0422355, 0.784687, 0.182139
0.353156, 0.222213, 0.0452122, 0.795988, 0.189394
0.366739, 0.232861, 0.0482875, 0.807272, 0.196643
0.380321, 0.243664, 0.0514613, 0.818536, 0.203884
0.393904, 0.254624, 0.0547335, 0.829776, 0.211117
0.407487, 0.265739, 0.058104, 0.840989, 0.21834
0.42107, 0.27701, 0.0615724, 0.852166, 0.225551
0.434653, 0.288438, 0.0651386, 0.863302, 0.232746
0.448236, 0.300022, 0.0688021, 0.874384, 0.239922
0.461819, 0.311762, 0.0725624, 0.8854, 0.247074
0.475402, 0.323658, 0.0764187, 0.896328, 0.254195
0.488985, 0.335712, 0.0803701, 0.90714, 0.261273
0.502568, 0.347923, 0.0844149, 0.917795, 0.268294
0.516151, 0.360293, 0.0885509, 0.92823, 0.275234
0.529733, 0.372821, 0.0927741, 0.938343, 0.282055
0.543316, 0.385509, 0.0970784, 0.94797, 0.288695
0.556899, 0.398359, 0.101453, 0.956826, 0.295045
0.570482, 0.41137, 0.105878, 0.964413, 0.300909
0.584065, 0.424539, 0.110319, 0.969886, 0.305945
0.597648, 0.437845, 0.114724, 0.972065, 0.309642
0.611231, 0.451228, 0.119041, 0.970042, 0.31153
0.624814, 0.464597, 0.123251, 0.964088, 0.311565
0.638397, 0.477872, 0.127372, 0.955396, 0.310124
0.65198, 0.491005, 0.131424, 0.945096, 0.30764
0.665563, 0.503972, 0.135419, 0.933905, 0.304428
0.679145, 0.516765, 0.139361, 0.922219, 0.30069
0.692728, 0.529381, 0.143251, 0.910257, 0.296556
0.706311, 0.541819, 0.147087, 0.898139, 0.292111
0.719894, 0.55408, 0.150866, 0.885936, 0.287416
0.733477, 0.566163, 0.154586, 0.873688, 0.282514
0.74706, 0.578071, 0.158245, 0.86142, 0.277438
0.760643, 0.589804, 0.161839, 0.849149, 0.272211
0.774226, 0.601363, 0.165368, 0.836884, 0.266856
0.787809, 0.612749, 0.168828, 0.82463, 0.261386
0.801392, 0.623964, 0.172219, 0.812393, 0.255815
0.814975, 0.635007, 0.175538, 0.800172, 0.250155
0.828557, 0.645879, 0.178784, 0.787971, 0.244413
0.84214, 0.656582, 0.181956, 0.775788, 0.238599
0.855723, 0.667116, 0.185052, 0.763625, 0.232718
0.869306, 0.677481, 0.188072, 0.75148, 0.226776
0.882889, 0.687679, 0.191014, 0.739354, 0.220779
0.896472, 0.697708, 0.193878, 0.727247, 0.214731
0.910055, 0.707571, 0.196662, 0.715156, 0.208636
0.923638, 0.717267, 0.199366, 0.703083, 0.202496
0.937221, 0.726797, 0.201989, 0.691026, 0.196317
0.950804, 0.736161, 0.204531, 0.678984, 0.190099
0.964387, 0.74536, 0.20699, 0.666957, 0.183845
0.977969, 0.754394, 0.209366, 0.654944, 0.177559
0.991552, 0.763263, 0.211659, 0.642945, 0.171242
1.00514, 0.771967, 0.213868, 0.63096, 0.164895
1.01872, 0.780507, 0.215992, 0.618987, 0.15852
1.0323, 0.788883, 0.218032, 0.607026, 0.15212
1.04588, 0.797095, 0.219986, 0.595076, 0.145695
1.05947, 0.805143, 0.221854, 0.583138, 0.139247
1.07305, 0.813029, 0.223636, 0.57121, 0.132777
1.08663, 0.820751, 0.225332, 0.559293, 0.126285
1.10022, 0.82831, 0.22694, 0.547385, 0.119774
1.1138, 0.835707, 0.228462, 0.535487, 0.113244
1.12738, 0.842941, 0.229896, 0.523598, 0.106695
1.14096, 0.850013, 0.231242, 0.511717, 0.10013
1.15455, 0.856922, 0.232501, 0.499845, 0.0935477
1.16813, 0.863669, 0.233671, 0.487982, 0.0869499
1.18171, 0.870255, 0.234752, 0.476126, 0.0803369
1.1953, 0.876678, 0.235744, 0.464277, 0.0737094
1.20888, 0.88294, 0.236648, 0.452436, 0.0670682
1.22246, 0.889041, 0.237462, 0.440602, 0.0604136
1.23604, 0.894979, 0.238186, 0.428775, 0.0537462
1.24963, 0.900757, 0.238821, 0.416954, 0.0470665
1.26321, 0.906374, 0.239366, 0.405139, 0.0403749
1.27679, 0.911829, 0.239821, 0.393331, 0.0336719
1.29038, 0.917124, 0.240185, 0.381529, 0.026958
1.30396, 0.922257, 0.240459, 0.369732, 0.0202335
1.31754, 0.92723, 0.240643, 0.357941, 0.0134987
1.33113, 0.932043, 0.240735, 0.346155, 0.00675419
1.34471, 0.936694, 0.240737, 0.334375, 1.19209e-07
1.37216, 0.945769, 0.2411, 0.324334, 0.0255481
1.39961, 0.954554, 0.24216, 0.314298, 0.0510981
1.42706, 0.963009, 0.2439, 0.304299, 0.0766624
1.45451, 0.97122, 0.246354, 0.294271, 0.102216
1.48196, 0.979144, 0.249504, 0.284249, 0.127771
1.50941, 0.986819, 0.253366, 0.274201, 0.153316
1.53686, 0.994205, 0.257924, 0.264158, 0.178863
1.56431, 1.00134, 0.263191, 0.254091, 0.204401
1.59176, 1.00814, 0.269142, 0.244059, 0.229953
1.61921, 1.01473, 0.275813, 0.233977, 0.255484
1.64666, 1.02099, 0.283168, 0.223928, 0.281029
1.67411, 1.02702, 0.29124, 0.213833, 0.306556
1.70156, 1.03275, 0.300008, 0.203745, 0.332086
1.72901, 1.0382, 0.30947, 0.193665, 0.357618
1.75646, 1.04338, 0.319637, 0.183568, 0.383144
1.78391, 1.04828, 0.330507, 0.173455, 0.408664
1.81136, 1.05289, 0.342071, 0.16335, 0.434186
1.83881, 1.05725, 0.354345, 0.15321, 0.459695
1.86626, 1.06132, 0.367312, 0.14308, 0.485208
1.89371, 1.0651, 0.38098, 0.132939, 0.510716
1.92116, 1.06862, 0.395354, 0.122768, 0.536213
1.94862, 1.07185, 0.410421, 0.11261, 0.561714
1.97607, 1.0748, 0.426191, 0.102425, 0.587206
2.00352, 1.07747, 0.442658, 0.0922357, 0.612695
2.03097, 1.07985, 0.459822, 0.0820422, 0.638182
2.05842, 1.08197, 0.477696, 0.0717957, 0.663648
2.08587, 1.08381, 0.496263, 0.0615508, 0.689115
2.11332, 1.08534, 0.515525, 0.0513081, 0.714583
2.14077, 1.08661, 0.53549, 0.041024, 0.740034
2.16822, 1.08761, 0.556157, 0.0307046, 0.765471
2.19567, 1.0883, 0.577515, 0.0203958, 0.790912
2.22312, 1.08872, 0.599576, 0.0100337, 0.816332
2.25057, 1.08884, 0.622331, -0.000336498, 0.841747
2.27802, 1.0887, 0.645788, -0.0107687, 0.867138
2.30547, 1.08826, 0.669939, -0.021219, 0.892522
2.33292, 1.08753, 0.694788, -0.0317221, 0.917883
2.36037, 1.08651, 0.720331, -0.0422564, 0.943231
2.38782, 1.08522, 0.746572, -0.0528732, 0.968546
2.41527, 1.08362, 0.773506, -0.0635355, 0.993841
2.44272, 1.08173, 0.801136, -0.0742865, 1.0191
2.47017, 1.07954, 0.829457, -0.0851183, 1.04432
2.49762, 1.07706, 0.858469, -0.0960493, 1.0695
2.52507, 1.07426, 0.888172, -0.107109, 1.09462
2.55252, 1.07117, 0.918563, -0.11835, 1.11967
2.57997, 1.06777, 0.949641, -0.12981, 1.14461
2.60742, 1.06404, 0.981402, -0.141582, 1.16941
2.63487, 1.05999, 1.01384, -0.15379, 1.19399
2.66232, 1.05559, 1.04695, -0.166689, 1.21822
2.68977, 1.05083, 1.08072, -0.180824, 1.24175
2.71722, 1.04564, 1.1151, -0.197865, 1.26319
2.74467, 1.03989, 1.14995, -0.222175, 1.26955
2.77213, 1.03363, 1.18447, -0.22988, 1.24413
2.79958, 1.02735, 1.21825, -0.226963, 1.21687
2.82703, 1.0212, 1.25128, -0.221355, 1.19
2.85448, 1.01521, 1.28358, -0.214565, 1.1634
2.88193, 1.00942, 1.31515, -0.207113, 1.13699
2.90938, 1.00384, 1.346, -0.199236, 1.11069
2.93683, 0.998488, 1.37613, -0.191065, 1.08448
2.96428, 0.993358, 1.40554, -0.182678, 1.05835
2.99173, 0.98846, 1.43424, -0.174125, 1.03226
3.01918, 0.983799, 1.46221, -0.16544, 1.00622
3.04663, 0.979378, 1.48948, -0.15665, 0.980218
3.07408, 0.9752, 1.51603, -0.147771, 0.954243
3.10153, 0.971266, 1.54187, -0.138819, 0.928294
3.12898, 0.967579, 1.56699, -0.129804, 0.902366
3.15643, 0.96414, 1.59141, -0.120734, 0.876458
3.18388, 0.960951, 1.61511, -0.111617, 0.850565
3.21133, 0.958013, 1.6381, -0.102459, 0.824688
3.23878, 0.955326, 1.66039, -0.0932637, 0.798823
3.26623, 0.952893, 1.68196, -0.0840355, 0.77297
3.29368, 0.950713, 1.70282, -0.0747779, 0.747128
3.32113, 0.948788, 1.72298, -0.0654936, 0.721296
3.34858, 0.947118, 1.74242, -0.0561853, 0.695472
3.37603, 0.945703, 1.76116, -0.0468548, 0.669656
3.40348, 0.944546, 1.77919, -0.0375043, 0.643847
3.43093, 0.943644, 1.79651, -0.0281351, 0.618045
3.45838, 0.943001, 1.81312, -0.018749, 0.59225
3.48583, 0.942615, 1.82902, -0.00934699, 0.566459
3.51328, 0.942488, 1.84422, 6.95884e-05, 0.540675
3.54073, 0.942619, 1.85871, 0.00949982, 0.514895
3.56818, 0.94301, 1.87249, 0.0189426, 0.48912
3.59563, 0.943659, 1.88556, 0.0283974, 0.463349
3.62309, 0.944569, 1.89793, 0.0378632, 0.437583
3.65054, 0.945738, 1.90958, 0.0473393, 0.41182
3.67799, 0.947168, 1.92053, 0.0568254, 0.386061
3.70544, 0.948858, 1.93078, 0.0663207, 0.360305
3.73289, 0.950809, 1.94032, 0.0758246, 0.334552
3.76034, 0.953021, 1.94915, 0.0853369, 0.308803
3.78779, 0.955494, 1.95727, 0.0948568, 0.283056
3.81524, 0.958229, 1.96469, 0.104384, 0.257312
3.84269, 0.961225, 1.9714, 0.113919, 0.231571
3.87014, 0.964483, 1.9774, 0.12346, 0.205832
3.89759, 0.968003, 1.9827, 0.133007, 0.180096
3.92504, 0.971785, 1.98729, 0.142561, 0.154361
3.95249, 0.97583, 1.99117, 0.15212, 0.128629
3.97994, 0.980137, 1.99435, 0.161685, 0.102899
4.00739, 0.984706, 1.99682, 0.171255, 0.0771713
4.03484, 0.989539, 1.99858, 0.18083, 0.051445
4.06229, 0.994634, 1.99964, 0.19041, 0.0257205
4.08974, 0.999992, 2, 0.199994, -1.62423e-06
