4.126, 0
0, 0, 0, 0.5, 0
0.0129788, 0.00653352, 0.000153746, 0.512455, 0.00364078
0.0259576, 0.0132287, 0.000354726, 0.524911, 0.00728159
0.0389364, 0.0200856, 0.000602953, 0.537366, 0.0109224
0.0519152, 0.0271041, 0.000898443, 0.549821, 0.0145632
0.0648939, 0.0342844, 0.00124117, 0.562276, 0.0182041
0.0778727, 0.0416263, 0.00163116, 0.57473, 0.0218449
0.0908515, 0.04913, 0.00206838, 0.587185, 0.0254858
0.10383, 0.0567953, 0.00255285, 0.599639, 0.0291267
0.116809, 0.0646223, 0.00308458, 0.612093, 0.0327676
0.129788, 0.0726109, 0.00366356, 0.624547, 0.0364085
0.142767, 0.0807613, 0.00428978, 0.637001, 0.0400495
0.155745, 0.0890734, 0.00496324, 0.649454, 0.0436905
0.168724, 0.0975471, 0.00568395, 0.661907, 0.0473315
0.181703, 0.106183, 0.00645192, 0.67436, 0.0509725
0.194682, 0.11498, 0.00726713, 0.686813, 0.0546135
0.207661, 0.123938, 0.00812959, 0.699265, 0.0582546
0.220639, 0.133059, 0.00903929, 0.711717, 0.0618958
0.233618, 0.142341, 0.00999624, 0.724168, 0.065537
0.246597, 0.151785, 0.0110004, 0.736619, 0.0691782
0.259576, 0.161391, 0.0120519, 0.749069, 0.0728195
0.272555, 0.171158, 0.0131505, 0.761519, 0.0764608
0.285533, 0.181087, 0.0142965, 0.773967, 0.0801023
0.298512, 0.191177, 0.0154896, 0.786415, 0.0837438
0.311491, 0.20143, 0.01673, 0.798862, 0.0873854
0.32447, 0.211844, 0.0180177, 0.811308, 0.0910271
0.337449, 0.222419, 0.0193526, 0.823753, 0.0946689
0.350427, 0.233157, 0.0207347, 0.836195, 0.0983109
0.363406, 0.244056, 0.022164, 0.848637, 0.101953
0.376385, 0.255116, 0.0236406, 0.861075, 0.105595
0.389364, 0.266339, 0.0251644, 0.873511, 0.109238
0.402342, 0.277723, 0.0267355, 0.885944, 0.112881
0.415321, 0.289269, 0.0283537, 0.898373, 0.116524
0.4283, 0.300976, 0.0300191, 0.910796, 0.120168
0.441279, 0.312845, 0.0317317, 0.923213, 0.123813
0.454258, 0.324876, 0.0334915, 0.93562, 0.127458
0.467236, 0.337069, 0.0352984, 0.948015, 0.131104
0.480215, 0.349423, 0.0371524, 0.960392, 0.134752
0.493194, 0.361939, 0.0390534, 0.972742, 0.138402
0.506173, 0.374617, 0.0410013, 0.985049, 0.142056
0.519152, 0.387456, 0.0429957, 0.997283, 0.145716
0.53213, 0.400457, 0.045036, 1.00937, 0.149388
0.545109, 0.41362, 0.0471204, 1.02111, 0.153084
0.558088, 0.426943, 0.0492419, 1.03171, 0.156842
0.571067, 0.440407, 0.0513629, 1.03656, 0.160638
0.584045, 0.453862, 0.0534387, 1.0289, 0.16304
0.597024, 0.467164, 0.0555189, 1.0169, 0.163433
0.610003, 0.480296, 0.0576033, 1.00424, 0.162697
0.622982, 0.493258, 0.0596797, 0.991468, 0.161315
0.635961, 0.506052, 0.0617397, 0.97868, 0.15952
0.648939, 0.518678, 0.0637776, 0.965908, 0.157438
0.661918, 0.531138, 0.0657896, 0.953158, 0.155148
0.674897, 0.543431, 0.0677725, 0.940429, 0.152697
0.687876, 0.555559, 0.0697244, 0.92772, 0.150121
0.700855, 0.567522, 0.0716434, 0.915029, 0.147442
0.713833, 0.579319, 0.0735281, 0.902355, 0.14468
0.726812, 0.590952, 0.0753773, 0.889693, 0.141847
0.739791, 0.60242, 0.0771901, 0.877045, 0.138954
0.75277, 0.613724, 0.0789656, 0.864408, 0.136008
0.765749, 0.624863, 0.0807032, 0.851781, 0.133018
0.778727, 0.635839, 0.0824022, 0.839163, 0.129989
0.791706, 0.646651, 0.0840621, 0.826553, 0.126924
0.804685, 0.657299, 0.0856824, 0.81395, 0.123828
0.817664, 0.667783, 0.0872627, 0.801354, 0.120704
0.830642, 0.678104, 0.0888026, 0.788764, 0.117555
0.843621, 0.688262, 0.0903017, 0.77618, 0.114383
0.8566, 0.698256, 0.0917598, 0.763601, 0.111189
0.869579, 0.708086, 0.0931766, 0.751027, 0.107977
0.882558, 0.717754, 0.0945518, 0.738457, 0.104748
0.895536, 0.727258, 0.0958852, 0.725891, 0.101502
0.908515, 0.736599, 0.0971766, 0.713329, 0.0982409
0.921494, 0.745778, 0.0984257, 0.700771, 0.0949662
0.934473, 0.754793, 0.0996324, 0.688216, 0.0916788
0.947452, 0.763645, 0.100796, 0.675664, 0.0883792
0.96043, 0.772334, 0.101918, 0.663115, 0.0850685
0.973409, 0.78086, 0.102996, 0.650568, 0.0817473
0.986388, 0.789224, 0.104032, 0.638025, 0.0784163
0.999367, 0.797424, 0.105024, 0.625483, 0.0750759
1.01235, 0.805462, 0.105973, 0.612944, 0.0717269
1.02532, 0.813337, 0.106878, 0.600407, 0.0683697
1.0383, 0.821049, 0.10774, 0.587873, 0.0650046
1.05128, 0.828599, 0.108559, 0.57534, 0.0616322
1.06426, 0.835986, 0.109333, 0.562809, 0.0582528
1.07724, 0.84321, 0.110064, 0.55028, 0.0548668
1.09022, 0.850272, 0.110751, 0.537752, 0.0514745
1.1032, 0.857171, 0.111394, 0.525226, 0.0480762
1.11618, 0.863907, 0.111993, 0.512702, 0.0446723
1.12915, 0.870481, 0.112547, 0.500179, 0.0412628
1.14213, 0.876892, 0.113058, 0.487658, 0.0378482
1.15511, 0.883141, 0.113524, 0.475138, 0.0344285
1.16809, 0.889228, 0.113946, 0.462619, 0.0310042
1.18107, 0.895151, 0.114323, 0.450101, 0.0275752
1.19405, 0.900913, 0.114656, 0.437585, 0.0241419
1.20703, 0.906511, 0.114945, 0.42507, 0.0207044
1.22001, 0.911948, 0.115188, 0.412555, 0.0172628
1.23298, 0.917222, 0.115388, 0.400042, 0.0138174
1.24596, 0.922334, 0.115542, 0.38753, 0.0103683
1.25894, 0.927283, 0.115652, 0.375019, 0.00691562
1.27192, 0.93207, 0.115717, 0.362509, 0.00345947
1.2849, 0.936694, 0.115737, 0.35, -1.49012e-08
1.31331, 0.946467, 0.116104, 0.33962, 0.0264467
1.34172, 0.955975, 0.117233, 0.329212, 0.052883
1.37013, 0.965174, 0.119109, 0.31881, 0.0793212
1.39854, 0.974104, 0.121746, 0.308383, 0.10575
1.42696, 0.982722, 0.125127, 0.297962, 0.132181
1.45537, 0.990993, 0.129241, 0.287575, 0.158625
1.48378, 0.999027, 0.134127, 0.277136, 0.185049
1.51219, 1.00678, 0.139771, 0.266677, 0.211464
1.5406, 1.01419, 0.146146, 0.256251, 0.237893
1.56901, 1.02132, 0.153279, 0.245806, 0.264315
1.59742, 1.02816, 0.161167, 0.235342, 0.290728
1.62583, 1.03469, 0.169799, 0.224885, 0.317145
1.65424, 1.04093, 0.179185, 0.214412, 0.343555
1.68265, 1.04688, 0.189325, 0.203923, 0.369959
1.71107, 1.05252, 0.200207, 0.193443, 0.396367
1.73948, 1.05786, 0.211841, 0.18295, 0.422769
1.76789, 1.06293, 0.224234, 0.172422, 0.449158
1.7963, 1.06768, 0.23737, 0.161906, 0.475551
1.82471, 1.07212, 0.251254, 0.15138, 0.50194
1.85312, 1.07628, 0.265894, 0.140825, 0.528318
1.88153, 1.08012, 0.281274, 0.130283, 0.554701
1.90994, 1.08367, 0.297408, 0.119717, 0.581074
1.93835, 1.08693, 0.314294, 0.109128, 0.607438
1.96676, 1.08988, 0.331924, 0.0985378, 0.633801
1.99518, 1.09253, 0.350308, 0.0879129, 0.660151
2.02359, 1.09487, 0.369435, 0.0772897, 0.686501
2.052, 1.09693, 0.389318, 0.0666232, 0.712834
2.08041, 1.09866, 0.409941, 0.055963, 0.739169
2.10882, 1.1001, 0.431316, 0.0452673, 0.76549
2.13723, 1.10123, 0.453439, 0.0345416, 0.791799
2.16564, 1.10206, 0.476309, 0.0237912, 0.818097
2.19405, 1.10258, 0.499924, 0.0130206, 0.844388
2.22246, 1.1028, 0.524286, 0.00221175, 0.870662
2.25088, 1.10271, 0.549398, -0.00864947, 0.896915
2.27929, 1.10231, 0.575251, -0.0195322, 0.923159
2.3077, 1.10161, 0.601854, -0.0304871, 0.949374
2.33611, 1.10058, 0.629197, -0.0414628, 0.975579
2.36452, 1.09924, 0.657286, -0.0525174, 1.00175
2.39293, 1.09759, 0.686118, -0.0636456, 1.02789
2.42134, 1.09562, 0.715693, -0.0748534, 1.054
2.44975, 1.09334, 0.746009, -0.0861654, 1.08006
2.47816, 1.09073, 0.777064, -0.0975966, 1.10607
2.50657, 1.08779, 0.808856, -0.109162, 1.13202
2.53499, 1.08452, 0.841386, -0.120936, 1.15788
2.5634, 1.08092, 0.874649, -0.132952, 1.18362
2.59181, 1.07697, 0.908641, -0.145309, 1.20921
2.62022, 1.07265, 0.943356, -0.158132, 1.23456
2.64863, 1.06797, 0.978787, -0.171725, 1.25951
2.67704, 1.06289, 1.01492, -0.186652, 1.28367
2.70545, 1.05734, 1.05171, -0.204569, 1.30566
2.73386, 1.05119, 1.089, -0.229895, 1.31386
2.76227, 1.04445, 1.126, -0.240515, 1.28879
2.79068, 1.03763, 1.16221, -0.238515, 1.26049
2.8191, 1.03092, 1.19762, -0.233255, 1.23257
2.84751, 1.02439, 1.23225, -0.226592, 1.20495
2.87592, 1.01805, 1.26609, -0.219149, 1.17753
2.90433, 1.01194, 1.29916, -0.211211, 1.15025
2.93274, 1.00606, 1.33145, -0.20293, 1.12308
2.96115, 1.00041, 1.36298, -0.194398, 1.09598
2.98956, 0.995012, 1.39373, -0.185675, 1.06894
3.01797, 0.989862, 1.42372, -0.176801, 1.04195
3.04638, 0.984967, 1.45294, -0.167804, 1.015
3.0748, 0.980328, 1.48139, -0.158706, 0.988085
3.10321, 0.975949, 1.50908, -0.149523, 0.961199
3.13162, 0.971833, 1.53601, -0.140267, 0.934337
3.16003, 0.96798, 1.56217, -0.13095, 0.907498
3.18844, 0.964392, 1.58757, -0.121578, 0.880677
3.21685, 0.961072, 1.61221, -0.112159, 0.853873
3.24526, 0.95802, 1.63609, -0.102697, 0.827083
3.27367, 0.955237, 1.65921, -0.0931981, 0.800308
3.30208, 0.952724, 1.68157, -0.0836652, 0.773544
3.33049, 0.950483, 1.70317, -0.0741016, 0.74679
3.35891, 0.948514, 1.724, -0.0645105, 0.720047
3.38732, 0.946818, 1.74408, -0.0548943, 0.693313
3.41573, 0.945395, 1.7634, -0.045255, 0.666587
3.44414, 0.944246, 1.78196, -0.0355946, 0.639869
3.47255, 0.943373, 1.79976, -0.0259146, 0.613158
3.50096, 0.942774, 1.8168, -0.0162167, 0.586453
3.52937, 0.942451, 1.83308, -0.0065023, 0.559755
3.55778, 0.942405, 1.8486, 0.0032281, 0.533062
3.58619, 0.942635, 1.86337, 0.0129726, 0.506374
3.6146, 0.943142, 1.87738, 0.0227309, 0.479691
3.64302, 0.943927, 1.89063, 0.0325015, 0.453014
3.67143, 0.944989, 1.90312, 0.0422844, 0.42634
3.69984, 0.946329, 1.91485, 0.0520782, 0.39967
3.72825, 0.947948, 1.92583, 0.0618825, 0.373005
3.75666, 0.949846, 1.93605, 0.071697, 0.346342
3.78507, 0.952022, 1.94551, 0.0815206, 0.319684
3.81348, 0.954478, 1.95421, 0.0913532, 0.293029
3.84189, 0.957213, 1.96216, 0.101194, 0.266376
3.8703, 0.960228, 1.96935, 0.111043, 0.239727
3.89872, 0.963523, 1.97578, 0.1209, 0.21308
3.92713, 0.967098, 1.98146, 0.130764, 0.186437
3.95554, 0.970953, 1.98638, 0.140634, 0.159796
3.98395, 0.975089, 1.99054, 0.150512, 0.133156
4.01236, 0.979506, 1.99394, 0.160396, 0.10652
4.04077, 0.984203, 1.99659, 0.170285, 0.079886
4.06918, 0.989182, 1.99848, 0.180181, 0.0532535
4.09759, 0.994442, 1.99962, 0.190082, 0.0266234
4.126, 0.999983, 1.99999, 0.199988, -4.4778e-06
