3.80345, 0.436735
0, 0, 0, 0.5, 0
0.012955, 0.00645437, 0.000883935, 0.512581, 0.00258593
0.0259099, 0.0130733, 0.00179898, 0.525155, 0.00517956
0.0388649, 0.0198567, 0.00274491, 0.537722, 0.0077818
0.0518199, 0.0268047, 0.00372206, 0.550282, 0.0103926
0.0647749, 0.0339172, 0.0047302, 0.562833, 0.0130129
0.0777298, 0.0411941, 0.00576942, 0.575376, 0.0156433
0.0906848, 0.0486354, 0.00683959, 0.587909, 0.0182846
0.10364, 0.0562411, 0.00794079, 0.600432, 0.0209375
0.116595, 0.0640112, 0.00907304, 0.612944, 0.0236028
0.12955, 0.0719455, 0.0102363, 0.625444, 0.0262815
0.142505, 0.0800441, 0.0114306, 0.637932, 0.0289745
0.15546, 0.0883068, 0.0126558, 0.650405, 0.0316832
0.168415, 0.0967337, 0.0139121, 0.662864, 0.0344086
0.18137, 0.105325, 0.0151992, 0.675305, 0.0371525
0.194325, 0.11408, 0.0165174, 0.687729, 0.0399159
0.20728, 0.122998, 0.0178664, 0.700133, 0.0427009
0.220235, 0.132081, 0.0192464, 0.712516, 0.0455094
0.23319, 0.141327, 0.0206573, 0.724874, 0.0483437
0.246145, 0.150737, 0.0220991, 0.737206, 0.051206
0.259099, 0.16031, 0.0235718, 0.749509, 0.0540993
0.272054, 0.170047, 0.0250753, 0.761779, 0.0570267
0.285009, 0.179946, 0.0266096, 0.774012, 0.0599918
0.297964, 0.190009, 0.0281746, 0.786205, 0.0629988
0.310919, 0.200234, 0.0297703, 0.798351, 0.0660525
0.323874, 0.210621, 0.0313967, 0.810445, 0.069158
0.336829, 0.22117, 0.0330538, 0.82248, 0.0723219
0.349784, 0.231881, 0.0347412, 0.834446, 0.0755518
0.362739, 0.242752, 0.0364592, 0.846334, 0.0788557
0.375694, 0.253784, 0.0382074, 0.858132, 0.0822441
0.388649, 0.264976, 0.0399858, 0.869824, 0.0857287
0.401604, 0.276327, 0.0417942, 0.881393, 0.089324
0.414559, 0.287835, 0.0436325, 0.892815, 0.0930462
0.427514, 0.2995, 0.0455003, 0.904062, 0.096916
0.440469, 0.311319, 0.0473974, 0.915099, 0.100957
0.453424, 0.323291, 0.0493235, 0.92588, 0.105199
0.466379, 0.335413, 0.051278, 0.936349, 0.109676
0.479334, 0.347681, 0.0532606, 0.946432, 0.114429
0.492289, 0.36009, 0.0552706, 0.95603, 0.119508
0.505244, 0.372635, 0.0573073, 0.965018, 0.124968
0.518199, 0.385306, 0.0593704, 0.973236, 0.130872
0.531154, 0.398092, 0.0614594, 0.980474, 0.137279
0.544109, 0.410978, 0.0635748, 0.986478, 0.14424
0.557064, 0.423943, 0.0657185, 0.990954, 0.151771
0.570019, 0.436961, 0.0678946, 0.993599, 0.159829
0.582974, 0.450001, 0.0701105, 0.994164, 0.168286
0.595929, 0.46303, 0.0723765, 0.992525, 0.176931
0.608884, 0.476013, 0.0747046, 0.988731, 0.185502
0.621839, 0.48892, 0.0771051, 0.982995, 0.193747
0.634794, 0.501726, 0.0795854, 0.975628, 0.20148
0.647749, 0.514413, 0.082148, 0.966958, 0.208594
0.660704, 0.526968, 0.0847919, 0.957285, 0.215055
0.673659, 0.539381, 0.0875135, 0.946851, 0.220873
0.686614, 0.551645, 0.0903074, 0.935844, 0.22609
0.699569, 0.563755, 0.093168, 0.924404, 0.230754
0.712524, 0.575708, 0.0960892, 0.912638, 0.234919
0.725479, 0.587501, 0.0990654, 0.90062, 0.238637
0.738434, 0.599132, 0.102091, 0.888411, 0.241955
0.751389, 0.6106, 0.105161, 0.876053, 0.244915
0.764344, 0.621903, 0.108272, 0.863577, 0.247554
0.777298, 0.633042, 0.111418, 0.851009, 0.249904
0.790253, 0.644014, 0.114596, 0.838368, 0.251995
0.803208, 0.65482, 0.117803, 0.825668, 0.25385
0.816163, 0.665459, 0.121036, 0.81292, 0.255493
0.829118, 0.675931, 0.124291, 0.800136, 0.256941
0.842073, 0.686236, 0.127567, 0.78732, 0.258213
0.855028, 0.696373, 0.130861, 0.774479, 0.259322
0.867983, 0.706342, 0.13417, 0.761618, 0.260282
0.880938, 0.716144, 0.137492, 0.74874, 0.261105
0.893893, 0.725778, 0.140827, 0.735849, 0.2618
0.906848, 0.735243, 0.144171, 0.722948, 0.262378
0.919803, 0.744541, 0.147524, 0.710037, 0.262847
0.932758, 0.753671, 0.150884, 0.697119, 0.263214
0.945713, 0.762632, 0.15425, 0.684196, 0.263486
0.958668, 0.771426, 0.15762, 0.671269, 0.263669
0.971623, 0.780051, 0.160993, 0.658338, 0.263769
0.984578, 0.788508, 0.164369, 0.645404, 0.263791
0.997533, 0.796798, 0.167745, 0.632469, 0.26374
1.01049, 0.804919, 0.171121, 0.619532, 0.263619
1.02344, 0.812872, 0.174497, 0.606595, 0.263433
1.0364, 0.820657, 0.17787, 0.593658, 0.263185
1.04935, 0.828274, 0.181241, 0.58072, 0.262879
1.06231, 0.835724, 0.184609, 0.567783, 0.262517
1.07526, 0.843005, 0.187972, 0.554846, 0.262102
1.08822, 0.850118, 0.191331, 0.541911, 0.261638
1.10117, 0.857064, 0.194684, 0.528976, 0.261126
1.11413, 0.863842, 0.198031, 0.516042, 0.260569
1.12708, 0.870452, 0.201371, 0.50311, 0.259969
1.14004, 0.876894, 0.204704, 0.490179, 0.259328
1.15299, 0.883168, 0.208028, 0.47725, 0.258647
1.16595, 0.889275, 0.211345, 0.464322, 0.257928
1.1789, 0.895214, 0.214652, 0.451396, 0.257173
1.19186, 0.900986, 0.21795, 0.438471, 0.256384
1.20481, 0.906589, 0.221239, 0.425548, 0.255562
1.21777, 0.912026, 0.224517, 0.412627, 0.254707
1.23072, 0.917294, 0.227784, 0.399707, 0.253823
1.24368, 0.922395, 0.23104, 0.38679, 0.252908
1.25663, 0.927329, 0.234284, 0.373874, 0.251966
1.26959, 0.932095, 0.237517, 0.360959, 0.250996
1.28254, 0.936694, 0.240737, 0.348047, 0.25
1.30775, 0.943482, 0.244644, 0.326494, 0.262798
1.33296, 0.949724, 0.248877, 0.304947, 0.275592
1.35817, 0.955421, 0.253436, 0.283404, 0.288381
1.38338, 0.960572, 0.258321, 0.261866, 0.301164
1.40859, 0.965178, 0.263532, 0.240334, 0.313942
1.4338, 0.969239, 0.269069, 0.218808, 0.326714
1.45901, 0.972754, 0.274932, 0.197289, 0.339479
1.48422, 0.975725, 0.281121, 0.175777, 0.352237
1.50942, 0.97815, 0.287636, 0.154272, 0.364987
1.53463, 0.98003, 0.294478, 0.132775, 0.377729
1.55984, 0.981366, 0.301646, 0.111287, 0.390462
1.58505, 0.982156, 0.309141, 0.0898093, 0.403186
1.61026, 0.982402, 0.316962, 0.0683415, 0.415898
1.63547, 0.982103, 0.32511, 0.0468853, 0.4286
1.66068, 0.981259, 0.333585, 0.0254415, 0.441289
1.68589, 0.979871, 0.342386, 0.00401121, 0.453964
1.7111, 0.977939, 0.351515, -0.0174039, 0.466624
1.73631, 0.975463, 0.360971, -0.0388026, 0.479267
1.76152, 0.972443, 0.370755, -0.060183, 0.491892
1.78672, 0.968879, 0.380867, -0.0815431, 0.504497
1.81193, 0.964771, 0.391306, -0.102881, 0.517079
1.83714, 0.960121, 0.402074, -0.124193, 0.529636
1.86235, 0.954928, 0.413171, -0.145477, 0.542164
1.88756, 0.949192, 0.424596, -0.166729, 0.554661
1.91277, 0.942915, 0.436352, -0.187945, 0.567121
1.93798, 0.936096, 0.448437, -0.209119, 0.57954
1.96319, 0.928737, 0.460854, -0.230247, 0.591912
1.9884, 0.920838, 0.473602, -0.25132, 0.60423
2.01361, 0.9124, 0.486683, -0.27233, 0.616485
2.03882, 0.903425, 0.500097, -0.293267, 0.628667
2.06402, 0.893913, 0.513847, -0.314117, 0.640763
2.08923, 0.883868, 0.527934, -0.334865, 0.652757
2.11444, 0.873291, 0.54236, -0.355489, 0.664629
2.13965, 0.862185, 0.557128, -0.375965, 0.676354
2.16486, 0.850555, 0.572241, -0.396259, 0.6879
2.19007, 0.838406, 0.587704, -0.416327, 0.699224
2.21528, 0.825746, 0.603522, -0.436112, 0.710271
2.24049, 0.812582, 0.619702, -0.455537, 0.720965
2.2657, 0.798931, 0.636254, -0.474495, 0.731206
2.29091, 0.784811, 0.653191, -0.492841, 0.740856
2.31612, 0.770249, 0.670527, -0.510371, 0.749721
2.34132, 0.755286, 0.688283, -0.526798, 0.757536
2.36653, 0.739981, 0.706482, -0.54173, 0.76394
2.39174, 0.724419, 0.725144, -0.554639, 0.768463
2.41695, 0.708713, 0.744277, -0.564887, 0.770552
2.44216, 0.693006, 0.763856, -0.571815, 0.769677
2.46737, 0.677446, 0.783801, -0.57494, 0.765514
2.49258, 0.662164, 0.803971, -0.574157, 0.758115
2.51779, 0.647243, 0.824192, -0.569778, 0.747906
2.543, 0.632725, 0.844295, -0.562371, 0.735507
2.56821, 0.618624, 0.864148, -0.552559, 0.721535
2.59342, 0.604943, 0.883656, -0.540887, 0.706494
2.61862, 0.59168, 0.902762, -0.527787, 0.690755
2.64383, 0.578837, 0.921428, -0.513581, 0.674576
2.66904, 0.566414, 0.939636, -0.498506, 0.658132
2.69425, 0.554415, 0.957375, -0.482739, 0.641542
2.71946, 0.542844, 0.974642, -0.466411, 0.624884
2.74467, 0.531703, 0.991436, -0.449618, 0.608212
2.76988, 0.521, 1.00776, -0.432438, 0.59156
2.79509, 0.510737, 1.02362, -0.414929, 0.574953
2.8203, 0.500919, 1.03901, -0.397138, 0.558405
2.84551, 0.491551, 1.05394, -0.379102, 0.541926
2.87072, 0.482637, 1.06842, -0.360853, 0.525522
2.89593, 0.47418, 1.08245, -0.342414, 0.509195
2.92113, 0.466185, 1.09603, -0.323806, 0.492947
2.94634, 0.458655, 1.10917, -0.305048, 0.476779
2.97155, 0.451592, 1.12187, -0.286154, 0.460689
2.99676, 0.445001, 1.13414, -0.267136, 0.444674
3.02197, 0.438883, 1.14598, -0.248007, 0.428735
3.04718, 0.433242, 1.1574, -0.228775, 0.412869
3.07239, 0.428081, 1.16838, -0.209449, 0.397072
3.0976, 0.4234, 1.17895, -0.190036, 0.381344
3.12281, 0.419204, 1.1891, -0.170543, 0.365681
3.14802, 0.415493, 1.19884, -0.150975, 0.350081
3.17323, 0.412269, 1.20817, -0.131337, 0.334543
3.19843, 0.409535, 1.21708, -0.111635, 0.319063
3.22364, 0.407293, 1.22559, -0.0918721, 0.303639
3.24885, 0.405543, 1.23369, -0.0720521, 0.288269
3.27406, 0.404288, 1.24139, -0.052179, 0.272952
3.29927, 0.403529, 1.24869, -0.0322556, 0.257685
3.32448, 0.403267, 1.2556, -0.0122847, 0.242467
3.34969, 0.403504, 1.2621, 0.00773129, 0.227295
3.3749, 0.40424, 1.26821, 0.0277898, 0.212169
3.40011, 0.405478, 1.27393, 0.0478885, 0.197086
3.42532, 0.407218, 1.27925, 0.0680254, 0.182044
3.45053, 0.409461, 1.28419, 0.0881986, 0.167043
3.47573, 0.412209, 1.28873, 0.108407, 0.152081
3.50094, 0.415462, 1.29289, 0.128647, 0.137157
3.52615, 0.419221, 1.29666, 0.14892, 0.122268
3.55136, 0.423488, 1.30005, 0.169222, 0.107415
3.57657, 0.428262, 1.30306, 0.189553, 0.0925965
3.60178, 0.433546, 1.30568, 0.209913, 0.07781
3.62699, 0.439339, 1.30792, 0.230298, 0.0630555
3.6522, 0.445643, 1.30978, 0.250708, 0.0483317
3.67741, 0.452458, 1.31126, 0.271144, 0.0336377
3.70262, 0.459784, 1.31237, 0.291602, 0.0189725
3.72783, 0.467624, 1.31309, 0.312083, 0.00433528
3.75303, 0.475976, 1.31345, 0.332586, -0.0102749
3.77824, 0.484842, 1.31342, 0.353109, -0.0248584
3.80345, 0.494223, 1.31302, 0.373653, -0.0394169
