3.06059, 0
0, 0, 0, 0.5, 0
0.0159146, 0.00627732, -0.000558991, 0.492942, 0.0140984
0.0318293, 0.0124427, -0.000890917, 0.485884, 0.0281907
0.0477439, 0.0184961, -0.0009958, 0.478827, 0.0422765
0.0636586, 0.0244377, -0.000873675, 0.471771, 0.0563554
0.0795732, 0.0302674, -0.000524561, 0.464715, 0.070427
0.0954879, 0.0359854, 5.15864e-05, 0.45766, 0.0844909
0.111403, 0.0415916, 0.000854865, 0.450606, 0.0985465
0.127317, 0.0470861, 0.00188519, 0.443553, 0.112593
0.143232, 0.0524691, 0.00314256, 0.436501, 0.126631
0.159146, 0.0577404, 0.00462703, 0.429449, 0.140658
0.175061, 0.0629003, 0.00633859, 0.422399, 0.154675
0.190976, 0.0679488, 0.00827727, 0.41535, 0.16868
0.20689, 0.0728859, 0.0104431, 0.408302, 0.182673
0.222805, 0.0777118, 0.012836, 0.401256, 0.196652
0.23872, 0.0824266, 0.0154561, 0.394211, 0.210617
0.254634, 0.0870303, 0.0183034, 0.387167, 0.224567
0.270549, 0.0915232, 0.0213779, 0.380126, 0.2385
0.286464, 0.0959052, 0.0246795, 0.373086, 0.252416
0.302378, 0.100177, 0.0282085, 0.366048, 0.266311
0.318293, 0.104338, 0.0319646, 0.359012, 0.280186
0.334208, 0.108388, 0.0359481, 0.351979, 0.294037
0.350122, 0.112329, 0.0401589, 0.344948, 0.307863
0.366037, 0.11616, 0.044597, 0.337921, 0.321661
0.381951, 0.119882, 0.0492626, 0.330896, 0.335429
0.397866, 0.123494, 0.0541555, 0.323875, 0.349163
0.413781, 0.126997, 0.0592759, 0.316858, 0.362861
0.429695, 0.130392, 0.0646239, 0.309846, 0.376517
0.44561, 0.133679, 0.0701994, 0.302839, 0.390127
0.461525, 0.136858, 0.0760025, 0.295837, 0.403687
0.477439, 0.13993, 0.0820333, 0.288842, 0.41719
0.493354, 0.142897, 0.0882919, 0.281854, 0.430628
0.509269, 0.145757, 0.0947782, 0.274874, 0.443994
0.525183, 0.148514, 0.101492, 0.267903, 0.457278
0.541098, 0.151167, 0.108435, 0.260944, 0.470468
0.557013, 0.153718, 0.115605, 0.253998, 0.483551
0.572927, 0.156169, 0.123003, 0.247066, 0.49651
0.588842, 0.158522, 0.13063, 0.240152, 0.509325
0.604757, 0.160778, 0.138484, 0.233259, 0.521973
0.620671, 0.162941, 0.146567, 0.22639, 0.534424
0.636586, 0.165015, 0.154878, 0.219552, 0.546643
0.6525, 0.167003, 0.163416, 0.212751, 0.558585
0.668415, 0.168912, 0.172183, 0.205994, 0.570196
0.68433, 0.170747, 0.181175, 0.199294, 0.581407
0.700244, 0.172517, 0.190394, 0.192664, 0.592132
0.716159, 0.174233, 0.199835, 0.186123, 0.602263
0.732074, 0.175907, 0.209497, 0.179694, 0.611667
0.747988, 0.177556, 0.219374, 0.173412, 0.620175
0.763903, 0.179199, 0.229457, 0.167316, 0.62759
0.779818, 0.18086, 0.239734, 0.161461, 0.633677
0.795732, 0.182562, 0.250185, 0.155912, 0.638182
0.811647, 0.184332, 0.260782, 0.150743, 0.640855
0.827561, 0.186191, 0.271488, 0.146035, 0.641487
0.843476, 0.188153, 0.282257, 0.141863, 0.639957
0.859391, 0.190225, 0.293036, 0.138284, 0.636263
0.875305, 0.192401, 0.303771, 0.135332, 0.630528
0.89122, 0.194668, 0.314413, 0.133013, 0.622968
0.907135, 0.197012, 0.324918, 0.131306, 0.613851
0.923049, 0.199417, 0.335252, 0.130176, 0.603451
0.938964, 0.201869, 0.345389, 0.12958, 0.59202
0.954879, 0.204358, 0.355311, 0.129469, 0.579771
0.970793, 0.206878, 0.365005, 0.129798, 0.56688
0.986708, 0.209425, 0.374461, 0.130523, 0.553489
1.00262, 0.211996, 0.383672, 0.131605, 0.539706
1.01854, 0.21459, 0.392636, 0.133009, 0.525616
1.03445, 0.217209, 0.401348, 0.134705, 0.511288
1.05037, 0.219853, 0.409808, 0.136665, 0.496771
1.06628, 0.222525, 0.418015, 0.138866, 0.482107
1.0822, 0.225227, 0.425967, 0.141286, 0.467327
1.09811, 0.227961, 0.433665, 0.143908, 0.452457
1.11403, 0.230729, 0.441109, 0.146714, 0.437515
1.12994, 0.233533, 0.448298, 0.14969, 0.422518
1.14585, 0.236377, 0.455235, 0.152824, 0.407478
1.16177, 0.239263, 0.461918, 0.156104, 0.392405
1.17768, 0.242193, 0.468349, 0.159519, 0.377307
1.1936, 0.245169, 0.474528, 0.16306, 0.362191
1.20951, 0.248193, 0.480455, 0.16672, 0.347062
1.22543, 0.251267, 0.486132, 0.170489, 0.331924
1.24134, 0.254393, 0.491558, 0.174362, 0.316781
1.25726, 0.257573, 0.496734, 0.178332, 0.301636
1.27317, 0.260809, 0.501661, 0.182393, 0.286491
1.28909, 0.264103, 0.506339, 0.186541, 0.271348
1.305, 0.267456, 0.510768, 0.19077, 0.256208
1.32092, 0.270869, 0.51495, 0.195076, 0.241073
1.33683, 0.274344, 0.518885, 0.199454, 0.225944
1.35274, 0.277882, 0.522573, 0.203902, 0.210821
1.36866, 0.281485, 0.526014, 0.208416, 0.195706
1.38457, 0.285155, 0.529209, 0.212993, 0.180599
1.40049, 0.288891, 0.532159, 0.217628, 0.1655
1.4164, 0.292695, 0.534863, 0.222321, 0.150409
1.43232, 0.296569, 0.537323, 0.227068, 0.135327
1.44823, 0.300513, 0.539538, 0.231866, 0.120254
1.46415, 0.304528, 0.541509, 0.236714, 0.105191
1.48006, 0.308616, 0.543236, 0.24161, 0.0901361
1.49598, 0.312777, 0.544719, 0.246551, 0.0750905
1.51189, 0.317012, 0.54596, 0.251535, 0.0600542
1.52781, 0.321322, 0.546958, 0.256561, 0.0450272
1.54372, 0.325708, 0.547713, 0.261628, 0.030009
1.55964, 0.330171, 0.548226, 0.266733, 0.0150003
1.57555, 0.33471, 0.548497, 0.271875, 3.72529e-08
1.5904, 0.33844, 0.548858, 0.28036, 0.0121707
1.60525, 0.342297, 0.549399, 0.288844, 0.024341
1.6201, 0.346279, 0.550122, 0.297328, 0.0365108
1.63495, 0.350388, 0.551025, 0.305812, 0.0486801
1.6498, 0.354623, 0.552109, 0.314295, 0.0608489
1.66465, 0.358984, 0.553374, 0.322778, 0.073017
1.6795, 0.363471, 0.55482, 0.33126, 0.0851845
1.69435, 0.368084, 0.556447, 0.339741, 0.0973514
1.7092, 0.372823, 0.558255, 0.348222, 0.109518
1.72405, 0.377689, 0.560244, 0.356702, 0.121683
1.7389, 0.382681, 0.562413, 0.365182, 0.133847
1.75375, 0.387799, 0.564763, 0.37366, 0.146011
1.7686, 0.393043, 0.567295, 0.382138, 0.158174
1.78346, 0.398413, 0.570007, 0.390615, 0.170335
1.79831, 0.40391, 0.5729, 0.39909, 0.182496
1.81316, 0.409532, 0.575973, 0.407565, 0.194655
1.82801, 0.415281, 0.579228, 0.416038, 0.206812
1.84286, 0.421156, 0.582664, 0.42451, 0.218968
1.85771, 0.427157, 0.58628, 0.432981, 0.231123
1.87256, 0.433285, 0.590077, 0.44145, 0.243276
1.88741, 0.439538, 0.594055, 0.449917, 0.255426
1.90226, 0.445918, 0.598214, 0.458382, 0.267574
1.91711, 0.452424, 0.602554, 0.466844, 0.27972
1.93196, 0.459057, 0.607075, 0.475305, 0.291863
1.94681, 0.465815, 0.611776, 0.483762, 0.304002
1.96166, 0.4727, 0.616658, 0.492216, 0.316138
1.97651, 0.479711, 0.621721, 0.500666, 0.32827
1.99136, 0.486849, 0.626965, 0.509113, 0.340397
2.00621, 0.494112, 0.632389, 0.517554, 0.352518
2.02106, 0.501502, 0.637995, 0.52599, 0.364634
2.03591, 0.509019, 0.64378, 0.534419, 0.376741
2.05076, 0.516661, 0.649747, 0.54284, 0.38884
2.06561, 0.524431, 0.655894, 0.551252, 0.400929
2.08046, 0.532326, 0.662222, 0.559654, 0.413005
2.09531, 0.540349, 0.66873, 0.568041, 0.425065
2.11016, 0.548498, 0.675419, 0.576413, 0.437108
2.12501, 0.556774, 0.682288, 0.584763, 0.449126
2.13986, 0.565177, 0.689337, 0.593087, 0.461115
2.15471, 0.573707, 0.696565, 0.601377, 0.473065
2.16956, 0.582365, 0.703974, 0.609621, 0.484963
2.18442, 0.591151, 0.711561, 0.617803, 0.49679
2.19927, 0.600067, 0.719326, 0.625897, 0.508517
2.21412, 0.609112, 0.727268, 0.633859, 0.520094
2.22897, 0.61829, 0.735384, 0.641616, 0.531439
2.24382, 0.627605, 0.743669, 0.649034, 0.542396
2.25867, 0.637064, 0.752114, 0.655837, 0.552652
2.27352, 0.646681, 0.760693, 0.661448, 0.561541
2.28837, 0.656476, 0.769351, 0.664675, 0.567678
2.30322, 0.666445, 0.77798, 0.663925, 0.569167
2.31807, 0.676498, 0.786474, 0.659011, 0.565662
2.33292, 0.686507, 0.7948, 0.651498, 0.558865
2.34777, 0.696399, 0.802963, 0.642755, 0.550339
2.36262, 0.706145, 0.810969, 0.633462, 0.540891
2.37747, 0.715736, 0.818821, 0.623923, 0.530903
2.39232, 0.725168, 0.826518, 0.614278, 0.52057
2.40717, 0.734442, 0.83406, 0.604598, 0.509996
2.42202, 0.743559, 0.841446, 0.594918, 0.499246
2.43687, 0.752521, 0.848673, 0.585254, 0.48836
2.45172, 0.761328, 0.85574, 0.575619, 0.477366
2.46657, 0.769983, 0.862647, 0.566015, 0.466283
2.48142, 0.778486, 0.869391, 0.556445, 0.455125
2.49627, 0.786839, 0.875973, 0.54691, 0.443902
2.51112, 0.795044, 0.882391, 0.537409, 0.432624
2.52597, 0.803102, 0.888643, 0.52794, 0.421297
2.54082, 0.811013, 0.89473, 0.518504, 0.409928
2.55567, 0.818778, 0.900651, 0.509097, 0.398519
2.57052, 0.826399, 0.906404, 0.49972, 0.387076
2.58538, 0.833875, 0.91199, 0.49037, 0.375601
2.60023, 0.841209, 0.917407, 0.481046, 0.364097
2.61508, 0.8484, 0.922656, 0.471746, 0.352567
2.62993, 0.85545, 0.927735, 0.46247, 0.341012
2.64478, 0.862358, 0.932644, 0.453217, 0.329436
2.65963, 0.869125, 0.937383, 0.443984, 0.317838
2.67448, 0.875753, 0.941952, 0.434772, 0.306221
2.68933, 0.88224, 0.946349, 0.425578, 0.294586
2.70418, 0.888589, 0.950576, 0.416403, 0.282934
2.71903, 0.894798, 0.95463, 0.407245, 0.271266
2.73388, 0.90087, 0.958513, 0.398103, 0.259583
2.74873, 0.906803, 0.962224, 0.388978, 0.247886
2.76358, 0.912598, 0.965762, 0.379867, 0.236176
2.77843, 0.918256, 0.969127, 0.37077, 0.224454
2.79328, 0.923777, 0.972319, 0.361687, 0.212719
2.80813, 0.929162, 0.975339, 0.352617, 0.200974
2.82298, 0.93441, 0.978184, 0.34356, 0.189217
2.83783, 0.939521, 0.980857, 0.334514, 0.177451
2.85268, 0.944497, 0.983355, 0.325481, 0.165675
2.86753, 0.949337, 0.98568, 0.316458, 0.153889
2.88238, 0.954041, 0.98783, 0.307446, 0.142096
2.89723, 0.958611, 0.989806, 0.298444, 0.130293
2.91208, 0.963045, 0.991608, 0.289452, 0.118483
2.92693, 0.967344, 0.993235, 0.280469, 0.106664
2.94178, 0.971509, 0.994687, 0.271496, 0.0948384
2.95663, 0.975539, 0.995965, 0.262531, 0.0830058
2.97148, 0.979435, 0.997067, 0.253575, 0.0711662
2.98634, 0.983197, 0.997995, 0.244627, 0.0593203
3.00119, 0.986825, 0.998747, 0.235687, 0.0474678
3.01604, 0.990319, 0.999323, 0.226754, 0.0356094
3.03089, 0.99368, 0.999724, 0.217829, 0.0237451
3.04574, 0.996907, 0.99995, 0.208911, 0.0118752
3.06059, 1, 1, 0.2, -1.11759e-08
