3.06055, 0
0, 0, 0, 0.5, 0
0.0158962, 0.00623331, -0.000559807, 0.493029, 0.0141139
0.0317924, 0.0123563, -0.00089256, 0.486058, 0.0282213
0.0476885, 0.0183689, -0.000998139, 0.479087, 0.0423219
0.0635847, 0.0242712, -0.00087657, 0.472118, 0.0564154
0.0794809, 0.0300632, -0.000527915, 0.465149, 0.0705012
0.0953771, 0.0357451, 4.79491e-05, 0.45818, 0.0845789
0.111273, 0.0413168, 0.000850885, 0.451213, 0.098648
0.127169, 0.0467784, 0.001881, 0.444246, 0.112708
0.143066, 0.05213, 0.00313837, 0.43728, 0.126758
0.158962, 0.0573716, 0.00462286, 0.430315, 0.140797
0.174858, 0.0625033, 0.00633457, 0.423351, 0.154826
0.190754, 0.0675253, 0.00827347, 0.416388, 0.168842
0.20665, 0.0724375, 0.0104396, 0.409426, 0.182846
0.222546, 0.0772401, 0.012833, 0.402466, 0.196835
0.238443, 0.0819331, 0.0154536, 0.395506, 0.21081
0.254339, 0.0865168, 0.0183015, 0.388549, 0.224768
0.270235, 0.0909912, 0.0213767, 0.381592, 0.23871
0.286131, 0.0953565, 0.0246792, 0.374638, 0.252632
0.302027, 0.0996129, 0.0282091, 0.367685, 0.266534
0.317924, 0.10376, 0.0319662, 0.360735, 0.280414
0.33382, 0.107799, 0.0359508, 0.353786, 0.29427
0.349716, 0.11173, 0.0401628, 0.34684, 0.308099
0.365612, 0.115553, 0.0446022, 0.339897, 0.3219
0.381508, 0.119267, 0.0492691, 0.332957, 0.335669
0.397404, 0.122874, 0.0541636, 0.32602, 0.349403
0.413301, 0.126375, 0.0592856, 0.319087, 0.363098
0.429197, 0.129768, 0.0646351, 0.312158, 0.37675
0.445093, 0.133055, 0.0702123, 0.305234, 0.390356
0.460989, 0.136237, 0.0760172, 0.298315, 0.403908
0.476885, 0.139313, 0.0820499, 0.291402, 0.417401
0.492782, 0.142285, 0.0883104, 0.284495, 0.430827
0.508678, 0.145154, 0.0947987, 0.277597, 0.444178
0.524574, 0.14792, 0.101515, 0.270707, 0.457444
0.54047, 0.150585, 0.108459, 0.263828, 0.470612
0.556366, 0.15315, 0.115631, 0.25696, 0.48367
0.572262, 0.155617, 0.123032, 0.250107, 0.496599
0.588159, 0.157988, 0.13066, 0.24327, 0.50938
0.604055, 0.160266, 0.138517, 0.236453, 0.521988
0.619951, 0.162452, 0.146601, 0.22966, 0.534394
0.635847, 0.164551, 0.154913, 0.222895, 0.546561
0.651743, 0.166568, 0.163453, 0.216165, 0.558444
0.667639, 0.168508, 0.17222, 0.209477, 0.569987
0.683536, 0.170377, 0.181214, 0.202843, 0.581123
0.699432, 0.172184, 0.190431, 0.196275, 0.591763
0.715328, 0.17394, 0.199872, 0.189791, 0.601802
0.731224, 0.175658, 0.209531, 0.183414, 0.611105
0.74712, 0.177354, 0.219403, 0.177176, 0.619509
0.763017, 0.179047, 0.22948, 0.171114, 0.62682
0.778913, 0.18076, 0.239748, 0.16528, 0.63281
0.794809, 0.182516, 0.250187, 0.159734, 0.637236
0.810705, 0.18434, 0.260769, 0.154547, 0.639859
0.826601, 0.186252, 0.271458, 0.149795, 0.640481
0.842497, 0.188267, 0.282209, 0.14555, 0.638986
0.858394, 0.190388, 0.292969, 0.141868, 0.635371
0.87429, 0.192612, 0.303686, 0.138784, 0.62975
0.890186, 0.194925, 0.314312, 0.136308, 0.622325
0.906082, 0.197314, 0.324805, 0.134427, 0.61335
0.921978, 0.199762, 0.335129, 0.133109, 0.60309
0.937875, 0.202257, 0.345259, 0.132315, 0.591788
0.953771, 0.204787, 0.355176, 0.132001, 0.579656
0.969667, 0.207346, 0.364867, 0.132125, 0.566868
0.985563, 0.20993, 0.374321, 0.132644, 0.553564
1.00146, 0.212536, 0.383533, 0.133522, 0.539855
1.01736, 0.215163, 0.392498, 0.134724, 0.525828
1.03325, 0.217813, 0.401212, 0.13622, 0.511551
1.04915, 0.220485, 0.409675, 0.137983, 0.497076
1.06504, 0.223181, 0.417885, 0.13999, 0.482446
1.08094, 0.225905, 0.425841, 0.142219, 0.467693
1.09684, 0.228658, 0.433543, 0.144653, 0.452843
1.11273, 0.231442, 0.440991, 0.147274, 0.437917
1.12863, 0.234261, 0.448186, 0.150068, 0.42293
1.14452, 0.237115, 0.455127, 0.153023, 0.407897
1.16042, 0.240009, 0.461815, 0.156127, 0.392827
1.17632, 0.242943, 0.468251, 0.159368, 0.377729
1.19221, 0.245921, 0.474435, 0.162739, 0.36261
1.20811, 0.248944, 0.480367, 0.166229, 0.347476
1.22401, 0.252014, 0.486048, 0.169832, 0.332331
1.2399, 0.255134, 0.491479, 0.173541, 0.317179
1.2558, 0.258305, 0.49666, 0.177349, 0.302023
1.27169, 0.261529, 0.501592, 0.18125, 0.286866
1.28759, 0.264808, 0.506275, 0.185239, 0.271709
1.30349, 0.268143, 0.510709, 0.189312, 0.256555
1.31938, 0.271536, 0.514895, 0.193463, 0.241405
1.33528, 0.274988, 0.518834, 0.197689, 0.226259
1.35118, 0.278501, 0.522526, 0.201985, 0.211119
1.36707, 0.282076, 0.525972, 0.206349, 0.195986
1.38297, 0.285715, 0.529171, 0.210777, 0.180859
1.39886, 0.289418, 0.532124, 0.215265, 0.165741
1.41476, 0.293187, 0.534833, 0.219812, 0.15063
1.43066, 0.297022, 0.537296, 0.224414, 0.135528
1.44655, 0.300926, 0.539514, 0.229069, 0.120434
1.46245, 0.304898, 0.541489, 0.233775, 0.105349
1.47834, 0.30894, 0.543219, 0.238529, 0.0902728
1.49424, 0.313053, 0.544706, 0.24333, 0.0752052
1.51014, 0.317238, 0.54595, 0.248175, 0.0601467
1.52603, 0.321495, 0.54695, 0.253063, 0.0450969
1.54193, 0.325826, 0.547708, 0.257993, 0.0300558
1.55783, 0.330231, 0.548223, 0.262962, 0.0150235
1.57372, 0.33471, 0.548497, 0.267969, -2.16067e-07
1.58859, 0.338408, 0.548844, 0.27651, 0.0121551
1.60346, 0.342234, 0.549372, 0.285051, 0.0243098
1.61833, 0.346186, 0.55008, 0.293591, 0.0364641
1.63319, 0.350266, 0.55097, 0.302131, 0.0486179
1.64806, 0.354472, 0.55204, 0.310671, 0.0607713
1.66293, 0.358806, 0.553291, 0.31921, 0.0729241
1.6778, 0.363267, 0.554723, 0.327749, 0.0850764
1.69267, 0.367855, 0.556336, 0.336287, 0.097228
1.70754, 0.37257, 0.55813, 0.344825, 0.109379
1.7224, 0.377412, 0.560104, 0.353362, 0.121529
1.73727, 0.382382, 0.56226, 0.361898, 0.133679
1.75214, 0.387478, 0.564596, 0.370434, 0.145828
1.76701, 0.392702, 0.567113, 0.378969, 0.157976
1.78188, 0.398053, 0.569811, 0.387503, 0.170123
1.79675, 0.403531, 0.57269, 0.396036, 0.182268
1.81161, 0.409136, 0.57575, 0.404568, 0.194413
1.82648, 0.414868, 0.57899, 0.413099, 0.206557
1.84135, 0.420728, 0.582411, 0.421629, 0.218699
1.85622, 0.426715, 0.586013, 0.430158, 0.23084
1.87109, 0.432828, 0.589796, 0.438685, 0.242979
1.88596, 0.439069, 0.59376, 0.44721, 0.255116
1.90082, 0.445438, 0.597905, 0.455734, 0.267251
1.91569, 0.451933, 0.60223, 0.464256, 0.279384
1.93056, 0.458555, 0.606736, 0.472775, 0.291514
1.94543, 0.465305, 0.611423, 0.481292, 0.303642
1.9603, 0.472182, 0.616291, 0.489806, 0.315766
1.97517, 0.479186, 0.62134, 0.498317, 0.327886
1.99003, 0.486318, 0.626569, 0.506824, 0.340003
2.0049, 0.493576, 0.631979, 0.515327, 0.352114
2.01977, 0.500962, 0.63757, 0.523825, 0.36422
2.03464, 0.508476, 0.643341, 0.532317, 0.376319
2.04951, 0.516116, 0.649293, 0.540802, 0.388411
2.06438, 0.523884, 0.655426, 0.549279, 0.400493
2.07924, 0.53178, 0.66174, 0.557747, 0.412564
2.09411, 0.539802, 0.668234, 0.566203, 0.424622
2.10898, 0.547953, 0.674908, 0.574644, 0.436663
2.12385, 0.556231, 0.681763, 0.583067, 0.448684
2.13872, 0.564637, 0.688797, 0.591467, 0.460678
2.15359, 0.573171, 0.696012, 0.599837, 0.472638
2.16845, 0.581834, 0.703407, 0.608167, 0.484553
2.18332, 0.590625, 0.710981, 0.616443, 0.496405
2.19819, 0.599546, 0.718733, 0.62464, 0.508169
2.21306, 0.608598, 0.726663, 0.632724, 0.519801
2.22793, 0.617782, 0.734767, 0.640628, 0.531229
2.2428, 0.627102, 0.743044, 0.648232, 0.542313
2.25766, 0.636565, 0.751482, 0.655293, 0.552774
2.27253, 0.646183, 0.760064, 0.66127, 0.561989
2.2874, 0.655977, 0.768736, 0.664989, 0.568591
2.30227, 0.66595, 0.777391, 0.664667, 0.570464
2.31714, 0.676014, 0.785913, 0.6599, 0.567015
2.33201, 0.686037, 0.794266, 0.652378, 0.560094
2.34687, 0.695941, 0.802456, 0.643601, 0.551419
2.36174, 0.705699, 0.810487, 0.634282, 0.541839
2.37661, 0.715301, 0.818364, 0.624727, 0.531742
2.39148, 0.724744, 0.826085, 0.615074, 0.521317
2.40635, 0.73403, 0.833649, 0.60539, 0.510666
2.42122, 0.743158, 0.841056, 0.595708, 0.499849
2.43608, 0.752132, 0.848304, 0.586044, 0.488906
2.45095, 0.760951, 0.855391, 0.576408, 0.47786
2.46582, 0.769618, 0.862317, 0.566804, 0.466731
2.48069, 0.778134, 0.869079, 0.557233, 0.455532
2.49556, 0.786501, 0.875678, 0.547695, 0.444272
2.51043, 0.794719, 0.882112, 0.53819, 0.432961
2.52529, 0.80279, 0.888381, 0.528717, 0.421604
2.54016, 0.810714, 0.894483, 0.519274, 0.410207
2.55503, 0.818492, 0.900418, 0.50986, 0.398773
2.5699, 0.826126, 0.906185, 0.500474, 0.387306
2.58477, 0.833616, 0.911784, 0.491115, 0.37581
2.59964, 0.840963, 0.917214, 0.48178, 0.364286
2.6145, 0.848167, 0.922474, 0.472468, 0.352738
2.62937, 0.85523, 0.927565, 0.463179, 0.341167
2.64424, 0.862151, 0.932485, 0.453911, 0.329575
2.65911, 0.868931, 0.937235, 0.444664, 0.317963
2.67398, 0.87557, 0.941814, 0.435435, 0.306333
2.68885, 0.88207, 0.946221, 0.426225, 0.294685
2.70371, 0.88843, 0.950457, 0.417031, 0.283022
2.71858, 0.894651, 0.95452, 0.407854, 0.271344
2.73345, 0.900734, 0.958411, 0.398693, 0.259651
2.74832, 0.906678, 0.96213, 0.389547, 0.247946
2.76319, 0.912484, 0.965675, 0.380415, 0.236228
2.77806, 0.918152, 0.969048, 0.371296, 0.224498
2.79292, 0.923683, 0.972247, 0.36219, 0.212757
2.80779, 0.929076, 0.975273, 0.353097, 0.201006
2.82266, 0.934333, 0.978125, 0.344016, 0.189244
2.83753, 0.939453, 0.980803, 0.334946, 0.177473
2.8524, 0.944437, 0.983307, 0.325887, 0.165692
2.86727, 0.949284, 0.985637, 0.316838, 0.153903
2.88213, 0.953996, 0.987792, 0.3078, 0.142106
2.897, 0.958572, 0.989773, 0.298771, 0.1303
2.91187, 0.963012, 0.991579, 0.289751, 0.118487
2.92674, 0.967317, 0.99321, 0.280741, 0.106667
2.94161, 0.971487, 0.994666, 0.271739, 0.0948395
2.95648, 0.975522, 0.995947, 0.262745, 0.0830053
2.97134, 0.979422, 0.997053, 0.25376, 0.0711649
2.98621, 0.983188, 0.997983, 0.244782, 0.0593182
3.00108, 0.986819, 0.998738, 0.235812, 0.0474657
3.01595, 0.990315, 0.999317, 0.226848, 0.0356072
3.03082, 0.993677, 0.999721, 0.217892, 0.0237434
3.04569, 0.996906, 0.999948, 0.208943, 0.0118743
3.06055, 1, 1, 0.2, -1.37836e-07
