2.43187, 0
0, 0, 0, 0.5, 0
0.0116135, 0.00621772, 0.00031423, 0.494474, 0.0101979
0.0232269, 0.0123712, 0.000747028, 0.488948, 0.0203955
0.0348404, 0.0184602, 0.00129829, 0.483422, 0.030593
0.0464539, 0.0244849, 0.00196818, 0.477897, 0.0407901
0.0580673, 0.0304453, 0.00275655, 0.472372, 0.050987
0.0696808, 0.0363412, 0.00366343, 0.466848, 0.0611835
0.0812942, 0.0421729, 0.00468878, 0.461324, 0.0713798
0.0929077, 0.0479402, 0.0058327, 0.455801, 0.0815758
0.104521, 0.0536432, 0.00709514, 0.450278, 0.0917715
0.116135, 0.0592818, 0.00847611, 0.444756, 0.101967
0.127748, 0.064856, 0.00997563, 0.439234, 0.112162
0.139362, 0.0703659, 0.0115936, 0.433712, 0.122356
0.150975, 0.0758114, 0.0133302, 0.428191, 0.132551
0.162588, 0.0811926, 0.0151852, 0.422671, 0.142744
0.174202, 0.0865094, 0.0171588, 0.417152, 0.152938
0.185815, 0.0917619, 0.0192509, 0.411633, 0.163131
0.197429, 0.09695, 0.0214615, 0.406115, 0.173323
0.209042, 0.102074, 0.0237906, 0.400597, 0.183515
0.220656, 0.107133, 0.0262382, 0.39508, 0.193707
0.232269, 0.112128, 0.0288043, 0.389564, 0.203898
0.243883, 0.117059, 0.031489, 0.384049, 0.214088
0.255496, 0.121925, 0.0342921, 0.378535, 0.224278
0.26711, 0.126727, 0.0372138, 0.373022, 0.234467
0.278723, 0.131465, 0.040254, 0.36751, 0.244656
0.290337, 0.136138, 0.0434127, 0.361998, 0.254844
0.30195, 0.140747, 0.0466898, 0.356488, 0.265031
0.313563, 0.145291, 0.0500855, 0.350979, 0.275217
0.325177, 0.149771, 0.0535997, 0.345472, 0.285402
0.33679, 0.154187, 0.0572324, 0.339965, 0.295587
0.348404, 0.158538, 0.0609835, 0.33446, 0.305771
0.360017, 0.162825, 0.0648532, 0.328957, 0.315953
0.371631, 0.167047, 0.0688413, 0.323455, 0.326135
0.383244, 0.171206, 0.0729479, 0.317955, 0.336315
0.394858, 0.175299, 0.077173, 0.312456, 0.346494
0.406471, 0.179329, 0.0815166, 0.30696, 0.356672
0.418085, 0.183294, 0.0859787, 0.301465, 0.366849
0.429698, 0.187194, 0.0905592, 0.295973, 0.377024
0.441312, 0.19103, 0.0952581, 0.290483, 0.387197
0.452925, 0.194802, 0.100076, 0.284996, 0.397368
0.464538, 0.198509, 0.105011, 0.279512, 0.407538
0.476152, 0.202152, 0.110066, 0.27403, 0.417706
0.487765, 0.205731, 0.115239, 0.268552, 0.427871
0.499379, 0.209245, 0.12053, 0.263077, 0.438034
0.510992, 0.212694, 0.125939, 0.257606, 0.448195
0.522606, 0.216079, 0.131467, 0.25214, 0.458352
0.534219, 0.2194, 0.137114, 0.246677, 0.468507
0.545833, 0.222656, 0.142878, 0.24122, 0.478658
0.557446, 0.225847, 0.148761, 0.235769, 0.488805
0.56906, 0.228974, 0.154763, 0.230323, 0.498948
0.580673, 0.232037, 0.160883, 0.224884, 0.509087
0.592287, 0.235035, 0.167121, 0.219453, 0.51922
0.6039, 0.237968, 0.173477, 0.21403, 0.529348
0.615514, 0.240837, 0.179951, 0.208616, 0.539469
0.627127, 0.243641, 0.186544, 0.203213, 0.549583
0.63874, 0.246381, 0.193255, 0.197822, 0.559688
0.650354, 0.249055, 0.200084, 0.192443, 0.569785
0.661967, 0.251665, 0.207031, 0.187081, 0.579871
0.673581, 0.25421, 0.214096, 0.181735, 0.589944
0.685194, 0.25669, 0.221279, 0.17641, 0.600003
0.696808, 0.259105, 0.228579, 0.171109, 0.610046
0.708421, 0.261455, 0.235997, 0.165835, 0.62007
0.720035, 0.26374, 0.243533, 0.160593, 0.63007
0.731648, 0.265959, 0.251185, 0.15539, 0.640043
0.743262, 0.268113, 0.258955, 0.150234, 0.649982
0.754875, 0.2702, 0.266841, 0.145134, 0.65988
0.766489, 0.272222, 0.274844, 0.140105, 0.669728
0.778102, 0.274176, 0.282961, 0.135163, 0.679511
0.789715, 0.276064, 0.291194, 0.130332, 0.689212
0.801329, 0.277883, 0.299539, 0.125646, 0.698806
0.812942, 0.279633, 0.307997, 0.12115, 0.708256
0.824556, 0.281312, 0.316563, 0.11691, 0.71751
0.836169, 0.282919, 0.325234, 0.113022, 0.726488
0.847783, 0.284451, 0.334004, 0.109631, 0.735068
0.859396, 0.285904, 0.342864, 0.106954, 0.743059
0.87101, 0.287276, 0.351797, 0.105301, 0.750171
0.882623, 0.288568, 0.36078, 0.105078, 0.755986
0.894237, 0.289788, 0.369782, 0.106702, 0.76
0.90585, 0.290963, 0.378766, 0.11037, 0.761807
0.917464, 0.292135, 0.387704, 0.115879, 0.761331
0.929077, 0.29335, 0.396578, 0.122722, 0.75885
0.94069, 0.294639, 0.405381, 0.13036, 0.754805
0.952304, 0.296023, 0.414108, 0.138402, 0.7496
0.963917, 0.297509, 0.422757, 0.146603, 0.743547
0.975531, 0.299101, 0.431323, 0.154827, 0.736865
0.987144, 0.300799, 0.439805, 0.163003, 0.729706
0.998758, 0.302601, 0.448199, 0.171095, 0.722177
1.01037, 0.304506, 0.456503, 0.179088, 0.714355
1.02198, 0.306512, 0.464714, 0.186976, 0.706296
1.0336, 0.308616, 0.472831, 0.19476, 0.698042
1.04521, 0.310816, 0.480851, 0.202443, 0.689624
1.05683, 0.313111, 0.488774, 0.210031, 0.681068
1.06844, 0.3155, 0.496598, 0.21753, 0.672393
1.08005, 0.31798, 0.504321, 0.224945, 0.663615
1.09167, 0.32055, 0.511942, 0.232282, 0.654747
1.10328, 0.323208, 0.519462, 0.239546, 0.6458
1.11489, 0.325955, 0.526877, 0.246742, 0.636782
1.12651, 0.328788, 0.534189, 0.253875, 0.627701
1.13812, 0.331707, 0.541396, 0.26095, 0.618564
1.14973, 0.33471, 0.548497, 0.267969, 0.609375
1.16255, 0.338626, 0.556375, 0.272288, 0.621242
1.17538, 0.342589, 0.564406, 0.276676, 0.633078
1.1882, 0.3466, 0.572591, 0.281135, 0.64488
1.20102, 0.35066, 0.580928, 0.285668, 0.656647
1.21384, 0.35477, 0.589418, 0.290281, 0.668375
1.22666, 0.358931, 0.598059, 0.294976, 0.680062
1.23948, 0.363143, 0.606852, 0.299759, 0.691705
1.2523, 0.367408, 0.615796, 0.304633, 0.703301
1.26513, 0.371727, 0.624889, 0.309603, 0.714846
1.27795, 0.3761, 0.634133, 0.314675, 0.726337
1.29077, 0.38053, 0.643525, 0.319855, 0.737769
1.30359, 0.385017, 0.653065, 0.325149, 0.749137
1.31641, 0.389562, 0.662752, 0.330562, 0.760437
1.32923, 0.394168, 0.672586, 0.336104, 0.771662
1.34205, 0.398836, 0.682564, 0.34178, 0.782805
1.35487, 0.403566, 0.692688, 0.3476, 0.793859
1.3677, 0.408362, 0.702954, 0.353571, 0.804817
1.38052, 0.413224, 0.713362, 0.359705, 0.815667
1.39334, 0.418155, 0.72391, 0.366012, 0.826401
1.40616, 0.423158, 0.734597, 0.372502, 0.837005
1.41898, 0.428233, 0.745421, 0.379188, 0.847466
1.4318, 0.433384, 0.756379, 0.386083, 0.857768
1.44462, 0.438613, 0.767471, 0.393201, 0.867894
1.45745, 0.443922, 0.778694, 0.400557, 0.877823
1.47027, 0.449316, 0.790044, 0.408167, 0.887531
1.48309, 0.454797, 0.801519, 0.416048, 0.896991
1.49591, 0.460368, 0.813115, 0.424216, 0.906173
1.50873, 0.466033, 0.824828, 0.432691, 0.91504
1.52155, 0.471795, 0.836655, 0.44149, 0.92355
1.53437, 0.47766, 0.84859, 0.450629, 0.931656
1.5472, 0.483631, 0.860627, 0.460124, 0.939302
1.56002, 0.489713, 0.87276, 0.469987, 0.946428
1.57284, 0.49591, 0.884982, 0.480227, 0.952962
1.58566, 0.502228, 0.897284, 0.490844, 0.958828
1.59848, 0.508671, 0.909657, 0.501829, 0.963941
1.6113, 0.515245, 0.92209, 0.513161, 0.968211
1.62412, 0.521953, 0.934572, 0.524803, 0.97155
1.63695, 0.5288, 0.947089, 0.536701, 0.973871
1.64977, 0.535789, 0.959628, 0.548783, 0.975099
1.66259, 0.542924, 0.972174, 0.560958, 0.975177
1.67541, 0.550206, 0.984711, 0.573125, 0.974073
1.68823, 0.557636, 0.997225, 0.585176, 0.971783
1.70105, 0.565212, 1.0097, 0.597003, 0.968333
1.71387, 0.572932, 1.02212, 0.608511, 0.963778
1.7267, 0.580793, 1.03447, 0.619619, 0.958195
1.73952, 0.58879, 1.04674, 0.630265, 0.951675
1.75234, 0.596919, 1.05892, 0.640409, 0.944318
1.76516, 0.605172, 1.071, 0.65003, 0.936222
1.77798, 0.613544, 1.08297, 0.659121, 0.927482
1.7908, 0.622029, 1.09482, 0.667689, 0.918186
1.80362, 0.630621, 1.10655, 0.675749, 0.908411
1.81644, 0.639313, 1.11815, 0.683322, 0.898227
1.82927, 0.648099, 1.12961, 0.690434, 0.887692
1.84209, 0.656973, 1.14094, 0.697111, 0.876858
1.85491, 0.665931, 1.15212, 0.70338, 0.865767
1.86773, 0.674968, 1.16316, 0.709267, 0.854457
1.88055, 0.684078, 1.17406, 0.714799, 0.842958
1.89337, 0.693257, 1.1848, 0.719999, 0.831296
1.90619, 0.702502, 1.19539, 0.72489, 0.819495
1.91902, 0.711808, 1.20583, 0.729494, 0.807573
1.93184, 0.721172, 1.21611, 0.73383, 0.795545
1.94466, 0.730591, 1.22624, 0.737917, 0.783426
1.95748, 0.74006, 1.23622, 0.74177, 0.771227
1.9703, 0.749579, 1.24603, 0.745405, 0.758958
1.98312, 0.759143, 1.25569, 0.748836, 0.746628
1.99594, 0.76875, 1.26519, 0.752076, 0.734244
2.00877, 0.778398, 1.27453, 0.755138, 0.721812
2.02159, 0.788084, 1.28371, 0.758031, 0.709338
2.03441, 0.797807, 1.29273, 0.760765, 0.696827
2.04723, 0.807565, 1.30159, 0.763351, 0.684283
2.06005, 0.817355, 1.31029, 0.765796, 0.67171
2.07287, 0.827176, 1.31882, 0.768109, 0.65911
2.08569, 0.837026, 1.3272, 0.770296, 0.646487
2.09852, 0.846904, 1.33541, 0.772365, 0.633843
2.11134, 0.856807, 1.34346, 0.774321, 0.621181
2.12416, 0.866736, 1.35134, 0.77617, 0.608502
2.13698, 0.876688, 1.35907, 0.777918, 0.595808
2.1498, 0.886661, 1.36663, 0.77957, 0.5831
2.16262, 0.896656, 1.37403, 0.78113, 0.57038
2.17544, 0.90667, 1.38126, 0.782602, 0.55765
2.18826, 0.916703, 1.38833, 0.783991, 0.544909
2.20109, 0.926753, 1.39524, 0.785301, 0.53216
2.21391, 0.93682, 1.40199, 0.786534, 0.519403
2.22673, 0.946903, 1.40857, 0.787695, 0.506639
2.23955, 0.957, 1.41498, 0.788786, 0.493868
2.25237, 0.967111, 1.42123, 0.78981, 0.481092
2.26519, 0.977234, 1.42732, 0.790771, 0.46831
2.27801, 0.98737, 1.43325, 0.791669, 0.455524
2.29084, 0.997517, 1.43901, 0.792509, 0.442733
2.30366, 1.00767, 1.44461, 0.793293, 0.429939
2.31648, 1.01784, 1.45004, 0.794021, 0.417141
2.3293, 1.02802, 1.45531, 0.794698, 0.40434
2.34212, 1.0382, 1.46041, 0.795323, 0.391537
2.35494, 1.0484, 1.46535, 0.7959, 0.37873
2.36776, 1.0586, 1.47013, 0.79643, 0.365922
2.38059, 1.0688, 1.47474, 0.796915, 0.353112
2.39341, 1.07902, 1.47919, 0.797356, 0.340301
2.40623, 1.08924, 1.48347, 0.797755, 0.327487
2.41905, 1.09946, 1.48759, 0.798113, 0.314673
2.43187, 1.10969, 1.49154, 0.798431, 0.301857
