2.30595, 0.0913505
0, 0, 0, 0.5, 0
0.0111074, 0.00476526, 5.03505e-05, 0.49927, 0.0110398
0.0222149, 0.00952335, 0.000223873, 0.498537, 0.0220782
0.0333223, 0.0142742, 0.000520493, 0.497803, 0.0331154
0.0444297, 0.0190178, 0.000940075, 0.497066, 0.0441512
0.0555371, 0.0237543, 0.0014828, 0.496327, 0.0551856
0.0666446, 0.0284833, 0.00214854, 0.495587, 0.0662186
0.077752, 0.0332056, 0.00293747, 0.494843, 0.0772499
0.0888594, 0.0379203, 0.00384932, 0.494097, 0.0882798
0.0999668, 0.042628, 0.00488427, 0.493348, 0.0993079
0.111074, 0.0473283, 0.00604227, 0.492596, 0.110334
0.122182, 0.0520214, 0.00732329, 0.491842, 0.121359
0.133289, 0.0567075, 0.00872737, 0.491084, 0.132382
0.144397, 0.0613862, 0.0102545, 0.490324, 0.143402
0.155504, 0.0660579, 0.0119047, 0.48956, 0.154421
0.166611, 0.0707223, 0.0136778, 0.488793, 0.165438
0.177719, 0.0753795, 0.015574, 0.488023, 0.176452
0.188826, 0.0800294, 0.0175932, 0.487248, 0.187464
0.199934, 0.0846722, 0.0197354, 0.48647, 0.198473
0.211041, 0.0893077, 0.0220006, 0.485688, 0.20948
0.222149, 0.0939361, 0.0243887, 0.484901, 0.220484
0.233256, 0.0985572, 0.0268999, 0.484111, 0.231485
0.244363, 0.103171, 0.029534, 0.483315, 0.242483
0.255471, 0.107778, 0.0322911, 0.482514, 0.253478
0.266578, 0.112377, 0.0351711, 0.481709, 0.26447
0.277686, 0.11697, 0.0381741, 0.480898, 0.275458
0.288793, 0.121555, 0.0412999, 0.480081, 0.286442
0.299901, 0.126133, 0.0445487, 0.479258, 0.297423
0.311008, 0.130704, 0.0479204, 0.478429, 0.308399
0.322115, 0.135267, 0.051415, 0.477594, 0.319371
0.333223, 0.139824, 0.0550324, 0.476751, 0.330338
0.34433, 0.144373, 0.0587727, 0.475901, 0.3413
0.355438, 0.148915, 0.0626358, 0.475043, 0.352257
0.366545, 0.153449, 0.0666217, 0.474176, 0.363208
0.377653, 0.157977, 0.0707304, 0.473301, 0.374153
0.38876, 0.162497, 0.0749618, 0.472416, 0.385092
0.399867, 0.16701, 0.079316, 0.471521, 0.396024
0.410975, 0.171516, 0.0837929, 0.470616, 0.406949
0.422082, 0.176015, 0.0883925, 0.469699, 0.417865
0.43319, 0.180507, 0.0931147, 0.46877, 0.428774
0.444297, 0.184991, 0.0979595, 0.467828, 0.439673
0.455404, 0.189468, 0.102927, 0.466872, 0.450563
0.466512, 0.193938, 0.108017, 0.465902, 0.461442
0.477619, 0.198401, 0.113229, 0.464915, 0.47231
0.488727, 0.202857, 0.118564, 0.463911, 0.483166
0.499834, 0.207306, 0.124021, 0.462889, 0.494009
0.510942, 0.211747, 0.1296, 0.461846, 0.504837
0.522049, 0.216181, 0.135302, 0.460782, 0.515649
0.533157, 0.220608, 0.141126, 0.459695, 0.526444
0.544264, 0.225028, 0.147071, 0.458581, 0.53722
0.555371, 0.229441, 0.153139, 0.457441, 0.547976
0.566479, 0.233846, 0.159328, 0.45627, 0.558709
0.577586, 0.238245, 0.165639, 0.455065, 0.569416
0.588694, 0.242636, 0.172072, 0.453825, 0.580096
0.599801, 0.247021, 0.178626, 0.452545, 0.590745
0.610908, 0.251398, 0.185301, 0.45122, 0.601359
0.622016, 0.255768, 0.192097, 0.449847, 0.611935
0.633123, 0.260131, 0.199014, 0.44842, 0.622467
0.644231, 0.264487, 0.206051, 0.446933, 0.63295
0.655338, 0.268836, 0.213207, 0.445379, 0.643377
0.666446, 0.273178, 0.220484, 0.443749, 0.65374
0.677553, 0.277513, 0.227879, 0.442035, 0.66403
0.68866, 0.281841, 0.235393, 0.440226, 0.674236
0.699768, 0.286163, 0.243025, 0.438308, 0.684345
0.710875, 0.290477, 0.250773, 0.436267, 0.694339
0.721983, 0.294785, 0.258637, 0.434084, 0.704199
0.73309, 0.299086, 0.266616, 0.43174, 0.713902
0.744198, 0.303381, 0.274707, 0.42921, 0.723415
0.755305, 0.307669, 0.282909, 0.426465, 0.732701
0.766412, 0.311951, 0.29122, 0.423469, 0.741712
0.77752, 0.316226, 0.299635, 0.420185, 0.750389
0.788627, 0.320495, 0.308152, 0.416566, 0.758655
0.799735, 0.324756, 0.316764, 0.412561, 0.766415
0.810842, 0.329011, 0.325465, 0.408115, 0.773551
0.82195, 0.333256, 0.334246, 0.403175, 0.779918
0.833057, 0.337491, 0.343097, 0.397694, 0.785342
0.844164, 0.341713, 0.352002, 0.391651, 0.789636
0.855272, 0.345915, 0.360946, 0.385058, 0.792609
0.866379, 0.350091, 0.369909, 0.37798, 0.794097
0.877487, 0.354231, 0.378872, 0.370536, 0.793998
0.888594, 0.358325, 0.387812, 0.36289, 0.792305
0.899702, 0.362364, 0.396712, 0.355218, 0.789099
0.910809, 0.366339, 0.405554, 0.347681, 0.784536
0.921916, 0.370246, 0.414326, 0.340403, 0.778807
0.933024, 0.374081, 0.423017, 0.333466, 0.772111
0.944131, 0.377845, 0.431619, 0.326909, 0.764626
0.955239, 0.381539, 0.440125, 0.320747, 0.75651
0.966346, 0.385165, 0.44853, 0.314974, 0.747887
0.977454, 0.388727, 0.456831, 0.309571, 0.738858
0.988561, 0.392228, 0.465025, 0.304516, 0.729503
0.999668, 0.395671, 0.473108, 0.299783, 0.719883
1.01078, 0.399059, 0.48108, 0.295347, 0.710049
1.02188, 0.402397, 0.488939, 0.291183, 0.700038
1.03299, 0.405686, 0.496682, 0.287268, 0.689881
1.0441, 0.40893, 0.50431, 0.283581, 0.679602
1.05521, 0.412132, 0.511821, 0.280104, 0.669221
1.06631, 0.415293, 0.519215, 0.276819, 0.658754
1.07742, 0.418415, 0.52649, 0.27371, 0.648213
1.08853, 0.421502, 0.533647, 0.270764, 0.63761
1.09964, 0.424554, 0.540685, 0.267969, 0.626953
1.1117, 0.429976, 0.548773, 0.271729, 0.636356
1.12376, 0.43541, 0.556986, 0.275555, 0.645661
1.13582, 0.440856, 0.565323, 0.279451, 0.654861
1.14789, 0.446314, 0.573781, 0.283419, 0.663953
1.15995, 0.451784, 0.582361, 0.287461, 0.672931
1.17201, 0.457264, 0.591061, 0.291581, 0.681787
1.18408, 0.462756, 0.599878, 0.295781, 0.690516
1.19614, 0.468258, 0.608813, 0.300065, 0.699111
1.2082, 0.473771, 0.617863, 0.304435, 0.707564
1.22027, 0.479294, 0.627026, 0.308894, 0.715868
1.23233, 0.484826, 0.636301, 0.313447, 0.724015
1.24439, 0.490369, 0.645685, 0.318095, 0.731996
1.25646, 0.49592, 0.655177, 0.322842, 0.739802
1.26852, 0.501481, 0.664774, 0.327691, 0.747424
1.28058, 0.507051, 0.674474, 0.332646, 0.754851
1.29265, 0.512629, 0.684273, 0.337709, 0.762074
1.30471, 0.518217, 0.694171, 0.342883, 0.76908
1.31677, 0.523812, 0.704163, 0.348172, 0.77586
1.32884, 0.529417, 0.714246, 0.353578, 0.7824
1.3409, 0.53503, 0.724417, 0.359104, 0.788689
1.35296, 0.540651, 0.734672, 0.364751, 0.794713
1.36503, 0.546281, 0.745008, 0.370522, 0.80046
1.37709, 0.551921, 0.75542, 0.376419, 0.805916
1.38915, 0.557569, 0.765904, 0.382441, 0.811067
1.40121, 0.563228, 0.776457, 0.388591, 0.815901
1.41328, 0.568897, 0.787072, 0.394867, 0.820402
1.42534, 0.574577, 0.797745, 0.401269, 0.824557
1.4374, 0.58027, 0.80847, 0.407796, 0.828353
1.44947, 0.585976, 0.819243, 0.414446, 0.831776
1.46153, 0.591697, 0.830058, 0.421215, 0.834813
1.47359, 0.597433, 0.840908, 0.4281, 0.837453
1.48566, 0.603187, 0.851787, 0.435096, 0.839685
1.49772, 0.608961, 0.86269, 0.442197, 0.841497
1.50978, 0.614756, 0.873609, 0.449397, 0.842882
1.52185, 0.620574, 0.884539, 0.456688, 0.843831
1.53391, 0.626419, 0.895473, 0.464061, 0.844339
1.54597, 0.632293, 0.906403, 0.471508, 0.844401
1.55804, 0.638197, 0.917324, 0.479018, 0.844014
1.5701, 0.644136, 0.928229, 0.486582, 0.843177
1.58216, 0.650111, 0.939111, 0.494188, 0.841892
1.59423, 0.656127, 0.949964, 0.501826, 0.84016
1.60629, 0.662184, 0.960781, 0.509482, 0.837986
1.61835, 0.668288, 0.971557, 0.517147, 0.835376
1.63042, 0.674439, 0.982285, 0.524809, 0.832338
1.64248, 0.680642, 0.992959, 0.532456, 0.82888
1.65454, 0.686899, 1.00357, 0.540078, 0.825014
1.6666, 0.693212, 1.01412, 0.547663, 0.820751
1.67867, 0.699584, 1.02461, 0.555204, 0.816103
1.69073, 0.706016, 1.03501, 0.562689, 0.811084
1.70279, 0.712512, 1.04534, 0.57011, 0.805707
1.71486, 0.719072, 1.05559, 0.57746, 0.799987
1.72692, 0.725698, 1.06574, 0.584732, 0.793939
1.73898, 0.732392, 1.07581, 0.591918, 0.787576
1.75105, 0.739154, 1.08578, 0.599014, 0.780913
1.76311, 0.745986, 1.09566, 0.606015, 0.773966
1.77517, 0.752889, 1.10543, 0.612916, 0.766748
1.78724, 0.759863, 1.1151, 0.619714, 0.759273
1.7993, 0.766908, 1.12467, 0.626406, 0.751555
1.81136, 0.774025, 1.13412, 0.632989, 0.743606
1.82343, 0.781214, 1.14347, 0.639463, 0.735439
1.83549, 0.788475, 1.1527, 0.645825, 0.727067
1.84755, 0.795807, 1.16182, 0.652075, 0.718501
1.85962, 0.80321, 1.17082, 0.658213, 0.709751
1.87168, 0.810685, 1.1797, 0.664238, 0.700828
1.88374, 0.81823, 1.18846, 0.670151, 0.691743
1.89581, 0.825844, 1.1971, 0.675952, 0.682504
1.90787, 0.833528, 1.20561, 0.681642, 0.67312
1.91993, 0.84128, 1.214, 0.687222, 0.6636
1.93199, 0.849099, 1.22227, 0.692694, 0.653951
1.94406, 0.856986, 1.23041, 0.698058, 0.644181
1.95612, 0.864938, 1.23842, 0.703317, 0.634297
1.96818, 0.872956, 1.2463, 0.708471, 0.624306
1.98025, 0.881038, 1.25405, 0.713523, 0.614213
1.99231, 0.889183, 1.26167, 0.718474, 0.604024
2.00437, 0.89739, 1.26916, 0.723325, 0.593745
2.01644, 0.905658, 1.27652, 0.72808, 0.583381
2.0285, 0.913987, 1.28375, 0.732739, 0.572936
2.04056, 0.922375, 1.29084, 0.737305, 0.562415
2.05263, 0.930822, 1.2978, 0.74178, 0.551822
2.06469, 0.939326, 1.30462, 0.746164, 0.541162
2.07675, 0.947886, 1.31131, 0.750461, 0.530437
2.08882, 0.956502, 1.31786, 0.754672, 0.519652
2.10088, 0.965172, 1.32428, 0.758799, 0.508809
2.11294, 0.973896, 1.33056, 0.762844, 0.497912
2.12501, 0.982672, 1.3367, 0.766809, 0.486963
2.13707, 0.9915, 1.34271, 0.770694, 0.475965
2.14913, 1.00038, 1.34857, 0.774503, 0.464921
2.1612, 1.00931, 1.3543, 0.778237, 0.453833
2.17326, 1.01828, 1.35989, 0.781898, 0.442703
2.18532, 1.02731, 1.36534, 0.785486, 0.431534
2.19738, 1.03638, 1.37066, 0.789004, 0.420327
2.20945, 1.0455, 1.37583, 0.792454, 0.409085
2.22151, 1.05466, 1.38086, 0.795837, 0.397808
2.23357, 1.06387, 1.38576, 0.799154, 0.386499
2.24564, 1.07313, 1.39051, 0.802407, 0.37516
2.2577, 1.08242, 1.39512, 0.805597, 0.363791
2.26976, 1.09176, 1.39959, 0.808726, 0.352394
2.28183, 1.10114, 1.40392, 0.811795, 0.34097
2.29389, 1.11056, 1.40811, 0.814805, 0.329522
2.30595, 1.12002, 1.41216, 0.817758, 0.318049
