4.041, 0.332704
0, 0, 0, 0.5, 0
0.0247185, 0.0102965, 0.000232725, 0.498286, 0.0246011
0.0494369, 0.0205511, 0.00107498, 0.496572, 0.0491998
0.0741554, 0.0307637, 0.00252669, 0.494858, 0.0737959
0.0988738, 0.0409342, 0.00458801, 0.493143, 0.0983893
0.123592, 0.0510628, 0.00725888, 0.491428, 0.12298
0.148311, 0.0611494, 0.0105392, 0.489713, 0.147567
0.173029, 0.0711941, 0.0144292, 0.487997, 0.172151
0.197748, 0.0811968, 0.0189286, 0.486282, 0.196731
0.222466, 0.0911577, 0.0240375, 0.484565, 0.221307
0.247185, 0.101077, 0.029756, 0.482848, 0.24588
0.271903, 0.110954, 0.036084, 0.481131, 0.270448
0.296622, 0.120789, 0.0430216, 0.479414, 0.29501
0.32134, 0.130583, 0.0505686, 0.477695, 0.319568
0.346058, 0.140334, 0.0587252, 0.475977, 0.34412
0.370777, 0.150044, 0.0674913, 0.474257, 0.368666
0.395495, 0.159713, 0.0768668, 0.472537, 0.393205
0.420214, 0.169339, 0.0868519, 0.470816, 0.417737
0.444932, 0.178925, 0.0974466, 0.469095, 0.442261
0.469651, 0.188468, 0.108651, 0.467372, 0.466777
0.494369, 0.19797, 0.120464, 0.465649, 0.491282
0.519088, 0.207431, 0.132887, 0.463924, 0.515777
0.543806, 0.216851, 0.14592, 0.462199, 0.540261
0.568525, 0.226229, 0.159562, 0.460472, 0.564731
0.593243, 0.235567, 0.173813, 0.458743, 0.589186
0.617962, 0.244863, 0.188674, 0.457013, 0.613626
0.64268, 0.254119, 0.204145, 0.455281, 0.638047
0.667398, 0.263334, 0.220225, 0.453548, 0.662448
0.692117, 0.272509, 0.236914, 0.451811, 0.686825
0.716835, 0.281644, 0.254212, 0.450072, 0.711175
0.741554, 0.290739, 0.27212, 0.448331, 0.735495
0.766272, 0.299795, 0.290638, 0.446585, 0.759779
0.790991, 0.308812, 0.309764, 0.444836, 0.784021
0.815709, 0.31779, 0.3295, 0.443081, 0.808216
0.840428, 0.326731, 0.349845, 0.441321, 0.832353
0.865146, 0.335636, 0.370799, 0.439555, 0.856421
0.889865, 0.344504, 0.392361, 0.43778, 0.880407
0.914583, 0.353339, 0.414533, 0.435996, 0.904292
0.939301, 0.362141, 0.437312, 0.434199, 0.928051
0.96402, 0.370914, 0.4607, 0.432387, 0.951653
0.988738, 0.379661, 0.484695, 0.430556, 0.975054
1.01346, 0.388386, 0.509296, 0.4287, 0.998192
1.03818, 0.397097, 0.534502, 0.426811, 1.02098
1.06289, 0.405803, 0.560311, 0.424877, 1.04328
1.08761, 0.41452, 0.586718, 0.42288, 1.06491
1.11233, 0.423272, 0.613716, 0.420794, 1.08556
1.13705, 0.432095, 0.641291, 0.418576, 1.10472
1.16177, 0.44105, 0.669413, 0.416162, 1.12159
1.18649, 0.450224, 0.698024, 0.41346, 1.13492
1.2112, 0.459733, 0.727007, 0.410363, 1.14301
1.23592, 0.469662, 0.756162, 0.40682, 1.14429
1.26064, 0.479993, 0.785232, 0.402919, 1.13842
1.28536, 0.490595, 0.813992, 0.398863, 1.12659
1.31008, 0.501318, 0.842294, 0.394851, 1.11057
1.3348, 0.512049, 0.87006, 0.391007, 1.09183
1.35952, 0.522727, 0.897256, 0.387392, 1.07133
1.38423, 0.53332, 0.923863, 0.384023, 1.0497
1.40895, 0.543813, 0.94987, 0.3809, 1.0273
1.43367, 0.554204, 0.975274, 0.378011, 1.00436
1.45839, 0.564492, 1.00007, 0.375342, 0.981043
1.48311, 0.574682, 1.02426, 0.372877, 0.957446
1.50783, 0.584779, 1.04784, 0.370601, 0.933639
1.53254, 0.594788, 1.07081, 0.368499, 0.909671
1.55726, 0.604715, 1.09317, 0.366558, 0.885577
1.58198, 0.614566, 1.11492, 0.364766, 0.861384
1.6067, 0.624344, 1.13605, 0.363112, 0.837111
1.63142, 0.634056, 1.15658, 0.361586, 0.812774
1.65614, 0.643706, 1.17649, 0.360179, 0.788384
1.68086, 0.653298, 1.1958, 0.358882, 0.763949
1.70557, 0.662836, 1.21449, 0.357689, 0.739478
1.73029, 0.672324, 1.23257, 0.356593, 0.714976
1.75501, 0.681766, 1.25003, 0.355587, 0.690448
1.77973, 0.691165, 1.26689, 0.354666, 0.665897
1.80445, 0.700524, 1.28313, 0.353825, 0.641328
1.82917, 0.709846, 1.29876, 0.353059, 0.616742
1.85388, 0.719134, 1.31378, 0.352364, 0.592142
1.8786, 0.72839, 1.32819, 0.351736, 0.56753
1.90332, 0.737617, 1.34198, 0.351172, 0.542907
1.92804, 0.746816, 1.35517, 0.350668, 0.518274
1.95276, 0.755991, 1.36774, 0.35022, 0.493633
1.97748, 0.765142, 1.3797, 0.349827, 0.468986
2.0022, 0.774273, 1.39105, 0.349486, 0.444331
2.02691, 0.783384, 1.40179, 0.349194, 0.419672
2.05163, 0.792478, 1.41191, 0.348948, 0.395006
2.07635, 0.801555, 1.42142, 0.348748, 0.370337
2.10107, 0.810619, 1.43033, 0.34859, 0.345664
2.12579, 0.819669, 1.43862, 0.348473, 0.320987
2.15051, 0.828707, 1.44629, 0.348395, 0.296307
2.17522, 0.837736, 1.45336, 0.348354, 0.271625
2.19994, 0.846755, 1.45982, 0.348349, 0.24694
2.22466, 0.855767, 1.46566, 0.348379, 0.222252
2.24938, 0.864772, 1.47089, 0.348442, 0.197563
2.2741, 0.873771, 1.47551, 0.348537, 0.172872
2.29882, 0.882766, 1.47952, 0.348663, 0.14818
2.32354, 0.891757, 1.48292, 0.348818, 0.123486
2.34825, 0.900746, 1.48571, 0.349001, 0.0987907
2.37297, 0.909733, 1.48788, 0.349212, 0.0740944
2.39769, 0.91872, 1.48944, 0.34945, 0.049397
2.42241, 0.927706, 1.4904, 0.349712, 0.024699
2.44713, 0.936694, 1.49074, 0.35, 2.6077e-07
2.46307, 0.942205, 1.49084, 0.340262, 0.0126183
2.47901, 0.947548, 1.49114, 0.330536, 0.0252452
2.49494, 0.952736, 1.49165, 0.320805, 0.0378692
2.51088, 0.957769, 1.49235, 0.311072, 0.0504904
2.52682, 0.962651, 1.49325, 0.301328, 0.0631039
2.54276, 0.967377, 1.49436, 0.291581, 0.0757153
2.5587, 0.971945, 1.49567, 0.281832, 0.0883249
2.57464, 0.976362, 1.49718, 0.272075, 0.100928
2.59058, 0.98062, 1.49889, 0.262316, 0.113529
2.60651, 0.984725, 1.5008, 0.252549, 0.126125
2.62245, 0.98867, 1.50291, 0.242781, 0.13872
2.63839, 0.992457, 1.50521, 0.233012, 0.151314
2.65433, 0.996096, 1.50773, 0.223226, 0.163894
2.67027, 0.999579, 1.51044, 0.213434, 0.176471
2.68621, 1.0029, 1.51335, 0.203643, 0.189048
2.70215, 1.00607, 1.51647, 0.193842, 0.201617
2.71809, 1.00908, 1.51978, 0.184032, 0.214179
2.73402, 1.01193, 1.52329, 0.174219, 0.226739
2.74996, 1.01463, 1.52701, 0.164395, 0.23929
2.7659, 1.01718, 1.53092, 0.154559, 0.251832
2.78184, 1.01956, 1.53503, 0.144727, 0.264376
2.79778, 1.02179, 1.53935, 0.134867, 0.2769
2.81372, 1.02386, 1.54386, 0.125005, 0.289421
2.82966, 1.02577, 1.54858, 0.115132, 0.301934
2.8456, 1.02753, 1.55349, 0.10525, 0.314439
2.86153, 1.02913, 1.5586, 0.0953564, 0.326935
2.87747, 1.03057, 1.56391, 0.0854448, 0.339418
2.89341, 1.03185, 1.56942, 0.0755144, 0.351885
2.90935, 1.03298, 1.57513, 0.0655784, 0.364347
2.92529, 1.03394, 1.58103, 0.055618, 0.376791
2.94123, 1.03475, 1.58714, 0.0456434, 0.389223
2.95717, 1.0354, 1.59344, 0.035645, 0.401635
2.97311, 1.03588, 1.59994, 0.025633, 0.414037
2.98904, 1.03621, 1.60664, 0.0155909, 0.426414
3.00498, 1.03638, 1.61353, 0.00551665, 0.438766
3.02092, 1.03639, 1.62063, -0.00458559, 0.451094
3.03686, 1.03624, 1.62791, -0.0147209, 0.463395
3.0528, 1.03592, 1.6354, -0.024886, 0.475671
3.06874, 1.03544, 1.64308, -0.0351069, 0.487902
3.08468, 1.0348, 1.65095, -0.0453696, 0.500097
3.10062, 1.034, 1.65902, -0.0556906, 0.512242
3.11655, 1.03303, 1.66728, -0.0660789, 0.52433
3.13249, 1.03189, 1.67573, -0.0765533, 0.536344
3.14843, 1.03059, 1.68438, -0.0871195, 0.548277
3.16437, 1.02911, 1.69321, -0.0978023, 0.560106
3.18031, 1.02747, 1.70223, -0.108635, 0.571798
3.19625, 1.02565, 1.71144, -0.119658, 0.583309
3.21219, 1.02365, 1.72082, -0.130948, 0.594559
3.22812, 1.02147, 1.73039, -0.142595, 0.605438
3.24406, 1.0191, 1.74012, -0.154815, 0.615668
3.26, 1.01653, 1.75001, -0.16795, 0.624678
3.27594, 1.01374, 1.76002, -0.182669, 0.630571
3.29188, 1.01071, 1.77005, -0.197223, 0.626241
3.30782, 1.00752, 1.77992, -0.200982, 0.611135
3.32376, 1.00433, 1.78953, -0.197821, 0.59555
3.3397, 1.00122, 1.79891, -0.192253, 0.580624
3.35563, 0.998211, 1.80805, -0.185572, 0.566156
3.37157, 0.995311, 1.81696, -0.178259, 0.551994
3.38751, 0.992531, 1.82564, -0.170542, 0.538049
3.40345, 0.989876, 1.83411, -0.162544, 0.524262
3.41939, 0.98735, 1.84236, -0.15434, 0.510597
3.43533, 0.984957, 1.85039, -0.145978, 0.497028
3.45127, 0.982698, 1.8582, -0.137492, 0.483536
3.46721, 0.980575, 1.8658, -0.128906, 0.470108
3.48314, 0.978589, 1.87319, -0.120236, 0.456733
3.49908, 0.976742, 1.88036, -0.111497, 0.443404
3.51502, 0.975035, 1.88732, -0.102698, 0.430114
3.53096, 0.973469, 1.89407, -0.0938481, 0.416858
3.5469, 0.972044, 1.90061, -0.0849537, 0.403632
3.56284, 0.970761, 1.90694, -0.0760199, 0.390432
3.57878, 0.96962, 1.91306, -0.0670516, 0.377256
3.59472, 0.968624, 1.91896, -0.0580524, 0.364101
3.61065, 0.96777, 1.92466, -0.0490254, 0.350965
3.62659, 0.967061, 1.93015, -0.0399734, 0.337846
3.64253, 0.966496, 1.93543, -0.0308988, 0.324743
3.65847, 0.966076, 1.9405, -0.0218036, 0.311654
3.67441, 0.965801, 1.94537, -0.0126893, 0.298578
3.69035, 0.965672, 1.95002, -0.00355777, 0.285515
3.70629, 0.965688, 1.95447, 0.00558969, 0.272462
3.72222, 0.96585, 1.95871, 0.0147519, 0.25942
3.73816, 0.966158, 1.96274, 0.0239278, 0.246388
3.7541, 0.966613, 1.96656, 0.0331165, 0.233365
3.77004, 0.967214, 1.97018, 0.0423171, 0.22035
3.78598, 0.967962, 1.97359, 0.0515288, 0.207342
3.80192, 0.968856, 1.97679, 0.0607508, 0.194342
3.81786, 0.969898, 1.97978, 0.0699826, 0.181349
3.8338, 0.971087, 1.98257, 0.0792235, 0.168363
3.84973, 0.972424, 1.98515, 0.088473, 0.155383
3.86567, 0.973908, 1.98752, 0.0977306, 0.142408
3.88161, 0.975539, 1.98969, 0.106996, 0.129439
3.89755, 0.977319, 1.99165, 0.116269, 0.116475
3.91349, 0.979246, 1.9934, 0.125548, 0.103516
3.92943, 0.981321, 1.99495, 0.134834, 0.0905622
3.94537, 0.983544, 1.99629, 0.144127, 0.0776125
3.96131, 0.985915, 1.99742, 0.153425, 0.0646669
3.97724, 0.988435, 1.99835, 0.162729, 0.0517255
3.99318, 0.991103, 1.99907, 0.172038, 0.038788
4.00912, 0.993919, 1.99959, 0.181352, 0.0258543
4.02506, 0.996884, 1.99989, 0.190672, 0.0129237
4.041, 0.999997, 2, 0.199996, -3.10689e-06
