31.1807, 0
0, 0, 0, 0.5, 0
0.163964, 0.0685415, 0.0001037, 0.336042, 0.00136516
0.327927, 0.110193, 0.000431295, 0.172084, 0.00273033
0.491891, 0.12497, 0.000982654, 0.00812608, 0.00409549
0.655855, 0.112863, 0.00175786, -0.155832, 0.00546066
0.819818, 0.0738695, 0.00275693, -0.31979, 0.00682583
0.983782, 0.00799522, 0.00397981, -0.483748, 0.00819099
1.14775, -0.084766, 0.00542657, -0.647706, 0.00955615
1.31171, -0.204406, 0.00709713, -0.811664, 0.0109213
1.47567, -0.35093, 0.00899153, -0.975622, 0.0122865
1.63964, -0.524343, 0.0111098, -1.13958, 0.0136516
1.8036, -0.724633, 0.0134519, -1.30354, 0.0150168
1.96756, -0.951807, 0.0160178, -1.4675, 0.016382
2.13153, -1.20586, 0.0188076, -1.63145, 0.0177471
2.29549, -1.4868, 0.0218211, -1.79541, 0.0191123
2.45946, -1.79463, 0.0250586, -1.95937, 0.0204775
2.62342, -2.12934, 0.0285199, -2.12333, 0.0218426
2.78738, -2.49093, 0.032205, -2.28729, 0.0232078
2.95135, -2.8794, 0.0361139, -2.45124, 0.024573
3.11531, -3.29476, 0.0402467, -2.6152, 0.0259381
3.27927, -3.737, 0.0446033, -2.77916, 0.0273033
3.44324, -4.20612, 0.0491838, -2.94312, 0.0286685
3.6072, -4.70213, 0.0539881, -3.10708, 0.0300336
3.77117, -5.22501, 0.0590162, -3.27104, 0.0313988
3.93513, -5.77479, 0.0642682, -3.43499, 0.032764
4.09909, -6.35144, 0.069744, -3.59895, 0.0341291
4.26306, -6.95498, 0.0754436, -3.76291, 0.0354943
4.42702, -7.5854, 0.0813671, -3.92687, 0.0368594
4.59098, -8.24271, 0.0875144, -4.09083, 0.0382246
4.75495, -8.9269, 0.0938856, -4.25478, 0.0395898
4.91891, -9.63797, 0.100481, -4.41874, 0.0409549
5.08287, -10.3759, 0.107299, -4.5827, 0.0423201
5.24684, -11.1408, 0.114342, -4.74666, 0.0436853
5.4108, -11.9325, 0.121609, -4.91062, 0.0450504
5.57477, -12.7511, 0.129099, -5.07457, 0.0464156
5.73873, -13.5966, 0.136813, -5.23853, 0.0477808
5.90269, -14.4689, 0.144751, -5.40249, 0.0491459
6.06666, -15.3682, 0.152913, -5.56645, 0.0505111
6.23062, -16.2943, 0.161299, -5.73041, 0.0518763
6.39458, -17.2474, 0.169908, -5.89436, 0.0532414
6.55855, -18.2273, 0.178742, -6.05832, 0.0546066
6.72251, -19.234, 0.187799, -6.22228, 0.0559718
6.88648, -20.2677, 0.19708, -6.38624, 0.0573369
7.05044, -21.3283, 0.206585, -6.5502, 0.0587021
7.2144, -22.4157, 0.216313, -6.71415, 0.0600673
7.37837, -23.53, 0.226266, -6.87811, 0.0614324
7.54233, -24.6712, 0.236442, -7.04208, 0.0627976
7.70629, -25.8393, 0.246843, -7.20603, 0.0641628
7.87026, -27.0343, 0.257467, -7.36998, 0.0655279
8.03422, -28.2561, 0.268315, -7.53396, 0.0668932
8.19819, -29.5048, 0.27938, -7.68427, 0.0671974
8.36215, -30.7513, 0.290266, -7.52, 0.0656683
8.52611, -31.9708, 0.300918, -7.35603, 0.0642694
8.69008, -33.1635, 0.311343, -7.19208, 0.0628843
8.85404, -34.3293, 0.32154, -7.02811, 0.0615048
9.018, -35.4682, 0.331512, -6.86416, 0.0601287
9.18197, -36.5802, 0.341258, -6.7002, 0.0587544
9.34593, -37.6654, 0.350779, -6.53624, 0.0573816
9.5099, -38.7237, 0.360075, -6.37228, 0.0560098
9.67386, -39.755, 0.369146, -6.20832, 0.0546387
9.83782, -40.7595, 0.377993, -6.04437, 0.0532683
10.0018, -41.7372, 0.386615, -5.88041, 0.0518984
10.1657, -42.6879, 0.395012, -5.71645, 0.0505289
10.3297, -43.6117, 0.403184, -5.55249, 0.0491598
10.4937, -44.5087, 0.411133, -5.38853, 0.0477909
10.6576, -45.3788, 0.418856, -5.22457, 0.0464223
10.8216, -46.222, 0.426356, -5.06062, 0.0450539
10.9856, -47.0383, 0.433631, -4.89666, 0.0436857
11.1495, -47.8277, 0.440681, -4.7327, 0.0423176
11.3135, -48.5903, 0.447508, -4.56874, 0.0409498
11.4775, -49.3259, 0.45411, -4.40478, 0.039582
11.6414, -50.0347, 0.460488, -4.24082, 0.0382145
11.8054, -50.7166, 0.466642, -4.07687, 0.036847
11.9694, -51.3716, 0.472571, -3.91291, 0.0354796
12.1333, -51.9998, 0.478276, -3.74895, 0.0341123
12.2973, -52.601, 0.483757, -3.58499, 0.0327451
12.4612, -53.1754, 0.489014, -3.42104, 0.031378
12.6252, -53.7229, 0.494047, -3.25708, 0.0300109
12.7892, -54.2435, 0.498856, -3.09312, 0.0286439
12.9531, -54.7372, 0.50344, -2.92916, 0.027277
13.1171, -55.204, 0.507801, -2.7652, 0.0259101
13.2811, -55.644, 0.511937, -2.60124, 0.0245433
13.445, -56.057, 0.515849, -2.43729, 0.0231766
13.609, -56.4432, 0.519537, -2.27333, 0.0218099
13.773, -56.8025, 0.523001, -2.10937, 0.0204432
13.9369, -57.1349, 0.526241, -1.94541, 0.0190766
14.1009, -57.4405, 0.529257, -1.78146, 0.0177101
14.2648, -57.7191, 0.532049, -1.6175, 0.0163435
14.4288, -57.9709, 0.534616, -1.45354, 0.014977
14.5928, -58.1958, 0.53696, -1.28958, 0.0136106
14.7567, -58.3938, 0.53908, -1.12562, 0.0122441
14.9207, -58.5649, 0.540975, -0.961663, 0.0108777
15.0847, -58.7091, 0.542647, -0.797707, 0.00951136
15.2486, -58.8265, 0.544094, -0.633749, 0.00814502
15.4126, -58.917, 0.545318, -0.46979, 0.0067787
15.5766, -58.9806, 0.546317, -0.305833, 0.00541242
15.7405, -59.0173, 0.547092, -0.141872, 0.00404613
15.9045, -59.0271, 0.547644, 0.0220832, 0.00267991
16.0684, -59.01, 0.547971, 0.186043, 0.00131368
16.2324, -58.9661, 0.548075, 0.350002, -5.25205e-05
16.3819, -58.9026, 0.548595, 0.499478, 0.00120808
16.5314, -58.8167, 0.548873, 0.648956, 0.00241616
16.6809, -58.7086, 0.549331, 0.798434, 0.00362424
16.8303, -58.578, 0.549971, 0.947912, 0.00483232
16.9798, -58.4252, 0.550791, 1.09739, 0.0060404
17.1293, -58.25, 0.551791, 1.24687, 0.00724848
17.2788, -58.0524, 0.552972, 1.39635, 0.00845656
17.4283, -57.8325, 0.554334, 1.54582, 0.00966464
17.5778, -57.5903, 0.555876, 1.6953, 0.0108727
17.7272, -57.3257, 0.557599, 1.84478, 0.0120808
17.8767, -57.0387, 0.559502, 1.99426, 0.0132889
18.0262, -56.7295, 0.561586, 2.14373, 0.014497
18.1757, -56.3978, 0.563851, 2.29321, 0.015705
18.3252, -56.0439, 0.566296, 2.44269, 0.0169131
18.4746, -55.6675, 0.568922, 2.59217, 0.0181212
18.6241, -55.2689, 0.571728, 2.74165, 0.0193293
18.7736, -54.8479, 0.574715, 2.89112, 0.0205374
18.9231, -54.4045, 0.577883, 3.0406, 0.0217454
19.0726, -53.9389, 0.581231, 3.19008, 0.0229535
19.2221, -53.4508, 0.584759, 3.33956, 0.0241616
19.3715, -52.9404, 0.588469, 3.48904, 0.0253697
19.521, -52.4077, 0.592359, 3.63851, 0.0265778
19.6705, -51.8527, 0.596429, 3.78799, 0.0277858
19.82, -51.2752, 0.60068, 3.93747, 0.0289939
19.9695, -50.6755, 0.605112, 4.08695, 0.030202
20.119, -50.0534, 0.609724, 4.23642, 0.0314101
20.2684, -49.4089, 0.614517, 4.3859, 0.0326182
20.4179, -48.7421, 0.61949, 4.53538, 0.0338262
20.5674, -48.053, 0.624644, 4.68486, 0.0350343
20.7169, -47.3415, 0.629979, 4.83434, 0.0362424
20.8664, -46.6077, 0.635494, 4.98381, 0.0374505
21.0159, -45.8516, 0.64119, 5.13329, 0.0386586
21.1653, -45.073, 0.647066, 5.28277, 0.0398667
21.3148, -44.2722, 0.653123, 5.43225, 0.0410747
21.4643, -43.449, 0.65936, 5.58173, 0.0422828
21.6138, -42.6034, 0.664838, 5.7312, 0.0439568
21.7633, -41.7355, 0.672377, 5.88068, 0.044699
21.9128, -40.8453, 0.679156, 6.03016, 0.0459071
22.0622, -39.9327, 0.686116, 6.17964, 0.0471151
22.2117, -38.9978, 0.693257, 6.32911, 0.0483232
22.3612, -38.0406, 0.700578, 6.47859, 0.0495313
22.5107, -37.0609, 0.708079, 6.62807, 0.0507394
22.6602, -36.059, 0.715309, 6.77754, 0.0524133
22.8096, -35.0347, 0.723198, 6.92702, 0.0536747
22.9591, -33.9881, 0.731668, 7.0765, 0.0543636
23.1086, -32.9191, 0.739892, 7.22599, 0.0555718
23.2581, -31.8277, 0.748296, 7.37546, 0.0567798
23.4076, -30.7141, 0.756881, 7.52495, 0.057988
23.5571, -29.578, 0.7656, 7.67439, 0.0598232
23.7065, -28.4253, 0.77462, 7.6739, 0.0602485
23.856, -27.2893, 0.78354, 7.52444, 0.0590937
24.0055, -26.1758, 0.792286, 7.37494, 0.0579102
24.155, -25.0845, 0.800853, 7.22547, 0.0567185
24.3045, -24.0156, 0.809242, 7.07598, 0.0555225
24.454, -22.969, 0.817452, 6.92651, 0.0543242
24.6034, -21.9448, 0.825483, 6.77703, 0.0531242
24.7529, -20.9429, 0.833335, 6.62755, 0.0519231
24.9024, -19.9634, 0.841006, 6.47808, 0.0507211
25.0519, -19.0062, 0.848498, 6.32859, 0.0495184
25.2014, -18.0714, 0.855811, 6.17912, 0.0483151
25.3509, -17.1589, 0.862943, 6.02964, 0.0471115
25.5003, -16.2687, 0.869895, 5.88016, 0.0459074
25.6498, -15.4009, 0.876668, 5.73068, 0.0447031
25.7993, -14.5554, 0.88326, 5.5812, 0.0434984
25.9488, -13.7323, 0.889672, 5.43172, 0.0422936
26.0983, -12.9315, 0.895904, 5.28225, 0.0410886
26.2478, -12.1531, 0.901956, 5.13277, 0.0398833
26.3972, -11.397, 0.907828, 4.98329, 0.0386779
26.5467, -10.6633, 0.91352, 4.83381, 0.0374724
26.6962, -9.95187, 0.919031, 4.68433, 0.0362667
26.8457, -9.26281, 0.924362, 4.53486, 0.035061
26.9952, -8.5961, 0.929513, 4.38538, 0.0338551
27.1446, -7.95173, 0.934484, 4.2359, 0.0326491
27.2941, -7.32971, 0.939274, 4.08642, 0.0314431
27.4436, -6.73003, 0.943884, 3.93695, 0.0302369
27.5931, -6.1527, 0.948314, 3.78747, 0.0290307
27.7426, -5.59771, 0.952563, 3.63799, 0.0278244
27.8921, -5.06506, 0.956632, 3.48851, 0.0266181
28.0415, -4.55477, 0.960521, 3.33903, 0.0254117
28.191, -4.06681, 0.96423, 3.18956, 0.0242052
28.3405, -3.6012, 0.967758, 3.04008, 0.0229987
28.49, -3.15793, 0.971105, 2.8906, 0.0217921
28.6395, -2.73701, 0.974273, 2.74112, 0.0205855
28.789, -2.33843, 0.97726, 2.59164, 0.0193789
28.9384, -1.96219, 0.980066, 2.44217, 0.0181722
29.0879, -1.60831, 0.982693, 2.29269, 0.0169654
29.2374, -1.27676, 0.985138, 2.14321, 0.0157587
29.3869, -0.967556, 0.987404, 1.99373, 0.0145519
29.5364, -0.680706, 0.989489, 1.84425, 0.013345
29.6859, -0.416195, 0.991394, 1.69478, 0.0121382
29.8353, -0.174026, 0.993118, 1.5453, 0.0109313
29.9848, 0.0458069, 0.994662, 1.39582, 0.00972435
30.1343, 0.243282, 0.996025, 1.24635, 0.0085174
30.2838, 0.418411, 0.997208, 1.09687, 0.00731042
30.4333, 0.571209, 0.998211, 0.947389, 0.00610341
30.5828, 0.701653, 0.999033, 0.797911, 0.00489639
30.7322, 0.809757, 0.999674, 0.648432, 0.00368933
30.8817, 0.895504, 1.00014, 0.498954, 0.00248226
31.0312, 0.958923, 1.00042, 0.349477, 0.00127517
31.1807, 0.999985, 1.00052, 0.199998, 6.80552e-05
