4.09832, 0.335753
0, 0, 0, 0.5, 0
0.0201397, 0.00843673, 0.000311763, 0.500488, 0.0200636
0.0402794, 0.0168839, 0.00102905, 0.500975, 0.0401242
0.0604191, 0.0253414, 0.00215169, 0.501462, 0.0601817
0.0805589, 0.0338094, 0.00367976, 0.501948, 0.0802359
0.100699, 0.0422878, 0.00561331, 0.502432, 0.100287
0.120838, 0.0507767, 0.00795234, 0.502916, 0.120333
0.140978, 0.0592761, 0.0106967, 0.503399, 0.140376
0.161118, 0.067786, 0.0138465, 0.503882, 0.160415
0.181257, 0.0763065, 0.0174017, 0.504362, 0.180448
0.201397, 0.0848375, 0.0213623, 0.504842, 0.200477
0.221537, 0.0933791, 0.0257284, 0.50532, 0.220501
0.241677, 0.101931, 0.0304999, 0.505798, 0.240518
0.261816, 0.110494, 0.0356767, 0.506273, 0.260529
0.281956, 0.119068, 0.0412589, 0.506747, 0.280534
0.302096, 0.127652, 0.0472465, 0.507219, 0.300531
0.322235, 0.136247, 0.0536394, 0.507689, 0.32052
0.342375, 0.144854, 0.0604378, 0.508157, 0.3405
0.362515, 0.153471, 0.0676414, 0.508623, 0.36047
0.382655, 0.162099, 0.0752504, 0.509087, 0.38043
0.402794, 0.170738, 0.0832646, 0.509547, 0.400378
0.422934, 0.179388, 0.0916842, 0.510005, 0.420314
0.443074, 0.18805, 0.100509, 0.510459, 0.440235
0.463213, 0.196723, 0.109739, 0.510909, 0.46014
0.483353, 0.205407, 0.119374, 0.511356, 0.480028
0.503493, 0.214103, 0.129415, 0.511797, 0.499896
0.523633, 0.222812, 0.13986, 0.512234, 0.519742
0.543772, 0.231532, 0.150711, 0.512664, 0.539563
0.563912, 0.240265, 0.161967, 0.513088, 0.559355
0.584052, 0.24901, 0.173627, 0.513504, 0.579115
0.604191, 0.257769, 0.185693, 0.513912, 0.598837
0.624331, 0.266541, 0.198163, 0.514309, 0.618517
0.644471, 0.275328, 0.211038, 0.514695, 0.638146
0.664611, 0.284129, 0.224317, 0.515067, 0.657716
0.68475, 0.292946, 0.238, 0.515422, 0.677217
0.70489, 0.301779, 0.252088, 0.515758, 0.696634
0.72503, 0.31063, 0.266579, 0.516071, 0.715951
0.745169, 0.319502, 0.281473, 0.516356, 0.735145
0.765309, 0.328395, 0.296769, 0.516606, 0.754188
0.785449, 0.337312, 0.312467, 0.516812, 0.773042
0.805588, 0.346259, 0.328565, 0.516963, 0.791654
0.825728, 0.355239, 0.345061, 0.517043, 0.809952
0.845868, 0.364261, 0.361952, 0.517029, 0.827835
0.866008, 0.373335, 0.379234, 0.51689, 0.84516
0.886147, 0.382475, 0.396899, 0.516579, 0.861711
0.906287, 0.391705, 0.414934, 0.51603, 0.877173
0.926427, 0.401056, 0.43332, 0.515145, 0.891073
0.946567, 0.410572, 0.452018, 0.513789, 0.90273
0.966706, 0.420303, 0.470967, 0.511795, 0.91124
0.986846, 0.430296, 0.490068, 0.509008, 0.915635
1.00699, 0.440559, 0.509191, 0.505372, 0.915269
1.02713, 0.451041, 0.528198, 0.500998, 0.910214
1.04727, 0.461652, 0.546977, 0.496117, 0.901207
1.0674, 0.4723, 0.565457, 0.490976, 0.889228
1.08754, 0.482916, 0.583594, 0.485759, 0.875141
1.10768, 0.493458, 0.601368, 0.480586, 0.859587
1.12782, 0.5039, 0.618766, 0.475524, 0.843004
1.14796, 0.51423, 0.635781, 0.470606, 0.825688
1.1681, 0.524444, 0.652409, 0.465848, 0.807836
1.18824, 0.53454, 0.668647, 0.461252, 0.789585
1.20838, 0.54452, 0.684493, 0.456816, 0.771031
1.22852, 0.554387, 0.699945, 0.452535, 0.75224
1.24866, 0.564144, 0.715003, 0.448401, 0.733263
1.2688, 0.573795, 0.729664, 0.444405, 0.714137
1.28894, 0.583344, 0.74393, 0.440541, 0.694889
1.30908, 0.592793, 0.757798, 0.436799, 0.67554
1.32922, 0.602148, 0.771268, 0.433172, 0.656107
1.34936, 0.61141, 0.78434, 0.429654, 0.636604
1.3695, 0.620584, 0.797012, 0.426237, 0.617041
1.38964, 0.629672, 0.809286, 0.422916, 0.597426
1.40978, 0.638678, 0.82116, 0.419685, 0.577767
1.42992, 0.647604, 0.832634, 0.416539, 0.558069
1.45006, 0.656451, 0.843708, 0.413472, 0.538337
1.4702, 0.665224, 0.854381, 0.41048, 0.518576
1.49034, 0.673924, 0.864654, 0.40756, 0.498788
1.51048, 0.682553, 0.874525, 0.404707, 0.478976
1.53062, 0.691113, 0.883995, 0.401918, 0.459144
1.55076, 0.699606, 0.893064, 0.39919, 0.439293
1.5709, 0.708033, 0.90173, 0.396518, 0.419424
1.59104, 0.716397, 0.909996, 0.393902, 0.39954
1.61118, 0.724699, 0.917859, 0.391338, 0.379643
1.63132, 0.73294, 0.92532, 0.388823, 0.359732
1.65146, 0.741123, 0.932379, 0.386355, 0.33981
1.6716, 0.749247, 0.939036, 0.383933, 0.319877
1.69174, 0.757315, 0.945289, 0.381554, 0.299934
1.71188, 0.765327, 0.951141, 0.379216, 0.279983
1.73202, 0.773285, 0.956589, 0.376917, 0.260023
1.75216, 0.78119, 0.961635, 0.374657, 0.240055
1.77229, 0.789043, 0.966278, 0.372433, 0.22008
1.79243, 0.796845, 0.970518, 0.370243, 0.200099
1.81257, 0.804596, 0.974355, 0.368087, 0.180111
1.83271, 0.812299, 0.977789, 0.365964, 0.160117
1.85285, 0.819952, 0.980819, 0.363871, 0.140118
1.87299, 0.827559, 0.983447, 0.361808, 0.120115
1.89313, 0.835119, 0.98567, 0.359774, 0.100106
1.91327, 0.842632, 0.987491, 0.357768, 0.0800925
1.93341, 0.850101, 0.988908, 0.355788, 0.0600752
1.95355, 0.857524, 0.989921, 0.353834, 0.0400537
1.97369, 0.864904, 0.990531, 0.351905, 0.0200286
1.99383, 0.872241, 0.990737, 0.35, 9.35979e-08
2.01488, 0.879524, 0.990942, 0.341104, 0.0190724
2.03592, 0.886608, 0.991544, 0.332214, 0.0381471
2.05697, 0.893508, 0.992549, 0.323316, 0.0572185
2.07801, 0.90021, 0.99395, 0.314423, 0.0762921
2.09906, 0.906738, 0.995758, 0.305513, 0.0953575
2.1201, 0.913066, 0.997962, 0.296608, 0.114425
2.14115, 0.919207, 1.00057, 0.287697, 0.133491
2.16219, 0.92518, 1.00358, 0.27876, 0.152544
2.18324, 0.930952, 1.00699, 0.26983, 0.1716
2.20428, 0.936542, 1.01081, 0.260886, 0.19065
2.22533, 0.941932, 1.01502, 0.251949, 0.209703
2.24637, 0.947146, 1.01963, 0.242989, 0.228745
2.26741, 0.952158, 1.02464, 0.234038, 0.247791
2.28846, 0.956992, 1.03006, 0.225066, 0.266828
2.3095, 0.961637, 1.03588, 0.216085, 0.28586
2.33055, 0.966079, 1.04209, 0.207113, 0.304896
2.35159, 0.97035, 1.04871, 0.198106, 0.323917
2.37264, 0.974429, 1.05573, 0.189094, 0.342934
2.39368, 0.978314, 1.06315, 0.180077, 0.36195
2.41473, 0.982004, 1.07096, 0.171055, 0.380962
2.43577, 0.985508, 1.07918, 0.162014, 0.399966
2.45682, 0.988824, 1.0878, 0.152957, 0.418962
2.47786, 0.991949, 1.09681, 0.143885, 0.437952
2.49891, 0.994878, 1.10623, 0.134807, 0.456938
2.51995, 0.997621, 1.11604, 0.125705, 0.475912
2.541, 1.00017, 1.12626, 0.116588, 0.49488
2.56204, 1.00253, 1.13687, 0.107452, 0.513839
2.58309, 1.0047, 1.14789, 0.0982897, 0.532784
2.60413, 1.00667, 1.1593, 0.089115, 0.551724
2.62518, 1.00844, 1.17111, 0.0799148, 0.570651
2.64622, 1.01003, 1.18332, 0.0706833, 0.589563
2.66727, 1.01142, 1.19592, 0.0614263, 0.608463
2.68831, 1.01261, 1.20893, 0.0521303, 0.627343
2.70936, 1.01361, 1.22233, 0.0428074, 0.64621
2.7304, 1.01441, 1.23612, 0.0334474, 0.665059
2.75145, 1.01502, 1.25032, 0.0240282, 0.683878
2.77249, 1.01543, 1.26491, 0.0145703, 0.702678
2.79354, 1.01563, 1.27989, 0.00505099, 0.721447
2.81458, 1.01564, 1.29528, -0.00454423, 0.740177
2.83563, 1.01544, 1.31105, -0.0141939, 0.758879
2.85667, 1.01504, 1.32722, -0.0239542, 0.777524
2.87772, 1.01443, 1.34377, -0.0338175, 0.796114
2.89876, 1.01362, 1.36072, -0.0438202, 0.81463
2.91981, 1.01259, 1.37806, -0.0539836, 0.833058
2.94085, 1.01134, 1.39579, -0.0643617, 0.851366
2.9619, 1.00988, 1.41389, -0.0750235, 0.86951
2.98294, 1.00818, 1.43238, -0.0860729, 0.88742
3.00398, 1.00625, 1.45124, -0.0976869, 0.904967
3.02503, 1.00406, 1.47047, -0.110248, 0.921848
3.04607, 1.0016, 1.49003, -0.124516, 0.937287
3.06712, 0.998797, 1.50988, -0.142472, 0.947799
3.08816, 0.995595, 1.52978, -0.159732, 0.938999
3.10921, 0.992182, 1.54933, -0.163033, 0.918408
3.13025, 0.98877, 1.56844, -0.160694, 0.897512
3.1513, 0.985432, 1.58711, -0.156257, 0.876943
3.17234, 0.982201, 1.60535, -0.150761, 0.85663
3.19339, 0.979091, 1.62316, -0.144629, 0.836499
3.21443, 0.976116, 1.64056, -0.138075, 0.816501
3.23548, 0.973282, 1.65753, -0.131219, 0.796604
3.25652, 0.970595, 1.67409, -0.124138, 0.776787
3.27757, 0.968058, 1.69023, -0.116881, 0.757033
3.29861, 0.965676, 1.70595, -0.109485, 0.737331
3.31966, 0.963451, 1.72126, -0.101974, 0.717672
3.3407, 0.961385, 1.73616, -0.0943681, 0.69805
3.36175, 0.959479, 1.75064, -0.0866819, 0.678459
3.38279, 0.957737, 1.76471, -0.0789267, 0.658895
3.40384, 0.956158, 1.77838, -0.071112, 0.639355
3.42488, 0.954744, 1.79163, -0.0632451, 0.619835
3.44593, 0.953496, 1.80446, -0.0553323, 0.600335
3.46697, 0.952415, 1.81689, -0.0473787, 0.580851
3.48802, 0.951502, 1.82891, -0.0393884, 0.561382
3.50906, 0.950758, 1.84052, -0.0313654, 0.541926
3.53011, 0.950182, 1.85172, -0.0233126, 0.522483
3.55115, 0.949777, 1.86251, -0.0152328, 0.503051
3.5722, 0.949541, 1.8729, -0.00712839, 0.483629
3.59324, 0.949477, 1.88287, 0.000998527, 0.464217
3.61429, 0.949584, 1.89243, 0.00914642, 0.444813
3.63533, 0.949862, 1.90159, 0.0173133, 0.425417
3.65638, 0.950312, 1.91034, 0.0254979, 0.40603
3.67742, 0.950935, 1.91868, 0.0336989, 0.386649
3.69847, 0.951731, 1.92661, 0.0419154, 0.367274
3.71951, 0.9527, 1.93414, 0.0501463, 0.347905
3.74056, 0.953842, 1.94126, 0.0583903, 0.328543
3.7616, 0.955157, 1.94797, 0.066647, 0.309185
3.78264, 0.956647, 1.95427, 0.0749154, 0.289833
3.80369, 0.958311, 1.96017, 0.0831951, 0.270485
3.82473, 0.960149, 1.96565, 0.091485, 0.251141
3.84578, 0.962161, 1.97074, 0.0997849, 0.231802
3.86682, 0.964349, 1.97541, 0.108094, 0.212467
3.88787, 0.966711, 1.97968, 0.116412, 0.193136
3.90891, 0.969248, 1.98354, 0.124738, 0.173808
3.92996, 0.971961, 1.98699, 0.133073, 0.154484
3.951, 0.97485, 1.99004, 0.141415, 0.135163
3.97205, 0.977913, 1.99268, 0.149764, 0.115845
3.99309, 0.981153, 1.99492, 0.15812, 0.0965306
4.01414, 0.984569, 1.99675, 0.166482, 0.0772189
4.03518, 0.98816, 1.99817, 0.174851, 0.0579095
4.05623, 0.991928, 1.99918, 0.183226, 0.0386026
4.07727, 0.995872, 1.99979, 0.191607, 0.0192987
4.09832, 0.999993, 2, 0.199993, -3.25963e-06
