29.1725, 0
0, 0, 0, 0.5, 0
0.153781, 0.0650683, 0.000103033, 0.346226, 0.00145555
0.307561, 0.106485, 0.000429939, 0.192453, 0.0029111
0.461342, 0.124291, 0.00469584, 0.0386744, 0.00385249
0.615122, 0.118382, 0.00175521, -0.115095, 0.0058222
0.768903, 0.0888615, 0.00275357, -0.268868, 0.00727775
0.922683, 0.0356899, 0.00397581, -0.422642, 0.0087333
1.07646, -0.0411294, 0.00542189, -0.576415, 0.0101889
1.23024, -0.141565, 0.0104116, -0.730194, 0.0111302
1.38402, -0.265707, 0.00898551, -0.883963, 0.0131
1.53781, -0.413469, 0.0111031, -1.03774, 0.0145555
1.69159, -0.584875, 0.0134445, -1.19151, 0.0160111
1.84537, -0.779931, 0.0160097, -1.34528, 0.0174666
1.99915, -0.998605, 0.0217233, -1.49906, 0.018408
2.15293, -1.24098, 0.0218117, -1.65283, 0.0203777
2.30671, -1.50698, 0.0250485, -1.8066, 0.0218333
2.46049, -1.79662, 0.028509, -1.96038, 0.0232888
2.61427, -2.10991, 0.0321934, -2.11415, 0.0247444
2.76805, -2.44685, 0.0361017, -2.26793, 0.0261999
2.92183, -2.80744, 0.0402338, -2.4217, 0.0276555
3.07561, -3.19165, 0.0469607, -2.57548, 0.0285968
3.22939, -3.59956, 0.0491694, -2.72925, 0.0305666
3.38317, -4.03108, 0.053973, -2.88302, 0.0320221
3.53695, -4.48626, 0.0590005, -3.03679, 0.0334776
3.69073, -4.96508, 0.0642517, -3.19057, 0.0349332
3.84451, -5.46755, 0.0697268, -3.34434, 0.0363888
3.99829, -5.99367, 0.0754258, -3.49811, 0.0378443
4.15207, -6.54342, 0.0831661, -3.65189, 0.0387857
4.30585, -7.11685, 0.0874951, -3.80566, 0.0407554
4.45963, -7.71391, 0.0938655, -3.95944, 0.042211
4.61342, -8.33462, 0.10046, -4.11321, 0.0436665
4.7672, -8.97897, 0.107278, -4.26698, 0.045122
4.92098, -9.64696, 0.115742, -4.42076, 0.0460634
5.07476, -10.3386, 0.121586, -4.57453, 0.0480332
5.22854, -11.0539, 0.129075, -4.7283, 0.0494887
5.38232, -11.7929, 0.136789, -4.88208, 0.0509443
5.5361, -12.5554, 0.145832, -5.03585, 0.0518856
5.68988, -13.3417, 0.152887, -5.18962, 0.0538554
5.84366, -14.1516, 0.161272, -5.3434, 0.0553109
5.99744, -14.9851, 0.169881, -5.49717, 0.0567665
6.15122, -15.8423, 0.1796, -5.65095, 0.0576445
6.305, -16.7231, 0.188481, -5.80472, 0.0591634
6.45878, -17.6276, 0.19705, -5.95849, 0.0611331
6.61256, -18.5557, 0.20715, -6.11227, 0.0620345
6.76634, -19.5075, 0.216793, -6.26604, 0.0634901
6.92012, -20.4829, 0.226234, -6.41982, 0.0654998
7.0739, -21.482, 0.23675, -6.57359, 0.0664012
7.22768, -22.5047, 0.247097, -6.72736, 0.0677845
7.38146, -23.5511, 0.25759, -6.88114, 0.0693522
7.53524, -24.6211, 0.268372, -7.03491, 0.070715
7.68903, -25.7147, 0.279349, -7.18448, 0.0717193
7.84281, -26.8078, 0.290237, -7.03113, 0.0700195
7.99659, -27.8772, 0.300889, -6.87736, 0.0685244
8.15037, -28.923, 0.311313, -6.72359, 0.0670457
8.30415, -29.9451, 0.32151, -6.56981, 0.0655735
8.45793, -30.9436, 0.331481, -6.41603, 0.0641051
8.61171, -31.9185, 0.341227, -6.26227, 0.0626392
8.76549, -32.8697, 0.350747, -6.10849, 0.0611746
8.91927, -33.7972, 0.360042, -5.95472, 0.0597115
9.07305, -34.7011, 0.369112, -5.80094, 0.0582491
9.22683, -35.5813, 0.377957, -5.64717, 0.0567875
9.38061, -36.4379, 0.386577, -5.4934, 0.0553265
9.53439, -37.2709, 0.394973, -5.33963, 0.0538659
9.68817, -38.0802, 0.403144, -5.18585, 0.0524057
9.84195, -38.8659, 0.411091, -5.03207, 0.0509459
9.99573, -39.6279, 0.418813, -4.8783, 0.0494864
10.1495, -40.3662, 0.426311, -4.72453, 0.0480271
10.3033, -41.081, 0.433584, -4.57076, 0.0465681
10.4571, -41.772, 0.440634, -4.41698, 0.0451092
10.6109, -42.4394, 0.447458, -4.26321, 0.0436506
10.7646, -43.0832, 0.454059, -4.10944, 0.0421921
10.9184, -43.7033, 0.460435, -3.95566, 0.0407337
11.0722, -44.2998, 0.466587, -3.80189, 0.0392755
11.226, -44.8727, 0.472515, -3.64811, 0.0378173
11.3798, -45.4218, 0.478218, -3.49434, 0.0363593
11.5335, -45.9474, 0.483697, -3.34057, 0.0349014
11.6873, -46.4493, 0.488952, -3.18679, 0.0334436
11.8411, -46.9275, 0.493983, -3.03302, 0.0319859
11.9949, -47.3821, 0.49879, -2.87925, 0.0305283
12.1487, -47.8131, 0.503373, -2.72547, 0.0290707
12.3024, -48.2204, 0.507731, -2.5717, 0.0276132
12.4562, -48.604, 0.511865, -2.41793, 0.0261557
12.61, -48.964, 0.515775, -2.26415, 0.0246984
12.7638, -49.3004, 0.519462, -2.11038, 0.023241
12.9176, -49.6131, 0.522924, -1.9566, 0.0217838
13.0713, -49.9021, 0.526161, -1.80283, 0.0203265
13.2251, -50.1676, 0.529175, -1.64906, 0.0188694
13.3789, -50.4093, 0.531965, -1.49528, 0.0174122
13.5327, -50.6275, 0.53453, -1.34151, 0.0159551
13.6865, -50.8219, 0.536872, -1.18773, 0.0144981
13.8402, -50.9928, 0.53899, -1.03396, 0.0130411
13.994, -51.1399, 0.540883, -0.880188, 0.0115841
14.1478, -51.2635, 0.542552, -0.726415, 0.0101272
14.3016, -51.3634, 0.543998, -0.572642, 0.00867028
14.4554, -51.4396, 0.545219, -0.418868, 0.0072134
14.6091, -51.4922, 0.546216, -0.265094, 0.00575655
14.7629, -51.5211, 0.54699, -0.11132, 0.00429973
14.9167, -51.5264, 0.547539, 0.0424523, 0.00284295
15.0705, -51.5081, 0.547864, 0.196226, 0.00138619
15.2243, -51.4661, 0.547965, 0.349997, -7.05302e-05
15.3638, -51.4075, 0.548331, 0.489475, 0.00133378
15.5032, -51.3295, 0.548874, 0.628952, 0.00258936
15.6427, -51.2321, 0.54908, 0.768427, 0.00392314
15.7822, -51.1152, 0.549725, 0.907903, 0.00521782
15.9217, -50.9788, 0.550794, 1.04738, 0.0064734
16.0612, -50.823, 0.551795, 1.18686, 0.00776808
16.2006, -50.6477, 0.552745, 1.32633, 0.00910186
16.3401, -50.453, 0.554339, 1.46581, 0.0103574
16.4796, -50.2388, 0.555661, 1.60528, 0.0116912
16.6191, -50.0052, 0.55739, 1.74476, 0.0129859
16.7586, -49.7521, 0.559299, 1.88423, 0.0142806
16.8981, -49.4795, 0.561389, 2.02371, 0.0155753
17.0375, -49.1875, 0.563859, 2.16319, 0.0168308
17.177, -48.8761, 0.566111, 2.30266, 0.0181646
17.3165, -48.5452, 0.568743, 2.44214, 0.0194593
17.456, -48.1948, 0.571555, 2.58161, 0.020754
17.5955, -47.825, 0.574548, 2.72109, 0.0220487
17.7349, -47.4357, 0.577722, 2.86057, 0.0233433
17.8744, -47.027, 0.581076, 3.00004, 0.024638
18.0139, -46.5988, 0.584611, 3.13952, 0.0259327
18.1534, -46.1512, 0.588326, 3.27899, 0.0272274
18.2929, -45.6841, 0.592222, 3.41847, 0.0285221
18.4324, -45.1976, 0.596298, 3.55795, 0.0298167
18.5718, -44.6916, 0.600555, 3.69742, 0.0311114
18.7113, -44.1661, 0.604993, 3.8369, 0.0324061
18.8508, -43.6212, 0.609611, 3.97637, 0.0337008
18.9903, -43.0568, 0.614288, 4.11585, 0.0350346
19.1298, -42.473, 0.619389, 4.25532, 0.0362901
19.2692, -41.8698, 0.624549, 4.3948, 0.0375848
19.4087, -41.247, 0.62989, 4.53428, 0.0388795
19.5482, -40.6049, 0.63531, 4.67375, 0.0402133
19.6877, -39.9432, 0.641018, 4.81323, 0.0415079
19.8272, -39.2621, 0.646905, 4.9527, 0.0428026
19.9667, -38.5616, 0.652947, 5.09218, 0.0441099
20.1061, -37.8416, 0.659223, 5.23166, 0.045392
20.2456, -37.1022, 0.665652, 5.37113, 0.0466867
20.3851, -36.3433, 0.672262, 5.51061, 0.0479813
20.5246, -35.5649, 0.679016, 5.65008, 0.0492989
20.6641, -34.7671, 0.685978, 5.78956, 0.0506022
20.8035, -33.9498, 0.693134, 5.92903, 0.0518969
20.943, -33.1131, 0.700494, 6.06851, 0.0531726
21.0825, -32.2569, 0.707998, 6.20799, 0.0544776
21.222, -31.3813, 0.715652, 6.34746, 0.05582
21.3615, -30.4862, 0.72355, 6.48693, 0.0570958
21.501, -29.5717, 0.731644, 6.62641, 0.0583388
21.6404, -28.6377, 0.73984, 6.76588, 0.059715
21.7799, -27.6842, 0.748259, 6.90535, 0.0610357
21.9194, -26.7113, 0.756863, 7.04481, 0.0623639
22.0589, -25.719, 0.765656, 7.18423, 0.0637219
22.1984, -24.7128, 0.774613, 7.17373, 0.064042
22.3379, -23.7219, 0.78346, 7.0343, 0.0628071
22.4773, -22.7505, 0.792133, 6.89484, 0.0615407
22.6168, -21.7985, 0.800628, 6.75536, 0.0602648
22.7563, -20.866, 0.808944, 6.61589, 0.0589842
22.8958, -19.9529, 0.817082, 6.47642, 0.0577008
23.0353, -19.0593, 0.825041, 6.33694, 0.0564155
23.1747, -18.1851, 0.83282, 6.19747, 0.0551288
23.3142, -17.3304, 0.840419, 6.05799, 0.0538412
23.4537, -16.4952, 0.847839, 5.91851, 0.0525527
23.5932, -15.6794, 0.85508, 5.77904, 0.0512637
23.7327, -14.883, 0.86214, 5.63956, 0.0499741
23.8722, -14.1061, 0.869021, 5.50009, 0.0486841
24.0116, -13.3487, 0.875721, 5.36061, 0.0473938
24.1511, -12.6107, 0.882242, 5.22113, 0.0461031
24.2906, -11.8922, 0.888582, 5.08166, 0.0448122
24.4301, -11.1931, 0.894743, 4.94219, 0.043521
24.5696, -10.5135, 0.900723, 4.80271, 0.0422297
24.709, -9.85332, 0.906523, 4.66323, 0.0409381
24.8485, -9.21261, 0.912143, 4.52376, 0.0396464
24.988, -8.59136, 0.917583, 4.38428, 0.0383545
25.1275, -7.98956, 0.922843, 4.2448, 0.0370625
25.267, -7.40721, 0.927922, 4.10533, 0.0357704
25.4065, -6.84432, 0.932822, 3.96585, 0.0344782
25.5459, -6.30087, 0.937541, 3.82638, 0.0331859
25.6854, -5.7769, 0.942079, 3.6869, 0.0318934
25.8249, -5.27236, 0.946438, 3.54742, 0.0306009
25.9644, -4.78729, 0.950616, 3.40795, 0.0293083
26.1039, -4.32167, 0.954614, 3.26847, 0.0280157
26.2433, -3.8755, 0.958431, 3.129, 0.0267229
26.3828, -3.44879, 0.962068, 2.98952, 0.0254301
26.5223, -3.04154, 0.965525, 2.85004, 0.0241373
26.6618, -2.65373, 0.968802, 2.71057, 0.0228443
26.8013, -2.28539, 0.971898, 2.57109, 0.0215514
26.9408, -1.93649, 0.974814, 2.43162, 0.0202583
27.0802, -1.60705, 0.977549, 2.29214, 0.0189653
27.2197, -1.29707, 0.980104, 2.15266, 0.0176722
27.3592, -1.00654, 0.982479, 2.01319, 0.016379
27.4987, -0.735462, 0.984674, 1.87372, 0.0150858
27.6382, -0.483833, 0.986688, 1.73424, 0.0137926
27.7776, -0.251667, 0.988521, 1.59476, 0.0124993
27.9171, -0.0389557, 0.990174, 1.45529, 0.011206
28.0566, 0.154297, 0.991647, 1.31581, 0.00991265
28.1961, 0.328106, 0.99294, 1.17633, 0.0086193
28.3356, 0.482452, 0.994052, 1.03686, 0.00732589
28.4751, 0.617352, 0.994983, 0.897383, 0.00603247
28.6145, 0.732796, 0.995735, 0.757906, 0.00473901
28.754, 0.828781, 0.996305, 0.618428, 0.00344551
28.8935, 0.905312, 0.996696, 0.478954, 0.00215202
29.033, 0.962391, 0.996906, 0.339478, 0.000858498
29.1725, 1.00002, 0.996935, 0.200002, -0.000435058
