2.29744, 0
0, 0, 0, 0.5, 0
0.0112044, 0.00485811, 3.4241e-05, 0.499059, 0.011128
0.0224088, 0.00970634, 0.000193506, 0.498117, 0.0222549
0.0336132, 0.0145446, 0.000477864, 0.497173, 0.0333808
0.0448176, 0.0193732, 0.000887374, 0.496227, 0.0445053
0.056022, 0.0241918, 0.00142194, 0.49528, 0.0556288
0.0672264, 0.0290007, 0.00208162, 0.494331, 0.0667509
0.0784307, 0.0337995, 0.00286626, 0.49338, 0.0778718
0.0896351, 0.0385888, 0.00377612, 0.492427, 0.0889912
0.10084, 0.043368, 0.00481098, 0.491472, 0.100109
0.112044, 0.0481373, 0.00597094, 0.490516, 0.111226
0.123248, 0.0528969, 0.00725594, 0.489556, 0.122341
0.134453, 0.0576468, 0.00866605, 0.488595, 0.133454
0.145657, 0.0623865, 0.0102012, 0.487632, 0.144566
0.156861, 0.0671166, 0.0118613, 0.486666, 0.155676
0.168066, 0.0718367, 0.0136466, 0.485698, 0.166784
0.17927, 0.0765472, 0.0155569, 0.484726, 0.17789
0.190475, 0.0812477, 0.0175922, 0.483752, 0.188994
0.201679, 0.0859383, 0.0197526, 0.482776, 0.200096
0.212883, 0.0906192, 0.022038, 0.481796, 0.211195
0.224088, 0.09529, 0.0244485, 0.480813, 0.222293
0.235292, 0.0999513, 0.0269839, 0.479826, 0.233388
0.246497, 0.104603, 0.0296444, 0.478836, 0.24448
0.257701, 0.109244, 0.0324299, 0.477843, 0.255569
0.268905, 0.113876, 0.0353404, 0.476845, 0.266656
0.28011, 0.118498, 0.0383758, 0.475844, 0.277739
0.291314, 0.12311, 0.0415362, 0.474838, 0.288819
0.302519, 0.127712, 0.0448217, 0.473827, 0.299896
0.313723, 0.132304, 0.0482321, 0.472812, 0.31097
0.324927, 0.136887, 0.0517674, 0.471792, 0.322039
0.336132, 0.14146, 0.0554277, 0.470766, 0.333104
0.347336, 0.146023, 0.0592129, 0.469735, 0.344166
0.358541, 0.150576, 0.063123, 0.468697, 0.355222
0.369745, 0.155119, 0.067158, 0.467654, 0.366274
0.380949, 0.159653, 0.0713179, 0.466603, 0.37732
0.392154, 0.164176, 0.0756027, 0.465545, 0.388361
0.403358, 0.16869, 0.0800123, 0.46448, 0.399396
0.414562, 0.173195, 0.0845467, 0.463407, 0.410424
0.425767, 0.177689, 0.089206, 0.462325, 0.421446
0.436971, 0.182174, 0.09399, 0.461233, 0.432461
0.448176, 0.186649, 0.0988988, 0.460132, 0.443468
0.45938, 0.191114, 0.103932, 0.459019, 0.454466
0.470584, 0.195569, 0.10909, 0.457895, 0.465455
0.481789, 0.200015, 0.114373, 0.45676, 0.476434
0.492993, 0.204451, 0.119781, 0.45561, 0.487403
0.504198, 0.208877, 0.125313, 0.454446, 0.49836
0.515402, 0.213294, 0.130969, 0.453267, 0.509304
0.526606, 0.217701, 0.13675, 0.452071, 0.520235
0.537811, 0.222098, 0.142656, 0.450856, 0.531151
0.549015, 0.226486, 0.148685, 0.449622, 0.54205
0.56022, 0.230864, 0.154839, 0.448366, 0.552931
0.571424, 0.235232, 0.161118, 0.447086, 0.563792
0.582628, 0.239591, 0.16752, 0.44578, 0.574631
0.593833, 0.24394, 0.174046, 0.444445, 0.585445
0.605037, 0.24828, 0.180696, 0.443078, 0.596232
0.616242, 0.25261, 0.18747, 0.441676, 0.606989
0.627446, 0.256932, 0.194367, 0.440236, 0.617711
0.63865, 0.261243, 0.201387, 0.438751, 0.628394
0.649855, 0.265546, 0.20853, 0.437219, 0.639033
0.661059, 0.269839, 0.215797, 0.435632, 0.649623
0.672264, 0.274123, 0.223185, 0.433983, 0.660155
0.683468, 0.278398, 0.230696, 0.432265, 0.670622
0.694672, 0.282665, 0.238328, 0.430468, 0.681013
0.705877, 0.286922, 0.246081, 0.428581, 0.691315
0.717081, 0.291171, 0.253955, 0.426589, 0.701512
0.728285, 0.295412, 0.261947, 0.42448, 0.711588
0.73949, 0.299645, 0.270059, 0.42223, 0.721515
0.750694, 0.303869, 0.278287, 0.41982, 0.731268
0.761899, 0.308087, 0.28663, 0.417222, 0.740806
0.773103, 0.312297, 0.295086, 0.4144, 0.750083
0.784307, 0.316501, 0.303653, 0.411317, 0.759037
0.795512, 0.320699, 0.312326, 0.407926, 0.76759
0.806716, 0.324891, 0.3211, 0.404171, 0.775639
0.817921, 0.329078, 0.329969, 0.399992, 0.783054
0.829125, 0.33326, 0.338925, 0.395327, 0.789672
0.840329, 0.337435, 0.347955, 0.390118, 0.795293
0.851534, 0.341603, 0.357045, 0.384329, 0.799688
0.862738, 0.345757, 0.366175, 0.37797, 0.802625
0.873943, 0.349891, 0.375326, 0.37111, 0.803904
0.885147, 0.353996, 0.384472, 0.363891, 0.803414
0.896351, 0.358059, 0.393591, 0.356502, 0.801162
0.907556, 0.36207, 0.402661, 0.349148, 0.797282
0.91876, 0.36602, 0.411665, 0.342002, 0.791984
0.929965, 0.369904, 0.420589, 0.335186, 0.78551
0.941169, 0.37372, 0.429423, 0.328769, 0.778095
0.952373, 0.377469, 0.438159, 0.322776, 0.769938
0.963578, 0.381152, 0.446792, 0.317207, 0.761202
0.974782, 0.384773, 0.455317, 0.312041, 0.752012
0.985986, 0.388335, 0.463731, 0.307252, 0.742468
0.997191, 0.391841, 0.472032, 0.30281, 0.732642
1.0084, 0.395296, 0.480217, 0.298685, 0.722593
1.0196, 0.398703, 0.488285, 0.294848, 0.712365
1.0308, 0.402064, 0.496234, 0.291274, 0.701991
1.04201, 0.405384, 0.504064, 0.287938, 0.691498
1.05321, 0.408664, 0.511774, 0.284818, 0.680906
1.06442, 0.411907, 0.519363, 0.281897, 0.670233
1.07562, 0.415115, 0.52683, 0.279156, 0.659491
1.08683, 0.418291, 0.534175, 0.276581, 0.648692
1.09803, 0.421437, 0.541397, 0.274158, 0.637843
1.10923, 0.424554, 0.548497, 0.271875, 0.626953
1.12112, 0.427807, 0.556016, 0.274845, 0.638455
1.133, 0.431095, 0.563671, 0.277903, 0.649933
1.14488, 0.43442, 0.571462, 0.281052, 0.661387
1.15676, 0.437783, 0.579389, 0.284297, 0.672814
1.16864, 0.441185, 0.587452, 0.287644, 0.684211
1.18053, 0.444627, 0.59565, 0.291099, 0.695576
1.19241, 0.448111, 0.603983, 0.294668, 0.706906
1.20429, 0.451638, 0.612451, 0.298357, 0.718197
1.21617, 0.455209, 0.621052, 0.302174, 0.729445
1.22806, 0.458827, 0.629786, 0.306127, 0.740646
1.23994, 0.462492, 0.638654, 0.310225, 0.751794
1.25182, 0.466206, 0.647653, 0.314476, 0.762885
1.2637, 0.469972, 0.656784, 0.318892, 0.773911
1.27558, 0.473791, 0.666046, 0.323483, 0.784866
1.28747, 0.477665, 0.675437, 0.328262, 0.795739
1.29935, 0.481598, 0.684957, 0.333242, 0.806522
1.31123, 0.485591, 0.694604, 0.338437, 0.817202
1.32311, 0.489646, 0.704378, 0.343865, 0.827766
1.33499, 0.493768, 0.714276, 0.34954, 0.838198
1.34688, 0.497958, 0.724298, 0.355484, 0.84848
1.35876, 0.502221, 0.73444, 0.361716, 0.85859
1.37064, 0.506559, 0.744702, 0.368257, 0.868501
1.38252, 0.510977, 0.75508, 0.375131, 0.878185
1.3944, 0.515478, 0.765571, 0.382362, 0.887604
1.40629, 0.520068, 0.776173, 0.389975, 0.896716
1.41817, 0.52475, 0.786881, 0.397996, 0.905473
1.43005, 0.529529, 0.79769, 0.406446, 0.913814
1.44193, 0.534412, 0.808596, 0.415346, 0.921672
1.45381, 0.539403, 0.819592, 0.424711, 0.92897
1.4657, 0.544508, 0.83067, 0.434547, 0.935619
1.47758, 0.549733, 0.841824, 0.444846, 0.941523
1.48946, 0.555082, 0.853042, 0.455586, 0.94658
1.50134, 0.560562, 0.864316, 0.466723, 0.950691
1.51322, 0.566175, 0.875631, 0.47819, 0.95376
1.52511, 0.571927, 0.886977, 0.489899, 0.955713
1.53699, 0.577818, 0.898339, 0.501744, 0.956499
1.54887, 0.58385, 0.909703, 0.513609, 0.956099
1.56075, 0.590023, 0.921056, 0.525377, 0.95453
1.57263, 0.596334, 0.932383, 0.536942, 0.951841
1.58452, 0.602781, 0.943672, 0.548214, 0.948106
1.5964, 0.60936, 0.95491, 0.559125, 0.943418
1.60828, 0.616067, 0.966088, 0.569629, 0.937876
1.62016, 0.622895, 0.977196, 0.5797, 0.931579
1.63204, 0.62984, 0.988224, 0.589329, 0.924624
1.64393, 0.636898, 0.999166, 0.598519, 0.917097
1.65581, 0.644062, 1.01002, 0.607281, 0.909075
1.66769, 0.651327, 1.02077, 0.615633, 0.900627
1.67957, 0.658689, 1.03142, 0.623597, 0.891812
1.69145, 0.666144, 1.04196, 0.631194, 0.882678
1.70334, 0.673688, 1.05239, 0.638449, 0.873269
1.71522, 0.681315, 1.06271, 0.645383, 0.863621
1.7271, 0.689023, 1.07291, 0.652018, 0.853766
1.73898, 0.696808, 1.083, 0.658375, 0.843728
1.75086, 0.704667, 1.09296, 0.664472, 0.833531
1.76275, 0.712597, 1.10281, 0.670329, 0.823193
1.77463, 0.720596, 1.11253, 0.675961, 0.812731
1.78651, 0.72866, 1.12212, 0.681383, 0.802159
1.79839, 0.736787, 1.13159, 0.68661, 0.791489
1.81027, 0.744975, 1.14093, 0.691654, 0.780731
1.82216, 0.753223, 1.15014, 0.696527, 0.769894
1.83404, 0.761527, 1.15923, 0.701239, 0.758987
1.84592, 0.769886, 1.16818, 0.705802, 0.748016
1.8578, 0.778299, 1.177, 0.710223, 0.736987
1.86968, 0.786763, 1.18569, 0.714511, 0.725906
1.88157, 0.795278, 1.19425, 0.718674, 0.714777
1.89345, 0.803841, 1.20268, 0.722718, 0.703605
1.90533, 0.812452, 1.21097, 0.726651, 0.692393
1.91721, 0.821109, 1.21913, 0.730479, 0.681145
1.92909, 0.82981, 1.22716, 0.734207, 0.669863
1.94098, 0.838556, 1.23505, 0.73784, 0.65855
1.95286, 0.847344, 1.24281, 0.741383, 0.647208
1.96474, 0.856173, 1.25043, 0.74484, 0.635841
1.97662, 0.865044, 1.25792, 0.748217, 0.624449
1.9885, 0.873954, 1.26527, 0.751516, 0.613034
2.00039, 0.882902, 1.27249, 0.754741, 0.601598
2.01227, 0.891889, 1.27957, 0.757895, 0.590142
2.02415, 0.900913, 1.28651, 0.760983, 0.578668
2.03603, 0.909972, 1.29332, 0.764006, 0.567177
2.04791, 0.919068, 1.29999, 0.766967, 0.55567
2.0598, 0.928198, 1.30652, 0.76987, 0.544148
2.07168, 0.937363, 1.31292, 0.772716, 0.532612
2.08356, 0.946561, 1.31918, 0.775508, 0.521063
2.09544, 0.955792, 1.3253, 0.778248, 0.509501
2.10732, 0.965055, 1.33129, 0.780938, 0.497928
2.11921, 0.97435, 1.33714, 0.78358, 0.486343
2.13109, 0.983675, 1.34284, 0.786175, 0.474748
2.14297, 0.993032, 1.34842, 0.788726, 0.463143
2.15485, 1.00242, 1.35385, 0.791234, 0.451529
2.16673, 1.01183, 1.35915, 0.793702, 0.439906
2.17862, 1.02128, 1.3643, 0.796129, 0.428274
2.1905, 1.03075, 1.36932, 0.798517, 0.416635
2.20238, 1.04026, 1.37421, 0.800868, 0.404988
2.21426, 1.04979, 1.37895, 0.803184, 0.393334
2.22614, 1.05934, 1.38355, 0.805464, 0.381673
2.23803, 1.06893, 1.38802, 0.807711, 0.370005
2.24991, 1.07854, 1.39235, 0.809926, 0.358331
2.26179, 1.08817, 1.39653, 0.812109, 0.346652
2.27367, 1.09784, 1.40058, 0.814262, 0.334966
2.28556, 1.10752, 1.40449, 0.816385, 0.323275
2.29744, 1.11724, 1.40827, 0.818479, 0.311579
