2.28431, 0.0495526
0, 0, 0, 0.5, 0
0.0112242, 0.00536847, 2e-05, 0.497871, 0.0110171
0.0224483, 0.0107131, 0.000163617, 0.495742, 0.0220341
0.0336725, 0.0160337, 0.000431062, 0.493613, 0.033051
0.0448966, 0.0213305, 0.000822093, 0.491484, 0.0440678
0.0561208, 0.0266035, 0.00133689, 0.489355, 0.0550845
0.067345, 0.0318525, 0.00197533, 0.487226, 0.0661011
0.0785691, 0.0370777, 0.0027375, 0.485097, 0.0771176
0.0897933, 0.0422789, 0.00362335, 0.482968, 0.088134
0.101017, 0.0474563, 0.00463288, 0.480839, 0.0991503
0.112242, 0.0526098, 0.00576612, 0.47871, 0.110166
0.123466, 0.0577394, 0.00702304, 0.476581, 0.121182
0.13469, 0.0628451, 0.00840371, 0.474452, 0.132198
0.145914, 0.0679269, 0.00990805, 0.472323, 0.143214
0.157138, 0.0729849, 0.0115361, 0.470193, 0.15423
0.168362, 0.0780189, 0.0132878, 0.468064, 0.165245
0.179587, 0.0830291, 0.0151632, 0.465935, 0.17626
0.190811, 0.0880154, 0.0171623, 0.463806, 0.187275
0.202035, 0.0929778, 0.0192851, 0.461676, 0.19829
0.213259, 0.0979163, 0.0215317, 0.459547, 0.209305
0.224483, 0.102831, 0.0239019, 0.457418, 0.220319
0.235707, 0.107722, 0.0263958, 0.455288, 0.231334
0.246932, 0.112589, 0.0290134, 0.453159, 0.242348
0.258156, 0.117432, 0.0317547, 0.451029, 0.253362
0.26938, 0.122251, 0.0346196, 0.4489, 0.264375
0.280604, 0.127046, 0.0376083, 0.44677, 0.275389
0.291828, 0.131817, 0.0407207, 0.44464, 0.286402
0.303052, 0.136565, 0.0439568, 0.442511, 0.297414
0.314277, 0.141288, 0.0473166, 0.440381, 0.308427
0.325501, 0.145988, 0.0508001, 0.438251, 0.319439
0.336725, 0.150664, 0.0544072, 0.436121, 0.330451
0.347949, 0.155316, 0.0581381, 0.433991, 0.341462
0.359173, 0.159944, 0.0619926, 0.431861, 0.352473
0.370397, 0.164548, 0.0659709, 0.429731, 0.363484
0.381622, 0.169128, 0.0700729, 0.427601, 0.374494
0.392846, 0.173685, 0.0742985, 0.425471, 0.385504
0.40407, 0.178217, 0.0786479, 0.423341, 0.396513
0.415294, 0.182726, 0.0831209, 0.42121, 0.407522
0.426518, 0.187211, 0.0877177, 0.419079, 0.41853
0.437742, 0.191671, 0.0924381, 0.416949, 0.429537
0.448966, 0.196108, 0.0972822, 0.414818, 0.440544
0.460191, 0.200522, 0.10225, 0.412687, 0.45155
0.471415, 0.204911, 0.107342, 0.410556, 0.462555
0.482639, 0.209276, 0.112557, 0.408425, 0.47356
0.493863, 0.213618, 0.117896, 0.406294, 0.484563
0.505087, 0.217935, 0.123358, 0.404162, 0.495565
0.516311, 0.222229, 0.128945, 0.40203, 0.506567
0.527536, 0.226499, 0.134655, 0.399898, 0.517567
0.53876, 0.230745, 0.140488, 0.397766, 0.528565
0.549984, 0.234968, 0.146446, 0.395634, 0.539563
0.561208, 0.239166, 0.152527, 0.393501, 0.550558
0.572432, 0.24334, 0.158732, 0.391368, 0.561552
0.583656, 0.247491, 0.16506, 0.389234, 0.572544
0.594881, 0.251618, 0.171512, 0.3871, 0.583533
0.606105, 0.255721, 0.178088, 0.384966, 0.59452
0.617329, 0.2598, 0.184788, 0.382831, 0.605504
0.628553, 0.263855, 0.191611, 0.380696, 0.616485
0.639777, 0.267887, 0.198558, 0.37856, 0.627462
0.651001, 0.271894, 0.205628, 0.376423, 0.638435
0.662225, 0.275878, 0.212823, 0.374286, 0.649403
0.67345, 0.279838, 0.220141, 0.372147, 0.660365
0.684674, 0.283775, 0.227583, 0.370007, 0.671322
0.695898, 0.287687, 0.235148, 0.367866, 0.68227
0.707122, 0.291576, 0.242837, 0.365723, 0.693208
0.718346, 0.295442, 0.25065, 0.363579, 0.704135
0.729571, 0.299283, 0.258586, 0.361432, 0.715049
0.740795, 0.303101, 0.266646, 0.359282, 0.725946
0.752019, 0.306896, 0.27483, 0.357128, 0.736821
0.763243, 0.310667, 0.283138, 0.35497, 0.747669
0.774467, 0.314415, 0.291569, 0.352806, 0.758482
0.785691, 0.31814, 0.300123, 0.350635, 0.769246
0.796915, 0.321842, 0.308802, 0.348452, 0.779944
0.80814, 0.325523, 0.317603, 0.346254, 0.790546
0.819364, 0.329182, 0.326529, 0.344034, 0.801005
0.830588, 0.332821, 0.335577, 0.341779, 0.811233
0.841812, 0.336444, 0.344747, 0.339467, 0.821066
0.853036, 0.340055, 0.354039, 0.337055, 0.830151
0.86426, 0.34367, 0.363444, 0.334461, 0.837679
0.875485, 0.347314, 0.372943, 0.331575, 0.841883
0.886709, 0.351012, 0.382473, 0.328501, 0.840616
0.897933, 0.35474, 0.391949, 0.325743, 0.834361
0.909157, 0.358461, 0.401321, 0.323621, 0.825464
0.920381, 0.362162, 0.410571, 0.322114, 0.815409
0.931605, 0.365843, 0.419696, 0.321105, 0.804825
0.94283, 0.369509, 0.428695, 0.320488, 0.79398
0.954054, 0.373165, 0.437566, 0.320183, 0.782995
0.965278, 0.376812, 0.446311, 0.320127, 0.771934
0.976502, 0.380456, 0.454929, 0.320276, 0.760826
0.987726, 0.384099, 0.46342, 0.320596, 0.749693
0.99895, 0.387742, 0.471785, 0.321059, 0.738543
1.01017, 0.391389, 0.480023, 0.321645, 0.727385
1.0214, 0.39504, 0.488135, 0.322338, 0.716222
1.03262, 0.398698, 0.49612, 0.323123, 0.705057
1.04385, 0.402362, 0.50398, 0.323989, 0.693893
1.05507, 0.406035, 0.511714, 0.324928, 0.68273
1.0663, 0.409717, 0.519322, 0.325931, 0.671569
1.07752, 0.413409, 0.526804, 0.326992, 0.660411
1.08874, 0.417112, 0.534161, 0.328105, 0.649256
1.09997, 0.420827, 0.541392, 0.329265, 0.638103
1.11119, 0.424554, 0.548497, 0.330469, 0.626953
1.12292, 0.430018, 0.556203, 0.33388, 0.636596
1.13465, 0.435496, 0.564031, 0.337369, 0.646143
1.14639, 0.440988, 0.571979, 0.34094, 0.655589
1.15812, 0.446493, 0.580046, 0.344597, 0.664926
1.16985, 0.452012, 0.588232, 0.348344, 0.674146
1.18158, 0.457544, 0.596535, 0.352186, 0.683243
1.19331, 0.46309, 0.604953, 0.356129, 0.692207
1.20504, 0.468648, 0.613485, 0.360175, 0.701029
1.21677, 0.47422, 0.62213, 0.364332, 0.709699
1.2285, 0.479805, 0.630885, 0.368604, 0.718206
1.24023, 0.485403, 0.639748, 0.372996, 0.726538
1.25197, 0.491014, 0.648718, 0.377515, 0.734683
1.2637, 0.496638, 0.657792, 0.382166, 0.742626
1.27543, 0.502275, 0.666967, 0.386955, 0.750354
1.28716, 0.507926, 0.676241, 0.391887, 0.75785
1.29889, 0.513589, 0.685611, 0.396969, 0.765098
1.31062, 0.519266, 0.695073, 0.402206, 0.772079
1.32235, 0.524957, 0.704624, 0.407603, 0.778776
1.33408, 0.530661, 0.71426, 0.413165, 0.785167
1.34581, 0.536381, 0.723976, 0.418897, 0.791231
1.35755, 0.542115, 0.733768, 0.424803, 0.796948
1.36928, 0.547866, 0.743631, 0.430884, 0.802293
1.38101, 0.553633, 0.75356, 0.437143, 0.807244
1.39274, 0.559418, 0.763549, 0.443579, 0.811777
1.40447, 0.565223, 0.773592, 0.450193, 0.815868
1.4162, 0.571049, 0.783682, 0.45698, 0.819494
1.42793, 0.576897, 0.793813, 0.463936, 0.822634
1.43966, 0.58277, 0.803977, 0.471053, 0.825265
1.4514, 0.588671, 0.814167, 0.478323, 0.827369
1.46313, 0.594602, 0.824375, 0.485735, 0.828929
1.47486, 0.600565, 0.834593, 0.493273, 0.82993
1.48659, 0.606564, 0.844814, 0.500924, 0.830363
1.49832, 0.612603, 0.855028, 0.508669, 0.830221
1.51005, 0.618684, 0.865229, 0.516489, 0.829499
1.52178, 0.624812, 0.875408, 0.524365, 0.8282
1.53351, 0.630989, 0.885557, 0.532275, 0.826328
1.54524, 0.637219, 0.895669, 0.540199, 0.823893
1.55698, 0.643506, 0.905736, 0.548114, 0.820907
1.56871, 0.649852, 0.915751, 0.556002, 0.817387
1.58044, 0.65626, 0.925708, 0.563843, 0.81335
1.59217, 0.662734, 0.935601, 0.571619, 0.808818
1.6039, 0.669275, 0.945423, 0.579314, 0.803815
1.61563, 0.675885, 0.95517, 0.586912, 0.798362
1.62736, 0.682566, 0.964836, 0.594401, 0.792487
1.63909, 0.68932, 0.974417, 0.601771, 0.786213
1.65082, 0.696146, 0.983909, 0.609011, 0.779564
1.66256, 0.703046, 0.993307, 0.616114, 0.772567
1.67429, 0.71002, 1.00261, 0.623075, 0.765243
1.68602, 0.717068, 1.01181, 0.629889, 0.757616
1.69775, 0.72419, 1.02091, 0.636554, 0.749707
1.70948, 0.731385, 1.0299, 0.643066, 0.741536
1.72121, 0.738653, 1.03879, 0.649425, 0.733124
1.73294, 0.745993, 1.04756, 0.655632, 0.724487
1.74467, 0.753405, 1.05622, 0.661687, 0.715643
1.7564, 0.760886, 1.06477, 0.667591, 0.706606
1.76814, 0.768437, 1.0732, 0.673347, 0.697393
1.77987, 0.776056, 1.08152, 0.678957, 0.688015
1.7916, 0.783741, 1.08972, 0.684423, 0.678485
1.80333, 0.791493, 1.09779, 0.689748, 0.668815
1.81506, 0.799308, 1.10575, 0.694937, 0.659015
1.82679, 0.807186, 1.11358, 0.699991, 0.649094
1.83852, 0.815125, 1.12129, 0.704914, 0.639062
1.85025, 0.823125, 1.12887, 0.70971, 0.628926
1.86199, 0.831184, 1.13633, 0.714382, 0.618695
1.87372, 0.8393, 1.14367, 0.718934, 0.608374
1.88545, 0.847473, 1.15088, 0.723369, 0.59797
1.89718, 0.855701, 1.15796, 0.727691, 0.587489
1.90891, 0.863982, 1.16491, 0.731902, 0.576937
1.92064, 0.872315, 1.17173, 0.736006, 0.566318
1.93237, 0.8807, 1.17843, 0.740007, 0.555636
1.9441, 0.889135, 1.185, 0.743907, 0.544897
1.95583, 0.897619, 1.19143, 0.74771, 0.534103
1.96757, 0.90615, 1.19774, 0.751418, 0.523259
1.9793, 0.914728, 1.20391, 0.755035, 0.512367
1.99103, 0.923352, 1.20995, 0.758562, 0.501431
2.00276, 0.932019, 1.21587, 0.762003, 0.490453
2.01449, 0.940731, 1.22165, 0.765361, 0.479436
2.02622, 0.949484, 1.22729, 0.768637, 0.468383
2.03795, 0.958279, 1.23281, 0.771834, 0.457295
2.04968, 0.967114, 1.23819, 0.774955, 0.446175
2.06141, 0.975988, 1.24344, 0.778002, 0.435024
2.07315, 0.984901, 1.24856, 0.780977, 0.423846
2.08488, 0.993852, 1.25354, 0.783882, 0.41264
2.09661, 1.00284, 1.25839, 0.786719, 0.401408
2.10834, 1.01186, 1.26311, 0.78949, 0.390153
2.12007, 1.02092, 1.26769, 0.792196, 0.378876
2.1318, 1.03001, 1.27214, 0.794841, 0.367577
2.14353, 1.03914, 1.27645, 0.797425, 0.356257
2.15526, 1.0483, 1.28063, 0.79995, 0.344919
2.167, 1.05749, 1.28467, 0.802417, 0.333563
2.17873, 1.06671, 1.28858, 0.804829, 0.32219
2.19046, 1.07596, 1.29235, 0.807186, 0.3108
2.20219, 1.08525, 1.29599, 0.809491, 0.299395
2.21392, 1.09456, 1.2995, 0.811744, 0.287976
2.22565, 1.1039, 1.30286, 0.813947, 0.276543
2.23738, 1.11327, 1.3061, 0.816102, 0.265096
2.24911, 1.12266, 1.30919, 0.818208, 0.253638
2.26084, 1.13209, 1.31216, 0.820268, 0.242167
2.27258, 1.14153, 1.31498, 0.822284, 0.230686
2.28431, 1.15101, 1.31767, 0.824254, 0.219193
