35.4228, 0
0, 0, 0, 0.5, 0
0.185459, 0.0755329, 0.000104826, 0.314545, 0.00120695
0.370919, 0.116668, 0.000433515, 0.12909, 0.00241391
0.556378, 0.123418, 0.00098598, -0.0563666, 0.00362087
0.741837, 0.0957621, 0.00176237, -0.241821, 0.00482781
0.927296, 0.0337168, 0.00276256, -0.427276, 0.00603477
1.11276, -0.0627241, 0.0039866, -0.612732, 0.00724172
1.29821, -0.193554, 0.00543445, -0.798187, 0.00844868
1.48367, -0.358784, 0.00710617, -0.983643, 0.00965564
1.66913, -0.558405, 0.00900172, -1.1691, 0.0108626
1.85459, -0.792424, 0.0111211, -1.35455, 0.0120695
2.04005, -1.06083, 0.0134644, -1.54001, 0.0132765
2.22551, -1.36364, 0.0160314, -1.72546, 0.0144835
2.41097, -1.70084, 0.0188223, -1.91092, 0.0156904
2.59643, -2.07244, 0.0218371, -2.09637, 0.0168974
2.78189, -2.47843, 0.0250757, -2.28183, 0.0181043
2.96735, -2.91881, 0.0285382, -2.46729, 0.0193113
3.15281, -3.39359, 0.0322244, -2.65274, 0.0205182
3.33827, -3.90276, 0.0361346, -2.8382, 0.0217252
3.52373, -4.44633, 0.0402685, -3.02365, 0.0229321
3.70919, -5.02429, 0.0446263, -3.20911, 0.0241391
3.89464, -5.63664, 0.049208, -3.39456, 0.025346
4.0801, -6.28339, 0.0540134, -3.58002, 0.026553
4.26556, -6.96454, 0.0590428, -3.76547, 0.02776
4.45102, -7.68008, 0.064296, -3.95093, 0.0289669
4.63648, -8.43001, 0.069773, -4.13638, 0.0301739
4.82194, -9.21434, 0.0754738, -4.32184, 0.0313808
5.0074, -10.0331, 0.0813985, -4.50729, 0.0325878
5.19286, -10.8862, 0.087547, -4.69275, 0.0337947
5.37832, -11.7737, 0.0939194, -4.8782, 0.0350017
5.56378, -12.6956, 0.100516, -5.06366, 0.0362086
5.74924, -13.6519, 0.107336, -5.24911, 0.0374156
5.9347, -14.6426, 0.11438, -5.43457, 0.0386226
6.12016, -15.6677, 0.121647, -5.62003, 0.0398295
6.30561, -16.7272, 0.129139, -5.80548, 0.0410365
6.49107, -17.821, 0.136854, -5.99094, 0.0422434
6.67653, -18.9493, 0.144794, -6.17639, 0.0434504
6.86199, -20.112, 0.152957, -6.36185, 0.0446573
7.04745, -21.309, 0.161344, -6.5473, 0.0458643
7.23291, -22.5405, 0.169954, -6.73276, 0.0470712
7.41837, -23.8063, 0.178789, -6.91822, 0.0482782
7.60383, -25.1066, 0.187847, -7.10367, 0.0494851
7.78929, -26.4412, 0.19713, -7.28913, 0.0506921
7.97475, -27.8103, 0.206636, -7.47458, 0.0518991
8.16021, -29.2137, 0.216366, -7.66004, 0.053106
8.34567, -30.6515, 0.22632, -7.8455, 0.054313
8.53113, -32.1237, 0.236497, -8.03095, 0.0555199
8.71659, -33.6303, 0.246899, -8.21641, 0.0567269
8.90204, -35.1713, 0.257524, -8.40186, 0.0579339
9.0875, -36.7467, 0.268373, -8.58732, 0.0591408
9.27296, -38.3562, 0.279432, -8.73773, 0.0593536
9.45842, -39.9594, 0.290315, -8.55187, 0.0580504
9.64388, -41.5283, 0.300967, -8.36642, 0.0568186
9.82934, -43.0627, 0.311391, -8.18094, 0.0555966
10.0148, -44.5627, 0.321589, -7.99549, 0.054379
10.2003, -46.0284, 0.331561, -7.81004, 0.0531637
10.3857, -47.4596, 0.341309, -7.62458, 0.0519499
10.5712, -48.8564, 0.350831, -7.43913, 0.0507371
10.7566, -50.2189, 0.360128, -7.25367, 0.0495251
10.9421, -51.547, 0.3692, -7.06821, 0.0483137
11.1276, -52.8406, 0.378048, -6.88276, 0.0471027
11.313, -54.0999, 0.386672, -6.69731, 0.0458922
11.4985, -55.3248, 0.395071, -6.51185, 0.0446819
11.6839, -56.5153, 0.403245, -6.32639, 0.043472
11.8694, -57.6714, 0.411195, -6.14094, 0.0422622
12.0549, -58.7931, 0.418921, -5.95548, 0.0410526
12.2403, -59.8804, 0.426422, -5.77003, 0.0398432
12.4258, -60.9333, 0.4337, -5.58457, 0.0386339
12.6112, -61.9518, 0.440753, -5.39912, 0.0374248
12.7967, -62.9359, 0.447581, -5.21366, 0.0362158
12.9821, -63.8856, 0.454186, -5.0282, 0.0350069
13.1676, -64.801, 0.460566, -4.84275, 0.0337981
13.3531, -65.6819, 0.466722, -4.6573, 0.0325894
13.5385, -66.5284, 0.472654, -4.47184, 0.0313807
13.724, -67.3406, 0.478362, -4.28639, 0.0301721
13.9094, -68.1183, 0.483845, -4.10093, 0.0289636
14.0949, -68.8617, 0.489105, -3.91547, 0.0277552
14.2804, -69.5707, 0.49414, -3.73002, 0.0265468
14.4658, -70.2452, 0.498951, -3.54456, 0.0253384
14.6513, -70.8854, 0.503539, -3.35911, 0.0241302
14.8367, -71.4912, 0.507902, -3.17365, 0.0229219
15.0222, -72.0626, 0.512041, -2.98819, 0.0217137
15.2077, -72.5996, 0.515956, -2.80274, 0.0205055
15.3931, -73.1021, 0.519647, -2.61728, 0.0192974
15.5786, -73.5704, 0.523113, -2.43183, 0.0180893
15.764, -74.0042, 0.526356, -2.24637, 0.0168812
15.9495, -74.4036, 0.529375, -2.06092, 0.0156732
16.135, -74.7686, 0.53217, -1.87546, 0.0144652
16.3204, -75.0992, 0.534741, -1.69001, 0.0132573
16.5059, -75.3955, 0.537087, -1.50455, 0.0120493
16.6913, -75.6573, 0.53921, -1.3191, 0.0108414
16.8768, -75.8848, 0.541109, -1.13365, 0.0096335
17.0623, -76.0778, 0.542783, -0.948189, 0.00842562
17.2477, -76.2364, 0.544234, -0.762732, 0.00721776
17.4332, -76.3607, 0.54546, -0.577278, 0.00600993
17.6186, -76.4506, 0.546463, -0.391821, 0.00480211
17.8041, -76.506, 0.547242, -0.206367, 0.00359432
17.9895, -76.5271, 0.547796, -0.0209089, 0.00238653
18.175, -76.5138, 0.548127, 0.164544, 0.00117879
18.3605, -76.4661, 0.548233, 0.349999, -2.89535e-05
18.5311, -76.3918, 0.548594, 0.52062, 0.00105842
18.7017, -76.2884, 0.548871, 0.69124, 0.00211685
18.8723, -76.1559, 0.549328, 0.861861, 0.00317527
19.043, -75.9943, 0.549967, 1.03248, 0.0042337
19.2136, -75.8036, 0.550786, 1.2031, 0.00529212
19.3842, -75.5837, 0.551785, 1.37372, 0.00635055
19.5548, -75.3348, 0.552965, 1.54434, 0.00740897
19.7255, -75.0567, 0.554326, 1.71496, 0.0084674
19.8961, -74.7496, 0.555867, 1.88558, 0.00952582
20.0667, -74.4133, 0.557589, 2.0562, 0.0105842
20.2373, -74.0479, 0.559491, 2.22682, 0.0116427
20.4079, -73.6534, 0.561574, 2.39744, 0.0127011
20.5786, -73.2298, 0.563838, 2.56806, 0.0137595
20.7492, -72.7771, 0.566282, 2.73868, 0.0148179
20.9198, -72.2952, 0.568907, 2.9093, 0.0158764
21.0904, -71.7843, 0.571712, 3.07992, 0.0169348
21.2611, -71.2442, 0.574698, 3.25054, 0.0179932
21.4317, -70.675, 0.577865, 3.42116, 0.0190516
21.6023, -70.0767, 0.581212, 3.59178, 0.0201101
21.7729, -69.4493, 0.58474, 3.7624, 0.0211685
21.9436, -68.7928, 0.588448, 3.93303, 0.0222269
22.1142, -68.1072, 0.592337, 4.10365, 0.0232853
22.2848, -67.3925, 0.596407, 4.27427, 0.0243438
22.4554, -66.6486, 0.600657, 4.44489, 0.0254022
22.6261, -65.8757, 0.605088, 4.61551, 0.0264606
22.7967, -65.0736, 0.609699, 4.78613, 0.027519
22.9673, -64.2424, 0.614491, 4.95675, 0.0285775
23.1379, -63.3821, 0.619464, 5.12737, 0.0296359
23.3085, -62.4927, 0.624617, 5.29799, 0.0306943
23.4792, -61.5742, 0.62995, 5.46861, 0.0317527
23.6498, -60.6266, 0.635465, 5.63923, 0.0328112
23.8204, -59.6498, 0.641159, 5.80985, 0.0338696
23.991, -58.644, 0.647035, 5.98047, 0.034928
24.1617, -57.609, 0.653091, 6.15109, 0.0359864
24.3323, -56.5449, 0.659328, 6.32171, 0.0370449
24.5029, -55.4518, 0.665745, 6.49233, 0.0381033
24.6735, -54.3295, 0.672343, 6.66295, 0.0391617
24.8442, -53.1781, 0.679121, 6.83357, 0.0402201
25.0148, -51.9975, 0.68608, 7.00419, 0.0412786
25.1854, -50.7879, 0.69322, 7.17481, 0.042337
25.356, -49.5491, 0.70054, 7.34543, 0.0433954
25.5267, -48.2813, 0.708041, 7.51605, 0.0444538
25.6973, -46.9843, 0.715722, 7.68667, 0.0455123
25.8679, -45.6582, 0.723584, 7.8573, 0.0465707
26.0385, -44.303, 0.731627, 8.02792, 0.0476291
26.2091, -42.9187, 0.73985, 8.19854, 0.0486876
26.3798, -41.5053, 0.748254, 8.36916, 0.049746
26.5504, -40.0628, 0.756838, 8.53979, 0.0508045
26.721, -38.5911, 0.765603, 8.71048, 0.0518633
26.8916, -37.096, 0.774567, 8.73109, 0.0527748
27.0623, -35.6208, 0.783486, 8.56041, 0.0517594
27.2329, -34.1748, 0.792228, 8.38977, 0.0507201
27.4035, -32.7579, 0.800793, 8.21916, 0.0496743
27.5741, -31.37, 0.809179, 8.04853, 0.0486251
27.7448, -30.0113, 0.817386, 7.87791, 0.0475741
27.9154, -28.6817, 0.825414, 7.70729, 0.0465218
28.086, -27.3812, 0.833262, 7.53667, 0.0454687
28.2566, -26.1099, 0.84093, 7.36605, 0.0444148
28.4273, -24.8676, 0.848418, 7.19543, 0.0433605
28.5979, -23.6544, 0.855726, 7.02481, 0.0423058
28.7685, -22.4704, 0.862855, 6.85419, 0.0412507
28.9391, -21.3155, 0.869803, 6.68357, 0.0401953
29.1097, -20.1897, 0.876571, 6.51295, 0.0391397
29.2804, -19.0929, 0.88316, 6.34233, 0.0380839
29.451, -18.0254, 0.889567, 6.17171, 0.0370279
29.6216, -16.9869, 0.895795, 6.00109, 0.0359718
29.7922, -15.9775, 0.901843, 5.83047, 0.0349155
29.9629, -14.9972, 0.90771, 5.65985, 0.0338591
30.1335, -14.0461, 0.913397, 5.48923, 0.0328026
30.3041, -13.1241, 0.918904, 5.31861, 0.031746
30.4747, -12.2311, 0.92423, 5.14798, 0.0306893
30.6454, -11.3673, 0.929376, 4.97737, 0.0296326
30.816, -10.5326, 0.934342, 4.80675, 0.0285758
30.9866, -9.72704, 0.939128, 4.63612, 0.0275188
31.1572, -8.95056, 0.943733, 4.4655, 0.0264619
31.3279, -8.20319, 0.948158, 4.29489, 0.0254049
31.4985, -7.48494, 0.952402, 4.12427, 0.0243478
31.6691, -6.79581, 0.956466, 3.95364, 0.0232907
31.8397, -6.13577, 0.96035, 3.78303, 0.0222335
32.0103, -5.50485, 0.964054, 3.61241, 0.0211763
32.181, -4.90305, 0.967577, 3.44179, 0.0201191
32.3516, -4.33035, 0.970919, 3.27116, 0.0190618
32.5222, -3.78676, 0.974081, 3.10054, 0.0180045
32.6928, -3.2723, 0.977063, 2.92992, 0.0169471
32.8635, -2.78695, 0.979864, 2.7593, 0.0158898
33.0341, -2.3307, 0.982485, 2.58868, 0.0148324
33.2047, -1.90356, 0.984926, 2.41806, 0.0137749
33.3753, -1.50553, 0.987186, 2.24744, 0.0127175
33.546, -1.13663, 0.989266, 2.07682, 0.01166
33.7166, -0.796844, 0.991165, 1.9062, 0.0106025
33.8872, -0.486145, 0.992884, 1.73558, 0.00954493
34.0578, -0.204575, 0.994422, 1.56496, 0.00848737
34.2285, 0.0478821, 0.99578, 1.39434, 0.0074298
34.3991, 0.271225, 0.996958, 1.22372, 0.0063722
34.5697, 0.465485, 0.997955, 1.0531, 0.00531459
34.7403, 0.630608, 0.998771, 0.88248, 0.00425696
34.9109, 0.766617, 0.999407, 0.711859, 0.00319931
35.0816, 0.873535, 0.999863, 0.54124, 0.00214165
35.2522, 0.951317, 1.00014, 0.37062, 0.00108397
35.4228, 0.999985, 1.00023, 0.2, 2.62792e-05
