33.6709, 0
0, 0, 0, 0.5, 0
0.176584, 0.0727022, 0.000104393, 0.32342, 0.00126761
0.353168, 0.114199, -0.00278075, 0.146844, 0.00291493
0.529752, 0.124563, 0.000984703, -0.0297381, 0.00380283
0.706336, 0.103719, 0.00176064, -0.206318, 0.00507044
0.88292, 0.0516949, 0.0027604, -0.382897, 0.00633805
1.0595, -0.031511, 0.00398401, -0.559476, 0.00760566
1.23609, -0.145917, 0.00255332, -0.736053, 0.00925298
1.41267, -0.291481, 0.00429164, -0.912632, 0.0105206
1.58926, -0.468227, 0.0062538, -1.08921, 0.0117882
1.76584, -0.676154, 0.0084398, -1.26579, 0.0130558
1.94242, -0.915264, 0.0108496, -1.44237, 0.0143234
2.11901, -1.18554, 0.0160262, -1.61895, 0.0152113
2.29559, -1.48701, 0.0188167, -1.79553, 0.0164789
2.47218, -1.81968, 0.0194222, -1.97211, 0.0181263
2.64876, -2.18349, 0.0250692, -2.14869, 0.0190142
2.82534, -2.57851, 0.0285312, -2.32527, 0.0202818
3.00193, -3.00471, 0.032217, -2.50185, 0.0215494
3.17851, -3.46208, 0.0361267, -2.67843, 0.022817
3.3551, -3.95066, 0.0381867, -2.85501, 0.0244643
3.53168, -4.47038, 0.0446175, -3.03159, 0.0253522
3.70826, -5.0213, 0.0491987, -3.20817, 0.0266198
3.88485, -5.60341, 0.0521314, -3.38474, 0.0282671
4.06143, -6.21669, 0.0590326, -3.56133, 0.029155
4.23801, -6.86116, 0.0625471, -3.7379, 0.0308024
4.4146, -7.53679, 0.0698918, -3.91448, 0.0316607
4.59118, -8.24362, 0.075587, -4.09106, 0.0329283
4.76777, -8.98163, 0.081506, -4.26764, 0.034196
4.94435, -9.75083, 0.0860645, -4.44422, 0.0358728
5.12093, -10.5512, 0.0925035, -4.6208, 0.0371404
5.29752, -11.3827, 0.0991663, -4.79738, 0.038408
5.4741, -12.2455, 0.106053, -4.97396, 0.0396756
5.65069, -13.1394, 0.114459, -5.15054, 0.040534
5.82727, -14.0645, 0.121633, -5.32712, 0.0418311
6.00385, -15.0207, 0.129207, -5.5037, 0.0430692
6.18044, -16.0082, 0.136962, -5.68028, 0.0443196
6.35702, -17.0268, 0.143844, -5.85686, 0.0460137
6.53361, -18.0767, 0.152073, -6.03344, 0.0472813
6.71019, -19.1577, 0.160527, -6.21001, 0.0485489
6.88677, -20.2698, 0.169994, -6.3866, 0.0494073
7.06336, -21.4132, 0.178853, -6.56317, 0.0506576
7.23994, -22.5877, 0.187922, -6.73975, 0.051913
7.41653, -23.7935, 0.197207, -6.91633, 0.0531711
7.59311, -25.0304, 0.2067, -7.09291, 0.0544387
7.76969, -26.2985, 0.215949, -7.26949, 0.0561546
7.94628, -27.5977, 0.226371, -7.44607, 0.0569596
8.12286, -28.9282, 0.236534, -7.62265, 0.0582272
8.29945, -30.2898, 0.246926, -7.79923, 0.0594841
8.47603, -31.6826, 0.257373, -7.97581, 0.061225
8.65261, -33.1066, 0.268366, -8.15239, 0.0620193
8.8292, -34.5616, 0.279417, -8.30204, 0.0627296
9.00578, -36.0121, 0.290369, -8.1258, 0.0613518
9.18237, -37.4314, 0.301088, -7.94922, 0.0600562
9.35895, -38.8195, 0.31158, -7.77265, 0.0587719
9.53553, -40.1764, 0.321845, -7.59606, 0.0574922
9.71212, -41.5022, 0.331884, -7.41949, 0.0562153
9.8887, -42.7967, 0.341698, -7.24291, 0.05494
10.0653, -44.0601, 0.351287, -7.06633, 0.0536659
10.2419, -45.2923, 0.360651, -6.88975, 0.0523927
10.4185, -46.4934, 0.369791, -6.71317, 0.0511201
10.595, -47.6632, 0.378705, -6.53659, 0.0498481
10.7716, -48.8019, 0.387395, -6.36001, 0.0485764
10.9482, -49.9094, 0.395861, -6.18344, 0.0473051
11.1248, -50.9857, 0.404102, -6.00686, 0.0460341
11.3014, -52.0308, 0.412119, -5.83028, 0.0447634
11.478, -53.0447, 0.419911, -5.6537, 0.0434928
11.6545, -54.0275, 0.427479, -5.47712, 0.0422225
11.8311, -54.9791, 0.434823, -5.30054, 0.0409523
12.0077, -55.8995, 0.441942, -5.12396, 0.0396823
12.1843, -56.7887, 0.448837, -4.94738, 0.0384124
12.3609, -57.6467, 0.455508, -4.7708, 0.0371426
12.5375, -58.4736, 0.461955, -4.59422, 0.0358729
12.714, -59.2693, 0.468177, -4.41764, 0.0346033
12.8906, -60.0338, 0.474176, -4.24106, 0.0333338
13.0672, -60.7671, 0.47995, -4.06448, 0.0320644
13.2438, -61.4692, 0.4855, -3.8879, 0.0307951
13.4204, -62.1402, 0.490826, -3.71132, 0.0295258
13.597, -62.7799, 0.495927, -3.53474, 0.0282566
13.7735, -63.3885, 0.500805, -3.35816, 0.0269874
13.9501, -63.9659, 0.505458, -3.18159, 0.0257183
14.1267, -64.5121, 0.509888, -3.005, 0.0244493
14.3033, -65.0272, 0.514093, -2.82843, 0.0231803
14.4799, -65.511, 0.518074, -2.65185, 0.0219113
14.6565, -65.9637, 0.521831, -2.47527, 0.0206424
14.8331, -66.3852, 0.525365, -2.29869, 0.0193735
15.0096, -66.7756, 0.528674, -2.12211, 0.0181047
15.1862, -67.1347, 0.531759, -1.94553, 0.0168359
15.3628, -67.4627, 0.53462, -1.76895, 0.0155671
15.5394, -67.7595, 0.537256, -1.59237, 0.0142984
15.716, -68.025, 0.539669, -1.41579, 0.0130296
15.8926, -68.2594, 0.541858, -1.23921, 0.0117609
16.0691, -68.4627, 0.543823, -1.06263, 0.0104923
16.2457, -68.6347, 0.545564, -0.886053, 0.00922365
16.4223, -68.7756, 0.54708, -0.709473, 0.00795504
16.5989, -68.8853, 0.548373, -0.532894, 0.00668645
16.7755, -68.9638, 0.549442, -0.356314, 0.00541788
16.9521, -69.0112, 0.550287, -0.179739, 0.00414936
17.1286, -69.0273, 0.550907, -0.00315684, 0.00288082
17.3052, -69.0123, 0.551304, 0.173422, 0.00161232
17.4818, -68.966, 0.551477, 0.350002, 0.000343825
17.6437, -68.8963, 0.548594, 0.511886, 0.00111551
17.8056, -68.8003, 0.548871, 0.673773, 0.00223101
17.9675, -68.6781, 0.549329, 0.835659, 0.00334652
18.1294, -68.5298, 0.549639, 0.997545, 0.00450674
18.2913, -68.3552, 0.550584, 1.15943, 0.00560575
18.4532, -68.1544, 0.551588, 1.32132, 0.00672126
18.615, -67.9273, 0.552773, 1.48321, 0.00783677
18.7769, -67.6741, 0.554139, 1.64509, 0.00895228
18.9388, -67.3947, 0.55587, 1.80698, 0.0100396
19.1007, -67.0891, 0.557306, 1.96886, 0.0111998
19.2626, -66.7572, 0.559319, 2.13075, 0.0122988
19.4245, -66.3992, 0.561407, 2.29264, 0.0134143
19.5864, -66.0149, 0.563676, 2.45452, 0.0145298
19.7483, -65.6044, 0.566125, 2.61641, 0.0156453
19.9102, -65.1678, 0.568755, 2.7783, 0.0167608
20.0721, -64.7049, 0.571565, 2.94018, 0.0178763
20.2339, -64.2158, 0.574556, 3.10207, 0.0189919
20.3958, -63.7005, 0.577727, 3.26396, 0.0201074
20.5577, -63.159, 0.581079, 3.42584, 0.0212229
20.7196, -62.5913, 0.584533, 3.58773, 0.0223549
20.8815, -61.9973, 0.588249, 3.74962, 0.0234704
21.0434, -61.3772, 0.592146, 3.9115, 0.0245859
21.2053, -60.7309, 0.596223, 4.07339, 0.0257014
21.3672, -60.0583, 0.60048, 4.23528, 0.0268169
21.5291, -59.3596, 0.604919, 4.39716, 0.0279324
21.691, -58.6346, 0.609537, 4.55905, 0.0290479
21.8529, -57.8834, 0.614337, 4.72094, 0.0301634
22.0147, -57.106, 0.619317, 4.88282, 0.0312789
22.1766, -56.3025, 0.624478, 5.04471, 0.0323945
22.3385, -55.4727, 0.629782, 5.20659, 0.0335217
22.5004, -54.6167, 0.635341, 5.36848, 0.0346255
22.6623, -53.7345, 0.64101, 5.53037, 0.0357527
22.8242, -52.826, 0.64687, 5.69225, 0.0368773
22.9861, -51.8914, 0.65296, 5.85414, 0.0379837
23.148, -50.9306, 0.659185, 6.01603, 0.0391083
23.3099, -49.9435, 0.665583, 6.17791, 0.0402375
23.4718, -48.9303, 0.672194, 6.3398, 0.041353
23.6336, -47.8908, 0.678986, 6.50168, 0.0424685
23.7955, -46.8252, 0.685981, 6.66357, 0.0435703
23.9574, -45.7333, 0.693095, 6.82546, 0.0447097
24.1193, -44.6152, 0.700452, 6.98734, 0.0458087
24.2812, -43.4709, 0.707931, 7.14923, 0.0469524
24.4431, -42.3004, 0.715637, 7.31111, 0.0480605
24.605, -41.1037, 0.723511, 7.473, 0.0491799
24.7669, -39.8808, 0.731567, 7.63489, 0.050299
24.9288, -38.6317, 0.739795, 7.79677, 0.0514352
25.0907, -37.3564, 0.748206, 7.95863, 0.0525818
25.2526, -36.0548, 0.756815, 8.12052, 0.0536982
25.4144, -34.7271, 0.7656, 8.2823, 0.0548705
25.5763, -33.3788, 0.774556, 8.29425, 0.0552363
25.7382, -32.0491, 0.783413, 8.13241, 0.0541679
25.9001, -30.7456, 0.792094, 7.97054, 0.0530738
26.062, -29.4684, 0.800597, 7.80866, 0.0519722
26.2239, -28.2173, 0.808921, 7.64677, 0.050867
26.3858, -26.9925, 0.817067, 7.48488, 0.0497597
26.5477, -25.7939, 0.825032, 7.323, 0.0486511
26.7096, -24.6214, 0.832819, 7.16112, 0.0475414
26.8715, -23.4752, 0.840425, 6.99924, 0.0464311
27.0333, -22.3552, 0.847852, 6.83735, 0.0453201
27.1952, -21.2614, 0.855099, 6.67546, 0.0442087
27.3571, -20.1938, 0.862166, 6.51357, 0.0430969
27.519, -19.1525, 0.869053, 6.35169, 0.0419848
27.6809, -18.1373, 0.87576, 6.1898, 0.0408724
27.8428, -17.1483, 0.882287, 6.02792, 0.0397598
28.0047, -16.1856, 0.888633, 5.86603, 0.038647
28.1666, -15.249, 0.8948, 5.70414, 0.0375341
28.3285, -14.3387, 0.900786, 5.54226, 0.036421
28.4904, -13.4545, 0.906592, 5.38037, 0.0353077
28.6522, -12.5966, 0.912218, 5.21849, 0.0341944
28.8141, -11.7649, 0.917664, 5.0566, 0.0330809
28.976, -10.9594, 0.922929, 4.89471, 0.0319673
29.1379, -10.1801, 0.928014, 4.73282, 0.0308537
29.2998, -9.42697, 0.932919, 4.57094, 0.0297399
29.4617, -8.70009, 0.937644, 4.40905, 0.0286261
29.6236, -7.9994, 0.942188, 4.24716, 0.0275123
29.7855, -7.32493, 0.946552, 4.08528, 0.0263983
29.9474, -6.67668, 0.950735, 3.92339, 0.0252843
30.1093, -6.05462, 0.954738, 3.76151, 0.0241703
30.2712, -5.45877, 0.958561, 3.59962, 0.0230562
30.433, -4.88912, 0.962203, 3.43773, 0.021942
30.5949, -4.34569, 0.965665, 3.27584, 0.0208278
30.7568, -3.82848, 0.968947, 3.11396, 0.0197136
30.9187, -3.33746, 0.972048, 2.95207, 0.0185993
31.0806, -2.87265, 0.974969, 2.79019, 0.017485
31.2425, -2.43404, 0.977709, 2.6283, 0.0163707
31.4044, -2.02165, 0.980269, 2.46641, 0.0152563
31.5663, -1.63548, 0.982649, 2.30453, 0.0141419
31.7282, -1.27548, 0.984848, 2.14264, 0.0130275
31.8901, -0.941727, 0.986867, 1.98075, 0.011913
32.0519, -0.634163, 0.988706, 1.81887, 0.0107985
32.2138, -0.352806, 0.990363, 1.65698, 0.00968396
32.3757, -0.0976639, 0.991841, 1.49509, 0.00856944
32.5376, 0.131279, 0.993138, 1.33321, 0.00745488
32.6995, 0.333992, 0.994255, 1.17132, 0.00634028
32.8614, 0.510536, 0.995191, 1.00944, 0.0052257
33.0233, 0.660843, 0.995947, 0.847549, 0.00411107
33.1852, 0.78495, 0.996522, 0.685663, 0.00299643
33.3471, 0.882843, 0.996917, 0.523775, 0.00188176
33.509, 0.954544, 0.997131, 0.361889, 0.000767092
33.6709, 1.00002, 0.997165, 0.200003, -0.000347601
