4.08794, 0
0, 0, 0, 0.5, 0
0.0135329, 0.00645482, 0.000712128, 0.511279, 0.00736578
0.0270659, 0.0130631, 0.00152414, 0.522555, 0.0147303
0.0405989, 0.0198249, 0.00243605, 0.533829, 0.0220935
0.0541318, 0.0267401, 0.00344783, 0.545099, 0.0294553
0.0676647, 0.0338089, 0.00455948, 0.556366, 0.0368155
0.0811977, 0.0410311, 0.00577097, 0.56763, 0.0441741
0.0947306, 0.0484069, 0.0070823, 0.57889, 0.0515308
0.108264, 0.0559362, 0.00849343, 0.590146, 0.0588857
0.121797, 0.063619, 0.0100044, 0.601397, 0.0662384
0.135329, 0.0714553, 0.0116151, 0.612643, 0.0735888
0.148862, 0.0794452, 0.0133256, 0.623885, 0.0809368
0.162395, 0.0875886, 0.0151358, 0.635121, 0.0882821
0.175928, 0.0958856, 0.0170456, 0.64635, 0.0956244
0.189461, 0.104336, 0.0190552, 0.657572, 0.102963
0.202994, 0.11294, 0.0211644, 0.668788, 0.110299
0.216527, 0.121698, 0.0233731, 0.679994, 0.11763
0.23006, 0.13061, 0.0256814, 0.691192, 0.124958
0.243593, 0.139675, 0.0280892, 0.70238, 0.13228
0.257126, 0.148894, 0.0305963, 0.713556, 0.139597
0.270659, 0.158266, 0.0332028, 0.724719, 0.146908
0.284192, 0.167793, 0.0359086, 0.735868, 0.154212
0.297725, 0.177473, 0.0387135, 0.747002, 0.161509
0.311258, 0.187307, 0.0416174, 0.758116, 0.168797
0.324791, 0.197295, 0.0446202, 0.769211, 0.176075
0.338324, 0.207437, 0.0477217, 0.780281, 0.183341
0.351857, 0.217733, 0.0509217, 0.791324, 0.190595
0.36539, 0.228184, 0.0542199, 0.802335, 0.197833
0.378923, 0.238788, 0.0576161, 0.813309, 0.205054
0.392456, 0.249548, 0.0611098, 0.824238, 0.212254
0.405988, 0.260462, 0.0647005, 0.835115, 0.219428
0.419521, 0.27153, 0.0683878, 0.845929, 0.226573
0.433054, 0.282754, 0.0721706, 0.856666, 0.23368
0.446587, 0.294134, 0.0760482, 0.867309, 0.240743
0.46012, 0.30567, 0.0800189, 0.877834, 0.247749
0.473653, 0.317362, 0.0840811, 0.88821, 0.254684
0.487186, 0.329212, 0.0882322, 0.898393, 0.261526
0.500719, 0.34122, 0.0924685, 0.908323, 0.268247
0.514252, 0.353387, 0.0967849, 0.917915, 0.274805
0.527785, 0.365716, 0.101174, 0.927046, 0.28114
0.541318, 0.378208, 0.105624, 0.935533, 0.287164
0.554851, 0.390864, 0.110119, 0.94311, 0.292746
0.568384, 0.403683, 0.114632, 0.949395, 0.297697
0.581917, 0.416659, 0.119129, 0.953885, 0.301765
0.59545, 0.429773, 0.123565, 0.956026, 0.304664
0.608983, 0.442986, 0.1279, 0.955414, 0.306173
0.622516, 0.456242, 0.132107, 0.95202, 0.306247
0.636049, 0.469475, 0.136186, 0.94622, 0.305038
0.649582, 0.482632, 0.140148, 0.938573, 0.302801
0.663115, 0.495674, 0.144011, 0.929611, 0.299786
0.676647, 0.508578, 0.147787, 0.919742, 0.296194
0.69018, 0.521328, 0.151485, 0.90925, 0.292167
0.703713, 0.533916, 0.155112, 0.898328, 0.287807
0.717246, 0.546338, 0.158671, 0.887105, 0.283185
0.730779, 0.558591, 0.162163, 0.875671, 0.278351
0.744312, 0.570672, 0.165589, 0.864084, 0.273343
0.757845, 0.582583, 0.168948, 0.852387, 0.268187
0.771378, 0.594321, 0.17224, 0.84061, 0.262906
0.784911, 0.605888, 0.175465, 0.828776, 0.257515
0.798444, 0.617284, 0.178622, 0.8169, 0.252027
0.811977, 0.628508, 0.18171, 0.804993, 0.246453
0.82551, 0.639562, 0.184727, 0.793066, 0.240803
0.839043, 0.650445, 0.187674, 0.781125, 0.235082
0.852576, 0.661159, 0.190548, 0.769174, 0.229299
0.866109, 0.671704, 0.193349, 0.757218, 0.223457
0.879642, 0.682079, 0.196077, 0.74526, 0.217561
0.893175, 0.692286, 0.19873, 0.733303, 0.211616
0.906708, 0.702325, 0.201308, 0.721347, 0.205625
0.920241, 0.712197, 0.20381, 0.709395, 0.199591
0.933773, 0.721901, 0.206235, 0.697447, 0.193517
0.947306, 0.731439, 0.208582, 0.685505, 0.187406
0.960839, 0.740809, 0.210851, 0.673569, 0.181259
0.974372, 0.750014, 0.213041, 0.661639, 0.175079
0.987905, 0.759053, 0.215152, 0.649717, 0.168867
1.00144, 0.767927, 0.217183, 0.637801, 0.162626
1.01497, 0.776635, 0.219133, 0.625893, 0.156356
1.0285, 0.785179, 0.221003, 0.613992, 0.15006
1.04204, 0.793558, 0.222791, 0.602099, 0.143738
1.05557, 0.801772, 0.224497, 0.590213, 0.137392
1.0691, 0.809823, 0.22612, 0.578335, 0.131023
1.08264, 0.81771, 0.227661, 0.566464, 0.124632
1.09617, 0.825433, 0.229118, 0.5546, 0.11822
1.1097, 0.832992, 0.230492, 0.542744, 0.111787
1.12323, 0.840389, 0.231781, 0.530895, 0.105336
1.13677, 0.847623, 0.232987, 0.519053, 0.0988654
1.1503, 0.854694, 0.234107, 0.507217, 0.0923773
1.16383, 0.861602, 0.235143, 0.495389, 0.0858722
1.17737, 0.868348, 0.236093, 0.483568, 0.0793504
1.1909, 0.874932, 0.236958, 0.471753, 0.0728129
1.20443, 0.881354, 0.237736, 0.459944, 0.0662601
1.21797, 0.887614, 0.238429, 0.448142, 0.0596926
1.2315, 0.893712, 0.239034, 0.436346, 0.0531108
1.24503, 0.899648, 0.239553, 0.424557, 0.0465154
1.25856, 0.905424, 0.239985, 0.412773, 0.0399068
1.2721, 0.911038, 0.24033, 0.400995, 0.0332853
1.28563, 0.916491, 0.240588, 0.389222, 0.0266515
1.29916, 0.921783, 0.240757, 0.377455, 0.0200056
1.3127, 0.926914, 0.240839, 0.365694, 0.0133483
1.32623, 0.931884, 0.240832, 0.353938, 0.00667945
1.33976, 0.936694, 0.240737, 0.342188, 5.21541e-08
1.36724, 0.945991, 0.2411, 0.33197, 0.0255122
1.39473, 0.954952, 0.242144, 0.321789, 0.0510383
1.42221, 0.963661, 0.243899, 0.311582, 0.0765543
1.44969, 0.972115, 0.246365, 0.301351, 0.102061
1.47717, 0.980236, 0.249513, 0.291154, 0.127581
1.50465, 0.9881, 0.253371, 0.280934, 0.153091
1.53213, 0.995669, 0.257925, 0.270719, 0.178604
1.55962, 1.00298, 0.263186, 0.260483, 0.204109
1.5871, 1.00999, 0.269144, 0.250253, 0.229616
1.61458, 1.01673, 0.275807, 0.240004, 0.255115
1.64206, 1.02318, 0.283166, 0.229762, 0.280617
1.66954, 1.02933, 0.29122, 0.219526, 0.306121
1.69703, 1.03526, 0.299997, 0.209226, 0.3316
1.72451, 1.04084, 0.30945, 0.198981, 0.3571
1.75199, 1.04617, 0.319616, 0.188698, 0.382586
1.77947, 1.05122, 0.330483, 0.178402, 0.408066
1.80695, 1.056, 0.342051, 0.168094, 0.433542
1.83443, 1.06046, 0.354312, 0.157796, 0.459021
1.86192, 1.06465, 0.367273, 0.147488, 0.484496
1.8894, 1.06858, 0.380947, 0.137132, 0.509953
1.91688, 1.0722, 0.395306, 0.126808, 0.535421
1.94436, 1.07554, 0.410369, 0.116459, 0.56088
1.97184, 1.07861, 0.426139, 0.10607, 0.586323
1.99933, 1.08136, 0.442594, 0.0957133, 0.611778
2.02681, 1.08386, 0.45976, 0.0853051, 0.637213
2.05429, 1.08606, 0.477619, 0.074898, 0.662648
2.08177, 1.08797, 0.49618, 0.0644629, 0.688071
2.10925, 1.08961, 0.51544, 0.0540038, 0.713485
2.13673, 1.09094, 0.535395, 0.0435381, 0.738896
2.16422, 1.09199, 0.55605, 0.0330417, 0.764294
2.1917, 1.09275, 0.577401, 0.0225319, 0.789687
2.21918, 1.09323, 0.599454, 0.0119648, 0.815056
2.24666, 1.09341, 0.622202, 0.00138354, 0.840419
2.27414, 1.09331, 0.645649, -0.00924969, 0.86576
2.30163, 1.0929, 0.669786, -0.0198854, 0.891101
2.32911, 1.09221, 0.694624, -0.0305944, 0.91641
2.35659, 1.09122, 0.720156, -0.0413441, 0.941702
2.38407, 1.08994, 0.746383, -0.0521549, 0.966968
2.41155, 1.08836, 0.773305, -0.0630398, 0.992203
2.43903, 1.08648, 0.80092, -0.074011, 1.0174
2.46652, 1.08429, 0.829224, -0.0850411, 1.04257
2.494, 1.08179, 0.85822, -0.0961899, 1.06769
2.52148, 1.079, 0.887908, -0.107522, 1.09273
2.54896, 1.07589, 0.918281, -0.118997, 1.1177
2.57644, 1.07246, 0.949339, -0.13071, 1.14256
2.60392, 1.0687, 0.98108, -0.142753, 1.16726
2.63141, 1.06461, 1.01349, -0.155234, 1.19174
2.65889, 1.06016, 1.04658, -0.16841, 1.21586
2.68637, 1.05534, 1.08032, -0.182875, 1.23922
2.71385, 1.05009, 1.11467, -0.20018, 1.2605
2.74133, 1.04427, 1.14949, -0.224606, 1.26836
2.76882, 1.03791, 1.18404, -0.234316, 1.24389
2.7963, 1.03149, 1.21785, -0.231995, 1.21654
2.82378, 1.02518, 1.25091, -0.226619, 1.1896
2.85126, 1.01904, 1.28324, -0.219928, 1.16295
2.87874, 1.0131, 1.31483, -0.212506, 1.13649
2.90622, 1.00737, 1.3457, -0.20462, 1.11016
2.93371, 1.00186, 1.37585, -0.196413, 1.08394
2.96119, 0.996574, 1.40528, -0.18797, 1.05778
2.98867, 0.991526, 1.43399, -0.179348, 1.03169
3.01615, 0.986717, 1.46199, -0.170584, 1.00564
3.04363, 0.982151, 1.48927, -0.161705, 0.979634
3.07112, 0.97783, 1.51583, -0.152731, 0.953659
3.0986, 0.973757, 1.54168, -0.143677, 0.927711
3.12608, 0.969934, 1.56682, -0.134556, 0.901787
3.15356, 0.966362, 1.59125, -0.125376, 0.875884
3.18104, 0.963043, 1.61496, -0.116146, 0.849999
3.20852, 0.959979, 1.63797, -0.10687, 0.824129
3.23601, 0.95717, 1.66026, -0.0975552, 0.798275
3.26349, 0.954617, 1.68184, -0.088205, 0.772433
3.29097, 0.952322, 1.70272, -0.0788229, 0.746602
3.31845, 0.950285, 1.72288, -0.0694124, 0.720781
3.34593, 0.948507, 1.74233, -0.0599759, 0.69497
3.37342, 0.946988, 1.76108, -0.0505158, 0.669168
3.4009, 0.94573, 1.77911, -0.0410342, 0.643374
3.42838, 0.944733, 1.79644, -0.0315324, 0.617587
3.45586, 0.943997, 1.81306, -0.0220126, 0.591807
3.48334, 0.943523, 1.82897, -0.0124758, 0.566032
3.51082, 0.943312, 1.84417, -0.00292334, 0.540264
3.53831, 0.943363, 1.85866, 0.00664377, 0.514501
3.56579, 0.943677, 1.87245, 0.0162243, 0.488744
3.59327, 0.944255, 1.88553, 0.0258175, 0.462991
3.62075, 0.945096, 1.8979, 0.0354227, 0.437243
3.64823, 0.946202, 1.90956, 0.045039, 0.411498
3.67572, 0.947572, 1.92051, 0.054666, 0.385757
3.7032, 0.949207, 1.93076, 0.0643027, 0.360021
3.73068, 0.951106, 1.9403, 0.0739488, 0.334287
3.75816, 0.953271, 1.94913, 0.0836036, 0.308557
3.78564, 0.955702, 1.95726, 0.0932668, 0.28283
3.81312, 0.958397, 1.96468, 0.102938, 0.257106
3.84061, 0.961359, 1.97139, 0.112617, 0.231385
3.86809, 0.964587, 1.9774, 0.122302, 0.205667
3.89557, 0.968082, 1.9827, 0.131995, 0.179951
3.92305, 0.971842, 1.98729, 0.141694, 0.154238
3.95053, 0.97587, 1.99117, 0.151399, 0.128527
3.97802, 0.980164, 1.99435, 0.16111, 0.102818
4.0055, 0.984725, 1.99683, 0.170827, 0.0771111
4.03298, 0.989553, 1.99859, 0.180549, 0.0514063
4.06046, 0.994649, 1.99965, 0.190276, 0.0257039
4.08794, 1.00001, 2, 0.200009, 2.93925e-06
