4.21527, 0
0, 0, 0, 0.5, 0
0.0203467, 0.00867838, 0.000582397, 0.504067, 0.0198696
0.0406933, 0.0174403, 0.00157023, 0.508134, 0.0397367
0.06104, 0.0262856, 0.00296345, 0.512199, 0.0596011
0.0813866, 0.0352145, 0.00476217, 0.516262, 0.0794625
0.101733, 0.0442269, 0.00696629, 0.520325, 0.0993207
0.12208, 0.0533229, 0.00957591, 0.524386, 0.119176
0.142427, 0.0625025, 0.0125908, 0.528445, 0.139027
0.162773, 0.0717657, 0.0160112, 0.532503, 0.158874
0.18312, 0.0811125, 0.019837, 0.536559, 0.178717
0.203467, 0.0905429, 0.0240682, 0.540613, 0.198556
0.223813, 0.100057, 0.0287048, 0.544665, 0.21839
0.24416, 0.109655, 0.0337467, 0.548714, 0.238219
0.264506, 0.119336, 0.039194, 0.552762, 0.258042
0.284853, 0.129102, 0.0450467, 0.556806, 0.277859
0.3052, 0.138951, 0.0513047, 0.560848, 0.297669
0.325546, 0.148884, 0.057968, 0.564886, 0.317472
0.345893, 0.158901, 0.0650366, 0.568921, 0.337267
0.36624, 0.169001, 0.0725104, 0.572953, 0.357054
0.386586, 0.179186, 0.0803895, 0.57698, 0.376831
0.406933, 0.189455, 0.0886738, 0.581002, 0.396597
0.42728, 0.199809, 0.0973634, 0.58502, 0.416351
0.447626, 0.210246, 0.106458, 0.589032, 0.436093
0.467973, 0.220768, 0.115958, 0.593038, 0.45582
0.48832, 0.231374, 0.125862, 0.597036, 0.475531
0.508666, 0.242065, 0.136172, 0.601027, 0.495224
0.529013, 0.252841, 0.146887, 0.605009, 0.514896
0.54936, 0.263702, 0.158006, 0.608981, 0.534545
0.569706, 0.274649, 0.169531, 0.612942, 0.554168
0.590053, 0.285681, 0.18146, 0.61689, 0.57376
0.6104, 0.296799, 0.193793, 0.620823, 0.593318
0.630746, 0.308003, 0.20653, 0.624738, 0.612834
0.651093, 0.319294, 0.219672, 0.628632, 0.632303
0.67144, 0.330673, 0.233217, 0.632503, 0.651716
0.691786, 0.34214, 0.247166, 0.636345, 0.671061
0.712133, 0.353696, 0.261517, 0.640152, 0.690326
0.732479, 0.365343, 0.276271, 0.643918, 0.709493
0.752826, 0.377082, 0.291427, 0.647632, 0.728539
0.773173, 0.388915, 0.306982, 0.651281, 0.747433
0.793519, 0.400846, 0.322937, 0.654849, 0.766135
0.813866, 0.412878, 0.339288, 0.658312, 0.784588
0.834213, 0.425017, 0.356033, 0.661637, 0.802712
0.854559, 0.43727, 0.373166, 0.664775, 0.820393
0.874906, 0.449649, 0.39068, 0.667657, 0.837461
0.895253, 0.462171, 0.408562, 0.67018, 0.85366
0.915599, 0.474858, 0.426793, 0.672185, 0.8686
0.935946, 0.487744, 0.445336, 0.673438, 0.881687
0.956293, 0.500873, 0.464133, 0.673613, 0.892074
0.976639, 0.514283, 0.483089, 0.67233, 0.898714
0.996986, 0.527982, 0.502071, 0.669303, 0.900699
1.01733, 0.541912, 0.520938, 0.664539, 0.897781
1.03768, 0.555964, 0.539576, 0.658378, 0.890553
1.05803, 0.570021, 0.557916, 0.651288, 0.880029
1.07837, 0.583997, 0.57592, 0.643668, 0.867173
1.09872, 0.597837, 0.593574, 0.635794, 0.852709
1.11907, 0.611511, 0.610868, 0.627833, 0.837124
1.13941, 0.625005, 0.627797, 0.619885, 0.820744
1.15976, 0.638313, 0.644357, 0.612003, 0.803784
1.18011, 0.651432, 0.660546, 0.604218, 0.786388
1.20045, 0.664366, 0.676362, 0.596544, 0.76866
1.2208, 0.677116, 0.691802, 0.588986, 0.750669
1.24115, 0.689686, 0.706865, 0.581546, 0.732468
1.26149, 0.702079, 0.721549, 0.574222, 0.714097
1.28184, 0.7143, 0.735851, 0.567009, 0.695583
1.30219, 0.726352, 0.749772, 0.559903, 0.676951
1.32253, 0.738239, 0.76331, 0.552899, 0.658217
1.34288, 0.749964, 0.776463, 0.545992, 0.639397
1.36323, 0.76153, 0.789231, 0.539176, 0.620502
1.38357, 0.77294, 0.801613, 0.532447, 0.601541
1.40392, 0.784198, 0.813607, 0.5258, 0.582522
1.42427, 0.795305, 0.825213, 0.519231, 0.563451
1.44461, 0.806264, 0.83643, 0.512735, 0.544335
1.46496, 0.817078, 0.847258, 0.506309, 0.525177
1.48531, 0.827748, 0.857695, 0.499949, 0.505982
1.50565, 0.838277, 0.867742, 0.493651, 0.486753
1.526, 0.848667, 0.877397, 0.487413, 0.467493
1.54635, 0.858919, 0.886661, 0.481231, 0.448206
1.56669, 0.869035, 0.895532, 0.475102, 0.428891
1.58704, 0.879017, 0.90401, 0.469025, 0.409553
1.60739, 0.888867, 0.912096, 0.462997, 0.390193
1.62773, 0.898585, 0.919787, 0.457015, 0.370813
1.64808, 0.908173, 0.927085, 0.451077, 0.351414
1.66843, 0.917632, 0.933988, 0.445181, 0.331996
1.68877, 0.926964, 0.940496, 0.439326, 0.312562
1.70912, 0.936169, 0.94661, 0.43351, 0.293113
1.72947, 0.94525, 0.952328, 0.427731, 0.273649
1.74981, 0.954206, 0.957651, 0.421987, 0.254172
1.77016, 0.963039, 0.962577, 0.416278, 0.234681
1.79051, 0.97175, 0.967108, 0.410601, 0.215178
1.81085, 0.98034, 0.971242, 0.404956, 0.195663
1.8312, 0.988809, 0.97498, 0.399341, 0.176138
1.85155, 0.997159, 0.97832, 0.393755, 0.156603
1.87189, 1.00539, 0.981264, 0.388198, 0.137057
1.89224, 1.0135, 0.983811, 0.382667, 0.117502
1.91259, 1.0215, 0.98596, 0.377162, 0.0979387
1.93293, 1.02938, 0.987711, 0.371683, 0.0783663
1.95328, 1.03714, 0.989065, 0.366228, 0.0587861
1.97363, 1.04479, 0.99002, 0.360796, 0.0391982
1.99397, 1.05232, 0.990578, 0.355387, 0.0196029
2.01432, 1.05974, 0.990737, 0.35, 3.98606e-07
2.03633, 1.06728, 0.990918, 0.337659, 0.0182237
2.05834, 1.0746, 0.991536, 0.325266, 0.0364128
2.08035, 1.08162, 0.992534, 0.312896, 0.0546169
2.10236, 1.08835, 0.993928, 0.300529, 0.0728236
2.12437, 1.09483, 0.995729, 0.288149, 0.0910213
2.14638, 1.10106, 0.997946, 0.27574, 0.109199
2.16838, 1.10698, 1.00055, 0.263353, 0.127392
2.19039, 1.11264, 1.00355, 0.250955, 0.145577
2.2124, 1.11804, 1.00696, 0.238545, 0.163755
2.23441, 1.12315, 1.01076, 0.226142, 0.181936
2.25642, 1.12799, 1.01497, 0.213728, 0.200111
2.27843, 1.13254, 1.01956, 0.201321, 0.21829
2.30044, 1.13684, 1.02457, 0.18889, 0.236453
2.32245, 1.14087, 1.02998, 0.176453, 0.254611
2.34446, 1.14462, 1.03578, 0.164009, 0.272765
2.36647, 1.14808, 1.04198, 0.151572, 0.290924
2.38848, 1.15128, 1.04859, 0.139116, 0.30907
2.41049, 1.15421, 1.05559, 0.126657, 0.327213
2.4325, 1.15686, 1.06299, 0.114181, 0.345345
2.45451, 1.15924, 1.07079, 0.101703, 0.363476
2.47652, 1.16134, 1.07899, 0.0892114, 0.381597
2.49853, 1.16316, 1.08758, 0.0767192, 0.399717
2.52054, 1.16471, 1.09658, 0.0642054, 0.417823
2.54255, 1.16599, 1.10598, 0.0516727, 0.435916
2.56456, 1.16698, 1.11577, 0.0391527, 0.454018
2.58656, 1.16771, 1.12596, 0.0265974, 0.472095
2.60857, 1.16816, 1.13655, 0.0140295, 0.490163
2.63058, 1.16833, 1.14754, 0.00145072, 0.508224
2.65259, 1.16823, 1.15893, -0.0111533, 0.526267
2.6746, 1.16784, 1.17071, -0.023763, 0.544306
2.69661, 1.16718, 1.18289, -0.036407, 0.562322
2.71862, 1.16624, 1.19546, -0.0490582, 0.580332
2.74063, 1.16501, 1.20843, -0.0617351, 0.598324
2.76264, 1.16352, 1.2218, -0.0744521, 0.616287
2.78465, 1.16174, 1.23556, -0.0871892, 0.634237
2.80666, 1.15968, 1.24972, -0.0999759, 0.652151
2.82867, 1.15734, 1.26427, -0.112786, 0.670049
2.85068, 1.15472, 1.27921, -0.125646, 0.68791
2.87269, 1.15181, 1.29455, -0.13855, 0.70574
2.8947, 1.14862, 1.31027, -0.151519, 0.723523
2.91671, 1.14514, 1.32639, -0.164556, 0.741255
2.93872, 1.14137, 1.3429, -0.177673, 0.758929
2.96073, 1.13732, 1.3598, -0.190897, 0.776523
2.98274, 1.13297, 1.37708, -0.204225, 0.794038
3.00475, 1.12832, 1.39475, -0.217714, 0.811429
3.02675, 1.12338, 1.4128, -0.231417, 0.828653
3.04876, 1.11814, 1.43123, -0.245376, 0.845668
3.07077, 1.11258, 1.45003, -0.259724, 0.862357
3.09278, 1.1067, 1.46918, -0.274677, 0.878504
3.11479, 1.10048, 1.48869, -0.290658, 0.893623
3.1368, 1.09389, 1.5085, -0.30881, 0.905954
3.15881, 1.08686, 1.52848, -0.32938, 0.905043
3.18082, 1.07953, 1.54818, -0.33358, 0.88417
3.20283, 1.07224, 1.5674, -0.328107, 0.862892
3.22484, 1.06511, 1.58617, -0.319979, 0.842444
3.24685, 1.05817, 1.60449, -0.310693, 0.822492
3.26886, 1.05144, 1.62237, -0.300762, 0.802851
3.29087, 1.04493, 1.63983, -0.290421, 0.783422
3.31288, 1.03865, 1.65686, -0.279797, 0.764147
3.33489, 1.03261, 1.67347, -0.268964, 0.744987
3.3569, 1.02682, 1.68966, -0.257974, 0.725919
3.37891, 1.02126, 1.70542, -0.246858, 0.706923
3.40092, 1.01595, 1.72077, -0.235641, 0.687986
3.42292, 1.01089, 1.73571, -0.224341, 0.669099
3.44493, 1.00608, 1.75023, -0.21297, 0.650254
3.46694, 1.00151, 1.76433, -0.20154, 0.631446
3.48895, 0.997204, 1.77802, -0.190058, 0.612668
3.51096, 0.993147, 1.7913, -0.178532, 0.593918
3.53297, 0.989345, 1.80417, -0.166966, 0.575192
3.55498, 0.985798, 1.81662, -0.155366, 0.556489
3.57699, 0.982506, 1.82866, -0.143734, 0.537804
3.599, 0.979471, 1.84029, -0.132075, 0.519136
3.62101, 0.976693, 1.85151, -0.12039, 0.500485
3.64302, 0.974172, 1.86232, -0.108683, 0.481847
3.66503, 0.971909, 1.87273, -0.0969546, 0.463223
3.68704, 0.969904, 1.88272, -0.0852073, 0.44461
3.70905, 0.968158, 1.8923, -0.073443, 0.426009
3.73106, 0.966671, 1.90147, -0.0616622, 0.407418
3.75307, 0.965444, 1.91023, -0.0498668, 0.388836
3.77508, 0.964476, 1.91858, -0.0380575, 0.370263
3.79709, 0.963769, 1.92653, -0.0262353, 0.351698
3.8191, 0.963322, 1.93407, -0.0144014, 0.333141
3.8411, 0.963135, 1.94119, -0.00255623, 0.31459
3.86311, 0.963209, 1.94791, 0.00929925, 0.296047
3.88512, 0.963544, 1.95423, 0.0211647, 0.27751
3.90713, 0.964141, 1.96013, 0.0330394, 0.258978
3.92914, 0.964999, 1.96563, 0.0449226, 0.240452
3.95115, 0.966119, 1.97071, 0.0568139, 0.221932
3.97316, 0.9675, 1.97539, 0.068713, 0.203416
3.99517, 0.969143, 1.97967, 0.0806195, 0.184905
4.01718, 0.971049, 1.98353, 0.092533, 0.166399
4.03919, 0.973217, 1.98699, 0.104453, 0.147897
4.0612, 0.975647, 1.99004, 0.116379, 0.129399
4.08321, 0.978339, 1.99269, 0.128312, 0.110904
4.10522, 0.981295, 1.99493, 0.140249, 0.0924138
4.12723, 0.984513, 1.99676, 0.152193, 0.0739267
4.14924, 0.987994, 1.99818, 0.164141, 0.0554429
4.17125, 0.991738, 1.9992, 0.176095, 0.0369622
4.19326, 0.995746, 1.99981, 0.188053, 0.018485
4.21527, 1.00002, 2.00001, 0.200016, 1.02669e-05
