2.43084, 0
0, 0, 0, 0.5, 0
0.0115381, 0.00625148, 0.000364709, 0.494412, 0.0100715
0.0230761, 0.0124382, 0.000845687, 0.488824, 0.0201427
0.0346142, 0.0185602, 0.00144302, 0.483236, 0.0302136
0.0461522, 0.0246174, 0.00215664, 0.47765, 0.0402843
0.0576903, 0.0306098, 0.00298653, 0.472064, 0.0503546
0.0692284, 0.0365376, 0.00393279, 0.466478, 0.0604246
0.0807664, 0.0424005, 0.00499532, 0.460894, 0.0704942
0.0923045, 0.0481988, 0.00617416, 0.455309, 0.0805635
0.103843, 0.0539323, 0.00746928, 0.449726, 0.0906324
0.115381, 0.0596009, 0.0088808, 0.444144, 0.100701
0.126919, 0.0652049, 0.0104085, 0.438562, 0.110769
0.138457, 0.0707442, 0.0120525, 0.432981, 0.120837
0.149995, 0.0762186, 0.0138129, 0.427401, 0.130904
0.161533, 0.0816283, 0.0156895, 0.421823, 0.140971
0.173071, 0.0869732, 0.0176824, 0.416244, 0.151037
0.184609, 0.0922534, 0.0197917, 0.410667, 0.161103
0.196147, 0.0974688, 0.0220172, 0.405092, 0.171168
0.207685, 0.102619, 0.024359, 0.399517, 0.181233
0.219223, 0.107705, 0.0268171, 0.393943, 0.191297
0.230761, 0.112726, 0.0293915, 0.388371, 0.20136
0.242299, 0.117683, 0.0320821, 0.3828, 0.211423
0.253837, 0.122574, 0.0348891, 0.37723, 0.221485
0.265375, 0.127401, 0.0378123, 0.371662, 0.231546
0.276913, 0.132163, 0.0408518, 0.366095, 0.241607
0.288451, 0.136861, 0.0440075, 0.36053, 0.251667
0.29999, 0.141493, 0.0472795, 0.354967, 0.261726
0.311528, 0.146061, 0.0506678, 0.349405, 0.271784
0.323066, 0.150564, 0.0541724, 0.343845, 0.281841
0.334604, 0.155002, 0.0577932, 0.338287, 0.291897
0.346142, 0.159375, 0.0615303, 0.332732, 0.301952
0.35768, 0.163684, 0.0653836, 0.327179, 0.312006
0.369218, 0.167927, 0.0693531, 0.321628, 0.322058
0.380756, 0.172106, 0.073439, 0.316079, 0.332109
0.392294, 0.176221, 0.077641, 0.310534, 0.342159
0.403832, 0.18027, 0.0819592, 0.304991, 0.352208
0.41537, 0.184254, 0.0863937, 0.299451, 0.362255
0.426908, 0.188174, 0.0909444, 0.293915, 0.3723
0.438446, 0.192029, 0.0956113, 0.288383, 0.382343
0.449984, 0.195819, 0.100394, 0.282854, 0.392384
0.461522, 0.199544, 0.105294, 0.277329, 0.402423
0.47306, 0.203205, 0.110309, 0.271809, 0.41246
0.484598, 0.2068, 0.115441, 0.266293, 0.422494
0.496137, 0.210331, 0.120688, 0.260783, 0.432526
0.507675, 0.213796, 0.126052, 0.255279, 0.442555
0.519213, 0.217197, 0.131532, 0.24978, 0.45258
0.530751, 0.220533, 0.137128, 0.244289, 0.462602
0.542289, 0.223804, 0.14284, 0.238804, 0.472621
0.553827, 0.22701, 0.148668, 0.233328, 0.482635
0.565365, 0.230151, 0.154612, 0.22786, 0.492644
0.576903, 0.233227, 0.160672, 0.222402, 0.502649
0.588441, 0.236239, 0.166848, 0.216955, 0.512647
0.599979, 0.239185, 0.17314, 0.211519, 0.52264
0.611517, 0.242066, 0.179548, 0.206097, 0.532625
0.623055, 0.244882, 0.186072, 0.200689, 0.542603
0.634593, 0.247632, 0.192711, 0.195298, 0.552572
0.646131, 0.250318, 0.199466, 0.189926, 0.562531
0.657669, 0.252938, 0.206336, 0.184574, 0.572478
0.669207, 0.255493, 0.213322, 0.179246, 0.582413
0.680745, 0.257983, 0.220424, 0.173946, 0.592332
0.692284, 0.260407, 0.22764, 0.168677, 0.602235
0.703822, 0.262765, 0.234971, 0.163444, 0.612118
0.71536, 0.265058, 0.242417, 0.158253, 0.621977
0.726898, 0.267284, 0.249978, 0.153112, 0.631808
0.738436, 0.269445, 0.257653, 0.14803, 0.641606
0.749974, 0.271539, 0.265441, 0.143017, 0.651364
0.761512, 0.273566, 0.273342, 0.13809, 0.661073
0.77305, 0.275527, 0.281356, 0.133265, 0.670722
0.784588, 0.27742, 0.289481, 0.128568, 0.680296
0.796126, 0.279244, 0.297716, 0.124031, 0.689773
0.807664, 0.281, 0.306059, 0.119697, 0.699126
0.819202, 0.282686, 0.314508, 0.115624, 0.708316
0.83074, 0.284301, 0.32306, 0.111891, 0.717287
0.842278, 0.285843, 0.331708, 0.108611, 0.725959
0.853816, 0.287311, 0.340446, 0.10594, 0.734213
0.865354, 0.288704, 0.349263, 0.104087, 0.741879
0.876892, 0.290022, 0.358144, 0.103326, 0.748714
0.888431, 0.291272, 0.367066, 0.103968, 0.754403
0.899969, 0.292466, 0.376005, 0.106287, 0.758591
0.911507, 0.29363, 0.384932, 0.110388, 0.760986
0.923045, 0.2948, 0.393824, 0.116112, 0.761488
0.934583, 0.296012, 0.402668, 0.123089, 0.760216
0.946121, 0.297297, 0.411453, 0.130897, 0.757437
0.957659, 0.298673, 0.420174, 0.139183, 0.753449
0.969197, 0.300152, 0.428827, 0.147701, 0.748519
0.980735, 0.301739, 0.437408, 0.156295, 0.742858
0.992273, 0.303434, 0.445913, 0.164875, 0.736623
1.00381, 0.305238, 0.45434, 0.17339, 0.729932
1.01535, 0.307148, 0.462686, 0.181813, 0.722875
1.02689, 0.309164, 0.470947, 0.190131, 0.715519
1.03843, 0.311284, 0.479121, 0.198342, 0.707914
1.04996, 0.313504, 0.487206, 0.206445, 0.700101
1.0615, 0.315824, 0.495201, 0.214445, 0.69211
1.07304, 0.318241, 0.503103, 0.222345, 0.683966
1.08458, 0.320754, 0.510911, 0.230152, 0.675689
1.09612, 0.323362, 0.518623, 0.237871, 0.667297
1.10765, 0.326063, 0.526239, 0.245507, 0.658803
1.11919, 0.328855, 0.533757, 0.253065, 0.650218
1.13073, 0.331738, 0.541177, 0.260551, 0.641551
1.14227, 0.33471, 0.548497, 0.267969, 0.632812
1.15515, 0.339426, 0.556674, 0.272744, 0.644151
1.16804, 0.344187, 0.565002, 0.277581, 0.65544
1.18093, 0.348994, 0.573482, 0.282484, 0.666677
1.19381, 0.353849, 0.582112, 0.287455, 0.677858
1.2067, 0.35875, 0.590892, 0.292498, 0.688979
1.21958, 0.363699, 0.599822, 0.297616, 0.700038
1.23247, 0.368697, 0.6089, 0.302813, 0.711029
1.24535, 0.373743, 0.618125, 0.308094, 0.721948
1.25824, 0.378838, 0.627498, 0.313461, 0.732791
1.27113, 0.383983, 0.637017, 0.31892, 0.743552
1.28401, 0.389179, 0.646681, 0.324476, 0.754226
1.2969, 0.394426, 0.656489, 0.330133, 0.764805
1.30978, 0.399724, 0.666439, 0.335897, 0.775283
1.32267, 0.405076, 0.676532, 0.341774, 0.785652
1.33555, 0.410481, 0.686765, 0.347769, 0.795905
1.34844, 0.41594, 0.697137, 0.353889, 0.806031
1.36133, 0.421454, 0.707647, 0.36014, 0.816021
1.37421, 0.427025, 0.718292, 0.36653, 0.825864
1.3871, 0.432653, 0.729071, 0.373065, 0.835547
1.39998, 0.438339, 0.739982, 0.379755, 0.845058
1.41287, 0.444085, 0.751023, 0.386606, 0.85438
1.42575, 0.449891, 0.76219, 0.393626, 0.863499
1.43864, 0.45576, 0.773482, 0.400826, 0.872395
1.45153, 0.461692, 0.784895, 0.408212, 0.881049
1.46441, 0.467689, 0.796427, 0.415795, 0.88944
1.4773, 0.473753, 0.808073, 0.423582, 0.897541
1.49018, 0.479886, 0.819829, 0.431582, 0.905328
1.50307, 0.486089, 0.831692, 0.439802, 0.912771
1.51595, 0.492364, 0.843656, 0.44825, 0.919838
1.52884, 0.498713, 0.855715, 0.456932, 0.926495
1.54173, 0.505139, 0.867865, 0.46585, 0.932704
1.55461, 0.511644, 0.880098, 0.475008, 0.938426
1.5675, 0.518231, 0.892408, 0.484403, 0.94362
1.58038, 0.524901, 0.904786, 0.494031, 0.94824
1.59327, 0.531659, 0.917225, 0.503882, 0.952243
1.60616, 0.538506, 0.929714, 0.513943, 0.955584
1.61904, 0.545445, 0.942245, 0.524195, 0.95822
1.63193, 0.552481, 0.954806, 0.53461, 0.96011
1.64481, 0.559614, 0.967387, 0.545159, 0.961217
1.6577, 0.566849, 0.979977, 0.555803, 0.961513
1.67058, 0.574188, 0.992563, 0.566499, 0.960975
1.68347, 0.581634, 1.00513, 0.577201, 0.959592
1.69636, 0.589189, 1.01768, 0.587861, 0.957361
1.70924, 0.596854, 1.03018, 0.598426, 0.954292
1.72213, 0.60463, 1.04263, 0.608851, 0.950405
1.73501, 0.61252, 1.05502, 0.619087, 0.945728
1.7479, 0.620521, 1.06734, 0.629096, 0.9403
1.76078, 0.628635, 1.07958, 0.638841, 0.934163
1.77367, 0.636859, 1.09172, 0.648293, 0.927366
1.78656, 0.645193, 1.10377, 0.65743, 0.91996
1.79944, 0.653634, 1.11571, 0.666235, 0.911994
1.81233, 0.66218, 1.12753, 0.6747, 0.90352
1.82521, 0.670827, 1.13924, 0.682818, 0.894586
1.8381, 0.679573, 1.15082, 0.690589, 0.885237
1.85098, 0.688414, 1.16228, 0.698017, 0.875517
1.86387, 0.697347, 1.1736, 0.705107, 0.865463
1.87676, 0.706368, 1.18478, 0.711868, 0.855112
1.88964, 0.715474, 1.19582, 0.71831, 0.844496
1.90253, 0.724661, 1.20672, 0.724443, 0.833643
1.91541, 0.733926, 1.21747, 0.73028, 0.82258
1.9283, 0.743265, 1.22808, 0.735832, 0.81133
1.94118, 0.752676, 1.23853, 0.741112, 0.799912
1.95407, 0.762154, 1.24884, 0.746132, 0.788345
1.96696, 0.771696, 1.25899, 0.750903, 0.776645
1.97984, 0.7813, 1.26898, 0.755438, 0.764827
1.99273, 0.790963, 1.27882, 0.759748, 0.752902
2.00561, 0.800681, 1.2885, 0.763842, 0.740883
2.0185, 0.810453, 1.29803, 0.767732, 0.728778
2.03139, 0.820275, 1.30739, 0.771427, 0.716597
2.04427, 0.830146, 1.3166, 0.774936, 0.704348
2.05716, 0.840062, 1.32564, 0.778269, 0.692037
2.07004, 0.850022, 1.33453, 0.781433, 0.679671
2.08293, 0.860024, 1.34325, 0.784436, 0.667255
2.09581, 0.870065, 1.35181, 0.787286, 0.654793
2.1087, 0.880143, 1.36021, 0.78999, 0.642292
2.12159, 0.890257, 1.36844, 0.792554, 0.629754
2.13447, 0.900404, 1.37652, 0.794984, 0.617182
2.14736, 0.910584, 1.38443, 0.797287, 0.604581
2.16024, 0.920794, 1.39217, 0.799467, 0.591953
2.17313, 0.931033, 1.39975, 0.80153, 0.5793
2.18601, 0.941299, 1.40717, 0.803482, 0.566624
2.1989, 0.951591, 1.41442, 0.805326, 0.553929
2.21179, 0.961907, 1.42151, 0.807067, 0.541216
2.22467, 0.972246, 1.42843, 0.808709, 0.528486
2.23756, 0.982607, 1.43519, 0.810256, 0.51574
2.25044, 0.992989, 1.44178, 0.811712, 0.502981
2.26333, 1.00339, 1.44821, 0.81308, 0.49021
2.27621, 1.01381, 1.45447, 0.814363, 0.477428
2.2891, 1.02425, 1.46057, 0.815566, 0.464635
2.30199, 1.0347, 1.4665, 0.81669, 0.451833
2.31487, 1.04517, 1.47226, 0.817738, 0.439023
2.32776, 1.05565, 1.47786, 0.818714, 0.426206
2.34064, 1.06614, 1.48329, 0.81962, 0.413381
2.35353, 1.07665, 1.48856, 0.820458, 0.40055
2.36642, 1.08717, 1.49366, 0.821231, 0.387714
2.3793, 1.0977, 1.4986, 0.82194, 0.374873
2.39219, 1.10824, 1.50337, 0.822588, 0.362027
2.40507, 1.11878, 1.50797, 0.823177, 0.349177
2.41796, 1.12934, 1.51241, 0.823709, 0.336324
2.43084, 1.1399, 1.51668, 0.824185, 0.323467
