38.7917, 0
0, 0, 0, 0.5, 0
0.202519, 0.0807538, 0.000105484, 0.297483, 0.0011053
0.405037, 0.120496, 0.000434799, 0.0949679, 0.00221059
0.607556, 0.119222, 0.000987976, -0.107548, 0.00331589
0.810075, 0.0769346, 0.001765, -0.310063, 0.00442118
1.01259, -0.00637001, 0.00276588, -0.512579, 0.00552647
1.21511, -0.130683, 0.00399059, -0.715094, 0.00663177
1.41763, -0.296004, 0.0054391, -0.91761, 0.00773706
1.62015, -0.50235, 0.00711153, -1.12013, 0.00884236
1.82267, -0.749702, 0.00900775, -1.32264, 0.00994765
2.02519, -1.03807, 0.0111278, -1.52516, 0.0110529
2.22771, -1.36744, 0.0134717, -1.72767, 0.0121582
2.43023, -1.73784, 0.0160395, -1.93019, 0.0132635
2.63274, -2.14925, 0.0188311, -2.1327, 0.0143688
2.83526, -2.60167, 0.0218466, -2.33522, 0.0154741
3.03778, -3.0951, 0.0250858, -2.53774, 0.0165794
3.2403, -3.62954, 0.028549, -2.74025, 0.0176847
3.44282, -4.205, 0.0322359, -2.94277, 0.01879
3.64534, -4.82148, 0.0361468, -3.14528, 0.0198953
3.84786, -5.47896, 0.0402814, -3.3478, 0.0210006
4.05037, -6.17746, 0.0446399, -3.55031, 0.0221059
4.25289, -6.91697, 0.0492223, -3.75283, 0.0232112
4.45541, -7.6975, 0.0540285, -3.95535, 0.0243165
4.65793, -8.51903, 0.0590585, -4.15786, 0.0254218
4.86045, -9.38159, 0.0643124, -4.36038, 0.0265271
5.06297, -10.2851, 0.0697901, -4.56289, 0.0276324
5.26549, -11.2297, 0.0754917, -4.76541, 0.0287377
5.46801, -12.2153, 0.0814171, -4.96793, 0.029843
5.67052, -13.2419, 0.0875663, -5.17044, 0.0309483
5.87304, -14.3095, 0.0939394, -5.37296, 0.0320536
6.07556, -15.4182, 0.100536, -5.57547, 0.0331588
6.27808, -16.5678, 0.107357, -5.77799, 0.0342641
6.4806, -17.7585, 0.114402, -5.9805, 0.0353694
6.68312, -18.9901, 0.12167, -6.18302, 0.0364747
6.88564, -20.2628, 0.129162, -6.38554, 0.03758
7.08816, -21.5765, 0.136879, -6.58805, 0.0386853
7.29068, -22.9312, 0.144819, -6.79057, 0.0397906
7.49319, -24.327, 0.152982, -6.99308, 0.0408959
7.69571, -25.7637, 0.16137, -7.1956, 0.0420012
7.89823, -27.2415, 0.170702, -7.39811, 0.0427793
8.10075, -28.7602, 0.178817, -7.60063, 0.0442118
8.30327, -30.32, 0.187876, -7.80315, 0.0453171
8.50579, -31.9208, 0.197159, -8.00566, 0.0464224
8.70831, -33.5626, 0.206666, -8.20818, 0.0475277
8.91082, -35.2454, 0.216397, -8.4107, 0.048633
9.11334, -36.9692, 0.226352, -8.61321, 0.0497383
9.31586, -38.7341, 0.23653, -8.81573, 0.0508436
9.51838, -40.5399, 0.246932, -9.01824, 0.0519489
9.7209, -42.3868, 0.257558, -9.22077, 0.0530542
9.92342, -44.2747, 0.268408, -9.42333, 0.0541598
10.1259, -46.2029, 0.279463, -9.57358, 0.0543341
10.3285, -48.1211, 0.290345, -9.37075, 0.0531582
10.531, -49.9984, 0.300996, -9.16824, 0.0520328
10.7335, -51.8346, 0.311421, -8.96573, 0.0509153
10.936, -53.6299, 0.321619, -8.76321, 0.0498012
11.1385, -55.3841, 0.331592, -8.5607, 0.048689
11.341, -57.0972, 0.34134, -8.35818, 0.047578
11.5436, -58.7694, 0.350863, -8.15566, 0.0464679
11.7461, -60.4006, 0.360162, -7.95315, 0.0453585
11.9486, -61.9907, 0.369235, -7.75063, 0.0442495
12.1511, -63.5399, 0.378084, -7.54811, 0.0431409
12.3536, -65.048, 0.386709, -7.3456, 0.0420326
12.5562, -66.5151, 0.395109, -7.14309, 0.0409246
12.7587, -67.9412, 0.403285, -6.94057, 0.0398168
12.9612, -69.3263, 0.411236, -6.73805, 0.0387091
13.1637, -70.6704, 0.418963, -6.53554, 0.0376017
13.3662, -71.9735, 0.426466, -6.33302, 0.0364943
13.5688, -73.2355, 0.433745, -6.13051, 0.0353871
13.7713, -74.4565, 0.440799, -5.92799, 0.03428
13.9738, -75.6366, 0.44763, -5.72547, 0.033173
14.1763, -76.7756, 0.454236, -5.52296, 0.0320661
14.3788, -77.8736, 0.460618, -5.32044, 0.0309593
14.5814, -78.9306, 0.466775, -5.11792, 0.0298525
14.7839, -79.9465, 0.472709, -4.91541, 0.0287458
14.9864, -80.9215, 0.478419, -4.71289, 0.0276392
15.1889, -81.8554, 0.483904, -4.51038, 0.0265326
15.3914, -82.7484, 0.489165, -4.30786, 0.0254261
15.5939, -83.6003, 0.494203, -4.10535, 0.0243196
15.7965, -84.4112, 0.499016, -3.90283, 0.0232131
15.999, -85.1811, 0.503605, -3.70031, 0.0221067
16.2015, -85.9099, 0.50797, -3.4978, 0.0210004
16.404, -86.5978, 0.512111, -3.29528, 0.019894
16.6065, -87.2447, 0.516028, -3.09277, 0.0187877
16.8091, -87.8505, 0.51972, -2.89025, 0.0176815
17.0116, -88.4153, 0.523189, -2.68773, 0.0165752
17.2141, -88.9391, 0.526434, -2.48522, 0.015469
17.4166, -89.4219, 0.529455, -2.2827, 0.0143628
17.6191, -89.8637, 0.532251, -2.08019, 0.0132567
17.8216, -90.2645, 0.534824, -1.87767, 0.0121505
18.0242, -90.6242, 0.537173, -1.67516, 0.0110444
18.2267, -90.943, 0.539298, -1.47264, 0.0099383
18.4292, -91.2207, 0.541198, -1.27013, 0.00883224
18.6317, -91.4574, 0.542875, -1.06761, 0.00772618
18.8342, -91.6531, 0.544328, -0.865095, 0.00662015
19.0368, -91.8078, 0.545556, -0.662577, 0.00551411
19.2393, -91.9215, 0.546561, -0.460062, 0.00440811
19.4418, -91.9942, 0.547342, -0.257546, 0.00330212
19.6443, -92.0258, 0.547899, -0.0550296, 0.00219614
19.8468, -92.0165, 0.548231, 0.147483, 0.00109019
20.0494, -91.9661, 0.54834, 0.349999, -1.57591e-05
20.2368, -91.8829, 0.548593, 0.537421, 0.00096357
20.4242, -91.7646, 0.548869, 0.724841, 0.00192714
20.6116, -91.6112, 0.549327, 0.912263, 0.00289071
20.799, -91.4227, 0.549964, 1.09968, 0.00385428
20.9865, -91.199, 0.550783, 1.2871, 0.00481785
21.1739, -90.9402, 0.551781, 1.47452, 0.00578142
21.3613, -90.6463, 0.552961, 1.66195, 0.00674499
21.5487, -90.3172, 0.554321, 1.84937, 0.00770856
21.7362, -89.953, 0.555862, 2.03679, 0.00867213
21.9236, -89.5537, 0.557583, 2.22421, 0.0096357
22.111, -89.1193, 0.559485, 2.41163, 0.0105993
22.2984, -88.6497, 0.561567, 2.59905, 0.0115628
22.4859, -88.1451, 0.56383, 2.78647, 0.0125264
22.6733, -87.6052, 0.566274, 2.97389, 0.01349
22.8607, -87.0303, 0.568898, 3.16131, 0.0144536
23.0481, -86.4202, 0.571703, 3.34873, 0.0154171
23.2356, -85.775, 0.574689, 3.53615, 0.0163807
23.423, -85.0947, 0.577855, 3.72357, 0.0173443
23.6104, -84.3793, 0.581201, 3.911, 0.0183078
23.7978, -83.6287, 0.584729, 4.09842, 0.0192714
23.9852, -82.843, 0.588436, 4.28584, 0.020235
24.1727, -82.0222, 0.592325, 4.47326, 0.0211985
24.3601, -81.1662, 0.596394, 4.66068, 0.0221621
24.5475, -80.2751, 0.600644, 4.8481, 0.0231257
24.7349, -79.3489, 0.605074, 5.03552, 0.0240893
24.9224, -78.3876, 0.609684, 5.22294, 0.0250528
25.1098, -77.3911, 0.614476, 5.41036, 0.0260164
25.2972, -76.3595, 0.619448, 5.59778, 0.02698
25.4846, -75.2928, 0.6246, 5.7852, 0.0279435
25.6721, -74.191, 0.629934, 5.97262, 0.0289071
25.8595, -73.054, 0.635448, 6.16005, 0.0298707
26.0469, -71.8819, 0.641142, 6.34747, 0.0308342
26.2343, -70.6747, 0.647017, 6.53489, 0.0317978
26.4217, -69.4323, 0.653072, 6.72231, 0.0327614
26.6092, -68.1548, 0.659309, 6.90973, 0.033725
26.7966, -66.8422, 0.665725, 7.09715, 0.0346885
26.984, -65.4945, 0.672323, 7.28457, 0.0356521
27.1714, -64.1116, 0.679101, 7.47199, 0.0366157
27.3589, -62.6936, 0.686059, 7.65941, 0.0375792
27.5463, -61.2405, 0.693198, 7.84683, 0.0385428
27.7337, -59.7523, 0.700518, 8.03425, 0.0395064
27.9211, -58.2289, 0.708018, 8.22167, 0.0404699
28.1086, -56.6704, 0.715699, 8.4091, 0.0414335
28.296, -55.0768, 0.723561, 8.59652, 0.0423971
28.4834, -53.448, 0.731603, 8.78394, 0.0433606
28.6708, -51.7842, 0.739826, 8.97136, 0.0443242
28.8583, -50.0852, 0.748229, 9.15879, 0.0452878
29.0457, -48.351, 0.756708, 9.34619, 0.0466001
29.2331, -46.5818, 0.765535, 9.53359, 0.0475899
29.4205, -44.783, 0.774537, 9.57108, 0.0480459
29.6079, -43.0067, 0.783456, 9.38364, 0.0471198
29.7954, -41.2656, 0.792199, 9.19622, 0.0461724
29.9828, -39.5596, 0.800763, 9.00879, 0.0452193
30.1702, -37.8887, 0.809149, 8.82137, 0.0442634
30.3576, -36.2529, 0.817355, 8.63393, 0.0433059
30.5451, -34.6523, 0.825382, 8.44652, 0.0423475
30.7325, -33.0868, 0.833229, 8.2591, 0.0413883
30.9199, -31.5564, 0.840896, 8.07168, 0.0404285
31.1073, -30.0611, 0.848383, 7.88426, 0.0394683
31.2948, -28.601, 0.85569, 7.69684, 0.0385078
31.4822, -27.176, 0.862818, 7.50942, 0.037547
31.6696, -25.7861, 0.869765, 7.32199, 0.0365859
31.857, -24.4314, 0.876532, 7.13457, 0.0356247
32.0444, -23.1118, 0.883119, 6.94715, 0.0346632
32.2319, -21.8273, 0.889525, 6.75973, 0.0337017
32.4193, -20.5779, 0.895751, 6.57231, 0.03274
32.6067, -19.3637, 0.901798, 6.38489, 0.0317782
32.7941, -18.1845, 0.907663, 6.19746, 0.0308163
32.9816, -17.0405, 0.913349, 6.01005, 0.0298543
33.169, -15.9317, 0.918854, 5.82262, 0.0288923
33.3564, -14.858, 0.924179, 5.6352, 0.0279301
33.5438, -13.8194, 0.929324, 5.44778, 0.0269679
33.7313, -12.8159, 0.934288, 5.26036, 0.0260057
33.9187, -11.8475, 0.939072, 5.07294, 0.0250434
34.1061, -10.9143, 0.943675, 4.88552, 0.024081
34.2935, -10.0162, 0.948099, 4.6981, 0.0231186
34.4809, -9.15325, 0.952341, 4.51068, 0.0221561
34.6684, -8.32541, 0.956404, 4.32326, 0.0211936
34.8558, -7.53269, 0.960286, 4.13584, 0.0202311
35.0432, -6.7751, 0.963987, 3.94842, 0.0192685
35.2306, -6.05264, 0.967508, 3.76099, 0.0183059
35.4181, -5.3653, 0.970849, 3.57357, 0.0173433
35.6055, -4.71307, 0.97401, 3.38615, 0.0163807
35.7929, -4.09601, 0.976989, 3.19873, 0.015418
35.9803, -3.51406, 0.979789, 3.01131, 0.0144553
36.1678, -2.96722, 0.982408, 2.82389, 0.0134925
36.3552, -2.45554, 0.984846, 2.63647, 0.0125298
36.5426, -1.97896, 0.987105, 2.44905, 0.011567
36.73, -1.53752, 0.989182, 2.26163, 0.0106042
36.9174, -1.1312, 0.99108, 2.07421, 0.00964137
37.1049, -0.760002, 0.992796, 1.88679, 0.00867854
37.2923, -0.423943, 0.994333, 1.69936, 0.00771568
37.4797, -0.122986, 0.995689, 1.51194, 0.00675281
37.6671, 0.142815, 0.996864, 1.32452, 0.00578992
37.8546, 0.373505, 0.997859, 1.13711, 0.00482704
38.042, 0.569046, 0.998673, 0.949681, 0.0038641
38.2294, 0.729485, 0.999307, 0.762262, 0.00290118
38.4168, 0.854774, 0.999761, 0.57484, 0.00193823
38.6043, 0.944962, 1.00003, 0.387422, 0.000975289
38.7917, 1.00001, 1.00013, 0.2, 1.23121e-05
