2.99399, 0
0, 0, 0, 0.5, 0
0.00245049, 0.00959133, 0.00251963, 0.498495, 1.51395e-05
0.00490097, 0.0192026, 0.00504961, 0.496992, 2.83804e-05
0.00735146, 0.0288032, 0.00756669, 0.495488, 4.17221e-05
0.00980194, 0.0383954, 0.0100815, 0.493984, 5.49962e-05
0.0122524, 0.0479911, 0.0126104, 0.49248, 6.82031e-05
0.0147029, 0.0575721, 0.015121, 0.490974, 8.15103e-05
0.0171534, 0.0671732, 0.0176418, 0.489471, 9.29195e-05
0.0196039, 0.0767532, 0.020149, 0.487965, 0.000105344
0.0220544, 0.0863268, 0.0226566, 0.486459, 0.000117702
0.0245049, 0.0959161, 0.0251611, 0.484954, 0.00012833
0.0269553, 0.105489, 0.0276653, 0.483447, 0.000139805
0.0294058, 0.115055, 0.03017, 0.481941, 0.000151214
0.0318563, 0.124629, 0.0326734, 0.480434, 0.000161805
0.0343068, 0.134192, 0.035172, 0.478928, 0.000172332
0.0367573, 0.143761, 0.0376666, 0.477421, 0.000182043
0.0392078, 0.153328, 0.040175, 0.475915, 0.000191519
0.0416583, 0.162881, 0.04266, 0.474407, 0.000201263
0.0441087, 0.172444, 0.0451543, 0.472899, 0.000210023
0.0465592, 0.181987, 0.0476429, 0.471391, 0.000219631
0.0490097, 0.19154, 0.050141, 0.469884, 0.000228258
0.0514602, 0.201092, 0.052627, 0.468376, 0.000236068
0.0539107, 0.210635, 0.0551028, 0.466867, 0.000243979
0.0563612, 0.220166, 0.0575837, 0.465356, 0.000252737
0.0588117, 0.229715, 0.0600801, 0.46385, 0.000259431
0.0612621, 0.239242, 0.0625549, 0.462339, 0.000267308
0.0637126, 0.248782, 0.0650211, 0.460829, 0.000273453
0.0661631, 0.258307, 0.0674977, 0.45932, 0.000280278
0.0686136, 0.26783, 0.0699801, 0.45781, 0.000287035
0.0710641, 0.277353, 0.0724453, 0.456299, 0.000293149
0.0735146, 0.286873, 0.0749216, 0.454789, 0.000299023
0.0759651, 0.296382, 0.0773851, 0.453278, 0.000304999
0.0784156, 0.30591, 0.0798508, 0.451767, 0.000309244
0.080866, 0.315431, 0.0823143, 0.450257, 0.000313422
0.0833165, 0.324932, 0.0847748, 0.448745, 0.000318447
0.085767, 0.334446, 0.0872474, 0.447235, 0.000322489
0.0882175, 0.343932, 0.0896983, 0.445722, 0.000327546
0.090668, 0.353438, 0.0921514, 0.444209, 0.000330875
0.0931185, 0.36294, 0.0946078, 0.442697, 0.000334136
0.0955689, 0.372431, 0.0970592, 0.441184, 0.000337329
0.0980194, 0.381915, 0.0995031, 0.439671, 0.00034062
0.10047, 0.391422, 0.10196, 0.438159, 0.000342015
0.10292, 0.400898, 0.10441, 0.436645, 0.000345169
0.105371, 0.410375, 0.106851, 0.435131, 0.00034751
0.107821, 0.41986, 0.109299, 0.433618, 0.000348873
0.110272, 0.429336, 0.111737, 0.432104, 0.000350326
0.112722, 0.438804, 0.114172, 0.430589, 0.00035172
0.115173, 0.448271, 0.116616, 0.429075, 0.000353042
0.117623, 0.457752, 0.119054, 0.427561, 0.000352636
0.120074, 0.467214, 0.121489, 0.426046, 0.000353076
0.122524, 0.47667, 0.123917, 0.42453, 0.000353616
0.124975, 0.486129, 0.126346, 0.423015, 0.000353169
0.127425, 0.495594, 0.128771, 0.421499, 0.000351913
0.129876, 0.505053, 0.131196, 0.419984, 0.000350595
0.132326, 0.514507, 0.133625, 0.418468, 0.000349198
0.134777, 0.52394, 0.13604, 0.41695, 0.00034881
0.137227, 0.533391, 0.138463, 0.415434, 0.000346538
0.139678, 0.542823, 0.140882, 0.413918, 0.000345107
0.142128, 0.552263, 0.1433, 0.4124, 0.000342861
0.144579, 0.561695, 0.145717, 0.410883, 0.000340544
0.147029, 0.571132, 0.148129, 0.409365, 0.000337418
0.14948, 0.58056, 0.150539, 0.407848, 0.000334222
0.15193, 0.589998, 0.152958, 0.406331, 0.000330046
0.154381, 0.599412, 0.155358, 0.404812, 0.000326879
0.156831, 0.608823, 0.157764, 0.403293, 0.000323646
0.159282, 0.618245, 0.160154, 0.401773, 0.000318848
0.161732, 0.627677, 0.162561, 0.400256, 0.000312909
0.164183, 0.637081, 0.164964, 0.398737, 0.000308726
0.166633, 0.646488, 0.167361, 0.397217, 0.000303719
0.169084, 0.655886, 0.169755, 0.395697, 0.000298653
0.171534, 0.665305, 0.172152, 0.394178, 0.000291858
0.173984, 0.67469, 0.17454, 0.392657, 0.000286818
0.176435, 0.684085, 0.176936, 0.391137, 0.000280801
0.178885, 0.693493, 0.179325, 0.389618, 0.000273056
0.181336, 0.702882, 0.181705, 0.388095, 0.000266321
0.183786, 0.712262, 0.18408, 0.386573, 0.000259511
0.186237, 0.721658, 0.18648, 0.385054, 0.000251565
0.188687, 0.731036, 0.188852, 0.383532, 0.000243872
0.191138, 0.74041, 0.191227, 0.38201, 0.00023612
0.193588, 0.749794, 0.193611, 0.380489, 0.000227388
0.196039, 0.759167, 0.195983, 0.378966, 0.000218749
0.198489, 0.768532, 0.198352, 0.377443, 0.000210039
0.20094, 0.777906, 0.200723, 0.37592, 0.000200521
0.20339, 0.787273, 0.203099, 0.374399, 0.000190772
0.205841, 0.796631, 0.20546, 0.372875, 0.000181265
0.208291, 0.805986, 0.207833, 0.371352, 0.000171538
0.210742, 0.815332, 0.210195, 0.369827, 0.000161909
0.213192, 0.82469, 0.212548, 0.368304, 0.000150561
0.215643, 0.834048, 0.21491, 0.36678, 0.000139132
0.218093, 0.843387, 0.217269, 0.365255, 0.000128552
0.220544, 0.852741, 0.219625, 0.363731, 0.000116251
0.222994, 0.862077, 0.221978, 0.362206, 0.000104785
0.225445, 0.871409, 0.224334, 0.360681, 9.32589e-05
0.227895, 0.88074, 0.226679, 0.359156, 8.08984e-05
0.230346, 0.89008, 0.229024, 0.35763, 6.77481e-05
0.232796, 0.899414, 0.231378, 0.356106, 5.43594e-05
0.235247, 0.90873, 0.233721, 0.354579, 4.19691e-05
0.237697, 0.91806, 0.236061, 0.353053, 2.78577e-05
0.240148, 0.927371, 0.238395, 0.351526, 1.45882e-05
0.242598, 0.936689, 0.240736, 0.35, 3.27826e-07
0.270112, 0.946178, 0.241086, 0.339632, 0.0254858
0.297626, 0.955403, 0.242147, 0.329241, 0.050962
0.32514, 0.964328, 0.243903, 0.318855, 0.0764404
0.352654, 0.972952, 0.246355, 0.308474, 0.101921
0.380168, 0.981278, 0.249502, 0.298098, 0.127403
0.407682, 0.989339, 0.253359, 0.287701, 0.152877
0.435195, 0.997099, 0.25791, 0.277309, 0.178353
0.462709, 1.00459, 0.263169, 0.266898, 0.203821
0.490223, 1.01181, 0.269134, 0.256468, 0.229282
0.517737, 1.01869, 0.275783, 0.24607, 0.254755
0.545251, 1.02533, 0.283147, 0.235631, 0.280211
0.572765, 1.03167, 0.291205, 0.225199, 0.305671
0.600279, 1.03772, 0.299966, 0.214752, 0.331125
0.627793, 1.04349, 0.30943, 0.204292, 0.356573
0.655307, 1.04896, 0.319587, 0.19384, 0.382024
0.682821, 1.05414, 0.330445, 0.183377, 0.40747
0.710335, 1.05906, 0.342011, 0.172882, 0.432904
0.737848, 1.06366, 0.35427, 0.162398, 0.458342
0.765362, 1.068, 0.367234, 0.151886, 0.483769
0.792876, 1.07202, 0.380889, 0.141387, 0.509201
0.82039, 1.07578, 0.395254, 0.130845, 0.534615
0.847904, 1.07922, 0.410309, 0.120317, 0.560035
0.875418, 1.0824, 0.426071, 0.109752, 0.58544
0.902932, 1.08527, 0.442527, 0.0991868, 0.610845
0.930446, 1.08785, 0.459682, 0.0886061, 0.636243
0.95796, 1.09014, 0.477538, 0.0779977, 0.661629
0.985474, 1.09214, 0.49609, 0.0673794, 0.687011
1.01299, 1.09384, 0.51534, 0.0567395, 0.712385
1.0405, 1.09526, 0.535291, 0.0460688, 0.737745
1.06802, 1.09638, 0.555936, 0.0353844, 0.7631
1.09553, 1.09721, 0.577283, 0.0246539, 0.788435
1.12304, 1.09774, 0.599324, 0.0139074, 0.813764
1.15056, 1.09798, 0.622066, 0.00310668, 0.839069
1.17807, 1.09791, 0.645496, -0.00768843, 0.864377
1.20558, 1.09755, 0.669628, -0.0185613, 0.889651
1.2331, 1.09689, 0.694454, -0.0294699, 0.91491
1.26061, 1.09592, 0.719969, -0.0403967, 0.940161
1.28813, 1.09467, 0.746189, -0.0514572, 0.965355
1.31564, 1.0931, 0.773094, -0.0625347, 0.99054
1.34315, 1.09122, 0.800693, -0.073704, 1.01568
1.37067, 1.08904, 0.828983, -0.0849664, 1.04079
1.39818, 1.08655, 0.857965, -0.0963686, 1.06583
1.4257, 1.08374, 0.887634, -0.107911, 1.0908
1.45321, 1.08061, 0.917988, -0.119629, 1.1157
1.48072, 1.07715, 0.949028, -0.131612, 1.14047
1.50824, 1.07336, 0.980745, -0.143892, 1.16509
1.53575, 1.06923, 1.01314, -0.156631, 1.18947
1.56327, 1.06474, 1.0462, -0.170146, 1.21344
1.59078, 1.05986, 1.0799, -0.184904, 1.23665
1.61829, 1.05454, 1.11423, -0.202424, 1.2578
1.64581, 1.04865, 1.14902, -0.2269, 1.26694
1.67332, 1.04219, 1.1836, -0.238656, 1.24365
1.70084, 1.03563, 1.21744, -0.236999, 1.21624
1.72835, 1.02918, 1.25053, -0.23188, 1.18921
1.75586, 1.02288, 1.28288, -0.225298, 1.16249
1.78338, 1.01678, 1.3145, -0.217914, 1.13599
1.81089, 1.0109, 1.34539, -0.210023, 1.10963
1.8384, 1.00523, 1.37556, -0.201782, 1.08338
1.86592, 0.999795, 1.40501, -0.193287, 1.05721
1.89343, 0.994597, 1.43374, -0.184597, 1.03111
1.92095, 0.989639, 1.46175, -0.175754, 1.00505
1.94846, 0.984926, 1.48904, -0.166788, 0.979041
1.97597, 0.980462, 1.51562, -0.157719, 0.953064
2.00349, 0.976248, 1.54149, -0.148565, 0.927118
2.031, 0.972287, 1.56664, -0.139338, 0.901197
2.05852, 0.968581, 1.59108, -0.130049, 0.875299
2.08603, 0.965131, 1.61481, -0.120705, 0.849421
2.11354, 0.96194, 1.63782, -0.111312, 0.823559
2.14106, 0.959007, 1.66012, -0.101878, 0.797713
2.16857, 0.956334, 1.68172, -0.0924053, 0.771881
2.19609, 0.953922, 1.7026, -0.0828993, 0.746062
2.2236, 0.951772, 1.72277, -0.0733622, 0.720254
2.25111, 0.949885, 1.74223, -0.0637976, 0.694456
2.27863, 0.948262, 1.76099, -0.0542079, 0.668667
2.30614, 0.946903, 1.77903, -0.0445949, 0.642887
2.33366, 0.945808, 1.79636, -0.0349606, 0.617115
2.36117, 0.944979, 1.81299, -0.025307, 0.59135
2.38868, 0.944416, 1.8289, -0.0156353, 0.565593
2.4162, 0.944119, 1.84411, -0.00594673, 0.539841
2.44371, 0.944089, 1.85861, 0.00375721, 0.514095
2.47122, 0.944326, 1.8724, 0.0134758, 0.488355
2.49874, 0.94483, 1.88548, 0.0232079, 0.46262
2.52625, 0.945603, 1.89786, 0.0329528, 0.436889
2.55377, 0.946644, 1.90952, 0.0427093, 0.411163
2.58128, 0.947953, 1.92048, 0.0524773, 0.385441
2.60879, 0.949531, 1.93073, 0.0622557, 0.359724
2.63631, 0.951379, 1.94028, 0.072044, 0.33401
2.66382, 0.953496, 1.94911, 0.0818418, 0.3083
2.69134, 0.955883, 1.95724, 0.0916484, 0.282593
2.71885, 0.958539, 1.96466, 0.101464, 0.256889
2.74636, 0.961466, 1.97138, 0.111287, 0.231188
2.77388, 0.964663, 1.97739, 0.121117, 0.205491
2.80139, 0.968131, 1.98269, 0.130955, 0.179796
2.82891, 0.971869, 1.98728, 0.1408, 0.154104
2.85642, 0.975879, 1.99117, 0.150651, 0.128414
2.88393, 0.98016, 1.99435, 0.160509, 0.102726
2.91145, 0.984711, 1.99682, 0.170373, 0.0770411
2.93896, 0.989535, 1.99859, 0.180242, 0.0513581
2.96648, 0.99463, 1.99965, 0.190117, 0.0256778
2.99399, 0.999997, 2, 0.199998, -1.11759e-06
