4.07335, 0
0, 0, 0, 0.5, 0
0.0142901, 0.00670969, 0.000575759, 0.509632, 0.0104977
0.0285802, 0.0135576, 0.0013018, 0.519263, 0.0209943
0.0428703, 0.0205438, 0.00217812, 0.528892, 0.0314898
0.0571604, 0.0276683, 0.00320471, 0.538519, 0.041984
0.0714505, 0.034931, 0.00438154, 0.548144, 0.0524769
0.0857406, 0.0423319, 0.00570863, 0.557767, 0.0629683
0.100031, 0.0498711, 0.00718598, 0.567387, 0.0734582
0.114321, 0.0575486, 0.00881358, 0.577005, 0.0839465
0.128611, 0.0653644, 0.0105914, 0.58662, 0.094433
0.142901, 0.0733184, 0.0125194, 0.596232, 0.104918
0.157191, 0.0814108, 0.0145976, 0.605841, 0.1154
0.171481, 0.0896414, 0.0168261, 0.615446, 0.12588
0.185771, 0.0980104, 0.0192047, 0.625047, 0.136358
0.200061, 0.106518, 0.0217335, 0.634644, 0.146833
0.214352, 0.115163, 0.0244124, 0.644237, 0.157304
0.228642, 0.123947, 0.0272414, 0.653824, 0.167773
0.242932, 0.13287, 0.0302205, 0.663405, 0.178238
0.257222, 0.14193, 0.0333498, 0.672981, 0.188699
0.271512, 0.15113, 0.036629, 0.682549, 0.199156
0.285802, 0.160467, 0.0400583, 0.69211, 0.209607
0.300092, 0.169943, 0.0436375, 0.701662, 0.220053
0.314382, 0.179558, 0.0473666, 0.711205, 0.230493
0.328672, 0.189311, 0.0512456, 0.720736, 0.240926
0.342962, 0.199203, 0.0552744, 0.730255, 0.25135
0.357253, 0.209233, 0.0594529, 0.739761, 0.261766
0.371543, 0.219402, 0.0637811, 0.74925, 0.272171
0.385833, 0.22971, 0.0682587, 0.75872, 0.282564
0.400123, 0.240157, 0.0728857, 0.768169, 0.292944
0.414413, 0.250743, 0.0776619, 0.777593, 0.303307
0.428703, 0.261468, 0.0825871, 0.786987, 0.31365
0.442993, 0.272332, 0.087661, 0.796346, 0.323971
0.457283, 0.283336, 0.0928833, 0.805662, 0.334263
0.471573, 0.294479, 0.0982536, 0.814926, 0.344522
0.485863, 0.305763, 0.103771, 0.824126, 0.354739
0.500154, 0.317187, 0.109435, 0.833247, 0.364904
0.514444, 0.328753, 0.115245, 0.842266, 0.375002
0.528734, 0.34046, 0.121199, 0.851154, 0.385014
0.543024, 0.352311, 0.127295, 0.859869, 0.394911
0.557314, 0.364307, 0.133531, 0.868349, 0.404652
0.571604, 0.376449, 0.1399, 0.876503, 0.414175
0.585894, 0.388741, 0.146397, 0.884191, 0.423384
0.600184, 0.401187, 0.153009, 0.891194, 0.432127
0.614474, 0.413791, 0.159718, 0.897164, 0.440161
0.628764, 0.426557, 0.166492, 0.901575, 0.447104
0.643055, 0.439481, 0.173284, 0.903719, 0.45242
0.657345, 0.452535, 0.180035, 0.902912, 0.45554
0.671635, 0.465658, 0.186694, 0.898938, 0.456174
0.685925, 0.478767, 0.193237, 0.892257, 0.454509
0.700215, 0.49179, 0.199663, 0.883675, 0.451037
0.714505, 0.504681, 0.205979, 0.873907, 0.446253
0.728795, 0.517413, 0.212192, 0.863443, 0.440534
0.743085, 0.529976, 0.218302, 0.852582, 0.434135
0.757375, 0.542362, 0.22431, 0.841503, 0.427227
0.771665, 0.554572, 0.230214, 0.830311, 0.419927
0.785956, 0.566605, 0.236012, 0.819069, 0.412315
0.800246, 0.578462, 0.241702, 0.807815, 0.40445
0.814536, 0.590144, 0.247281, 0.796572, 0.396374
0.828826, 0.601654, 0.252748, 0.785353, 0.388121
0.843116, 0.612993, 0.258099, 0.774167, 0.379715
0.857406, 0.624162, 0.263334, 0.763018, 0.371178
0.871696, 0.635162, 0.268449, 0.751908, 0.362525
0.885986, 0.645996, 0.273444, 0.740839, 0.353769
0.900276, 0.656665, 0.278318, 0.72981, 0.344922
0.914567, 0.667169, 0.283068, 0.71882, 0.335993
0.928857, 0.67751, 0.287693, 0.707869, 0.326991
0.943147, 0.687689, 0.292193, 0.696954, 0.317921
0.957437, 0.697707, 0.296566, 0.686075, 0.30879
0.971727, 0.707565, 0.300811, 0.67523, 0.299602
0.986017, 0.717263, 0.304927, 0.664418, 0.290363
1.00031, 0.726802, 0.308914, 0.653637, 0.281077
1.0146, 0.736184, 0.31277, 0.642886, 0.271746
1.02889, 0.745408, 0.316495, 0.632164, 0.262374
1.04318, 0.754476, 0.320089, 0.621468, 0.252963
1.05747, 0.763387, 0.32355, 0.610799, 0.243517
1.07176, 0.772144, 0.326878, 0.600154, 0.234038
1.08605, 0.780745, 0.330072, 0.589534, 0.224527
1.10034, 0.789192, 0.333132, 0.578936, 0.214986
1.11463, 0.797485, 0.336057, 0.568359, 0.205417
1.12892, 0.805624, 0.338848, 0.557804, 0.195823
1.14321, 0.81361, 0.341503, 0.547268, 0.186203
1.1575, 0.821444, 0.344022, 0.536752, 0.17656
1.17179, 0.829125, 0.346404, 0.526253, 0.166894
1.18608, 0.836654, 0.34865, 0.515773, 0.157208
1.20037, 0.844032, 0.350758, 0.505309, 0.147501
1.21466, 0.851258, 0.352729, 0.494861, 0.137774
1.22895, 0.858334, 0.354563, 0.484429, 0.12803
1.24324, 0.865258, 0.356258, 0.474012, 0.118268
1.25753, 0.872033, 0.357815, 0.46361, 0.108489
1.27182, 0.878657, 0.359233, 0.453221, 0.0986947
1.28611, 0.885131, 0.360513, 0.442846, 0.0888848
1.3004, 0.891456, 0.361653, 0.432483, 0.0790602
1.31469, 0.897631, 0.362654, 0.422134, 0.0692214
1.32898, 0.903658, 0.363515, 0.411796, 0.0593692
1.34327, 0.909535, 0.364236, 0.40147, 0.0495042
1.35756, 0.915263, 0.364817, 0.391155, 0.0396265
1.37185, 0.920843, 0.365258, 0.38085, 0.0297368
1.38614, 0.926275, 0.365559, 0.370557, 0.0198355
1.40043, 0.931559, 0.365718, 0.360274, 0.00992323
1.41472, 0.936694, 0.365737, 0.35, -2.23517e-08
1.44131, 0.945827, 0.366049, 0.339686, 0.0245039
1.46789, 0.954743, 0.367035, 0.329324, 0.0489881
1.49448, 0.963337, 0.368653, 0.318994, 0.0734848
1.52107, 0.971676, 0.370931, 0.308642, 0.0979731
1.54765, 0.979757, 0.373866, 0.298271, 0.122453
1.57424, 0.987576, 0.377458, 0.287883, 0.146926
1.60082, 0.995077, 0.381683, 0.277525, 0.171412
1.62741, 1.00231, 0.386565, 0.267149, 0.195889
1.654, 1.00929, 0.392101, 0.256757, 0.220361
1.68058, 1.01597, 0.398283, 0.246372, 0.244835
1.70717, 1.02238, 0.405118, 0.235973, 0.269303
1.73376, 1.02852, 0.412605, 0.22556, 0.293765
1.76034, 1.03439, 0.420745, 0.215135, 0.318223
1.78693, 1.03997, 0.429529, 0.204719, 0.342683
1.81351, 1.04527, 0.438963, 0.194292, 0.36714
1.8401, 1.05029, 0.449048, 0.183855, 0.391592
1.86669, 1.05504, 0.459782, 0.173409, 0.41604
1.89327, 1.0595, 0.471166, 0.162956, 0.440484
1.91986, 1.0637, 0.483204, 0.152479, 0.464919
1.94645, 1.06762, 0.495889, 0.141997, 0.489352
1.97303, 1.07126, 0.509226, 0.131495, 0.513776
1.99962, 1.07461, 0.523208, 0.120991, 0.5382
2.0262, 1.07769, 0.537841, 0.110471, 0.562616
2.05279, 1.08049, 0.553127, 0.0999217, 0.58702
2.07938, 1.08299, 0.569052, 0.0893889, 0.61143
2.10596, 1.08524, 0.585635, 0.0788053, 0.635819
2.13255, 1.08719, 0.602863, 0.0682152, 0.660205
2.15914, 1.08885, 0.620735, 0.05762, 0.684589
2.18572, 1.09024, 0.63926, 0.0469864, 0.708956
2.21231, 1.09136, 0.658436, 0.0363091, 0.733305
2.23889, 1.09218, 0.678255, 0.0256268, 0.75765
2.26548, 1.09272, 0.69872, 0.0149215, 0.781986
2.29207, 1.09297, 0.719834, 0.00416923, 0.806301
2.31865, 1.09294, 0.741593, -0.00661194, 0.830603
2.34524, 1.09262, 0.763998, -0.0174324, 0.854888
2.37183, 1.09202, 0.787052, -0.0283226, 0.879141
2.39841, 1.09112, 0.810747, -0.0392448, 0.903381
2.425, 1.08993, 0.835087, -0.0502374, 0.927588
2.45158, 1.08844, 0.860067, -0.0612689, 0.951777
2.47817, 1.08667, 0.885694, -0.0724189, 0.975912
2.50476, 1.0846, 0.91196, -0.0836473, 1.00001
2.53134, 1.08222, 0.938866, -0.0949967, 1.02405
2.55793, 1.07954, 0.966411, -0.106489, 1.04803
2.58452, 1.07656, 0.994591, -0.118151, 1.07192
2.6111, 1.07326, 1.02341, -0.130069, 1.09568
2.63769, 1.06964, 1.05285, -0.142286, 1.1193
2.66427, 1.06569, 1.08292, -0.154974, 1.14266
2.69086, 1.06139, 1.11361, -0.168345, 1.16564
2.71745, 1.05673, 1.14489, -0.182922, 1.18786
2.74403, 1.05164, 1.17675, -0.20006, 1.20814
2.77062, 1.04603, 1.20905, -0.223579, 1.2181
2.79721, 1.03986, 1.2412, -0.236566, 1.19685
2.82379, 1.03357, 1.27266, -0.235322, 1.17035
2.85038, 1.02738, 1.30343, -0.230366, 1.14424
2.87696, 1.02134, 1.33351, -0.223877, 1.11846
2.90355, 1.01548, 1.3629, -0.216559, 1.0929
2.93014, 1.00983, 1.39162, -0.208719, 1.0675
2.95672, 1.00438, 1.41967, -0.200524, 1.04221
2.98331, 0.999165, 1.44704, -0.192068, 1.017
3.0099, 0.994173, 1.47374, -0.183415, 0.991862
3.03648, 0.989414, 1.49978, -0.174606, 0.966777
3.06307, 0.98489, 1.52515, -0.165673, 0.941737
3.08965, 0.980606, 1.54985, -0.156637, 0.916733
3.11624, 0.976562, 1.5739, -0.147514, 0.891761
3.14283, 0.972762, 1.59727, -0.138318, 0.866816
3.16941, 0.969208, 1.61999, -0.129059, 0.841894
3.196, 0.9659, 1.64204, -0.119745, 0.816993
3.22259, 0.962841, 1.66343, -0.110382, 0.792109
3.24917, 0.960032, 1.68416, -0.100977, 0.767242
3.27576, 0.957472, 1.70422, -0.0915341, 0.74239
3.30234, 0.955165, 1.72363, -0.0820569, 0.71755
3.32893, 0.95311, 1.74238, -0.0725491, 0.692722
3.35552, 0.951307, 1.76047, -0.0630133, 0.667905
3.3821, 0.949759, 1.77789, -0.0534523, 0.643097
3.40869, 0.948465, 1.79466, -0.0438681, 0.618298
3.43528, 0.947427, 1.81077, -0.0342627, 0.593508
3.46186, 0.946644, 1.82622, -0.0246378, 0.568725
3.48845, 0.946117, 1.84101, -0.0149948, 0.54395
3.51503, 0.945847, 1.85514, -0.00533473, 0.51918
3.54162, 0.945833, 1.86862, 0.00434074, 0.494417
3.56821, 0.946078, 1.88143, 0.0140308, 0.469659
3.59479, 0.94658, 1.89359, 0.0237343, 0.444907
3.62138, 0.94734, 1.90509, 0.0334506, 0.42016
3.64797, 0.948358, 1.91593, 0.0431789, 0.395417
3.67455, 0.949636, 1.92611, 0.0529183, 0.370679
3.70114, 0.951172, 1.93564, 0.0626681, 0.345946
3.72773, 0.952968, 1.94451, 0.072428, 0.321216
3.75431, 0.955024, 1.95272, 0.0821972, 0.296489
3.7809, 0.957339, 1.96027, 0.0919755, 0.271767
3.80748, 0.959914, 1.96717, 0.101762, 0.247047
3.83407, 0.96275, 1.97341, 0.111557, 0.222331
3.86066, 0.965846, 1.97899, 0.121359, 0.197618
3.88724, 0.969203, 1.98392, 0.131169, 0.172907
3.91383, 0.972821, 1.98819, 0.140985, 0.148199
3.94042, 0.976699, 1.9918, 0.150808, 0.123494
3.967, 0.980839, 1.99475, 0.160637, 0.098792
3.99359, 0.985241, 1.99705, 0.170472, 0.0740917
4.02017, 0.989904, 1.99869, 0.180314, 0.0493938
4.04676, 0.994829, 1.99968, 0.19016, 0.0246981
4.07335, 1.00002, 2.00001, 0.200012, 4.42192e-06
