4.13535, 0
0, 0, 0, 0.5, 0
0.0201813, 0.00850051, 0.000421228, 0.501872, 0.0200251
0.0403626, 0.0170394, 0.00124786, 0.503743, 0.0400473
0.060544, 0.0256168, 0.00247993, 0.505612, 0.0600665
0.0807253, 0.0342326, 0.00411738, 0.507481, 0.0800824
0.100907, 0.042887, 0.00616038, 0.509349, 0.100095
0.121088, 0.0515797, 0.00860867, 0.511216, 0.120104
0.141269, 0.060311, 0.0114624, 0.513081, 0.140109
0.161451, 0.0690809, 0.0147217, 0.514945, 0.160109
0.181632, 0.0778893, 0.0183862, 0.516808, 0.180106
0.201813, 0.0867363, 0.0224562, 0.518669, 0.200097
0.221995, 0.0956219, 0.0269315, 0.520529, 0.220083
0.242176, 0.104546, 0.0318122, 0.522386, 0.240063
0.262357, 0.113509, 0.0370983, 0.524242, 0.260037
0.282539, 0.122511, 0.0427898, 0.526096, 0.280005
0.30272, 0.131551, 0.0488866, 0.527948, 0.299965
0.322901, 0.140631, 0.0553888, 0.529797, 0.319918
0.343083, 0.149749, 0.0622962, 0.531643, 0.339861
0.363264, 0.158906, 0.0696089, 0.533486, 0.359796
0.383445, 0.168102, 0.077327, 0.535327, 0.37972
0.403627, 0.177337, 0.0854503, 0.537163, 0.399633
0.423808, 0.186612, 0.0939788, 0.538996, 0.419533
0.443989, 0.195925, 0.102913, 0.540825, 0.439419
0.46417, 0.205278, 0.112251, 0.542648, 0.459289
0.484352, 0.214671, 0.121995, 0.544467, 0.479143
0.504533, 0.224104, 0.132145, 0.546279, 0.498976
0.524714, 0.233576, 0.142699, 0.548084, 0.518789
0.544896, 0.243088, 0.153658, 0.549882, 0.538576
0.565077, 0.252641, 0.165022, 0.551672, 0.558335
0.585258, 0.262235, 0.17679, 0.553451, 0.578062
0.60544, 0.27187, 0.188964, 0.555219, 0.597752
0.625621, 0.281546, 0.201542, 0.556973, 0.617399
0.645802, 0.291264, 0.214524, 0.558713, 0.636996
0.665984, 0.301025, 0.22791, 0.560434, 0.656535
0.686165, 0.31083, 0.241701, 0.562134, 0.676004
0.706346, 0.320679, 0.255894, 0.563808, 0.695389
0.726528, 0.330575, 0.270491, 0.565451, 0.714673
0.746709, 0.340517, 0.28549, 0.567057, 0.733833
0.76689, 0.35051, 0.300891, 0.568616, 0.75284
0.787072, 0.360556, 0.316692, 0.570116, 0.771654
0.807253, 0.370658, 0.332891, 0.571542, 0.790219
0.827434, 0.380823, 0.349487, 0.57287, 0.808462
0.847616, 0.391058, 0.366475, 0.57407, 0.826274
0.867797, 0.401373, 0.383849, 0.575095, 0.8435
0.887978, 0.411786, 0.401601, 0.575881, 0.859911
0.90816, 0.422318, 0.419715, 0.576328, 0.875161
0.928341, 0.433002, 0.438166, 0.576293, 0.888735
0.948522, 0.443882, 0.456906, 0.575578, 0.899893
0.968704, 0.455007, 0.475863, 0.573942, 0.907681
0.988885, 0.466408, 0.494926, 0.571173, 0.911145
1.00907, 0.478072, 0.513956, 0.567218, 0.90978
1.02925, 0.489922, 0.532823, 0.562252, 0.903854
1.04943, 0.501857, 0.55143, 0.556589, 0.894227
1.06961, 0.513784, 0.569721, 0.550536, 0.88188
1.08979, 0.52564, 0.587664, 0.544319, 0.867626
1.10997, 0.537384, 0.605244, 0.538083, 0.852043
1.13015, 0.548998, 0.622452, 0.53191, 0.835525
1.15034, 0.560471, 0.639282, 0.525844, 0.818332
1.17052, 0.5718, 0.655731, 0.519909, 0.800644
1.1907, 0.582985, 0.671797, 0.514113, 0.78258
1.21088, 0.594027, 0.687478, 0.508458, 0.764228
1.23106, 0.60493, 0.702771, 0.502942, 0.745649
1.25124, 0.615697, 0.717676, 0.49756, 0.726888
1.27142, 0.626333, 0.732191, 0.492305, 0.707979
1.2916, 0.63684, 0.746316, 0.487171, 0.688949
1.31179, 0.647222, 0.760049, 0.482152, 0.669817
1.33197, 0.657483, 0.77339, 0.47724, 0.6506
1.35215, 0.667626, 0.786338, 0.472431, 0.631309
1.37233, 0.677654, 0.798891, 0.467717, 0.611955
1.39251, 0.687571, 0.811051, 0.463094, 0.592547
1.41269, 0.697379, 0.822816, 0.458556, 0.573091
1.43287, 0.70708, 0.834185, 0.454098, 0.553592
1.45306, 0.716677, 0.845158, 0.449717, 0.534057
1.47324, 0.726173, 0.855735, 0.445407, 0.514488
1.49342, 0.735569, 0.865915, 0.441165, 0.494889
1.5136, 0.744868, 0.875698, 0.436988, 0.475264
1.53378, 0.754071, 0.885084, 0.432872, 0.455614
1.55396, 0.763181, 0.894072, 0.428815, 0.435943
1.57414, 0.772198, 0.902662, 0.424812, 0.416252
1.59432, 0.781125, 0.910854, 0.420862, 0.396542
1.61451, 0.789963, 0.918647, 0.416962, 0.376815
1.63469, 0.798714, 0.926041, 0.41311, 0.357073
1.65487, 0.807379, 0.933037, 0.409303, 0.337317
1.67505, 0.815959, 0.939633, 0.40554, 0.317547
1.69523, 0.824455, 0.945829, 0.401819, 0.297765
1.71541, 0.832869, 0.951626, 0.398137, 0.277972
1.73559, 0.841201, 0.957023, 0.394494, 0.258168
1.75578, 0.849454, 0.962021, 0.390887, 0.238355
1.77596, 0.857627, 0.966618, 0.387316, 0.218532
1.79614, 0.865722, 0.970814, 0.383778, 0.1987
1.81632, 0.87374, 0.974611, 0.380273, 0.17886
1.8365, 0.881681, 0.978006, 0.376798, 0.159012
1.85668, 0.889547, 0.981001, 0.373354, 0.139157
1.87686, 0.897337, 0.983595, 0.369939, 0.119296
1.89704, 0.905054, 0.985789, 0.366552, 0.0994273
1.91723, 0.912698, 0.987581, 0.363191, 0.0795529
1.93741, 0.920269, 0.988972, 0.359857, 0.0596725
1.95759, 0.927768, 0.989962, 0.356547, 0.0397872
1.97777, 0.935196, 0.99055, 0.353262, 0.0198958
1.99795, 0.942554, 0.990737, 0.35, -1.4808e-07
2.01933, 0.949922, 0.990936, 0.339774, 0.0187693
2.0407, 0.957063, 0.991532, 0.329553, 0.0375407
2.06207, 0.964011, 0.992541, 0.319303, 0.056297
2.08345, 0.970729, 0.993947, 0.309059, 0.0750559
2.10482, 0.977218, 0.995747, 0.298819, 0.0938175
2.1262, 0.983493, 0.997952, 0.288569, 0.112573
2.14757, 0.989553, 1.00056, 0.278309, 0.131324
2.16894, 0.995384, 1.00356, 0.268055, 0.150078
2.19032, 1.00101, 1.00697, 0.257778, 0.168819
2.21169, 1.00641, 1.01078, 0.247507, 0.187563
2.23307, 1.01159, 1.01499, 0.237215, 0.206297
2.25444, 1.01655, 1.0196, 0.226931, 0.225033
2.27581, 1.0213, 1.02461, 0.216627, 0.24376
2.29719, 1.02581, 1.03002, 0.206331, 0.262491
2.31856, 1.03011, 1.03583, 0.196018, 0.281212
2.33994, 1.0342, 1.04205, 0.185689, 0.299925
2.36131, 1.03805, 1.04865, 0.175369, 0.318643
2.38268, 1.0417, 1.05567, 0.165014, 0.337341
2.40406, 1.04511, 1.06308, 0.154679, 0.35605
2.42543, 1.04831, 1.07089, 0.144312, 0.374741
2.44681, 1.05127, 1.07909, 0.133956, 0.393439
2.46818, 1.05403, 1.08771, 0.123561, 0.412115
2.48955, 1.05656, 1.09671, 0.113169, 0.430793
2.51093, 1.05886, 1.10612, 0.102763, 0.449463
2.5323, 1.06095, 1.11593, 0.0923353, 0.46812
2.55368, 1.06281, 1.12613, 0.0818971, 0.486772
2.57505, 1.06445, 1.13673, 0.0714339, 0.50541
2.59642, 1.06587, 1.14774, 0.0609573, 0.524041
2.6178, 1.06706, 1.15914, 0.0504619, 0.54266
2.63917, 1.06802, 1.17093, 0.0399438, 0.561267
2.66055, 1.06876, 1.18313, 0.0294069, 0.579863
2.68192, 1.06928, 1.19572, 0.0188352, 0.59844
2.70329, 1.06957, 1.20871, 0.00823501, 0.617
2.72467, 1.06963, 1.2221, -0.00239974, 0.635541
2.74604, 1.06947, 1.23588, -0.0130673, 0.654063
2.76742, 1.06907, 1.25006, -0.0237758, 0.672561
2.78879, 1.06845, 1.26463, -0.0345351, 0.691029
2.81016, 1.06759, 1.2796, -0.0453281, 0.709478
2.83154, 1.06651, 1.29496, -0.056212, 0.727874
2.85291, 1.06519, 1.31071, -0.0671319, 0.746247
2.87429, 1.06364, 1.32686, -0.0781659, 0.764554
2.89566, 1.06185, 1.34339, -0.089266, 0.782819
2.91703, 1.05982, 1.36032, -0.100503, 0.801001
2.93841, 1.05755, 1.37763, -0.111894, 0.819087
2.95978, 1.05504, 1.39533, -0.123459, 0.837061
2.98116, 1.05227, 1.41342, -0.13529, 0.854864
3.00253, 1.04925, 1.43188, -0.147455, 0.872438
3.0239, 1.04597, 1.45071, -0.160096, 0.889671
3.04528, 1.0424, 1.4699, -0.173529, 0.906293
3.06665, 1.03854, 1.48944, -0.188373, 0.921655
3.08803, 1.03433, 1.50928, -0.206213, 0.933181
3.1094, 1.02971, 1.52921, -0.225011, 0.927567
3.13077, 1.02484, 1.54882, -0.228491, 0.906797
3.15215, 1.01998, 1.56798, -0.225, 0.885734
3.17352, 1.01523, 1.58669, -0.219185, 0.865167
3.1949, 1.01062, 1.60496, -0.212259, 0.844947
3.21627, 1.00617, 1.62281, -0.204685, 0.824961
3.23764, 1.00188, 1.64023, -0.196688, 0.805139
3.25902, 0.99776, 1.65723, -0.188393, 0.785441
3.28039, 0.993824, 1.67381, -0.179877, 0.765836
3.30177, 0.990072, 1.68997, -0.17119, 0.746307
3.32314, 0.986507, 1.70571, -0.162368, 0.726838
3.34451, 0.983132, 1.72104, -0.153435, 0.70742
3.36589, 0.979948, 1.73595, -0.144411, 0.688045
3.38726, 0.976959, 1.75045, -0.13531, 0.668705
3.40864, 0.974164, 1.76454, -0.126143, 0.649396
3.43001, 0.971567, 1.77821, -0.11692, 0.630116
3.45138, 0.969167, 1.79147, -0.107646, 0.610858
3.47276, 0.966965, 1.80432, -0.0983284, 0.591621
3.49413, 0.964964, 1.81676, -0.0889723, 0.572404
3.51551, 0.963162, 1.82879, -0.0795818, 0.553203
3.53688, 0.961562, 1.84041, -0.0701598, 0.534018
3.55825, 0.960163, 1.85162, -0.0607099, 0.514847
3.57963, 0.958967, 1.86242, -0.0512343, 0.495688
3.601, 0.957973, 1.87281, -0.0417356, 0.47654
3.62238, 0.957183, 1.88279, -0.0322154, 0.457404
3.64375, 0.956596, 1.89236, -0.0226755, 0.438276
3.66512, 0.956214, 1.90153, -0.0131177, 0.419158
3.6865, 0.956036, 1.91028, -0.00354332, 0.400049
3.70787, 0.956062, 1.91863, 0.00604668, 0.380947
3.72925, 0.956294, 1.92657, 0.0156513, 0.361853
3.75062, 0.956732, 1.9341, 0.0252694, 0.342764
3.77199, 0.957375, 1.94122, 0.0348999, 0.323683
3.79337, 0.958224, 1.94793, 0.0445421, 0.304608
3.81474, 0.959279, 1.95424, 0.0541956, 0.285538
3.83612, 0.96054, 1.96014, 0.0638594, 0.266473
3.85749, 0.962009, 1.96563, 0.073533, 0.247414
3.87886, 0.963684, 1.97072, 0.0832159, 0.228359
3.90024, 0.965566, 1.97539, 0.0929077, 0.209308
3.92161, 0.967656, 1.97966, 0.102608, 0.190262
3.94299, 0.969952, 1.98353, 0.112315, 0.17122
3.96436, 0.972457, 1.98698, 0.122031, 0.152181
3.98573, 0.975169, 1.99003, 0.131753, 0.133147
4.00711, 0.978089, 1.99268, 0.141482, 0.114115
4.02848, 0.981217, 1.99491, 0.151218, 0.0950871
4.04986, 0.984553, 1.99674, 0.16096, 0.0760622
4.07123, 0.988098, 1.99816, 0.170707, 0.0570401
4.09261, 0.991851, 1.99918, 0.18046, 0.0380212
4.11398, 0.995812, 1.99979, 0.190219, 0.019005
4.13535, 0.999982, 1.99999, 0.199983, -8.77678e-06
