2.33227, 0
0, 0, 0, 0.5, 0
0.0112696, 0.00509834, -2.03826e-05, 0.497927, 0.0110601
0.0225393, 0.0101735, 8.39992e-05, 0.495853, 0.0221197
0.0338089, 0.0152257, 0.000313392, 0.493779, 0.0331786
0.0450785, 0.0202546, 0.000667573, 0.491705, 0.044237
0.0563481, 0.0252602, 0.00114659, 0.48963, 0.0552949
0.0676178, 0.0302426, 0.00175041, 0.487555, 0.0663522
0.0788874, 0.0352019, 0.0024792, 0.485479, 0.0774089
0.090157, 0.0401381, 0.00333281, 0.483403, 0.0884648
0.101427, 0.0450509, 0.00431127, 0.481327, 0.0995201
0.112696, 0.0499406, 0.00541461, 0.47925, 0.110575
0.123966, 0.0548071, 0.00664272, 0.477172, 0.121629
0.135236, 0.0596504, 0.00799574, 0.475094, 0.132682
0.146505, 0.0644705, 0.00947358, 0.473016, 0.143734
0.157775, 0.0692675, 0.0110763, 0.470937, 0.154785
0.169044, 0.0740413, 0.0128039, 0.468857, 0.165836
0.180314, 0.0787919, 0.0146563, 0.466777, 0.176886
0.191584, 0.0835193, 0.0166336, 0.464696, 0.187934
0.202853, 0.0882235, 0.0187357, 0.462614, 0.198982
0.214123, 0.0929045, 0.0209627, 0.460532, 0.210029
0.225393, 0.0975624, 0.0233145, 0.458449, 0.221074
0.236662, 0.102197, 0.0257912, 0.456365, 0.232118
0.247932, 0.106809, 0.0283926, 0.454281, 0.243162
0.259201, 0.111397, 0.031119, 0.452195, 0.254203
0.270471, 0.115962, 0.0339702, 0.450109, 0.265244
0.281741, 0.120504, 0.0369462, 0.448021, 0.276283
0.29301, 0.125023, 0.0400471, 0.445933, 0.28732
0.30428, 0.129519, 0.0432728, 0.443844, 0.298356
0.31555, 0.133991, 0.0466234, 0.441753, 0.30939
0.326819, 0.138441, 0.0500988, 0.439661, 0.320422
0.338089, 0.142867, 0.053699, 0.437568, 0.331452
0.349359, 0.14727, 0.0574241, 0.435474, 0.342481
0.360628, 0.15165, 0.061274, 0.433378, 0.353507
0.371898, 0.156007, 0.0652487, 0.431281, 0.364531
0.383167, 0.16034, 0.0693482, 0.429182, 0.375552
0.394437, 0.164651, 0.0735726, 0.427081, 0.386571
0.405707, 0.168938, 0.0779218, 0.424979, 0.397587
0.416976, 0.173203, 0.0823958, 0.422874, 0.408599
0.428246, 0.177444, 0.0869946, 0.420768, 0.419609
0.439516, 0.181662, 0.0917182, 0.418659, 0.430615
0.450785, 0.185857, 0.0965667, 0.416548, 0.441618
0.462055, 0.190029, 0.10154, 0.414434, 0.452616
0.473324, 0.194178, 0.106638, 0.412317, 0.46361
0.484594, 0.198303, 0.111861, 0.410198, 0.474599
0.495864, 0.202406, 0.117208, 0.408075, 0.485584
0.507133, 0.206486, 0.122681, 0.405948, 0.496562
0.518403, 0.210543, 0.128278, 0.403818, 0.507535
0.529673, 0.214576, 0.134, 0.401684, 0.518501
0.540942, 0.218587, 0.139846, 0.399545, 0.52946
0.552212, 0.222575, 0.145818, 0.3974, 0.540411
0.563482, 0.226539, 0.151914, 0.395251, 0.551353
0.574751, 0.230481, 0.158135, 0.393096, 0.562285
0.586021, 0.2344, 0.16448, 0.390933, 0.573207
0.59729, 0.238297, 0.170951, 0.388764, 0.584117
0.60856, 0.24217, 0.177545, 0.386586, 0.595014
0.61983, 0.246021, 0.184265, 0.384399, 0.605895
0.631099, 0.249848, 0.191109, 0.382202, 0.61676
0.642369, 0.253654, 0.198078, 0.379993, 0.627606
0.653639, 0.257437, 0.205171, 0.377771, 0.638431
0.664908, 0.261197, 0.212388, 0.375535, 0.64923
0.676178, 0.264935, 0.21973, 0.373282, 0.660002
0.687447, 0.268651, 0.227196, 0.371009, 0.670741
0.698717, 0.272344, 0.234787, 0.368714, 0.681441
0.709987, 0.276016, 0.242502, 0.366393, 0.692096
0.721256, 0.279666, 0.25034, 0.364042, 0.702698
0.732526, 0.283295, 0.258302, 0.361655, 0.713236
0.743796, 0.286903, 0.266388, 0.359224, 0.723697
0.755065, 0.290491, 0.274597, 0.356743, 0.734063
0.766335, 0.294058, 0.282929, 0.354199, 0.744313
0.777604, 0.297607, 0.291383, 0.351578, 0.754415
0.788874, 0.301138, 0.299958, 0.348862, 0.76433
0.800144, 0.304652, 0.308654, 0.346026, 0.774
0.811413, 0.308151, 0.317468, 0.343037, 0.783347
0.822683, 0.311638, 0.326398, 0.339854, 0.792261
0.833953, 0.315117, 0.33544, 0.336417, 0.800574
0.845222, 0.318593, 0.344587, 0.332658, 0.808054
0.856492, 0.32207, 0.35383, 0.328494, 0.814365
0.867761, 0.325556, 0.363152, 0.323854, 0.81906
0.879031, 0.329055, 0.372528, 0.318726, 0.821628
0.890301, 0.332565, 0.381923, 0.31322, 0.821653
0.90157, 0.336074, 0.391298, 0.307585, 0.819029
0.91284, 0.339565, 0.400618, 0.302126, 0.814037
0.92411, 0.343024, 0.409855, 0.297082, 0.807191
0.935379, 0.346442, 0.418992, 0.292568, 0.799014
0.946649, 0.349815, 0.428017, 0.288608, 0.789919
0.957918, 0.353147, 0.436926, 0.28517, 0.7802
0.969188, 0.356438, 0.445713, 0.282202, 0.770052
0.980458, 0.359695, 0.454378, 0.27965, 0.759607
0.991727, 0.362919, 0.462918, 0.277461, 0.748952
1.003, 0.366117, 0.471332, 0.275589, 0.738146
1.01427, 0.36929, 0.47962, 0.273996, 0.727231
1.02554, 0.372443, 0.487782, 0.272646, 0.716234
1.03681, 0.375577, 0.495817, 0.271513, 0.705177
1.04808, 0.378697, 0.503724, 0.270571, 0.694074
1.05935, 0.381804, 0.511505, 0.269799, 0.682936
1.07061, 0.384899, 0.519158, 0.269182, 0.671772
1.08188, 0.387986, 0.526684, 0.268702, 0.660587
1.09315, 0.391066, 0.534082, 0.268347, 0.649387
1.10442, 0.39414, 0.541353, 0.268106, 0.638174
1.11569, 0.39721, 0.548497, 0.267969, 0.626953
1.12786, 0.400493, 0.556195, 0.271675, 0.638541
1.14002, 0.403821, 0.564034, 0.275461, 0.650102
1.15219, 0.407196, 0.572013, 0.279331, 0.661636
1.16436, 0.410618, 0.580132, 0.28329, 0.67314
1.17652, 0.414089, 0.588391, 0.28734, 0.684611
1.18869, 0.41761, 0.59679, 0.29149, 0.696047
1.20085, 0.421182, 0.605327, 0.295742, 0.707445
1.21302, 0.424806, 0.614003, 0.300104, 0.718802
1.22519, 0.428485, 0.622816, 0.30458, 0.730115
1.23735, 0.432218, 0.631767, 0.309177, 0.741378
1.24952, 0.436008, 0.640855, 0.313904, 0.752588
1.26168, 0.439856, 0.650079, 0.318767, 0.763739
1.27385, 0.443765, 0.659438, 0.323776, 0.774826
1.28601, 0.447735, 0.668931, 0.328939, 0.785842
1.29818, 0.451769, 0.678558, 0.334266, 0.796779
1.31035, 0.455869, 0.688318, 0.339768, 0.807629
1.32251, 0.460037, 0.698209, 0.345458, 0.818382
1.33468, 0.464275, 0.70823, 0.351347, 0.829027
1.34684, 0.468587, 0.718379, 0.357449, 0.839551
1.35901, 0.472974, 0.728657, 0.363781, 0.849939
1.37117, 0.477439, 0.739059, 0.370358, 0.860174
1.38334, 0.481986, 0.749585, 0.377196, 0.870235
1.39551, 0.486618, 0.760233, 0.384317, 0.880098
1.40767, 0.491338, 0.770998, 0.391739, 0.889737
1.41984, 0.496151, 0.78188, 0.399483, 0.899119
1.432, 0.50106, 0.792874, 0.40757, 0.908206
1.44417, 0.506069, 0.803977, 0.416023, 0.916954
1.45633, 0.511184, 0.815184, 0.424862, 0.925312
1.4685, 0.516409, 0.826489, 0.434105, 0.933219
1.48067, 0.521748, 0.837888, 0.443768, 0.940608
1.49283, 0.527208, 0.849373, 0.45386, 0.947399
1.505, 0.532793, 0.860937, 0.464378, 0.953507
1.51716, 0.538509, 0.87257, 0.475311, 0.958837
1.52933, 0.54436, 0.884264, 0.486628, 0.963291
1.54149, 0.55035, 0.896005, 0.49828, 0.966775
1.55366, 0.556485, 0.907782, 0.510197, 0.969199
1.56583, 0.562765, 0.919582, 0.522289, 0.970495
1.57799, 0.569193, 0.931391, 0.534449, 0.970618
1.59016, 0.575769, 0.943194, 0.546564, 0.969553
1.60232, 0.582491, 0.954977, 0.558518, 0.967322
1.61449, 0.589357, 0.966726, 0.57021, 0.963975
1.62666, 0.596364, 0.978428, 0.581553, 0.959587
1.63882, 0.603506, 0.99007, 0.592482, 0.954251
1.65099, 0.610778, 1.00164, 0.602955, 0.948066
1.66315, 0.618174, 1.01314, 0.612948, 0.941133
1.67532, 0.62569, 1.02454, 0.622456, 0.933546
1.68748, 0.633318, 1.03585, 0.631484, 0.925394
1.69965, 0.641053, 1.04705, 0.640046, 0.916754
1.71182, 0.648889, 1.05815, 0.648164, 0.907694
1.72398, 0.656822, 1.06914, 0.65586, 0.898273
1.73615, 0.664846, 1.08001, 0.66316, 0.888542
1.74831, 0.672956, 1.09076, 0.670089, 0.878543
1.76048, 0.681149, 1.10138, 0.676673, 0.868313
1.77264, 0.689419, 1.11188, 0.682934, 0.857883
1.78481, 0.697764, 1.12226, 0.688895, 0.847278
1.79698, 0.70618, 1.1325, 0.694577, 0.836521
1.80914, 0.714663, 1.14261, 0.7, 0.825631
1.82131, 0.723211, 1.15259, 0.705182, 0.814624
1.83347, 0.731821, 1.16243, 0.710138, 0.803514
1.84564, 0.740489, 1.17214, 0.714884, 0.792312
1.8578, 0.749214, 1.18171, 0.719434, 0.78103
1.86997, 0.757993, 1.19114, 0.723801, 0.769675
1.88214, 0.766824, 1.20043, 0.727996, 0.758255
1.8943, 0.775706, 1.20959, 0.73203, 0.746778
1.90647, 0.784635, 1.2186, 0.735913, 0.735249
1.91863, 0.793611, 1.22748, 0.739653, 0.723672
1.9308, 0.802631, 1.23621, 0.74326, 0.712053
1.94296, 0.811695, 1.2448, 0.74674, 0.700396
1.95513, 0.8208, 1.25325, 0.750101, 0.688704
1.9673, 0.829946, 1.26156, 0.75335, 0.67698
1.97946, 0.83913, 1.26973, 0.756492, 0.665227
1.99163, 0.848352, 1.27775, 0.759533, 0.653448
2.00379, 0.85761, 1.28562, 0.762477, 0.641644
2.01596, 0.866904, 1.29336, 0.765331, 0.629817
2.02813, 0.876232, 1.30095, 0.768098, 0.617971
2.04029, 0.885592, 1.30839, 0.770783, 0.606105
2.05246, 0.894986, 1.3157, 0.773389, 0.594221
2.06462, 0.90441, 1.32285, 0.775921, 0.582322
2.07679, 0.913864, 1.32987, 0.77838, 0.570407
2.08895, 0.923349, 1.33673, 0.780771, 0.558479
2.10112, 0.932862, 1.34345, 0.783097, 0.546538
2.11329, 0.942402, 1.35003, 0.78536, 0.534584
2.12545, 0.95197, 1.35646, 0.787563, 0.522619
2.13762, 0.961565, 1.36275, 0.789709, 0.510644
2.14978, 0.971185, 1.36889, 0.791799, 0.49866
2.16195, 0.98083, 1.37488, 0.793836, 0.486666
2.17411, 0.9905, 1.38073, 0.795822, 0.474663
2.18628, 1.00019, 1.38643, 0.797759, 0.462653
2.19845, 1.00991, 1.39198, 0.799649, 0.450635
2.21061, 1.01965, 1.39739, 0.801493, 0.438609
2.22278, 1.02941, 1.40266, 0.803294, 0.426577
2.23494, 1.0392, 1.40777, 0.805052, 0.41454
2.24711, 1.049, 1.41274, 0.806769, 0.402496
2.25927, 1.05883, 1.41757, 0.808447, 0.390446
2.27144, 1.06867, 1.42224, 0.810087, 0.378391
2.28361, 1.07854, 1.42677, 0.81169, 0.366332
2.29577, 1.08842, 1.43116, 0.813258, 0.354267
2.30794, 1.09832, 1.43539, 0.814791, 0.342199
2.3201, 1.10825, 1.43948, 0.81629, 0.330126
2.33227, 1.11818, 1.44342, 0.817758, 0.318049
