3.06081, 0
0, 0, 0, 0.5, 0
0.0159527, 0.00636549, -0.000555794, 0.492767, 0.0140663
0.0319054, 0.0126159, -0.000884716, 0.485535, 0.0281271
0.0478582, 0.0187512, -0.000986914, 0.478304, 0.0421819
0.0638109, 0.0247714, -0.0008622, 0.471073, 0.0562304
0.0797636, 0.0306767, -0.000510637, 0.463843, 0.0702723
0.0957163, 0.0364669, 6.77011e-05, 0.456614, 0.0843071
0.111669, 0.0421423, 0.000872938, 0.449386, 0.0983343
0.127622, 0.0477028, 0.00190505, 0.442159, 0.112353
0.143574, 0.0531484, 0.00316403, 0.434933, 0.126364
0.159527, 0.0584793, 0.00464989, 0.427709, 0.140365
0.17548, 0.0636955, 0.00636265, 0.420485, 0.154357
0.191433, 0.0687971, 0.00830231, 0.413263, 0.168338
0.207385, 0.073784, 0.0104689, 0.406042, 0.182308
0.223338, 0.0786565, 0.0128625, 0.398822, 0.196266
0.239291, 0.0834147, 0.0154829, 0.391605, 0.210211
0.255243, 0.0880585, 0.0183304, 0.384389, 0.224141
0.271196, 0.0925881, 0.0214049, 0.377175, 0.238056
0.287149, 0.0970036, 0.0247064, 0.369963, 0.251955
0.303102, 0.101305, 0.0282349, 0.362753, 0.265836
0.319054, 0.105493, 0.0319905, 0.355546, 0.279698
0.335007, 0.109567, 0.0359733, 0.348341, 0.293538
0.35096, 0.113528, 0.0401831, 0.34114, 0.307355
0.366912, 0.117376, 0.0446201, 0.333941, 0.321146
0.382865, 0.12111, 0.0492843, 0.326747, 0.33491
0.398818, 0.124732, 0.0541758, 0.319556, 0.348643
0.414771, 0.128242, 0.0592945, 0.31237, 0.362341
0.430723, 0.13164, 0.0646405, 0.305189, 0.376002
0.446676, 0.134926, 0.070214, 0.298013, 0.389621
0.462629, 0.1381, 0.076015, 0.290844, 0.403193
0.478582, 0.141165, 0.0820434, 0.283682, 0.416712
0.494534, 0.144119, 0.0882995, 0.276528, 0.430172
0.510487, 0.146964, 0.0947832, 0.269383, 0.443565
0.52644, 0.149701, 0.101495, 0.262249, 0.456881
0.542392, 0.15233, 0.108434, 0.255126, 0.470111
0.558345, 0.154853, 0.115602, 0.248018, 0.48324
0.574298, 0.157272, 0.122997, 0.240926, 0.496254
0.590251, 0.159588, 0.130621, 0.233854, 0.509134
0.606203, 0.161803, 0.138473, 0.226805, 0.521857
0.622156, 0.16392, 0.146553, 0.219783, 0.534395
0.638109, 0.165942, 0.154861, 0.212794, 0.546714
0.654061, 0.167874, 0.163398, 0.205845, 0.558771
0.670014, 0.16972, 0.172164, 0.198946, 0.570513
0.685967, 0.171487, 0.181156, 0.192109, 0.581872
0.70192, 0.173183, 0.190376, 0.185348, 0.592763
0.717872, 0.174817, 0.199821, 0.178685, 0.603077
0.733825, 0.176404, 0.209488, 0.172147, 0.612679
0.749778, 0.17796, 0.219373, 0.16577, 0.621397
0.76573, 0.179503, 0.229469, 0.1596, 0.629021
0.781683, 0.181058, 0.239763, 0.153697, 0.635303
0.797636, 0.182653, 0.250238, 0.148136, 0.639968
0.813589, 0.184313, 0.260864, 0.143002, 0.642739
0.829541, 0.186064, 0.271603, 0.138385, 0.643385
0.845494, 0.187921, 0.282409, 0.134365, 0.641773
0.861447, 0.189892, 0.293224, 0.131004, 0.637905
0.8774, 0.191971, 0.303993, 0.12833, 0.631926
0.893352, 0.194145, 0.314664, 0.126337, 0.624083
0.909305, 0.196398, 0.325192, 0.124996, 0.614671
0.925258, 0.198714, 0.335543, 0.124258, 0.603987
0.94121, 0.20108, 0.345693, 0.124069, 0.592294
0.957163, 0.203487, 0.355622, 0.124375, 0.579814
0.973116, 0.205927, 0.365318, 0.125123, 0.566724
0.989068, 0.208398, 0.374774, 0.126266, 0.553163
1.00502, 0.210898, 0.383983, 0.127762, 0.539238
1.02097, 0.213426, 0.392942, 0.129576, 0.525032
1.03693, 0.215984, 0.401648, 0.131676, 0.510609
1.05288, 0.218573, 0.4101, 0.134033, 0.496016
1.06883, 0.221195, 0.418298, 0.136624, 0.481292
1.08478, 0.223852, 0.42624, 0.139428, 0.466467
1.10074, 0.226547, 0.433928, 0.142427, 0.451562
1.11669, 0.229282, 0.441362, 0.145604, 0.436597
1.13264, 0.232061, 0.448541, 0.148945, 0.421585
1.1486, 0.234884, 0.455467, 0.152437, 0.406538
1.16455, 0.237755, 0.462139, 0.156069, 0.391465
1.1805, 0.240675, 0.468559, 0.159832, 0.376373
1.19645, 0.243647, 0.474726, 0.163715, 0.361267
1.21241, 0.246673, 0.480643, 0.167712, 0.346154
1.22836, 0.249756, 0.486308, 0.171814, 0.331035
1.24431, 0.252896, 0.491724, 0.176015, 0.315915
1.26026, 0.256095, 0.496889, 0.180309, 0.300796
1.27622, 0.259356, 0.501806, 0.18469, 0.285679
1.29217, 0.26268, 0.506473, 0.189154, 0.270567
1.30812, 0.266068, 0.510893, 0.193695, 0.255461
1.32408, 0.269522, 0.515065, 0.19831, 0.240361
1.34003, 0.273043, 0.518991, 0.202994, 0.225269
1.35598, 0.276633, 0.522669, 0.207745, 0.210185
1.37193, 0.280293, 0.526102, 0.212558, 0.195109
1.38789, 0.284024, 0.529288, 0.217431, 0.180043
1.40384, 0.287827, 0.532229, 0.222361, 0.164986
1.41979, 0.291704, 0.534926, 0.227345, 0.149939
1.43574, 0.295655, 0.537378, 0.23238, 0.134901
1.4517, 0.299681, 0.539585, 0.237465, 0.119873
1.46765, 0.303784, 0.541549, 0.242597, 0.104855
1.4836, 0.307963, 0.543269, 0.247774, 0.0898467
1.49956, 0.312221, 0.544747, 0.252995, 0.0748482
1.51551, 0.316558, 0.545981, 0.258257, 0.0598593
1.53146, 0.320975, 0.546973, 0.263558, 0.0448802
1.54741, 0.325472, 0.547723, 0.268898, 0.0299111
1.56337, 0.33005, 0.548231, 0.274275, 0.0149508
1.57932, 0.33471, 0.548497, 0.279687, 1.86265e-07
1.59413, 0.338504, 0.548885, 0.288059, 0.0122018
1.60895, 0.342422, 0.549454, 0.29643, 0.024403
1.62376, 0.346464, 0.550204, 0.304801, 0.0366037
1.63858, 0.350631, 0.551134, 0.313171, 0.0488037
1.65339, 0.354922, 0.552246, 0.321541, 0.061003
1.66821, 0.359336, 0.553539, 0.329909, 0.0732016
1.68302, 0.363876, 0.555012, 0.338278, 0.0853994
1.69784, 0.368539, 0.556667, 0.346645, 0.0975964
1.71265, 0.373327, 0.558502, 0.355011, 0.109792
1.72747, 0.378238, 0.560518, 0.363377, 0.121988
1.74228, 0.383275, 0.562716, 0.371742, 0.134182
1.7571, 0.388435, 0.565094, 0.380106, 0.146375
1.77191, 0.393719, 0.567653, 0.388468, 0.158566
1.78673, 0.399128, 0.570393, 0.39683, 0.170757
1.80154, 0.404661, 0.573314, 0.40519, 0.182945
1.81636, 0.410319, 0.576416, 0.413548, 0.195133
1.83117, 0.4161, 0.579699, 0.421906, 0.207318
1.84599, 0.422006, 0.583163, 0.430261, 0.219502
1.8608, 0.428036, 0.586807, 0.438615, 0.231683
1.87562, 0.434191, 0.590633, 0.446966, 0.243863
1.89043, 0.440469, 0.594639, 0.455315, 0.256039
1.90525, 0.446872, 0.598826, 0.463662, 0.268213
1.92006, 0.4534, 0.603195, 0.472006, 0.280384
1.93488, 0.460051, 0.607744, 0.480346, 0.292551
1.94969, 0.466827, 0.612473, 0.488683, 0.304713
1.96451, 0.473727, 0.617384, 0.497016, 0.316872
1.97932, 0.480752, 0.622476, 0.505344, 0.329025
1.99414, 0.487901, 0.627748, 0.513667, 0.341172
2.00895, 0.495175, 0.633201, 0.521983, 0.353312
2.02377, 0.502573, 0.638835, 0.530293, 0.365444
2.03858, 0.510095, 0.644649, 0.538594, 0.377567
2.0534, 0.517743, 0.650644, 0.546885, 0.389679
2.06821, 0.525514, 0.65682, 0.555165, 0.401778
2.08303, 0.533411, 0.663176, 0.56343, 0.413861
2.09784, 0.541432, 0.669713, 0.571679, 0.425925
2.11266, 0.549578, 0.676429, 0.579906, 0.437965
2.12747, 0.55785, 0.683326, 0.588107, 0.449975
2.14229, 0.566247, 0.690403, 0.596274, 0.461948
2.1571, 0.57477, 0.697659, 0.604397, 0.473872
2.17192, 0.583419, 0.705094, 0.612463, 0.48573
2.18673, 0.592195, 0.712707, 0.620448, 0.497498
2.20155, 0.601099, 0.720497, 0.62832, 0.509139
2.21636, 0.610134, 0.728462, 0.636024, 0.520592
2.23118, 0.619302, 0.736598, 0.643468, 0.531752
2.24599, 0.628608, 0.744899, 0.650484, 0.542427
2.26081, 0.638061, 0.75335, 0.656744, 0.552246
2.27562, 0.647678, 0.761922, 0.6616, 0.560464
2.29044, 0.657475, 0.770548, 0.663891, 0.565738
2.30525, 0.667434, 0.779124, 0.662396, 0.566587
2.32007, 0.677461, 0.787561, 0.657225, 0.563009
2.33488, 0.687442, 0.795833, 0.649723, 0.556446
2.3497, 0.697308, 0.803946, 0.641042, 0.548203
2.36451, 0.707031, 0.811903, 0.6318, 0.539009
2.37933, 0.716599, 0.819708, 0.622294, 0.529237
2.39414, 0.726009, 0.82736, 0.612668, 0.519085
2.40896, 0.73526, 0.834858, 0.602998, 0.508667
2.42377, 0.744353, 0.842201, 0.593323, 0.498051
2.43859, 0.753291, 0.849388, 0.583663, 0.487282
2.4534, 0.762073, 0.856417, 0.574029, 0.47639
2.46822, 0.770703, 0.863287, 0.564429, 0.465398
2.48303, 0.779181, 0.869997, 0.554863, 0.454321
2.49785, 0.787509, 0.876545, 0.545334, 0.443173
2.51266, 0.795687, 0.88293, 0.535841, 0.431961
2.52748, 0.803719, 0.889153, 0.526383, 0.420695
2.54229, 0.811603, 0.89521, 0.516959, 0.409381
2.55711, 0.819342, 0.901103, 0.507568, 0.398023
2.57192, 0.826936, 0.906829, 0.498208, 0.386626
2.58674, 0.834387, 0.912389, 0.488878, 0.375194
2.60155, 0.841694, 0.917782, 0.479576, 0.363729
2.61637, 0.84886, 0.923007, 0.470301, 0.352235
2.63118, 0.855884, 0.928063, 0.461052, 0.340714
2.646, 0.862767, 0.932951, 0.451827, 0.329167
2.66081, 0.869509, 0.93767, 0.442625, 0.317598
2.67563, 0.876112, 0.942219, 0.433445, 0.306007
2.69044, 0.882576, 0.946598, 0.424286, 0.294396
2.70526, 0.888901, 0.950806, 0.415146, 0.282766
2.72007, 0.895088, 0.954844, 0.406026, 0.271118
2.73489, 0.901137, 0.95871, 0.396924, 0.259454
2.7497, 0.907049, 0.962405, 0.387839, 0.247774
2.76452, 0.912824, 0.965929, 0.378771, 0.23608
2.77933, 0.918462, 0.96928, 0.369718, 0.224372
2.79415, 0.923964, 0.972459, 0.36068, 0.21265
2.80896, 0.92933, 0.975466, 0.351657, 0.200916
2.82378, 0.93456, 0.978299, 0.342648, 0.18917
2.83859, 0.939655, 0.98096, 0.333652, 0.177413
2.8534, 0.944615, 0.983448, 0.324669, 0.165645
2.86822, 0.94944, 0.985763, 0.315698, 0.153868
2.88303, 0.95413, 0.987903, 0.306738, 0.14208
2.89785, 0.958687, 0.989871, 0.29779, 0.130283
2.91266, 0.963109, 0.991664, 0.288853, 0.118477
2.92748, 0.967397, 0.993283, 0.279926, 0.106662
2.94229, 0.971551, 0.994728, 0.27101, 0.0948396
2.95711, 0.975573, 0.995999, 0.262103, 0.083009
2.97192, 0.979461, 0.997095, 0.253205, 0.071171
2.98674, 0.983215, 0.998016, 0.244317, 0.0593257
3.00155, 0.986837, 0.998763, 0.235437, 0.0474733
3.01637, 0.990327, 0.999335, 0.226566, 0.0356145
3.03118, 0.993683, 0.999732, 0.217703, 0.0237491
3.046, 0.996908, 0.999954, 0.208848, 0.0118776
3.06081, 1, 1, 0.2, -1.04308e-07
