2.31455, 0
0, 0, 0, 0.5, 0
0.0113009, 0.00491759, 2.84617e-05, 0.498958, 0.0112179
0.0226017, 0.00982427, 0.000184137, 0.497914, 0.0224347
0.0339026, 0.0147197, 0.000466958, 0.496869, 0.0336505
0.0452035, 0.0196039, 0.000876974, 0.495822, 0.0448652
0.0565043, 0.024477, 0.00141404, 0.494774, 0.0560787
0.0678052, 0.0293391, 0.00207835, 0.493724, 0.0672909
0.079106, 0.03419, 0.00286984, 0.492673, 0.078502
0.0904069, 0.0390298, 0.00378847, 0.491619, 0.0897117
0.101708, 0.0438585, 0.00483417, 0.490564, 0.10092
0.113009, 0.0486762, 0.00600716, 0.489507, 0.112127
0.124309, 0.0534826, 0.0073072, 0.488448, 0.123332
0.13561, 0.058278, 0.00873441, 0.487386, 0.134536
0.146911, 0.0630622, 0.0102888, 0.486323, 0.145738
0.158212, 0.0678353, 0.0119703, 0.485257, 0.156939
0.169513, 0.0725974, 0.0137789, 0.484188, 0.168138
0.180814, 0.0773482, 0.0157146, 0.483118, 0.179334
0.192115, 0.0820881, 0.0177775, 0.482044, 0.190529
0.203416, 0.0868167, 0.0199675, 0.480968, 0.201722
0.214716, 0.0915342, 0.0222846, 0.479889, 0.212913
0.226017, 0.0962408, 0.0247288, 0.478807, 0.224101
0.237318, 0.100936, 0.0273001, 0.477721, 0.235287
0.248619, 0.10562, 0.0299986, 0.476633, 0.246471
0.25992, 0.110294, 0.032824, 0.475541, 0.257651
0.271221, 0.114956, 0.0357766, 0.474445, 0.26883
0.282522, 0.119607, 0.0388563, 0.473345, 0.280005
0.293822, 0.124247, 0.042063, 0.472241, 0.291177
0.305123, 0.128875, 0.0453968, 0.471133, 0.302345
0.316424, 0.133493, 0.0488576, 0.47002, 0.313511
0.327725, 0.1381, 0.0524455, 0.468902, 0.324672
0.339026, 0.142695, 0.0561604, 0.46778, 0.33583
0.350327, 0.14728, 0.0600023, 0.466652, 0.346983
0.361628, 0.151853, 0.0639713, 0.465518, 0.358132
0.372928, 0.156415, 0.0680672, 0.464378, 0.369277
0.384229, 0.160967, 0.0722901, 0.463232, 0.380416
0.39553, 0.165507, 0.0766399, 0.462078, 0.39155
0.406831, 0.170036, 0.0811167, 0.460918, 0.402679
0.418132, 0.174554, 0.0857204, 0.459749, 0.413801
0.429433, 0.179061, 0.090451, 0.458573, 0.424916
0.440734, 0.183557, 0.0953085, 0.457387, 0.436025
0.452035, 0.188042, 0.100293, 0.456192, 0.447126
0.463335, 0.192516, 0.105404, 0.454987, 0.458219
0.474636, 0.196979, 0.110642, 0.45377, 0.469303
0.485937, 0.201431, 0.116007, 0.452542, 0.480377
0.497238, 0.205872, 0.121498, 0.451301, 0.491441
0.508539, 0.210302, 0.127116, 0.450046, 0.502494
0.51984, 0.214721, 0.132861, 0.448776, 0.513535
0.531141, 0.219129, 0.138732, 0.44749, 0.524562
0.542441, 0.223526, 0.14473, 0.446187, 0.535575
0.553742, 0.227912, 0.150854, 0.444864, 0.546572
0.565043, 0.232287, 0.157105, 0.44352, 0.557551
0.576344, 0.236652, 0.163482, 0.442153, 0.56851
0.587645, 0.241006, 0.169985, 0.440761, 0.579448
0.598946, 0.245348, 0.176615, 0.439341, 0.590362
0.610247, 0.24968, 0.18337, 0.437891, 0.60125
0.621547, 0.254002, 0.190251, 0.436406, 0.612107
0.632848, 0.258312, 0.197257, 0.434884, 0.622931
0.644149, 0.262612, 0.20439, 0.433319, 0.633717
0.65545, 0.266902, 0.211647, 0.431708, 0.64446
0.666751, 0.271181, 0.219029, 0.430042, 0.655154
0.678052, 0.275449, 0.226536, 0.428318, 0.665791
0.689353, 0.279708, 0.234167, 0.426524, 0.676364
0.700653, 0.283956, 0.241922, 0.424654, 0.686861
0.711954, 0.288194, 0.249801, 0.422694, 0.697271
0.723255, 0.292422, 0.257801, 0.420633, 0.707577
0.734556, 0.296641, 0.265924, 0.418453, 0.71776
0.745857, 0.30085, 0.274167, 0.416136, 0.727797
0.757158, 0.305051, 0.282529, 0.413657, 0.737656
0.768459, 0.309242, 0.291009, 0.41099, 0.7473
0.779759, 0.313426, 0.299604, 0.408099, 0.756678
0.79106, 0.317602, 0.308312, 0.404944, 0.765728
0.802361, 0.32177, 0.317128, 0.401475, 0.774365
0.813662, 0.325932, 0.326048, 0.397635, 0.782482
0.824963, 0.330087, 0.335064, 0.393359, 0.789938
0.836264, 0.334236, 0.344168, 0.388582, 0.796555
0.847565, 0.338379, 0.353348, 0.383243, 0.802119
0.858865, 0.342511, 0.362587, 0.377311, 0.80638
0.870166, 0.34663, 0.371865, 0.370798, 0.809086
0.881467, 0.350727, 0.38116, 0.363795, 0.810034
0.892768, 0.354791, 0.390446, 0.356465, 0.809123
0.904069, 0.358811, 0.399699, 0.349021, 0.806392
0.91537, 0.362775, 0.408896, 0.341677, 0.802008
0.926671, 0.366677, 0.418022, 0.334606, 0.796218
0.937972, 0.370511, 0.427063, 0.327918, 0.789284
0.949272, 0.374277, 0.436008, 0.321668, 0.781449
0.960573, 0.377975, 0.44485, 0.315871, 0.772914
0.971874, 0.381609, 0.453585, 0.310514, 0.763837
0.983175, 0.385182, 0.462208, 0.30557, 0.754342
0.994476, 0.388698, 0.470716, 0.301008, 0.744521
1.00578, 0.39216, 0.479107, 0.296794, 0.734443
1.01708, 0.395573, 0.487379, 0.292895, 0.724162
1.02838, 0.398941, 0.495531, 0.289283, 0.713718
1.03968, 0.402265, 0.503561, 0.285929, 0.703144
1.05098, 0.405549, 0.511469, 0.28281, 0.692461
1.06228, 0.408796, 0.519254, 0.279904, 0.681691
1.07358, 0.412008, 0.526915, 0.277192, 0.670848
1.08488, 0.415188, 0.534451, 0.274656, 0.659943
1.09618, 0.418338, 0.541862, 0.272283, 0.648988
1.10748, 0.421459, 0.549149, 0.270057, 0.637989
1.11879, 0.424554, 0.55631, 0.267969, 0.626953
1.13074, 0.428955, 0.564025, 0.271222, 0.637637
1.1427, 0.433377, 0.571873, 0.274552, 0.648265
1.15466, 0.437821, 0.579852, 0.277963, 0.658833
1.16662, 0.442286, 0.587961, 0.281459, 0.669338
1.17857, 0.446774, 0.5962, 0.285045, 0.679774
1.19053, 0.451285, 0.604568, 0.288725, 0.690137
1.20249, 0.45582, 0.613064, 0.292504, 0.700422
1.21445, 0.460378, 0.621687, 0.296388, 0.710622
1.2264, 0.464961, 0.630437, 0.300382, 0.720732
1.23836, 0.469569, 0.639311, 0.304492, 0.730745
1.25032, 0.474204, 0.64831, 0.308724, 0.740653
1.26228, 0.478864, 0.657432, 0.313085, 0.750448
1.27424, 0.483552, 0.666674, 0.317581, 0.760121
1.28619, 0.488269, 0.676037, 0.322221, 0.769661
1.29815, 0.493014, 0.685518, 0.327012, 0.779058
1.31011, 0.49779, 0.695115, 0.331961, 0.7883
1.32207, 0.502596, 0.704826, 0.337079, 0.797374
1.33402, 0.507435, 0.714649, 0.342372, 0.806265
1.34598, 0.512307, 0.724583, 0.34785, 0.814957
1.35794, 0.517214, 0.734623, 0.353523, 0.823433
1.3699, 0.522157, 0.744768, 0.359399, 0.831673
1.38185, 0.527137, 0.755014, 0.365489, 0.839656
1.39381, 0.532157, 0.765358, 0.3718, 0.84736
1.40577, 0.537217, 0.775795, 0.378342, 0.85476
1.41773, 0.54232, 0.786322, 0.385123, 0.861828
1.42969, 0.547469, 0.796934, 0.392149, 0.868536
1.44164, 0.552664, 0.807626, 0.399427, 0.874854
1.4536, 0.557909, 0.818392, 0.40696, 0.880748
1.46556, 0.563207, 0.829228, 0.414749, 0.886185
1.47752, 0.568559, 0.840125, 0.422795, 0.891129
1.48947, 0.573969, 0.851077, 0.431091, 0.895544
1.50143, 0.57944, 0.862077, 0.439631, 0.899397
1.51339, 0.584976, 0.873117, 0.448401, 0.902652
1.52535, 0.590579, 0.884189, 0.457385, 0.905278
1.5373, 0.596254, 0.895283, 0.46656, 0.907247
1.54926, 0.602004, 0.906391, 0.475902, 0.908534
1.56122, 0.607833, 0.917503, 0.485379, 0.909123
1.57318, 0.613744, 0.928611, 0.494958, 0.909
1.58514, 0.619741, 0.939705, 0.504603, 0.908163
1.59709, 0.625827, 0.950776, 0.514276, 0.906614
1.60905, 0.632004, 0.961815, 0.523939, 0.904364
1.62101, 0.638275, 0.972813, 0.533556, 0.90143
1.63297, 0.644642, 0.983762, 0.543091, 0.897836
1.64492, 0.651106, 0.994655, 0.552513, 0.89361
1.65688, 0.657668, 1.00548, 0.561792, 0.888786
1.66884, 0.664329, 1.01624, 0.570905, 0.883399
1.6808, 0.671089, 1.02692, 0.579832, 0.877484
1.69275, 0.677947, 1.03752, 0.588556, 0.871081
1.70471, 0.684902, 1.04803, 0.597066, 0.864225
1.71667, 0.691953, 1.05845, 0.605352, 0.856953
1.72863, 0.699099, 1.06877, 0.613409, 0.849298
1.74059, 0.706338, 1.07899, 0.621235, 0.841295
1.75254, 0.713667, 1.08911, 0.62883, 0.832973
1.7645, 0.721086, 1.09912, 0.636194, 0.824359
1.77646, 0.728592, 1.10901, 0.643332, 0.815481
1.78842, 0.736182, 1.1188, 0.650247, 0.806362
1.80037, 0.743855, 1.12847, 0.656944, 0.797023
1.81233, 0.751608, 1.13802, 0.66343, 0.787485
1.82429, 0.759439, 1.14745, 0.669711, 0.777765
1.83625, 0.767345, 1.15676, 0.675793, 0.767879
1.8482, 0.775326, 1.16595, 0.681683, 0.757843
1.86016, 0.783377, 1.17502, 0.687388, 0.747668
1.87212, 0.791498, 1.18396, 0.692915, 0.737368
1.88408, 0.799686, 1.19277, 0.698271, 0.726952
1.89604, 0.80794, 1.20145, 0.703462, 0.716431
1.90799, 0.816257, 1.21001, 0.708495, 0.705814
1.91995, 0.824635, 1.21843, 0.713376, 0.695108
1.93191, 0.833073, 1.22673, 0.718111, 0.68432
1.94387, 0.841569, 1.23489, 0.722705, 0.673458
1.95582, 0.850121, 1.24292, 0.727165, 0.662526
1.96778, 0.858728, 1.25082, 0.731495, 0.65153
1.97974, 0.867388, 1.25858, 0.735701, 0.640476
1.9917, 0.8761, 1.26621, 0.739787, 0.629367
2.00365, 0.884862, 1.27371, 0.743759, 0.618208
2.01561, 0.893673, 1.28107, 0.74762, 0.607002
2.02757, 0.902531, 1.28829, 0.751375, 0.595753
2.03953, 0.911435, 1.29538, 0.755028, 0.584463
2.05149, 0.920385, 1.30233, 0.758582, 0.573136
2.06344, 0.929378, 1.30915, 0.762042, 0.561774
2.0754, 0.938413, 1.31583, 0.76541, 0.55038
2.08736, 0.94749, 1.32237, 0.768691, 0.538955
2.09932, 0.956607, 1.32877, 0.771887, 0.527501
2.11127, 0.965764, 1.33504, 0.775001, 0.516021
2.12323, 0.974959, 1.34117, 0.778036, 0.504517
2.13519, 0.984191, 1.34715, 0.780995, 0.492989
2.14715, 0.99346, 1.353, 0.78388, 0.481439
2.1591, 1.00276, 1.35871, 0.786695, 0.469868
2.17106, 1.0121, 1.36429, 0.789441, 0.458279
2.18302, 1.02148, 1.36972, 0.79212, 0.446671
2.19498, 1.03088, 1.37501, 0.794734, 0.435046
2.20693, 1.04032, 1.38016, 0.797287, 0.423405
2.21889, 1.04979, 1.38518, 0.799779, 0.411749
2.23085, 1.05929, 1.39005, 0.802213, 0.400079
2.24281, 1.06882, 1.39478, 0.804591, 0.388395
2.25477, 1.07838, 1.39938, 0.806913, 0.376699
2.26672, 1.08796, 1.40383, 0.809182, 0.364991
2.27868, 1.09758, 1.40814, 0.8114, 0.353271
2.29064, 1.10722, 1.41231, 0.813567, 0.34154
2.3026, 1.11689, 1.41634, 0.815686, 0.329799
2.31455, 1.12659, 1.42023, 0.817758, 0.318049
