4.08668, 0
0, 0, 0, 0.5, 0
0.013504, 0.00632466, 0.000924519, 0.511163, 0.00740712
0.027008, 0.0128016, 0.00194944, 0.522322, 0.0148119
0.040512, 0.0194307, 0.00307468, 0.533475, 0.0222143
0.0540161, 0.026212, 0.00430024, 0.544624, 0.029614
0.0675201, 0.0331456, 0.0056261, 0.555767, 0.0370109
0.0810241, 0.0402314, 0.0070522, 0.566905, 0.0444048
0.0945281, 0.0474696, 0.00857853, 0.578036, 0.0517953
0.108032, 0.05486, 0.010205, 0.58916, 0.0591823
0.121536, 0.0624027, 0.0119317, 0.600277, 0.0665655
0.13504, 0.0700978, 0.0137585, 0.611386, 0.0739445
0.148544, 0.0779453, 0.0156853, 0.622486, 0.0813191
0.162048, 0.0859451, 0.017712, 0.633577, 0.0886887
0.175552, 0.0940974, 0.0198387, 0.644657, 0.0960529
0.189056, 0.102402, 0.0220653, 0.655726, 0.103411
0.20256, 0.110859, 0.0243916, 0.666783, 0.110763
0.216064, 0.119469, 0.0268176, 0.677826, 0.118108
0.229568, 0.128232, 0.0293431, 0.688853, 0.125445
0.243072, 0.137147, 0.0319681, 0.699864, 0.132773
0.256576, 0.146214, 0.0346923, 0.710857, 0.140091
0.27008, 0.155435, 0.0375157, 0.721828, 0.147399
0.283584, 0.164808, 0.040438, 0.732777, 0.154695
0.297088, 0.174335, 0.0434591, 0.743699, 0.161977
0.310592, 0.184014, 0.0465785, 0.754592, 0.169243
0.324096, 0.193847, 0.0497961, 0.765451, 0.176493
0.3376, 0.203833, 0.0531116, 0.776271, 0.183722
0.351104, 0.213973, 0.0565243, 0.787048, 0.190928
0.364608, 0.224266, 0.0600338, 0.797774, 0.198108
0.378112, 0.234714, 0.0636395, 0.808441, 0.205257
0.391616, 0.245315, 0.0673406, 0.819039, 0.21237
0.40512, 0.256072, 0.0711361, 0.829555, 0.219441
0.418624, 0.266983, 0.0750248, 0.839974, 0.226461
0.432128, 0.27805, 0.0790051, 0.850277, 0.23342
0.445632, 0.289274, 0.083075, 0.860438, 0.240306
0.459136, 0.300654, 0.087232, 0.870426, 0.247101
0.47264, 0.312193, 0.0914728, 0.8802, 0.253783
0.486144, 0.323891, 0.0957928, 0.889704, 0.260325
0.499649, 0.335749, 0.100186, 0.898868, 0.266689
0.513153, 0.347769, 0.104645, 0.907594, 0.272822
0.526657, 0.359953, 0.109157, 0.915752, 0.278658
0.540161, 0.372301, 0.113708, 0.923172, 0.284105
0.553665, 0.384814, 0.118278, 0.929629, 0.289043
0.567169, 0.397488, 0.12284, 0.934844, 0.293324
0.580673, 0.410314, 0.127361, 0.938502, 0.296777
0.594177, 0.423275, 0.131806, 0.940303, 0.299236
0.607681, 0.436338, 0.136142, 0.940039, 0.300583
0.621185, 0.449462, 0.140348, 0.937676, 0.300785
0.634689, 0.462599, 0.144415, 0.933362, 0.29991
0.648193, 0.475703, 0.148347, 0.92738, 0.298096
0.661697, 0.488733, 0.152155, 0.920051, 0.295505
0.675201, 0.501661, 0.155851, 0.911677, 0.292293
0.688705, 0.514465, 0.159446, 0.902509, 0.28859
0.702209, 0.52713, 0.16295, 0.892739, 0.284499
0.715713, 0.539647, 0.166368, 0.882515, 0.280098
0.729217, 0.552008, 0.169706, 0.871944, 0.275448
0.742721, 0.564208, 0.172967, 0.861108, 0.270593
0.756225, 0.576246, 0.176153, 0.850067, 0.265567
0.769729, 0.588118, 0.179266, 0.838865, 0.260398
0.783233, 0.599824, 0.182307, 0.827537, 0.255105
0.796737, 0.611362, 0.185276, 0.81611, 0.249705
0.810241, 0.622732, 0.188172, 0.804603, 0.244212
0.823745, 0.633934, 0.190997, 0.793033, 0.238636
0.837249, 0.644968, 0.19375, 0.781412, 0.232985
0.850753, 0.655833, 0.19643, 0.769751, 0.227268
0.864257, 0.666529, 0.199037, 0.758057, 0.22149
0.877761, 0.677058, 0.20157, 0.746336, 0.215657
0.891265, 0.687419, 0.20403, 0.734594, 0.209773
0.904769, 0.697611, 0.206416, 0.722836, 0.203842
0.918273, 0.707637, 0.208726, 0.711065, 0.197868
0.931777, 0.717495, 0.210961, 0.699283, 0.191852
0.945281, 0.727186, 0.21312, 0.687494, 0.1858
0.958785, 0.73671, 0.215203, 0.675698, 0.179711
0.972289, 0.746068, 0.217208, 0.663899, 0.173589
0.985793, 0.75526, 0.219136, 0.652097, 0.167435
0.999297, 0.764286, 0.220987, 0.640294, 0.161252
1.0128, 0.773147, 0.222758, 0.62849, 0.15504
1.02631, 0.781842, 0.224451, 0.616686, 0.148802
1.03981, 0.790372, 0.226065, 0.604884, 0.142537
1.05331, 0.798737, 0.227598, 0.593083, 0.136249
1.06682, 0.806937, 0.229052, 0.581284, 0.129937
1.08032, 0.814973, 0.230425, 0.569488, 0.123603
1.09383, 0.822845, 0.231716, 0.557695, 0.117248
1.10733, 0.830553, 0.232927, 0.545905, 0.110873
1.12083, 0.838098, 0.234056, 0.534119, 0.104478
1.13434, 0.845478, 0.235102, 0.522336, 0.0980637
1.14784, 0.852696, 0.236067, 0.510557, 0.0916316
1.16135, 0.85975, 0.236948, 0.498782, 0.0851821
1.17485, 0.866642, 0.237746, 0.487011, 0.0787159
1.18835, 0.87337, 0.238461, 0.475244, 0.0722335
1.20186, 0.879937, 0.239092, 0.463482, 0.0657356
1.21536, 0.88634, 0.239639, 0.451724, 0.0592224
1.22887, 0.892582, 0.240102, 0.43997, 0.0526948
1.24237, 0.898661, 0.24048, 0.42822, 0.046153
1.25587, 0.904579, 0.240773, 0.416475, 0.0395974
1.26938, 0.910335, 0.240982, 0.404734, 0.0330287
1.28288, 0.915929, 0.241104, 0.392997, 0.0264471
1.29639, 0.921362, 0.241142, 0.381265, 0.0198532
1.30989, 0.926634, 0.241093, 0.369537, 0.0132471
1.32339, 0.931745, 0.240958, 0.357813, 0.00662928
1.3369, 0.936694, 0.240737, 0.346094, 5.21541e-08
1.3644, 0.946081, 0.241092, 0.335804, 0.0255
1.39189, 0.955172, 0.242143, 0.325519, 0.051002
1.41939, 0.963967, 0.243891, 0.315239, 0.0765057
1.44689, 0.972503, 0.246349, 0.304935, 0.102
1.47439, 0.980743, 0.249503, 0.294637, 0.127497
1.50188, 0.988686, 0.253352, 0.284344, 0.152995
1.52938, 0.996397, 0.257923, 0.274003, 0.178475
1.55688, 1.00378, 0.263176, 0.263695, 0.203967
1.58438, 1.01089, 0.269136, 0.253368, 0.229452
1.61188, 1.01773, 0.275802, 0.243022, 0.25493
1.63937, 1.02427, 0.283162, 0.232684, 0.28041
1.66687, 1.03051, 0.291216, 0.222353, 0.305893
1.69437, 1.03647, 0.299975, 0.212006, 0.33137
1.72187, 1.04216, 0.309437, 0.201644, 0.356841
1.74936, 1.04757, 0.319602, 0.191269, 0.382306
1.77686, 1.05267, 0.330459, 0.180903, 0.407775
1.80436, 1.05751, 0.342026, 0.170505, 0.433231
1.83186, 1.06206, 0.354292, 0.160097, 0.458683
1.85936, 1.06631, 0.36725, 0.1497, 0.484139
1.88685, 1.07029, 0.380913, 0.139275, 0.509585
1.91435, 1.07397, 0.395275, 0.128845, 0.535027
1.94185, 1.07738, 0.410338, 0.118392, 0.560461
1.96935, 1.08048, 0.426098, 0.107936, 0.585893
1.99684, 1.08331, 0.442558, 0.0974616, 0.611318
2.02434, 1.08584, 0.459717, 0.086971, 0.636736
2.05184, 1.08809, 0.477574, 0.0764667, 0.662148
2.07934, 1.09005, 0.496135, 0.0659223, 0.687544
2.10684, 1.09172, 0.515391, 0.0553707, 0.712937
2.13433, 1.0931, 0.535344, 0.0448006, 0.738322
2.16183, 1.09418, 0.555991, 0.0342278, 0.763705
2.18933, 1.09499, 0.577345, 0.0235821, 0.789059
2.21683, 1.09548, 0.599387, 0.0129543, 0.81442
2.24432, 1.09569, 0.622132, 0.00225735, 0.839752
2.27182, 1.09561, 0.645573, -0.00846618, 0.865073
2.29932, 1.09522, 0.669706, -0.0192097, 0.890384
2.32682, 1.09455, 0.69454, -0.0300303, 0.915664
2.35432, 1.09357, 0.720062, -0.0408611, 0.940938
2.38181, 1.0923, 0.746285, -0.0517898, 0.966172
2.40931, 1.09072, 0.773198, -0.0627707, 0.991382
2.43681, 1.08885, 0.800807, -0.0738523, 1.01655
2.46431, 1.08666, 0.829104, -0.0849981, 1.04168
2.4918, 1.08417, 0.858094, -0.0962847, 1.06676
2.5193, 1.08137, 0.887771, -0.107708, 1.09177
2.5468, 1.07825, 0.918136, -0.119319, 1.1167
2.5743, 1.0748, 0.949184, -0.13114, 1.14153
2.6018, 1.07103, 0.980912, -0.143301, 1.16619
2.62929, 1.06692, 1.01332, -0.155933, 1.19061
2.65679, 1.06245, 1.04639, -0.169275, 1.21465
2.68429, 1.0576, 1.08011, -0.183874, 1.23795
2.71179, 1.05231, 1.11445, -0.201297, 1.25916
2.73928, 1.04646, 1.14926, -0.225763, 1.26767
2.76678, 1.04005, 1.18382, -0.236493, 1.24377
2.79428, 1.03356, 1.21764, -0.234496, 1.21639
2.82178, 1.02718, 1.25072, -0.229244, 1.18941
2.84928, 1.02096, 1.28306, -0.222606, 1.16272
2.87677, 1.01494, 1.31467, -0.215202, 1.13624
2.90427, 1.00913, 1.34555, -0.207313, 1.1099
2.93177, 1.00354, 1.37571, -0.199089, 1.08366
2.95927, 0.998185, 1.40515, -0.19062, 1.0575
2.98676, 0.993062, 1.43387, -0.181964, 1.0314
3.01426, 0.988179, 1.46187, -0.17316, 1.00535
3.04176, 0.98354, 1.48916, -0.164237, 0.979341
3.06926, 0.979148, 1.51573, -0.155216, 0.953365
3.09676, 0.975005, 1.54159, -0.146112, 0.927419
3.12425, 0.971113, 1.56673, -0.136938, 0.901496
3.15175, 0.967474, 1.59117, -0.127703, 0.875595
3.17925, 0.96409, 1.61489, -0.118416, 0.849714
3.20675, 0.960962, 1.6379, -0.109082, 0.823848
3.23424, 0.958092, 1.66019, -0.0997071, 0.797998
3.26174, 0.955479, 1.68178, -0.0902956, 0.772161
3.28924, 0.953126, 1.70266, -0.0808515, 0.746336
3.31674, 0.951033, 1.72283, -0.0713775, 0.720521
3.34424, 0.949201, 1.74229, -0.0618772, 0.694717
3.37173, 0.94763, 1.76103, -0.0523523, 0.668922
3.39923, 0.946322, 1.77907, -0.0428049, 0.643135
3.42673, 0.945276, 1.7964, -0.033237, 0.617355
3.45423, 0.944494, 1.81303, -0.0236502, 0.591582
3.48172, 0.943976, 1.82894, -0.014046, 0.565817
3.50922, 0.943722, 1.84414, -0.00442544, 0.540056
3.53672, 0.943733, 1.85864, 0.00521007, 0.514302
3.56422, 0.944009, 1.87243, 0.0148595, 0.488553
3.59172, 0.94455, 1.88551, 0.0245222, 0.462809
3.61921, 0.945357, 1.89788, 0.0341972, 0.43707
3.64671, 0.946431, 1.90954, 0.0438837, 0.411334
3.67421, 0.947771, 1.9205, 0.0535811, 0.385603
3.70171, 0.949378, 1.93075, 0.0632885, 0.359876
3.7292, 0.951251, 1.94029, 0.0730056, 0.334153
3.7567, 0.953393, 1.94913, 0.082732, 0.308432
3.7842, 0.955801, 1.95726, 0.0924669, 0.282715
3.8117, 0.958478, 1.96468, 0.10221, 0.257002
3.8392, 0.961423, 1.97139, 0.111961, 0.231291
3.86669, 0.964635, 1.9774, 0.121719, 0.205583
3.89419, 0.968117, 1.9827, 0.131484, 0.179877
3.92169, 0.971866, 1.98729, 0.141256, 0.154174
3.94919, 0.975885, 1.99117, 0.151034, 0.128474
3.97668, 0.980173, 1.99435, 0.160819, 0.102776
4.00418, 0.984729, 1.99683, 0.170609, 0.0770801
4.03168, 0.989555, 1.99859, 0.180405, 0.0513861
4.05918, 0.994651, 1.99965, 0.190206, 0.0256942
4.08668, 1.00002, 2.00001, 0.200012, 4.39584e-06
