2.31364, 0
0, 0, 0, 0.5, 0
0.0112114, 0.00486938, 2.71409e-05, 0.498954, 0.0111268
0.0224228, 0.00972761, 0.000179429, 0.497908, 0.0222524
0.0336342, 0.0145748, 0.000456839, 0.496859, 0.033377
0.0448456, 0.0194109, 0.000859431, 0.495809, 0.0445005
0.056057, 0.0242361, 0.0013872, 0.494758, 0.0556227
0.0672684, 0.02905, 0.00204006, 0.493705, 0.0667438
0.0784799, 0.033853, 0.00281801, 0.49265, 0.0778635
0.0896913, 0.038645, 0.0037212, 0.491593, 0.0889818
0.100903, 0.0434258, 0.00474949, 0.490534, 0.100099
0.112114, 0.0481956, 0.00590295, 0.489474, 0.111214
0.123325, 0.0529544, 0.00718147, 0.488411, 0.122328
0.134537, 0.0577021, 0.00858514, 0.487346, 0.133441
0.145748, 0.0624388, 0.010114, 0.486279, 0.144551
0.15696, 0.0671643, 0.0117679, 0.48521, 0.15566
0.168171, 0.0718789, 0.0135469, 0.484138, 0.166767
0.179383, 0.0765824, 0.015451, 0.483064, 0.177873
0.190594, 0.0812749, 0.0174803, 0.481987, 0.188976
0.201805, 0.0859563, 0.0196346, 0.480907, 0.200077
0.213017, 0.0906267, 0.0219141, 0.479824, 0.211176
0.224228, 0.095286, 0.0243186, 0.478738, 0.222273
0.23544, 0.0999342, 0.0268482, 0.47765, 0.233367
0.246651, 0.104572, 0.0295029, 0.476557, 0.244458
0.257862, 0.109198, 0.0322827, 0.475461, 0.255547
0.269074, 0.113813, 0.0351875, 0.474362, 0.266633
0.280285, 0.118417, 0.0382174, 0.473258, 0.277716
0.291497, 0.12301, 0.0413723, 0.472151, 0.288796
0.302708, 0.127592, 0.0446523, 0.471039, 0.299873
0.313919, 0.132163, 0.0480573, 0.469922, 0.310946
0.325131, 0.136723, 0.0515873, 0.468801, 0.322015
0.336342, 0.141272, 0.0552423, 0.467675, 0.33308
0.347554, 0.145811, 0.0590223, 0.466543, 0.344141
0.358765, 0.150338, 0.0629274, 0.465405, 0.355198
0.369976, 0.154854, 0.0669573, 0.464261, 0.366249
0.381188, 0.159359, 0.0711123, 0.463111, 0.377296
0.392399, 0.163853, 0.0753921, 0.461954, 0.388337
0.403611, 0.168336, 0.0797969, 0.46079, 0.399373
0.414822, 0.172808, 0.0843266, 0.459617, 0.410402
0.426034, 0.177269, 0.0889812, 0.458437, 0.421425
0.437245, 0.181719, 0.0937606, 0.457247, 0.43244
0.448456, 0.186158, 0.0986649, 0.456048, 0.443448
0.459668, 0.190586, 0.103694, 0.454839, 0.454447
0.470879, 0.195004, 0.108848, 0.453619, 0.465438
0.482091, 0.19941, 0.114126, 0.452387, 0.476419
0.493302, 0.203805, 0.11953, 0.451142, 0.487389
0.504513, 0.20819, 0.125058, 0.449884, 0.498348
0.515725, 0.212564, 0.13071, 0.44861, 0.509295
0.526936, 0.216926, 0.136487, 0.447321, 0.520228
0.538148, 0.221278, 0.142389, 0.446014, 0.531146
0.549359, 0.225619, 0.148415, 0.444687, 0.542049
0.56057, 0.22995, 0.154565, 0.44334, 0.552933
0.571782, 0.234269, 0.16084, 0.441971, 0.563798
0.582993, 0.238578, 0.167239, 0.440576, 0.574642
0.594205, 0.242876, 0.173761, 0.439154, 0.585461
0.605416, 0.247163, 0.180408, 0.437701, 0.596253
0.616627, 0.25144, 0.187179, 0.436215, 0.607016
0.627839, 0.255706, 0.194073, 0.434691, 0.617745
0.63905, 0.259961, 0.201091, 0.433126, 0.628436
0.650262, 0.264207, 0.208232, 0.431515, 0.639084
0.661473, 0.268441, 0.215496, 0.429851, 0.649684
0.672684, 0.272666, 0.222882, 0.428129, 0.660227
0.683896, 0.27688, 0.230391, 0.42634, 0.670706
0.695107, 0.281085, 0.238021, 0.424475, 0.681111
0.706319, 0.285279, 0.245773, 0.422523, 0.691429
0.71753, 0.289464, 0.253645, 0.420473, 0.701646
0.728742, 0.293639, 0.261637, 0.418307, 0.711742
0.739953, 0.297805, 0.269748, 0.416009, 0.721695
0.751164, 0.301962, 0.277976, 0.413555, 0.731475
0.762376, 0.306111, 0.28632, 0.41092, 0.741046
0.773587, 0.310252, 0.294778, 0.40807, 0.750361
0.784799, 0.314385, 0.303346, 0.404969, 0.759362
0.79601, 0.318511, 0.312022, 0.401569, 0.767967
0.807221, 0.322631, 0.320801, 0.397817, 0.776078
0.818433, 0.326745, 0.329676, 0.393652, 0.783565
0.829644, 0.330853, 0.338638, 0.389012, 0.790264
0.840856, 0.334955, 0.347677, 0.383838, 0.795973
0.852067, 0.339048, 0.356777, 0.378092, 0.800462
0.863278, 0.34313, 0.365921, 0.371779, 0.803489
0.87449, 0.347192, 0.375086, 0.364965, 0.804844
0.885701, 0.351226, 0.384248, 0.35779, 0.804404
0.896913, 0.355221, 0.393384, 0.350447, 0.802172
0.908124, 0.359164, 0.402471, 0.343143, 0.798277
0.919335, 0.363048, 0.411493, 0.336057, 0.79294
0.930547, 0.366867, 0.420433, 0.329314, 0.786409
0.941758, 0.370619, 0.429283, 0.322981, 0.778926
0.95297, 0.374305, 0.438034, 0.317084, 0.770696
0.964181, 0.377926, 0.446681, 0.31162, 0.761886
0.975393, 0.381486, 0.455219, 0.306567, 0.752624
0.986604, 0.384988, 0.463645, 0.301897, 0.74301
0.997815, 0.388437, 0.471957, 0.297579, 0.733119
1.00903, 0.391835, 0.480152, 0.293581, 0.723008
1.02024, 0.395186, 0.48823, 0.289874, 0.712721
1.03145, 0.398494, 0.496188, 0.286431, 0.702293
1.04266, 0.401761, 0.504027, 0.283227, 0.691748
1.05387, 0.40499, 0.511744, 0.280241, 0.681109
1.06508, 0.408183, 0.51934, 0.277454, 0.67039
1.0763, 0.411344, 0.526814, 0.274848, 0.659606
1.08751, 0.414474, 0.534164, 0.272407, 0.648766
1.09872, 0.417574, 0.541392, 0.270118, 0.63788
1.10993, 0.420648, 0.548497, 0.267969, 0.626954
1.12197, 0.425211, 0.556306, 0.271088, 0.637641
1.134, 0.429792, 0.564248, 0.274283, 0.64827
1.14604, 0.434392, 0.572322, 0.277558, 0.658835
1.15808, 0.439011, 0.580529, 0.280917, 0.669332
1.17012, 0.443649, 0.588867, 0.284365, 0.679756
1.18215, 0.448307, 0.597335, 0.287905, 0.690103
1.19419, 0.452984, 0.605932, 0.291544, 0.700366
1.20623, 0.457682, 0.614659, 0.295286, 0.71054
1.21826, 0.462401, 0.623512, 0.299136, 0.720618
1.2303, 0.467141, 0.632492, 0.303101, 0.730592
1.24234, 0.471903, 0.641597, 0.307187, 0.740456
1.25438, 0.476688, 0.650825, 0.3114, 0.7502
1.26641, 0.481495, 0.660176, 0.315746, 0.759815
1.27845, 0.486326, 0.669647, 0.320234, 0.76929
1.29049, 0.491182, 0.679237, 0.32487, 0.778615
1.30252, 0.496063, 0.688944, 0.329663, 0.787777
1.31456, 0.50097, 0.698766, 0.33462, 0.796763
1.3266, 0.505904, 0.7087, 0.339751, 0.805557
1.33864, 0.510866, 0.718744, 0.345062, 0.814143
1.35067, 0.515858, 0.728896, 0.350565, 0.822505
1.36271, 0.520879, 0.739151, 0.356266, 0.830622
1.37475, 0.525932, 0.749507, 0.362175, 0.838474
1.38678, 0.531018, 0.759961, 0.3683, 0.846038
1.39882, 0.536138, 0.770507, 0.37465, 0.853289
1.41086, 0.541295, 0.781142, 0.381231, 0.860203
1.4229, 0.546489, 0.791861, 0.388051, 0.86675
1.43493, 0.551724, 0.802658, 0.395112, 0.8729
1.44697, 0.557001, 0.813529, 0.402421, 0.878625
1.45901, 0.562323, 0.824466, 0.409976, 0.88389
1.47104, 0.567692, 0.835464, 0.417777, 0.888664
1.48308, 0.573111, 0.846515, 0.425819, 0.892913
1.49512, 0.578584, 0.857611, 0.434094, 0.896607
1.50716, 0.584113, 0.868745, 0.442591, 0.899714
1.51919, 0.589702, 0.879908, 0.451294, 0.902205
1.53123, 0.595355, 0.891092, 0.460184, 0.904057
1.54327, 0.601076, 0.902288, 0.469236, 0.905249
1.5553, 0.606868, 0.913486, 0.478423, 0.905765
1.56734, 0.612734, 0.924677, 0.487716, 0.905597
1.57938, 0.618679, 0.935853, 0.497083, 0.904741
1.59142, 0.624707, 0.947004, 0.506489, 0.903201
1.60345, 0.630819, 0.958122, 0.5159, 0.900987
1.61549, 0.63702, 0.969198, 0.525285, 0.898115
1.62753, 0.643311, 0.980224, 0.534609, 0.894606
1.63956, 0.649695, 0.991192, 0.543845, 0.890488
1.6516, 0.656173, 1.0021, 0.552966, 0.885789
1.66364, 0.662746, 1.01293, 0.561949, 0.880541
1.67568, 0.669414, 1.02369, 0.570773, 0.874777
1.68771, 0.676179, 1.03436, 0.579424, 0.868533
1.69975, 0.683039, 1.04494, 0.587887, 0.861842
1.71179, 0.689994, 1.05544, 0.596153, 0.854737
1.72382, 0.697043, 1.06583, 0.604216, 0.84725
1.73586, 0.704185, 1.07612, 0.612071, 0.839412
1.7479, 0.711418, 1.08631, 0.619717, 0.831253
1.75994, 0.71874, 1.0964, 0.627152, 0.822798
1.77197, 0.726151, 1.10637, 0.634379, 0.814073
1.78401, 0.733648, 1.11623, 0.6414, 0.8051
1.79605, 0.741229, 1.12597, 0.648218, 0.795902
1.80808, 0.748893, 1.1356, 0.654838, 0.786497
1.82012, 0.756636, 1.1451, 0.661264, 0.776903
1.83216, 0.764458, 1.15448, 0.667503, 0.767136
1.8442, 0.772356, 1.16375, 0.673559, 0.75721
1.85623, 0.780328, 1.17288, 0.679439, 0.747139
1.86827, 0.788372, 1.18189, 0.685147, 0.736936
1.88031, 0.796486, 1.19077, 0.69069, 0.72661
1.89234, 0.804669, 1.19953, 0.696074, 0.716172
1.90438, 0.812919, 1.20815, 0.701305, 0.705631
1.91642, 0.821233, 1.21665, 0.706387, 0.694995
1.92846, 0.82961, 1.22501, 0.711327, 0.684272
1.94049, 0.838048, 1.23324, 0.716129, 0.673467
1.95253, 0.846546, 1.24134, 0.720799, 0.662588
1.96457, 0.855102, 1.2493, 0.725342, 0.65164
1.9766, 0.863714, 1.25713, 0.729761, 0.640628
1.98864, 0.872382, 1.26482, 0.734063, 0.629557
2.00068, 0.881103, 1.27238, 0.738251, 0.618431
2.01272, 0.889876, 1.27981, 0.742329, 0.607254
2.02475, 0.8987, 1.28709, 0.746301, 0.596029
2.03679, 0.907574, 1.29424, 0.750172, 0.58476
2.04883, 0.916496, 1.30125, 0.753944, 0.573449
2.06086, 0.925465, 1.30813, 0.757622, 0.5621
2.0729, 0.934479, 1.31486, 0.761208, 0.550715
2.08494, 0.943539, 1.32146, 0.764706, 0.539296
2.09698, 0.952642, 1.32792, 0.768119, 0.527846
2.10901, 0.961788, 1.33424, 0.771449, 0.516366
2.12105, 0.970975, 1.34042, 0.7747, 0.504859
2.13309, 0.980203, 1.34646, 0.777875, 0.493325
2.14512, 0.989471, 1.35236, 0.780975, 0.481767
2.15716, 0.998777, 1.35812, 0.784002, 0.470187
2.1692, 1.00812, 1.36374, 0.786961, 0.458584
2.18124, 1.0175, 1.36921, 0.789852, 0.446961
2.19327, 1.02692, 1.37455, 0.792678, 0.435319
2.20531, 1.03637, 1.37975, 0.795441, 0.423659
2.21735, 1.04586, 1.3848, 0.798142, 0.411982
2.22938, 1.05538, 1.38972, 0.800784, 0.400288
2.24142, 1.06493, 1.39449, 0.803369, 0.388579
2.25346, 1.07452, 1.39912, 0.805897, 0.376856
2.2655, 1.08413, 1.40361, 0.808372, 0.365119
2.27753, 1.09378, 1.40796, 0.810794, 0.35337
2.28957, 1.10346, 1.41216, 0.813164, 0.341608
2.30161, 1.11317, 1.41623, 0.815485, 0.329834
2.31364, 1.1229, 1.42015, 0.817758, 0.318049
