2.49103, 0
0, 0, 0, 0.5, 0
0.0120372, 0.00605667, 9.97364e-05, 0.494692, 0.0108034
0.0240743, 0.0120494, 0.000329556, 0.489385, 0.0216067
0.0361115, 0.0179783, 0.000689369, 0.484077, 0.0324101
0.0481486, 0.0238433, 0.0011793, 0.478769, 0.0432134
0.0601858, 0.0296444, 0.00179923, 0.473461, 0.0540168
0.0722229, 0.0353816, 0.00254922, 0.468154, 0.06482
0.0842601, 0.0410549, 0.0034292, 0.462846, 0.0756234
0.0962972, 0.0466643, 0.0044393, 0.457538, 0.0864266
0.108334, 0.0522098, 0.00557938, 0.452231, 0.09723
0.120372, 0.0576914, 0.00684958, 0.446923, 0.108033
0.132409, 0.0631092, 0.00824976, 0.441615, 0.118837
0.144446, 0.068463, 0.00978005, 0.436308, 0.12964
0.156483, 0.0737529, 0.0114404, 0.431, 0.140443
0.16852, 0.078979, 0.0132307, 0.425692, 0.151246
0.180557, 0.0841412, 0.0151511, 0.420385, 0.162049
0.192594, 0.0892395, 0.0172015, 0.415077, 0.172853
0.204632, 0.0942739, 0.019382, 0.409769, 0.183656
0.216669, 0.0992443, 0.0216925, 0.404462, 0.194459
0.228706, 0.104151, 0.0241331, 0.399154, 0.205262
0.240743, 0.108994, 0.0267037, 0.393847, 0.216065
0.25278, 0.113772, 0.0294043, 0.388539, 0.226868
0.264817, 0.118487, 0.0322351, 0.383231, 0.237671
0.276854, 0.123138, 0.0351958, 0.377924, 0.248474
0.288892, 0.127726, 0.0382866, 0.372616, 0.259277
0.300929, 0.132249, 0.0415074, 0.367309, 0.27008
0.312966, 0.136708, 0.0448583, 0.362001, 0.280883
0.325003, 0.141104, 0.0483392, 0.356694, 0.291686
0.33704, 0.145435, 0.0519502, 0.351386, 0.302489
0.349077, 0.149703, 0.0556912, 0.346079, 0.313292
0.361115, 0.153907, 0.0595623, 0.340771, 0.324095
0.373152, 0.158047, 0.0635634, 0.335464, 0.334898
0.385189, 0.162123, 0.0676946, 0.330157, 0.3457
0.397226, 0.166135, 0.0719558, 0.324849, 0.356503
0.409263, 0.170083, 0.076347, 0.319542, 0.367306
0.4213, 0.173967, 0.0808683, 0.314235, 0.378109
0.433337, 0.177788, 0.0855196, 0.308927, 0.388911
0.445375, 0.181544, 0.090301, 0.30362, 0.399713
0.457412, 0.185237, 0.0952124, 0.298313, 0.410516
0.469449, 0.188866, 0.100254, 0.293006, 0.421318
0.481486, 0.19243, 0.105425, 0.287699, 0.43212
0.493523, 0.195931, 0.110727, 0.282392, 0.442923
0.50556, 0.199368, 0.116159, 0.277085, 0.453725
0.517597, 0.202742, 0.12172, 0.271778, 0.464527
0.529635, 0.206051, 0.127412, 0.266471, 0.475328
0.541672, 0.209296, 0.133234, 0.261164, 0.48613
0.553709, 0.212478, 0.139186, 0.255857, 0.496932
0.565746, 0.215595, 0.145267, 0.250551, 0.507733
0.577783, 0.218649, 0.151479, 0.245244, 0.518534
0.58982, 0.221639, 0.157821, 0.239938, 0.529335
0.601858, 0.224565, 0.164293, 0.234632, 0.540136
0.613895, 0.227427, 0.170895, 0.229325, 0.550936
0.625932, 0.230225, 0.177627, 0.22402, 0.561737
0.637969, 0.232959, 0.184489, 0.218714, 0.572536
0.650006, 0.23563, 0.191481, 0.213408, 0.583336
0.662043, 0.238236, 0.198604, 0.208103, 0.594135
0.67408, 0.240779, 0.205856, 0.202798, 0.604933
0.686118, 0.243257, 0.213238, 0.197494, 0.61573
0.698155, 0.245672, 0.22075, 0.19219, 0.626527
0.710192, 0.248023, 0.228393, 0.186886, 0.637323
0.722229, 0.25031, 0.236165, 0.181584, 0.648118
0.734266, 0.252533, 0.244068, 0.176282, 0.65891
0.746303, 0.254692, 0.2521, 0.170981, 0.669701
0.75834, 0.256788, 0.260263, 0.165682, 0.680489
0.770378, 0.258819, 0.268555, 0.160385, 0.691273
0.782415, 0.260786, 0.276978, 0.155091, 0.702052
0.794452, 0.26269, 0.28553, 0.149801, 0.712824
0.806489, 0.264529, 0.294213, 0.144518, 0.723583
0.818526, 0.266305, 0.303025, 0.139247, 0.734322
0.830563, 0.268016, 0.311968, 0.133996, 0.745025
0.842601, 0.269663, 0.32104, 0.128791, 0.755646
0.854638, 0.271244, 0.330241, 0.123726, 0.766018
0.866675, 0.272754, 0.339566, 0.119445, 0.774993
0.878712, 0.274169, 0.348928, 0.120858, 0.773741
0.890749, 0.2756, 0.358177, 0.126468, 0.764654
0.902786, 0.277109, 0.367304, 0.13243, 0.754616
0.914823, 0.278695, 0.376309, 0.138391, 0.744334
0.926861, 0.280358, 0.385191, 0.144305, 0.733946
0.938898, 0.282096, 0.393948, 0.150171, 0.723491
0.950935, 0.283907, 0.402579, 0.155993, 0.712992
0.962972, 0.285791, 0.411086, 0.161775, 0.70246
0.975009, 0.287746, 0.419466, 0.167523, 0.691903
0.987046, 0.289773, 0.42772, 0.173241, 0.681324
0.999084, 0.29187, 0.435847, 0.178932, 0.670728
1.01112, 0.294036, 0.443847, 0.184601, 0.660118
1.02316, 0.296272, 0.451719, 0.190249, 0.649494
1.03519, 0.298578, 0.459465, 0.195878, 0.63886
1.04723, 0.300951, 0.467082, 0.20149, 0.628215
1.05927, 0.303393, 0.474572, 0.207088, 0.617563
1.07131, 0.305903, 0.481934, 0.212672, 0.606902
1.08334, 0.308482, 0.489168, 0.218244, 0.596234
1.09538, 0.311127, 0.496274, 0.223804, 0.585561
1.10742, 0.313841, 0.503251, 0.229353, 0.574881
1.11946, 0.316621, 0.5101, 0.234894, 0.564197
1.13149, 0.319469, 0.516821, 0.240425, 0.553507
1.14353, 0.322384, 0.523413, 0.245948, 0.542813
1.15557, 0.325365, 0.529877, 0.251464, 0.532115
1.1676, 0.328414, 0.536213, 0.256972, 0.521414
1.17964, 0.331529, 0.542419, 0.262474, 0.510708
1.19168, 0.33471, 0.548497, 0.267969, 0.5
1.20467, 0.340552, 0.555236, 0.270798, 0.51151
1.21767, 0.346412, 0.562136, 0.273659, 0.522961
1.23066, 0.35229, 0.569197, 0.276554, 0.53435
1.24365, 0.358186, 0.576417, 0.279486, 0.545673
1.25665, 0.364098, 0.583797, 0.282457, 0.556924
1.26964, 0.370027, 0.591336, 0.285468, 0.5681
1.28263, 0.375972, 0.599033, 0.288522, 0.579195
1.29563, 0.381931, 0.606888, 0.291621, 0.590204
1.30862, 0.387905, 0.6149, 0.294769, 0.60112
1.32161, 0.393893, 0.623069, 0.297968, 0.611936
1.33461, 0.399894, 0.631392, 0.301221, 0.622646
1.3476, 0.405907, 0.63987, 0.304531, 0.633242
1.36059, 0.41193, 0.648502, 0.307903, 0.643714
1.37359, 0.417965, 0.657285, 0.31134, 0.654054
1.38658, 0.424008, 0.66622, 0.314846, 0.664252
1.39957, 0.430059, 0.675304, 0.318424, 0.674295
1.41257, 0.436117, 0.684536, 0.322081, 0.684172
1.42556, 0.442181, 0.693914, 0.325821, 0.69387
1.43856, 0.448249, 0.703436, 0.329648, 0.703373
1.45155, 0.45432, 0.7131, 0.333568, 0.712667
1.46454, 0.460392, 0.722903, 0.337587, 0.721732
1.47754, 0.466463, 0.732843, 0.341711, 0.730552
1.49053, 0.472533, 0.742917, 0.345945, 0.739105
1.50352, 0.478599, 0.753121, 0.350296, 0.74737
1.51652, 0.484659, 0.76345, 0.354769, 0.755321
1.52951, 0.490712, 0.773902, 0.359371, 0.762934
1.5425, 0.496756, 0.784471, 0.364108, 0.770182
1.5555, 0.502789, 0.795152, 0.368986, 0.777035
1.56849, 0.508809, 0.805938, 0.374009, 0.783462
1.58148, 0.514816, 0.816824, 0.379181, 0.789432
1.59448, 0.520807, 0.827802, 0.384506, 0.794912
1.60747, 0.526781, 0.838863, 0.389986, 0.799869
1.62046, 0.532739, 0.850001, 0.395621, 0.804268
1.63346, 0.53868, 0.861204, 0.40141, 0.808078
1.64645, 0.544603, 0.872463, 0.40735, 0.811268
1.65945, 0.550511, 0.883767, 0.413433, 0.813808
1.67244, 0.556405, 0.895105, 0.419652, 0.815674
1.68543, 0.562287, 0.906465, 0.425996, 0.816845
1.69843, 0.56816, 0.917835, 0.43245, 0.817304
1.71142, 0.574028, 0.929203, 0.438999, 0.817042
1.72441, 0.579896, 0.940556, 0.445624, 0.816055
1.73741, 0.585768, 0.951882, 0.452306, 0.814345
1.7504, 0.59165, 0.963169, 0.459024, 0.811921
1.76339, 0.597548, 0.974406, 0.465757, 0.8088
1.77639, 0.603468, 0.98558, 0.472483, 0.805001
1.78938, 0.609414, 0.996683, 0.479181, 0.80055
1.80237, 0.615394, 1.0077, 0.485832, 0.795476
1.81537, 0.621412, 1.01863, 0.492418, 0.789811
1.82836, 0.627473, 1.02947, 0.498921, 0.78359
1.84136, 0.633581, 1.04019, 0.505329, 0.776847
1.85435, 0.639741, 1.0508, 0.511627, 0.769617
1.86734, 0.645955, 1.0613, 0.517806, 0.761936
1.88034, 0.652227, 1.07167, 0.523858, 0.753837
1.89333, 0.658559, 1.08191, 0.529774, 0.745353
1.90632, 0.664952, 1.09202, 0.535552, 0.736513
1.91932, 0.671408, 1.10199, 0.541186, 0.727348
1.93231, 0.677928, 1.11182, 0.546674, 0.717884
1.9453, 0.684512, 1.1215, 0.552017, 0.708146
1.9583, 0.691161, 1.13105, 0.557213, 0.698158
1.97129, 0.697874, 1.14044, 0.562263, 0.68794
1.98428, 0.704651, 1.14968, 0.567169, 0.677513
1.99728, 0.711491, 1.15878, 0.571932, 0.666894
2.01027, 0.718394, 1.16772, 0.576555, 0.656099
2.02326, 0.725359, 1.1765, 0.58104, 0.645143
2.03626, 0.732385, 1.18513, 0.585392, 0.63404
2.04925, 0.739471, 1.1936, 0.589611, 0.622802
2.06225, 0.746615, 1.20191, 0.593703, 0.611439
2.07524, 0.753817, 1.21006, 0.59767, 0.599963
2.08823, 0.761075, 1.21806, 0.601515, 0.588382
2.10123, 0.768388, 1.22589, 0.605243, 0.576705
2.11422, 0.775755, 1.23356, 0.608856, 0.56494
2.12721, 0.783174, 1.24107, 0.612359, 0.553092
2.14021, 0.790644, 1.24841, 0.615753, 0.54117
2.1532, 0.798164, 1.25559, 0.619043, 0.529177
2.16619, 0.805733, 1.26261, 0.622231, 0.517121
2.17919, 0.813348, 1.26947, 0.625322, 0.505005
2.19218, 0.82101, 1.27616, 0.628317, 0.492833
2.20517, 0.828716, 1.28268, 0.63122, 0.480611
2.21817, 0.836466, 1.28904, 0.634033, 0.468342
2.23116, 0.844258, 1.29524, 0.63676, 0.456028
2.24416, 0.852092, 1.30126, 0.639402, 0.443673
2.25715, 0.859965, 1.30713, 0.641963, 0.43128
2.27014, 0.867877, 1.31282, 0.644446, 0.418852
2.28314, 0.875827, 1.31835, 0.646851, 0.406391
2.29613, 0.883813, 1.32371, 0.649183, 0.393898
2.30912, 0.891835, 1.32891, 0.651442, 0.381378
2.32212, 0.899892, 1.33394, 0.653631, 0.36883
2.33511, 0.907983, 1.3388, 0.655752, 0.356257
2.3481, 0.916106, 1.3435, 0.657807, 0.34366
2.3611, 0.92426, 1.34802, 0.659799, 0.331042
2.37409, 0.932446, 1.35238, 0.661728, 0.318402
2.38708, 0.940661, 1.35657, 0.663597, 0.305744
2.40008, 0.948905, 1.3606, 0.665406, 0.293067
2.41307, 0.957178, 1.36445, 0.667159, 0.280373
2.42606, 0.965478, 1.36814, 0.668857, 0.267663
2.43906, 0.973804, 1.37166, 0.6705, 0.254938
2.45205, 0.982156, 1.37501, 0.672091, 0.242199
2.46505, 0.990533, 1.37819, 0.67363, 0.229447
2.47804, 0.998934, 1.38121, 0.67512, 0.216682
2.49103, 1.00736, 1.38406, 0.676561, 0.203905
