4.15962, 0
0, 0, 0, 0.5, 0
0.0202239, 0.00855073, 0.000478112, 0.502619, 0.0199851
0.0404478, 0.0171551, 0.00136155, 0.505238, 0.0399674
0.0606717, 0.0258132, 0.00265046, 0.507855, 0.0599468
0.0808956, 0.0345249, 0.00434475, 0.510472, 0.079923
0.101119, 0.0432904, 0.00644458, 0.513087, 0.0998959
0.121343, 0.0521096, 0.00894978, 0.515701, 0.119865
0.141567, 0.0609826, 0.0118604, 0.518313, 0.139831
0.161791, 0.0699093, 0.0151764, 0.520924, 0.159792
0.182015, 0.0788898, 0.0188978, 0.523534, 0.179749
0.202239, 0.0879242, 0.0230246, 0.526142, 0.199701
0.222463, 0.0970123, 0.0275568, 0.528748, 0.219648
0.242687, 0.106154, 0.0324944, 0.531352, 0.239589
0.262911, 0.11535, 0.0378373, 0.533954, 0.259525
0.283135, 0.1246, 0.0435855, 0.536553, 0.279454
0.303358, 0.133904, 0.0497392, 0.53915, 0.299376
0.323582, 0.143262, 0.0562981, 0.541745, 0.31929
0.343806, 0.152674, 0.0632624, 0.544336, 0.339196
0.36403, 0.162141, 0.0706319, 0.546925, 0.359092
0.384254, 0.171661, 0.0784067, 0.549509, 0.378978
0.404478, 0.181236, 0.0865867, 0.55209, 0.398854
0.424702, 0.190865, 0.0951719, 0.554666, 0.418716
0.444926, 0.200549, 0.104162, 0.557238, 0.438566
0.46515, 0.210287, 0.113558, 0.559804, 0.4584
0.485373, 0.220081, 0.123359, 0.562365, 0.478216
0.505597, 0.229929, 0.133564, 0.564918, 0.498014
0.525821, 0.239832, 0.144175, 0.567464, 0.517791
0.546045, 0.24979, 0.15519, 0.570002, 0.537543
0.566269, 0.259805, 0.166611, 0.57253, 0.557267
0.586493, 0.269875, 0.178436, 0.575047, 0.57696
0.606717, 0.280001, 0.190666, 0.577551, 0.596616
0.626941, 0.290184, 0.2033, 0.58004, 0.61623
0.647165, 0.300424, 0.216338, 0.582512, 0.635794
0.667389, 0.310723, 0.22978, 0.584964, 0.6553
0.687612, 0.32108, 0.243626, 0.587392, 0.674737
0.707836, 0.331496, 0.257875, 0.589791, 0.694091
0.72806, 0.341974, 0.272527, 0.592155, 0.713344
0.748284, 0.352515, 0.287581, 0.594477, 0.732474
0.768508, 0.36312, 0.303036, 0.596745, 0.75145
0.788732, 0.373794, 0.318891, 0.598947, 0.770233
0.808956, 0.38454, 0.335144, 0.601064, 0.788765
0.82918, 0.395363, 0.351791, 0.603069, 0.806972
0.849404, 0.406271, 0.36883, 0.604926, 0.824742
0.869627, 0.417275, 0.386254, 0.606582, 0.841915
0.889851, 0.428392, 0.404051, 0.607957, 0.858251
0.910075, 0.439644, 0.422206, 0.608936, 0.873392
0.930299, 0.451065, 0.440689, 0.609348, 0.886797
0.950523, 0.462699, 0.459451, 0.608952, 0.897688
0.970747, 0.47459, 0.478409, 0.607466, 0.905086
0.990971, 0.486764, 0.497447, 0.604649, 0.908047
1.01119, 0.499193, 0.516424, 0.60046, 0.906147
1.03142, 0.511788, 0.535213, 0.595121, 0.899765
1.05164, 0.524441, 0.553728, 0.588996, 0.889819
1.07187, 0.537062, 0.571919, 0.582426, 0.877287
1.09209, 0.549589, 0.589761, 0.575654, 0.862951
1.11231, 0.561986, 0.60724, 0.568836, 0.847361
1.13254, 0.574236, 0.624349, 0.56206, 0.830883
1.15276, 0.586329, 0.641084, 0.555375, 0.813764
1.17299, 0.598264, 0.657441, 0.548808, 0.79617
1.19321, 0.610039, 0.673419, 0.542369, 0.778215
1.21343, 0.621658, 0.689014, 0.536063, 0.75998
1.23366, 0.633124, 0.704225, 0.529887, 0.741523
1.25388, 0.644441, 0.719052, 0.523839, 0.722889
1.27411, 0.655611, 0.733492, 0.517912, 0.704108
1.29433, 0.66664, 0.747544, 0.512101, 0.685206
1.31455, 0.67753, 0.761208, 0.506401, 0.666203
1.33478, 0.688284, 0.774482, 0.500804, 0.647113
1.355, 0.698907, 0.787366, 0.495306, 0.627949
1.37522, 0.709401, 0.799859, 0.489901, 0.608721
1.39545, 0.71977, 0.81196, 0.484583, 0.589437
1.41567, 0.730015, 0.823668, 0.479348, 0.570104
1.4359, 0.74014, 0.834983, 0.474191, 0.550727
1.45612, 0.750147, 0.845905, 0.469107, 0.531311
1.47634, 0.760037, 0.856432, 0.464094, 0.51186
1.49657, 0.769815, 0.866565, 0.459147, 0.492379
1.51679, 0.77948, 0.876303, 0.454263, 0.472868
1.53702, 0.789036, 0.885645, 0.449439, 0.453333
1.55724, 0.798483, 0.894592, 0.444671, 0.433773
1.57746, 0.807824, 0.903142, 0.439957, 0.414193
1.59769, 0.817061, 0.911296, 0.435294, 0.394592
1.61791, 0.826194, 0.919053, 0.43068, 0.374973
1.63814, 0.835225, 0.926413, 0.426113, 0.355338
1.65836, 0.844155, 0.933375, 0.421591, 0.335687
1.67858, 0.852987, 0.93994, 0.417111, 0.316022
1.69881, 0.86172, 0.946107, 0.412671, 0.296343
1.71903, 0.870356, 0.951876, 0.408271, 0.276652
1.73925, 0.878896, 0.957247, 0.403908, 0.256949
1.75948, 0.887342, 0.962219, 0.399581, 0.237234
1.7797, 0.895694, 0.966792, 0.395288, 0.21751
1.79993, 0.903953, 0.970967, 0.391029, 0.197775
1.82015, 0.91212, 0.974742, 0.386801, 0.178032
1.84037, 0.920195, 0.978118, 0.382603, 0.15828
1.8606, 0.928181, 0.981095, 0.378436, 0.13852
1.88082, 0.936077, 0.983672, 0.374296, 0.118751
1.90105, 0.943885, 0.98585, 0.370184, 0.0989757
1.92127, 0.951604, 0.987628, 0.366098, 0.0791934
1.94149, 0.959236, 0.989005, 0.362037, 0.0594045
1.96172, 0.966782, 0.989983, 0.358001, 0.0396088
1.98194, 0.974242, 0.99056, 0.353989, 0.0198076
2.00217, 0.981616, 0.990737, 0.35, 2.32831e-07
2.02374, 0.989046, 0.990936, 0.339047, 0.0185873
2.04531, 0.996256, 0.991545, 0.328075, 0.0371638
2.06689, 1.00321, 0.992543, 0.317119, 0.0557494
2.08846, 1.00994, 0.993949, 0.306145, 0.0743247
2.11004, 1.01641, 0.995744, 0.295187, 0.0929089
2.13161, 1.02268, 0.997959, 0.284191, 0.111471
2.15319, 1.02867, 1.00056, 0.273221, 0.130049
2.17476, 1.03447, 1.00357, 0.262216, 0.148606
2.19634, 1.03999, 1.00697, 0.251237, 0.167177
2.21791, 1.04529, 1.01078, 0.240234, 0.185735
2.23949, 1.05036, 1.01498, 0.229228, 0.204291
2.26106, 1.05519, 1.01959, 0.218209, 0.22284
2.28264, 1.05978, 1.0246, 0.207189, 0.241388
2.30421, 1.06413, 1.03001, 0.196159, 0.25993
2.32578, 1.06825, 1.03582, 0.185119, 0.278466
2.34736, 1.07212, 1.04203, 0.174079, 0.297002
2.36893, 1.07575, 1.04863, 0.163039, 0.315537
2.39051, 1.07915, 1.05564, 0.151976, 0.33406
2.41208, 1.08231, 1.06305, 0.140899, 0.352574
2.43366, 1.08523, 1.07085, 0.129819, 0.371086
2.45523, 1.08792, 1.07906, 0.11872, 0.389587
2.47681, 1.09036, 1.08767, 0.107619, 0.408086
2.49838, 1.09255, 1.09667, 0.0965099, 0.42658
2.51996, 1.09452, 1.10607, 0.085381, 0.445063
2.54153, 1.09624, 1.11587, 0.0742411, 0.463539
2.5631, 1.09772, 1.12607, 0.0630858, 0.482006
2.58468, 1.09896, 1.13667, 0.051906, 0.500458
2.60625, 1.09996, 1.14766, 0.0407217, 0.518907
2.62783, 1.10071, 1.15906, 0.0295131, 0.537341
2.6494, 1.10123, 1.17085, 0.018274, 0.555758
2.67098, 1.10151, 1.18304, 0.00701895, 0.574164
2.69255, 1.10154, 1.19563, -0.00426683, 0.592551
2.71413, 1.10132, 1.20861, -0.0155693, 0.610928
2.7357, 1.10086, 1.22199, -0.0269008, 0.629287
2.75728, 1.10016, 1.23576, -0.0382781, 0.647618
2.77885, 1.09921, 1.24993, -0.0496882, 0.665928
2.80043, 1.09801, 1.26449, -0.0611433, 0.684211
2.822, 1.09657, 1.27945, -0.0726448, 0.702464
2.84357, 1.09488, 1.29481, -0.084218, 0.720672
2.86515, 1.09294, 1.31055, -0.095838, 0.73885
2.88672, 1.09074, 1.32669, -0.107536, 0.756978
2.9083, 1.0883, 1.34321, -0.119332, 0.775042
2.92987, 1.08559, 1.36013, -0.131238, 0.793033
2.95145, 1.08263, 1.37743, -0.143291, 0.810928
2.97302, 1.07941, 1.39512, -0.15551, 0.828708
2.9946, 1.07592, 1.41319, -0.167969, 0.846321
3.01617, 1.07216, 1.43163, -0.180727, 0.863719
3.03775, 1.06812, 1.45045, -0.193954, 0.880763
3.05932, 1.06379, 1.46963, -0.207894, 0.897226
3.08089, 1.05914, 1.48916, -0.223083, 0.912529
3.10247, 1.05414, 1.50899, -0.240965, 0.924412
3.12404, 1.04872, 1.52894, -0.260445, 0.920492
3.14562, 1.04304, 1.54858, -0.264111, 0.899656
3.16719, 1.03738, 1.56776, -0.25997, 0.878515
3.18877, 1.03184, 1.58649, -0.253386, 0.857976
3.21034, 1.02645, 1.60478, -0.245668, 0.837829
3.23192, 1.02124, 1.62264, -0.2373, 0.817943
3.25349, 1.01621, 1.64008, -0.228513, 0.798241
3.27507, 1.01138, 1.65709, -0.21943, 0.778671
3.29664, 1.00675, 1.67368, -0.21013, 0.759204
3.31821, 1.00232, 1.68985, -0.200663, 0.739818
3.33979, 0.998091, 1.7056, -0.191063, 0.720497
3.36136, 0.994073, 1.72094, -0.181356, 0.701229
3.38294, 0.990266, 1.73586, -0.17156, 0.682006
3.40451, 0.986671, 1.75036, -0.161689, 0.662823
3.42609, 0.98329, 1.76446, -0.151754, 0.643672
3.44766, 0.980124, 1.77814, -0.141763, 0.624549
3.46924, 0.977173, 1.79141, -0.131725, 0.605453
3.49081, 0.97444, 1.80426, -0.121644, 0.586378
3.51239, 0.971925, 1.81671, -0.111526, 0.567323
3.53396, 0.969628, 1.82874, -0.101375, 0.548286
3.55554, 0.967551, 1.84037, -0.0911929, 0.529266
3.57711, 0.965693, 1.85158, -0.0809836, 0.510259
3.59868, 0.964056, 1.86238, -0.0707502, 0.491266
3.62026, 0.962641, 1.87278, -0.0604941, 0.472285
3.64183, 0.961446, 1.88276, -0.0502174, 0.453316
3.66341, 0.960474, 1.89234, -0.0399217, 0.434356
3.68498, 0.959724, 1.9015, -0.0296085, 0.415406
3.70656, 0.959196, 1.91026, -0.0192798, 0.396465
3.72813, 0.958892, 1.91861, -0.00893548, 0.377531
3.74971, 0.958811, 1.92655, 0.00142244, 0.358606
3.77128, 0.958953, 1.93409, 0.0117933, 0.339688
3.79286, 0.95932, 1.94121, 0.0221764, 0.320776
3.81443, 0.959911, 1.94793, 0.0325708, 0.30187
3.83601, 0.960726, 1.95424, 0.0429759, 0.28297
3.85758, 0.961765, 1.96014, 0.0533909, 0.264077
3.87915, 0.963029, 1.96563, 0.0638154, 0.245188
3.90073, 0.964519, 1.97072, 0.0742489, 0.226304
3.9223, 0.966233, 1.9754, 0.0846907, 0.207424
3.94388, 0.968173, 1.97967, 0.0951405, 0.188549
3.96545, 0.970338, 1.98353, 0.105598, 0.169678
3.98703, 0.97273, 1.98699, 0.116063, 0.150812
4.0086, 0.975346, 1.99004, 0.126534, 0.131949
4.03018, 0.978189, 1.99268, 0.137012, 0.113089
4.05175, 0.981258, 1.99492, 0.147496, 0.0942334
4.07333, 0.984554, 1.99675, 0.157986, 0.0753805
4.0949, 0.988075, 1.99817, 0.168482, 0.0565311
4.11647, 0.991824, 1.99919, 0.178983, 0.0376844
4.13805, 0.995799, 1.9998, 0.189489, 0.0188408
4.15962, 1, 2, 0.2, 1.3411e-07
