38.4787, 0
0, 0, 0, 0.5, 0
0.200934, 0.0802798, 0.000105424, 0.299069, 0.00111401
0.401868, 0.120198, 0.00320861, 0.098137, 0.00193966
0.602802, 0.119723, 0.000987772, -0.102793, 0.00334204
0.803736, 0.0788803, 0.00176473, -0.303724, 0.00445605
1.00467, -0.00233662, 0.00276553, -0.504655, 0.00557006
1.2056, -0.123931, 0.0039902, -0.705585, 0.00668407
1.40654, -0.285879, 0.00792286, -0.906517, 0.00750972
1.60747, -0.488226, 0.00711098, -1.10745, 0.0089121
1.80841, -0.730937, 0.00900714, -1.30838, 0.0100261
2.00934, -1.01401, 0.0134375, -1.50931, 0.0108518
2.21027, -1.33747, 0.0157234, -1.71024, 0.0119658
2.41121, -1.7013, 0.0182332, -1.91117, 0.0130798
2.61214, -2.10551, 0.0209668, -2.1121, 0.0141938
2.81308, -2.55008, 0.0239242, -2.31303, 0.0153078
3.01401, -3.03504, 0.0271055, -2.51396, 0.0164218
3.21494, -3.56038, 0.0285479, -2.71489, 0.0178242
3.41588, -4.12607, 0.0341396, -2.91583, 0.0186498
3.61681, -4.73215, 0.0379924, -3.11676, 0.0197638
3.81775, -5.3786, 0.042069, -3.31769, 0.0208779
4.01868, -6.06543, 0.0446386, -3.51862, 0.0222802
4.21961, -6.79262, 0.0508939, -3.71955, 0.0231059
4.42055, -7.56018, 0.055642, -3.92048, 0.0242199
4.62148, -8.36814, 0.059057, -4.12141, 0.0256223
4.82241, -9.21646, 0.0643108, -4.32234, 0.0267363
5.02335, -10.1051, 0.0712296, -4.52327, 0.0275619
5.22428, -11.0342, 0.0770436, -4.7242, 0.0286404
5.42522, -12.0036, 0.0827406, -4.92513, 0.02979
5.62615, -13.0135, 0.0888318, -5.12607, 0.030904
5.82709, -14.0636, 0.0951469, -5.327, 0.032018
6.02802, -15.1542, 0.101686, -5.52793, 0.033132
6.22895, -16.2852, 0.107355, -5.72886, 0.0345344
6.42989, -17.4565, 0.1144, -5.92979, 0.0356484
6.63082, -18.6681, 0.122798, -6.13072, 0.0364292
6.83175, -19.9202, 0.130193, -6.33165, 0.0375525
7.03269, -21.2126, 0.136876, -6.53258, 0.0389904
7.23362, -22.5454, 0.14562, -6.73351, 0.0398161
7.43456, -23.9186, 0.153726, -6.93444, 0.0409301
7.63549, -25.3322, 0.162056, -7.13537, 0.0420441
7.83642, -26.7861, 0.169979, -7.33631, 0.0434465
8.03736, -28.2804, 0.179386, -7.53724, 0.0442721
8.23829, -29.8151, 0.188451, -7.73817, 0.0453506
8.43923, -31.3901, 0.197648, -7.9391, 0.0464777
8.64016, -33.0055, 0.206663, -8.14003, 0.0479025
8.84109, -34.6613, 0.216787, -8.34096, 0.0486833
9.04203, -36.3575, 0.226688, -8.54189, 0.0497842
9.24296, -38.094, 0.236527, -8.74282, 0.0512446
9.4439, -39.8709, 0.246929, -8.94376, 0.0523586
9.64483, -41.6882, 0.257555, -9.14469, 0.0534726
9.84576, -43.5459, 0.268405, -9.34561, 0.0545866
10.0467, -45.4433, 0.27946, -9.49579, 0.0547642
10.2476, -47.3311, 0.290342, -9.29471, 0.0535786
10.4486, -49.1785, 0.300994, -9.09373, 0.0524437
10.6495, -50.9856, 0.311418, -8.89281, 0.0513173
10.8504, -52.7523, 0.321617, -8.69188, 0.0501943
11.0514, -54.4786, 0.33159, -8.49096, 0.0490733
11.2523, -56.1645, 0.341338, -8.29002, 0.0479536
11.4532, -57.8101, 0.350861, -8.08909, 0.0468347
11.6542, -59.4153, 0.360159, -7.88817, 0.0457164
11.8551, -60.9801, 0.369233, -7.68724, 0.0445987
12.056, -62.5045, 0.378082, -7.4863, 0.0434813
12.257, -63.9886, 0.386707, -7.28537, 0.0423642
12.4579, -65.4323, 0.395107, -7.08444, 0.0412474
12.6588, -66.8356, 0.403283, -6.88351, 0.0401309
12.8598, -68.1985, 0.411234, -6.68258, 0.0390145
13.0607, -69.5211, 0.418962, -6.48165, 0.0378982
13.2616, -70.8033, 0.426464, -6.28071, 0.0367821
13.4626, -72.0451, 0.433743, -6.07979, 0.0356662
13.6635, -73.2466, 0.440798, -5.87886, 0.0345504
13.8644, -74.4076, 0.447628, -5.67792, 0.0334346
14.0654, -75.5284, 0.454234, -5.477, 0.032319
14.2663, -76.6087, 0.460616, -5.27606, 0.0312034
14.4672, -77.6486, 0.466773, -5.07513, 0.0300879
14.6682, -78.6482, 0.472707, -4.8742, 0.0289724
14.8691, -79.6074, 0.478417, -4.67327, 0.0278571
15.07, -80.5262, 0.483902, -4.47234, 0.0267417
15.271, -81.4047, 0.489163, -4.27141, 0.0256265
15.4719, -82.2428, 0.4942, -4.07048, 0.0245112
15.6728, -83.0405, 0.499014, -3.86955, 0.023396
15.8738, -83.7978, 0.503603, -3.66862, 0.0222809
16.0747, -84.5148, 0.507967, -3.46769, 0.0211658
16.2757, -85.1914, 0.512108, -3.26676, 0.0200507
16.4766, -85.8276, 0.516025, -3.06582, 0.0189357
16.6775, -86.4234, 0.519718, -2.86489, 0.0178207
16.8785, -86.9789, 0.523187, -2.66396, 0.0167057
17.0794, -87.494, 0.526432, -2.46303, 0.0155908
17.2803, -87.9687, 0.529452, -2.2621, 0.0144758
17.4813, -88.4031, 0.532249, -2.06117, 0.013361
17.6822, -88.797, 0.534822, -1.86024, 0.0122461
17.8831, -89.1507, 0.53717, -1.65931, 0.0111312
18.0841, -89.4639, 0.539295, -1.45838, 0.0100164
18.285, -89.7367, 0.541195, -1.25745, 0.00890158
18.4859, -89.9692, 0.542872, -1.05652, 0.00778681
18.6869, -90.1613, 0.544325, -0.855585, 0.00667203
18.8878, -90.313, 0.545553, -0.654658, 0.0055573
19.0887, -90.4244, 0.546558, -0.453724, 0.00444254
19.2897, -90.4954, 0.547339, -0.252795, 0.00332783
19.4906, -90.526, 0.547895, -0.0518596, 0.0022131
19.6915, -90.5162, 0.548228, 0.149069, 0.00109842
19.8925, -90.4661, 0.548337, 0.35, -1.62522e-05
20.0783, -90.3838, 0.548593, 0.535859, 0.000971641
20.2642, -90.2669, 0.548869, 0.721719, 0.00194328
20.45, -90.1155, 0.549326, 0.907578, 0.00291493
20.6359, -89.9295, 0.549964, 1.09344, 0.00388657
20.8218, -89.709, 0.550782, 1.2793, 0.00485821
21.0076, -89.454, 0.55178, 1.46516, 0.00582985
21.1935, -89.1644, 0.55296, 1.65102, 0.00680149
21.3794, -88.8402, 0.55432, 1.83688, 0.00777314
21.5652, -88.4816, 0.55586, 2.02273, 0.00874478
21.7511, -88.0883, 0.55311, 2.20859, 0.010324
21.9369, -87.6606, 0.559483, 2.39445, 0.0106881
22.1228, -87.1983, 0.561565, 2.58031, 0.0116597
22.3087, -86.7014, 0.563828, 2.76617, 0.0126313
22.4945, -86.17, 0.566271, 2.95203, 0.013603
22.6804, -85.6041, 0.568895, 3.13789, 0.0145746
22.8663, -85.0036, 0.5717, 3.32375, 0.0155463
23.0521, -84.3686, 0.574685, 3.50961, 0.0165179
23.238, -83.699, 0.577851, 3.69547, 0.0174896
23.4238, -82.9949, 0.581197, 3.88133, 0.0184612
23.6097, -82.2562, 0.584724, 4.06719, 0.0194328
23.7956, -81.483, 0.588432, 4.25305, 0.0204045
23.9814, -80.6752, 0.589204, 4.4389, 0.0219837
24.1673, -79.8329, 0.593386, 4.62476, 0.0229553
24.3531, -78.9561, 0.600638, 4.81063, 0.0233194
24.539, -78.0447, 0.602291, 4.99648, 0.0248986
24.7249, -77.0988, 0.607014, 5.18234, 0.0258703
24.9107, -76.1183, 0.61447, 5.36821, 0.0262343
25.0966, -75.1033, 0.619442, 5.55406, 0.027206
25.2825, -74.0537, 0.624594, 5.73992, 0.0281776
25.4683, -72.9696, 0.627714, 5.92578, 0.0297568
25.6542, -71.851, 0.63544, 6.11164, 0.0301209
25.84, -70.6978, 0.641134, 6.2975, 0.0310926
26.0259, -69.51, 0.645072, 6.48336, 0.0326921
26.2118, -68.2878, 0.653064, 6.66922, 0.0330358
26.3976, -67.0309, 0.6593, 6.85508, 0.0340075
26.5835, -65.7396, 0.665717, 7.04094, 0.0349791
26.7694, -64.4137, 0.672314, 7.2268, 0.0359508
26.9552, -63.0532, 0.677782, 7.41265, 0.03753
27.1411, -61.6582, 0.686049, 7.59852, 0.0378941
27.3269, -60.2286, 0.692068, 7.78437, 0.0394936
27.5128, -58.7646, 0.700508, 7.97024, 0.0398373
27.6987, -57.2659, 0.708008, 8.1561, 0.040809
27.8845, -55.7327, 0.714879, 8.34195, 0.0424408
28.0704, -54.165, 0.723549, 8.52782, 0.0427523
28.2563, -52.5628, 0.731591, 8.71368, 0.0437239
28.4421, -50.9259, 0.739367, 8.89953, 0.0453641
28.628, -49.2546, 0.748217, 9.0854, 0.0456672
28.8138, -47.5487, 0.7568, 9.27126, 0.0466389
28.9997, -45.8082, 0.765482, 9.45705, 0.0483526
29.1856, -44.0389, 0.774548, 9.49295, 0.0487728
29.3714, -42.2918, 0.783527, 9.30711, 0.0478378
29.5573, -40.5792, 0.79233, 9.12125, 0.0468819
29.7431, -38.9012, 0.800954, 8.9354, 0.0459206
29.929, -37.2577, 0.809399, 8.74954, 0.0449565
30.1149, -35.6488, 0.817665, 8.56366, 0.0439908
30.3007, -34.0744, 0.825752, 8.37781, 0.0430242
30.4866, -32.5345, 0.833658, 8.19195, 0.0420568
30.6725, -31.0292, 0.841385, 8.0061, 0.0410889
30.8583, -29.5585, 0.848932, 7.82024, 0.0401205
31.0442, -28.1223, 0.856299, 7.63437, 0.0391518
31.23, -26.7206, 0.863486, 7.44851, 0.0381829
31.4159, -25.3535, 0.870492, 7.26266, 0.0372137
31.6018, -24.0209, 0.877319, 7.0768, 0.0362443
31.7876, -22.7228, 0.883965, 6.89094, 0.0352748
31.9735, -21.4594, 0.890431, 6.70508, 0.0343051
32.1594, -20.2304, 0.896717, 6.51922, 0.0333354
32.3452, -19.036, 0.902823, 6.33336, 0.0323654
32.5311, -17.8762, 0.908748, 6.1475, 0.0313954
32.7169, -16.7508, 0.914493, 5.96164, 0.0304254
32.9028, -15.6601, 0.920058, 5.77578, 0.0294552
33.0887, -14.6038, 0.925442, 5.58992, 0.028485
33.2745, -13.5822, 0.930647, 5.40406, 0.0275146
33.4604, -12.595, 0.93567, 5.2182, 0.0265443
33.6462, -11.6424, 0.940514, 5.03234, 0.0255739
33.8321, -10.7244, 0.945177, 4.84648, 0.0246034
34.018, -9.84089, 0.949659, 4.66062, 0.0236329
34.2038, -8.99192, 0.953962, 4.47476, 0.0226623
34.3897, -8.17751, 0.958084, 4.2889, 0.0216918
34.5756, -7.39763, 0.962025, 4.10305, 0.0207211
34.7614, -6.65231, 0.965786, 3.91719, 0.0197505
34.9473, -5.94152, 0.969367, 3.73133, 0.0187798
35.1331, -5.26529, 0.972767, 3.54547, 0.0178091
35.319, -4.62359, 0.975987, 3.35961, 0.0168383
35.5049, -4.01643, 0.979026, 3.17375, 0.0158675
35.6907, -3.44383, 0.981885, 2.98789, 0.0148967
35.8766, -2.90577, 0.984564, 2.80203, 0.0139259
36.0625, -2.40224, 0.987062, 2.61617, 0.0129551
36.2483, -1.93327, 0.989379, 2.43031, 0.0119842
36.4342, -1.49885, 0.991517, 2.24445, 0.0110133
36.62, -1.09895, 0.993473, 2.05859, 0.0100424
36.8059, -0.733612, 0.99525, 1.87273, 0.00907148
36.9918, -0.402809, 0.996845, 1.68687, 0.00810052
37.1776, -0.10656, 0.998261, 1.50101, 0.00712957
37.3635, 0.155159, 0.999496, 1.31515, 0.0061586
37.5493, 0.382324, 1.00055, 1.12929, 0.00518761
37.7352, 0.574944, 1.00142, 0.943436, 0.00421661
37.9211, 0.732994, 1.00212, 0.757574, 0.00324558
38.1069, 0.856529, 1.00263, 0.571715, 0.00227456
38.2928, 0.945541, 1.00296, 0.385857, 0.00130352
38.4787, 0.999977, 1.00311, 0.199997, 0.000332465
