2.42578, 0
0, 0, 0, 0.5, 0
0.0115676, 0.00626473, 0.00036412, 0.494395, 0.0100964
0.0231353, 0.0124644, 0.000845113, 0.488791, 0.0201925
0.0347029, 0.0185989, 0.00144308, 0.483187, 0.0302882
0.0462706, 0.0246683, 0.00215788, 0.477584, 0.0403837
0.0578382, 0.0306726, 0.00298959, 0.471981, 0.0504788
0.0694058, 0.0366119, 0.0039382, 0.466379, 0.0605736
0.0809735, 0.0424861, 0.0050037, 0.460778, 0.0706679
0.0925411, 0.0482952, 0.00618611, 0.455177, 0.080762
0.104109, 0.0540392, 0.00748547, 0.449577, 0.0908556
0.115676, 0.059718, 0.00890163, 0.443978, 0.100949
0.127244, 0.0653319, 0.0104348, 0.43838, 0.111041
0.138812, 0.0708805, 0.0120848, 0.432782, 0.121134
0.150379, 0.0763641, 0.0138516, 0.427185, 0.131226
0.161947, 0.0817826, 0.0157354, 0.421589, 0.141317
0.173515, 0.087136, 0.0177361, 0.415994, 0.151408
0.185082, 0.0924243, 0.0198537, 0.4104, 0.161498
0.19665, 0.0976476, 0.0220881, 0.404807, 0.171588
0.208218, 0.102806, 0.0244394, 0.399215, 0.181677
0.219785, 0.107899, 0.0269077, 0.393625, 0.191765
0.231353, 0.112927, 0.0294928, 0.388035, 0.201853
0.24292, 0.117889, 0.0321947, 0.382446, 0.21194
0.254488, 0.122787, 0.0350135, 0.376859, 0.222026
0.266056, 0.12762, 0.0379493, 0.371273, 0.232112
0.277623, 0.132387, 0.0410019, 0.365689, 0.242197
0.289191, 0.137089, 0.0441713, 0.360106, 0.25228
0.300759, 0.141727, 0.0474577, 0.354525, 0.262363
0.312326, 0.146299, 0.0508608, 0.348946, 0.272445
0.323894, 0.150806, 0.0543809, 0.343368, 0.282526
0.335462, 0.155247, 0.0580177, 0.337792, 0.292606
0.347029, 0.159624, 0.0617715, 0.332218, 0.302685
0.358597, 0.163936, 0.0656421, 0.326647, 0.312762
0.370165, 0.168182, 0.0696295, 0.321077, 0.322838
0.381732, 0.172363, 0.0737337, 0.31551, 0.332913
0.3933, 0.17648, 0.0779548, 0.309946, 0.342986
0.404867, 0.18053, 0.0822927, 0.304385, 0.353058
0.416435, 0.184516, 0.0867474, 0.298826, 0.363128
0.428003, 0.188437, 0.0913189, 0.293271, 0.373196
0.43957, 0.192292, 0.0960072, 0.287719, 0.383262
0.451138, 0.196083, 0.100812, 0.28217, 0.393325
0.462706, 0.199808, 0.105734, 0.276626, 0.403387
0.474273, 0.203468, 0.110773, 0.271086, 0.413446
0.485841, 0.207062, 0.115928, 0.265551, 0.423503
0.497409, 0.210592, 0.1212, 0.26002, 0.433556
0.508976, 0.214056, 0.126589, 0.254495, 0.443606
0.520544, 0.217455, 0.132095, 0.248976, 0.453653
0.532111, 0.220789, 0.137717, 0.243464, 0.463696
0.543679, 0.224057, 0.143456, 0.237958, 0.473735
0.555247, 0.22726, 0.149311, 0.23246, 0.48377
0.566814, 0.230398, 0.155283, 0.226971, 0.493799
0.578382, 0.233471, 0.161372, 0.221491, 0.503823
0.58995, 0.236478, 0.167577, 0.216021, 0.51384
0.601517, 0.239419, 0.173899, 0.210563, 0.523851
0.613085, 0.242295, 0.180337, 0.205118, 0.533854
0.624653, 0.245106, 0.186892, 0.199687, 0.543849
0.63622, 0.247851, 0.193563, 0.194272, 0.553834
0.647788, 0.250531, 0.20035, 0.188876, 0.563808
0.659356, 0.253145, 0.207253, 0.1835, 0.573769
0.670923, 0.255693, 0.214272, 0.178147, 0.583716
0.682491, 0.258175, 0.221407, 0.172822, 0.593647
0.694058, 0.260592, 0.228658, 0.167528, 0.603559
0.705626, 0.262942, 0.236024, 0.162269, 0.613448
0.717194, 0.265226, 0.243506, 0.157054, 0.623311
0.728761, 0.267444, 0.251102, 0.151888, 0.633143
0.740329, 0.269594, 0.258814, 0.146782, 0.642938
0.751897, 0.271678, 0.266639, 0.141747, 0.652687
0.763464, 0.273695, 0.274578, 0.136798, 0.662381
0.775032, 0.275643, 0.282629, 0.131956, 0.672007
0.7866, 0.277524, 0.290792, 0.127246, 0.681546
0.798167, 0.279335, 0.299065, 0.122704, 0.690974
0.809735, 0.281075, 0.307446, 0.118376, 0.700258
0.821302, 0.282745, 0.315932, 0.114326, 0.709351
0.83287, 0.284341, 0.324519, 0.110644, 0.718185
0.844438, 0.285863, 0.333201, 0.107455, 0.726664
0.856005, 0.287307, 0.34197, 0.104934, 0.734644
0.867573, 0.288674, 0.350811, 0.103317, 0.741918
0.879141, 0.289963, 0.359707, 0.1029, 0.748206
0.890708, 0.291183, 0.368633, 0.104, 0.753157
0.902276, 0.29235, 0.37756, 0.106844, 0.756424
0.913844, 0.293496, 0.386462, 0.111438, 0.757794
0.925411, 0.294658, 0.395317, 0.117526, 0.757279
0.936979, 0.295873, 0.404113, 0.124701, 0.755097
0.948547, 0.297166, 0.412844, 0.132561, 0.751551
0.960114, 0.298555, 0.421507, 0.140801, 0.746939
0.971682, 0.300048, 0.430096, 0.149215, 0.741501
0.983249, 0.301648, 0.43861, 0.157678, 0.735424
0.994817, 0.303356, 0.447044, 0.166117, 0.728845
1.00638, 0.305171, 0.455397, 0.174491, 0.721866
1.01795, 0.307092, 0.463665, 0.182778, 0.714563
1.02952, 0.309117, 0.471846, 0.190969, 0.706994
1.04109, 0.311244, 0.479938, 0.199061, 0.699203
1.05266, 0.313471, 0.487939, 0.207055, 0.691224
1.06422, 0.315797, 0.495847, 0.214954, 0.683084
1.07579, 0.31822, 0.503661, 0.222761, 0.674807
1.08736, 0.320738, 0.511379, 0.230484, 0.666409
1.09893, 0.32335, 0.519001, 0.238124, 0.657905
1.11049, 0.326054, 0.526524, 0.245689, 0.649307
1.12206, 0.32885, 0.533949, 0.253181, 0.640626
1.13363, 0.331735, 0.541273, 0.260606, 0.631871
1.1452, 0.33471, 0.548497, 0.267969, 0.623047
1.158, 0.338396, 0.556542, 0.272782, 0.634807
1.17081, 0.342138, 0.564739, 0.277664, 0.646535
1.18361, 0.345939, 0.573086, 0.282619, 0.65823
1.19642, 0.349799, 0.581584, 0.287651, 0.669889
1.20923, 0.353719, 0.590232, 0.292763, 0.68151
1.22203, 0.357699, 0.599029, 0.297958, 0.693089
1.23484, 0.361742, 0.607975, 0.303242, 0.704626
1.24764, 0.365848, 0.61707, 0.308617, 0.716115
1.26045, 0.370019, 0.626312, 0.314091, 0.727554
1.27325, 0.374255, 0.635701, 0.319666, 0.73894
1.28606, 0.378558, 0.645237, 0.325349, 0.750267
1.29887, 0.382929, 0.654918, 0.331145, 0.761532
1.31167, 0.387371, 0.664744, 0.337062, 0.772729
1.32448, 0.391883, 0.674714, 0.343105, 0.783853
1.33728, 0.396468, 0.684827, 0.349282, 0.794897
1.35009, 0.401128, 0.695081, 0.355602, 0.805853
1.3629, 0.405865, 0.705477, 0.362072, 0.816715
1.3757, 0.41068, 0.716011, 0.368703, 0.827473
1.38851, 0.415575, 0.726684, 0.375503, 0.838117
1.40131, 0.420553, 0.737493, 0.382484, 0.848635
1.41412, 0.425616, 0.748436, 0.389657, 0.859014
1.42693, 0.430767, 0.759513, 0.397035, 0.86924
1.43973, 0.436008, 0.77072, 0.40463, 0.879295
1.45254, 0.441341, 0.782056, 0.412458, 0.889159
1.46534, 0.446771, 0.793517, 0.420534, 0.898811
1.47815, 0.4523, 0.805102, 0.428873, 0.908224
1.49095, 0.457932, 0.816806, 0.437492, 0.917368
1.50376, 0.46367, 0.828626, 0.446408, 0.926209
1.51657, 0.469518, 0.840558, 0.455638, 0.934707
1.52937, 0.475481, 0.852597, 0.465198, 0.942817
1.54218, 0.481562, 0.864738, 0.475104, 0.950485
1.55498, 0.487766, 0.876974, 0.485367, 0.957652
1.56779, 0.494098, 0.889299, 0.495996, 0.964248
1.5806, 0.500562, 0.901705, 0.506991, 0.970199
1.5934, 0.507163, 0.914183, 0.518345, 0.97542
1.60621, 0.513907, 0.926722, 0.530038, 0.979822
1.61901, 0.520796, 0.939312, 0.542034, 0.983315
1.63182, 0.527836, 0.95194, 0.554282, 0.985807
1.64462, 0.535028, 0.964593, 0.56671, 0.987219
1.65743, 0.542376, 0.977256, 0.579228, 0.987486
1.67024, 0.54988, 0.989914, 0.591733, 0.986568
1.68304, 0.55754, 1.00255, 0.604113, 0.984451
1.69585, 0.565353, 1.01515, 0.616256, 0.981156
1.70865, 0.573318, 1.02771, 0.628062, 0.976731
1.72146, 0.58143, 1.04019, 0.639443, 0.971251
1.73427, 0.589683, 1.0526, 0.650335, 0.964807
1.74707, 0.59807, 1.06492, 0.660694, 0.9575
1.75988, 0.606586, 1.07714, 0.670496, 0.949431
1.77268, 0.615224, 1.08925, 0.679736, 0.9407
1.78549, 0.623976, 1.10125, 0.688421, 0.931397
1.7983, 0.632836, 1.11312, 0.696569, 0.921605
1.8111, 0.641797, 1.12487, 0.704202, 0.911393
1.82391, 0.650852, 1.13648, 0.711348, 0.900826
1.83671, 0.659996, 1.14795, 0.718038, 0.889954
1.84952, 0.669223, 1.15928, 0.724299, 0.878824
1.86232, 0.678528, 1.17047, 0.730161, 0.867473
1.87513, 0.687906, 1.18151, 0.735652, 0.855933
1.88794, 0.697352, 1.1924, 0.740798, 0.844232
1.90074, 0.706863, 1.20313, 0.745623, 0.832391
1.91355, 0.716433, 1.21372, 0.75015, 0.820431
1.92635, 0.72606, 1.22415, 0.7544, 0.808367
1.93916, 0.735739, 1.23443, 0.758392, 0.796214
1.95197, 0.745469, 1.24455, 0.762144, 0.783983
1.96477, 0.755245, 1.25452, 0.765672, 0.771683
1.97758, 0.765065, 1.26432, 0.76899, 0.759325
1.99038, 0.774927, 1.27397, 0.772112, 0.746914
2.00319, 0.784828, 1.28346, 0.775052, 0.734458
2.01599, 0.794765, 1.29278, 0.777819, 0.721962
2.0288, 0.804737, 1.30195, 0.780424, 0.70943
2.04161, 0.814741, 1.31096, 0.782878, 0.696867
2.05441, 0.824776, 1.3198, 0.785188, 0.684277
2.06722, 0.83484, 1.32849, 0.787364, 0.671662
2.08002, 0.844931, 1.33701, 0.789412, 0.659025
2.09283, 0.855048, 1.34537, 0.791339, 0.646369
2.10564, 0.865189, 1.35357, 0.793152, 0.633696
2.11844, 0.875352, 1.3616, 0.794858, 0.621008
2.13125, 0.885537, 1.36947, 0.79646, 0.608306
2.14405, 0.895741, 1.37718, 0.797965, 0.595592
2.15686, 0.905965, 1.38473, 0.799377, 0.582866
2.16966, 0.916206, 1.39211, 0.800701, 0.570132
2.18247, 0.926463, 1.39934, 0.801941, 0.557388
2.19528, 0.936736, 1.40639, 0.803101, 0.544637
2.20808, 0.947024, 1.41329, 0.804183, 0.531879
2.22089, 0.957325, 1.42002, 0.805193, 0.519115
2.23369, 0.967638, 1.42658, 0.806132, 0.506345
2.2465, 0.977963, 1.43299, 0.807004, 0.493571
2.25931, 0.988299, 1.43923, 0.807812, 0.480792
2.27211, 0.998645, 1.4453, 0.808558, 0.468009
2.28492, 1.009, 1.45122, 0.809244, 0.455223
2.29772, 1.01936, 1.45697, 0.809874, 0.442434
2.31053, 1.02974, 1.46255, 0.810449, 0.429642
2.32333, 1.04011, 1.46797, 0.810971, 0.416848
2.33614, 1.0505, 1.47323, 0.811443, 0.404052
2.34895, 1.06089, 1.47832, 0.811866, 0.391254
2.36175, 1.07129, 1.48325, 0.812241, 0.378455
2.37456, 1.08169, 1.48802, 0.812572, 0.365654
2.38736, 1.09209, 1.49262, 0.812858, 0.352852
2.40017, 1.1025, 1.49705, 0.813102, 0.340049
2.41298, 1.11291, 1.50133, 0.813305, 0.327246
2.42578, 1.12332, 1.50544, 0.813469, 0.314442
