2.43142, 0
0, 0, 0, 0.5, 0
0.0113882, 0.00619657, 0.000377314, 0.494477, 0.00993417
0.0227764, 0.0123299, 0.000867837, 0.488955, 0.0198683
0.0341646, 0.0183998, 0.00147149, 0.483433, 0.0298021
0.0455528, 0.0244065, 0.00218832, 0.477913, 0.0397359
0.056941, 0.0303499, 0.0030183, 0.472394, 0.0496695
0.0683292, 0.03623, 0.00396148, 0.466875, 0.0596028
0.0797174, 0.0420468, 0.00501777, 0.461358, 0.0695361
0.0911056, 0.0478003, 0.00618728, 0.455842, 0.0794691
0.102494, 0.0534904, 0.00746988, 0.450327, 0.089402
0.113882, 0.0591172, 0.0088657, 0.444813, 0.0993347
0.12527, 0.0646809, 0.0103746, 0.4393, 0.109267
0.136658, 0.070181, 0.0119968, 0.433789, 0.119199
0.148047, 0.075618, 0.013732, 0.428279, 0.129131
0.159435, 0.0809916, 0.0155804, 0.42277, 0.139063
0.170823, 0.0863019, 0.017542, 0.417263, 0.148995
0.182211, 0.0915489, 0.0196167, 0.411758, 0.158926
0.193599, 0.0967328, 0.0218046, 0.406254, 0.168857
0.204988, 0.101853, 0.0241056, 0.400751, 0.178787
0.216376, 0.10691, 0.0265197, 0.395251, 0.188718
0.227764, 0.111904, 0.029047, 0.389752, 0.198648
0.239152, 0.116834, 0.0316875, 0.384256, 0.208578
0.250541, 0.121702, 0.034441, 0.378761, 0.218507
0.261929, 0.126505, 0.0373077, 0.373268, 0.228436
0.273317, 0.131246, 0.0402875, 0.367778, 0.238365
0.284705, 0.135923, 0.0433805, 0.36229, 0.248293
0.296093, 0.140537, 0.0465865, 0.356805, 0.258221
0.307482, 0.145088, 0.0499057, 0.351322, 0.268148
0.31887, 0.149575, 0.053338, 0.345842, 0.278075
0.330258, 0.153999, 0.0568834, 0.340365, 0.288001
0.341646, 0.15836, 0.0605419, 0.334891, 0.297927
0.353034, 0.162657, 0.0643135, 0.32942, 0.307852
0.364423, 0.166891, 0.0681982, 0.323953, 0.317776
0.375811, 0.171062, 0.072196, 0.318489, 0.3277
0.387199, 0.175169, 0.0763068, 0.31303, 0.337623
0.398587, 0.179213, 0.0805307, 0.307574, 0.347545
0.409975, 0.183194, 0.0848677, 0.302123, 0.357467
0.421364, 0.187111, 0.0893177, 0.296677, 0.367387
0.432752, 0.190966, 0.0938808, 0.291235, 0.377307
0.44414, 0.194756, 0.0985569, 0.285799, 0.387226
0.455528, 0.198484, 0.103346, 0.280369, 0.397143
0.466916, 0.202148, 0.108248, 0.274945, 0.40706
0.478305, 0.205749, 0.113263, 0.269527, 0.416975
0.489693, 0.209286, 0.118391, 0.264117, 0.426888
0.501081, 0.21276, 0.123632, 0.258714, 0.436801
0.512469, 0.216171, 0.128987, 0.253319, 0.446711
0.523857, 0.219518, 0.134453, 0.247933, 0.45662
0.535246, 0.222803, 0.140033, 0.242557, 0.466527
0.546634, 0.226023, 0.145726, 0.237192, 0.476431
0.558022, 0.229181, 0.151532, 0.231838, 0.486334
0.56941, 0.232275, 0.15745, 0.226496, 0.496234
0.580799, 0.235305, 0.163481, 0.221169, 0.50613
0.592187, 0.238273, 0.169625, 0.215856, 0.516024
0.603575, 0.241177, 0.175882, 0.210559, 0.525914
0.614963, 0.244017, 0.182251, 0.205281, 0.5358
0.626351, 0.246794, 0.188733, 0.200023, 0.545682
0.637739, 0.249508, 0.195327, 0.194786, 0.555559
0.649128, 0.252158, 0.202034, 0.189576, 0.56543
0.660516, 0.254745, 0.208853, 0.184392, 0.575294
0.671904, 0.257269, 0.215784, 0.17924, 0.585152
0.683292, 0.259729, 0.222828, 0.174124, 0.595
0.694681, 0.262126, 0.229983, 0.169048, 0.604839
0.706069, 0.264459, 0.23725, 0.164017, 0.614667
0.717457, 0.266728, 0.244629, 0.159039, 0.624481
0.728845, 0.268934, 0.252119, 0.154121, 0.634279
0.740233, 0.271077, 0.25972, 0.149274, 0.644059
0.751622, 0.273156, 0.267432, 0.144509, 0.653816
0.76301, 0.275172, 0.275253, 0.139841, 0.663545
0.774398, 0.277123, 0.283185, 0.135288, 0.67324
0.785786, 0.279011, 0.291225, 0.130873, 0.682893
0.797174, 0.280836, 0.299373, 0.126627, 0.692493
0.808563, 0.282597, 0.307627, 0.122585, 0.702024
0.819951, 0.284294, 0.315986, 0.118798, 0.711467
0.831339, 0.285928, 0.324448, 0.115328, 0.720793
0.842727, 0.287498, 0.333009, 0.112263, 0.729961
0.854115, 0.289007, 0.341666, 0.109712, 0.738912
0.865504, 0.290454, 0.350412, 0.107826, 0.74756
0.876892, 0.291842, 0.359239, 0.106798, 0.75578
0.88828, 0.293177, 0.368136, 0.106862, 0.763392
0.899668, 0.294466, 0.377088, 0.108286, 0.770151
0.911056, 0.295725, 0.386076, 0.111299, 0.775753
0.922445, 0.296976, 0.395081, 0.11601, 0.779891
0.933833, 0.298248, 0.404083, 0.122319, 0.782343
0.945221, 0.299573, 0.413066, 0.129917, 0.783057
0.956609, 0.300976, 0.422018, 0.138402, 0.782152
0.967997, 0.302476, 0.43093, 0.147404, 0.779851
0.979386, 0.304082, 0.439793, 0.156643, 0.776401
0.990774, 0.3058, 0.448602, 0.165937, 0.77203
1.00216, 0.307631, 0.45735, 0.175178, 0.76692
1.01355, 0.309574, 0.466032, 0.184307, 0.761218
1.02494, 0.311627, 0.474645, 0.193298, 0.755037
1.03633, 0.313788, 0.483183, 0.202137, 0.748464
1.04771, 0.316055, 0.491644, 0.210826, 0.741565
1.0591, 0.318425, 0.500025, 0.219367, 0.734395
1.07049, 0.320897, 0.508322, 0.227768, 0.726994
1.08188, 0.323468, 0.516535, 0.236038, 0.719395
1.09327, 0.326137, 0.52466, 0.244184, 0.711627
1.10466, 0.328901, 0.532697, 0.252216, 0.703709
1.11604, 0.331759, 0.540643, 0.260142, 0.695662
1.12743, 0.33471, 0.548497, 0.267969, 0.687499
1.14047, 0.341188, 0.557451, 0.274552, 0.696341
1.15351, 0.347716, 0.566541, 0.281177, 0.705082
1.16655, 0.354296, 0.575765, 0.287847, 0.713717
1.17959, 0.360927, 0.585123, 0.29456, 0.722242
1.19263, 0.367608, 0.594613, 0.301319, 0.730653
1.20567, 0.374339, 0.604235, 0.308125, 0.738945
1.21871, 0.381119, 0.613987, 0.314978, 0.747113
1.23175, 0.387949, 0.623867, 0.32188, 0.755152
1.24479, 0.394828, 0.633875, 0.328833, 0.763056
1.25783, 0.401755, 0.644008, 0.335835, 0.77082
1.27087, 0.40873, 0.654266, 0.34289, 0.778437
1.28391, 0.415752, 0.664646, 0.349998, 0.785902
1.29695, 0.422821, 0.675146, 0.357159, 0.793208
1.30999, 0.429937, 0.685766, 0.364375, 0.800348
1.32303, 0.437098, 0.696501, 0.371647, 0.807315
1.33607, 0.444305, 0.707352, 0.378974, 0.814102
1.34911, 0.451558, 0.718315, 0.386358, 0.8207
1.36215, 0.458854, 0.729388, 0.3938, 0.827103
1.37519, 0.466194, 0.740568, 0.4013, 0.833303
1.38823, 0.473578, 0.751853, 0.408857, 0.83929
1.40127, 0.481005, 0.763241, 0.416473, 0.845055
1.41431, 0.488474, 0.774727, 0.424147, 0.850591
1.42735, 0.495985, 0.786309, 0.431878, 0.855887
1.44039, 0.503537, 0.797984, 0.439667, 0.860935
1.45343, 0.511131, 0.809747, 0.447513, 0.865724
1.46647, 0.518765, 0.821596, 0.455414, 0.870245
1.47951, 0.526438, 0.833527, 0.463369, 0.874488
1.49255, 0.534152, 0.845535, 0.471377, 0.878443
1.50559, 0.541905, 0.857616, 0.479436, 0.8821
1.51863, 0.549697, 0.869767, 0.487543, 0.885448
1.53167, 0.557528, 0.881981, 0.495695, 0.888479
1.54471, 0.565398, 0.894254, 0.50389, 0.891182
1.55775, 0.573306, 0.906581, 0.512124, 0.893547
1.57079, 0.581253, 0.918957, 0.520393, 0.895566
1.58383, 0.589238, 0.931377, 0.528691, 0.897228
1.59687, 0.597262, 0.943834, 0.537016, 0.898527
1.60991, 0.605326, 0.956322, 0.54536, 0.899454
1.62295, 0.613428, 0.968837, 0.553718, 0.900002
1.63599, 0.62157, 0.98137, 0.562084, 0.900164
1.64903, 0.629753, 0.993917, 0.570451, 0.899935
1.66207, 0.637976, 1.00647, 0.578812, 0.899309
1.67511, 0.646241, 1.01902, 0.58716, 0.898284
1.68815, 0.654548, 1.03157, 0.595486, 0.896857
1.70119, 0.662898, 1.0441, 0.603783, 0.895025
1.71423, 0.671293, 1.05662, 0.612043, 0.892788
1.72727, 0.679732, 1.06911, 0.620257, 0.890148
1.74031, 0.688218, 1.08156, 0.628418, 0.887105
1.75335, 0.696751, 1.09397, 0.636516, 0.883663
1.76639, 0.705333, 1.10634, 0.644543, 0.879825
1.77943, 0.713964, 1.11865, 0.652492, 0.875598
1.79247, 0.722646, 1.13091, 0.660354, 0.870987
1.80551, 0.73138, 1.14309, 0.668122, 0.865999
1.81855, 0.740167, 1.15521, 0.675789, 0.860642
1.83159, 0.749008, 1.16725, 0.683348, 0.854926
1.84463, 0.757904, 1.1792, 0.690792, 0.84886
1.85767, 0.766856, 1.19107, 0.698115, 0.842453
1.87071, 0.775864, 1.20284, 0.705313, 0.835718
1.88375, 0.78493, 1.21452, 0.71238, 0.828664
1.89679, 0.794053, 1.22608, 0.719311, 0.821304
1.90983, 0.803236, 1.23755, 0.726104, 0.813649
1.92287, 0.812477, 1.24889, 0.732754, 0.805711
1.93591, 0.821777, 1.26013, 0.739259, 0.797501
1.94895, 0.831137, 1.27124, 0.745617, 0.789032
1.96199, 0.840556, 1.28222, 0.751825, 0.780315
1.97503, 0.850035, 1.29308, 0.757883, 0.771361
1.98807, 0.859573, 1.30381, 0.76379, 0.762182
2.00111, 0.869169, 1.31441, 0.769545, 0.752789
2.01415, 0.878825, 1.32486, 0.775147, 0.743193
2.02719, 0.888538, 1.33518, 0.780599, 0.733404
2.04023, 0.898309, 1.34536, 0.785898, 0.723432
2.05327, 0.908137, 1.35539, 0.791048, 0.713287
2.0663, 0.918021, 1.36528, 0.796048, 0.702979
2.07934, 0.927961, 1.37502, 0.800901, 0.692515
2.09238, 0.937955, 1.38461, 0.805607, 0.681905
2.10542, 0.948003, 1.39405, 0.810169, 0.671156
2.11846, 0.958104, 1.40333, 0.814588, 0.660277
2.1315, 0.968256, 1.41246, 0.818867, 0.649276
2.14454, 0.978459, 1.42144, 0.823007, 0.638158
2.15758, 0.988712, 1.43026, 0.827011, 0.62693
2.17062, 0.999014, 1.43892, 0.830881, 0.6156
2.18366, 1.00936, 1.44742, 0.834619, 0.604172
2.1967, 1.01976, 1.45576, 0.838228, 0.592653
2.20974, 1.0302, 1.46393, 0.841711, 0.581047
2.22278, 1.04068, 1.47195, 0.845069, 0.56936
2.23582, 1.05121, 1.4798, 0.848305, 0.557598
2.24886, 1.06178, 1.48749, 0.851421, 0.545763
2.2619, 1.07239, 1.49502, 0.854421, 0.53386
2.27494, 1.08304, 1.50238, 0.857306, 0.521894
2.28798, 1.09372, 1.50958, 0.860079, 0.509867
2.30102, 1.10445, 1.51661, 0.862743, 0.497785
2.31406, 1.11521, 1.52347, 0.865299, 0.485649
2.3271, 1.126, 1.53017, 0.86775, 0.473463
2.34014, 1.13683, 1.53669, 0.870098, 0.46123
2.35318, 1.14769, 1.54306, 0.872346, 0.448953
2.36622, 1.15858, 1.54925, 0.874496, 0.436634
2.37926, 1.1695, 1.55527, 0.87655, 0.424277
2.3923, 1.18045, 1.56113, 0.87851, 0.411882
2.40534, 1.19142, 1.56682, 0.880378, 0.399453
2.41838, 1.20243, 1.57233, 0.882156, 0.386991
2.43142, 1.21346, 1.57768, 0.883847, 0.374498
