31.6945, 0
0, 0, 0, 0.5, 0
0.166568, 0.0694099, 0.000104036, 0.333437, 0.00134382
0.333137, 0.111082, 0.00043186, 0.166874, 0.00268764
0.499705, 0.125003, 0.000983574, 0.000310957, 0.00403146
0.666274, 0.111183, 0.00175911, -0.166252, 0.00537528
0.832842, 0.0696179, 0.00275848, -0.332815, 0.0067191
0.99941, 0.000313014, 0.00398166, -0.499378, 0.00806292
1.16598, -0.0967424, 0.00542873, -0.665941, 0.00940674
1.33255, -0.221538, 0.0070996, -0.832504, 0.0107506
1.49912, -0.37408, 0.00899433, -0.999067, 0.0120944
1.66568, -0.554366, 0.0111129, -1.16563, 0.0134382
1.83225, -0.762394, 0.0134553, -1.33219, 0.014782
1.99882, -0.99817, 0.0160216, -1.49876, 0.0161258
2.16539, -1.26169, 0.0188116, -1.66532, 0.0174697
2.33196, -1.55295, 0.0218255, -1.83188, 0.0188135
2.49853, -1.87195, 0.0250633, -1.99844, 0.0201573
2.66509, -2.2187, 0.0285248, -2.16501, 0.0215011
2.83166, -2.5932, 0.0322103, -2.33157, 0.0228449
2.99823, -2.99543, 0.0361195, -2.49813, 0.0241888
3.1648, -3.42542, 0.0402527, -2.6647, 0.0255326
3.33137, -3.88314, 0.0446096, -2.83126, 0.0268764
3.49794, -4.36861, 0.0491904, -2.99782, 0.0282202
3.66451, -4.88183, 0.053995, -3.16439, 0.029564
3.83107, -5.42278, 0.0590234, -3.33095, 0.0309079
3.99764, -5.99149, 0.0642757, -3.49751, 0.0322517
4.16421, -6.58794, 0.0697519, -3.66407, 0.0335955
4.33078, -7.21213, 0.0754518, -3.83064, 0.0349393
4.49735, -7.86407, 0.0813756, -3.9972, 0.0362831
4.66392, -8.54374, 0.0875233, -4.16376, 0.037627
4.83048, -9.25117, 0.0938947, -4.33033, 0.0389708
4.99705, -9.98634, 0.10049, -4.49689, 0.0403146
5.16362, -10.7492, 0.107309, -4.66345, 0.0416584
5.33019, -11.5399, 0.114352, -4.83002, 0.0430022
5.49676, -12.3583, 0.121619, -4.99658, 0.0443461
5.66333, -13.2044, 0.132329, -5.16315, 0.044478
5.82989, -14.0783, 0.136824, -5.32971, 0.0470337
5.99646, -14.98, 0.144763, -5.49627, 0.0483775
6.16303, -15.9093, 0.152925, -5.66283, 0.0497213
6.3296, -16.8665, 0.161311, -5.82939, 0.0510652
6.49617, -17.8513, 0.169921, -5.99596, 0.052409
6.66274, -18.8639, 0.178754, -6.16252, 0.0537528
6.82931, -19.9043, 0.187812, -6.32909, 0.0550966
6.99587, -20.9724, 0.197093, -6.49565, 0.0564405
7.16244, -22.0682, 0.206598, -6.66221, 0.0577843
7.32901, -23.1918, 0.217529, -6.82878, 0.0579162
7.49558, -24.3431, 0.22628, -6.99534, 0.0604719
7.66215, -25.5222, 0.236457, -7.1619, 0.0618158
7.82871, -26.729, 0.247469, -7.32847, 0.0619148
7.99528, -27.9636, 0.257482, -7.49502, 0.0645034
8.16185, -29.2259, 0.26833, -7.66163, 0.0658475
8.32842, -30.5159, 0.279389, -7.81137, 0.0653496
8.49499, -31.8032, 0.290145, -7.64502, 0.0638636
8.66156, -33.0627, 0.300668, -7.47846, 0.062488
8.82813, -34.2945, 0.310963, -7.31191, 0.0611254
8.99469, -35.4986, 0.321031, -7.14534, 0.0597681
9.16126, -36.6749, 0.330874, -6.97878, 0.0584139
9.32783, -37.8235, 0.340491, -6.81222, 0.0570615
9.4944, -38.9443, 0.349883, -6.64566, 0.0557104
9.66097, -40.0374, 0.35905, -6.47909, 0.0543603
9.82754, -41.1027, 0.367992, -6.31253, 0.0530109
9.99411, -42.1403, 0.37671, -6.14596, 0.0516621
10.1607, -43.1502, 0.385203, -5.9794, 0.0503138
10.3272, -44.1323, 0.393471, -5.81284, 0.0489659
10.4938, -45.0867, 0.401515, -5.64628, 0.0476183
10.6604, -46.0133, 0.409335, -5.47971, 0.0462709
10.8269, -46.9121, 0.41693, -5.31315, 0.0449239
10.9935, -47.7833, 0.424301, -5.14659, 0.043577
11.1601, -48.6267, 0.431447, -4.98002, 0.0422303
11.3267, -49.4423, 0.438369, -4.81346, 0.0408838
11.4932, -50.2302, 0.445067, -4.6469, 0.0395374
11.6598, -50.9904, 0.45154, -4.48033, 0.0381911
11.8264, -51.7228, 0.45779, -4.31377, 0.036845
11.9929, -52.4274, 0.463815, -4.14721, 0.035499
12.1595, -53.1044, 0.469616, -3.98065, 0.0341531
12.3261, -53.7535, 0.475193, -3.81408, 0.0328072
12.4926, -54.375, 0.480545, -3.64752, 0.0314615
12.6592, -54.9687, 0.485674, -3.48096, 0.0301158
12.8258, -55.5346, 0.490578, -3.31439, 0.0287702
12.9923, -56.0728, 0.495258, -3.14783, 0.0274247
13.1589, -56.5833, 0.499714, -2.98127, 0.0260792
13.3255, -57.066, 0.503946, -2.81471, 0.0247338
13.492, -57.5209, 0.507954, -2.64814, 0.0233884
13.6586, -57.9482, 0.511738, -2.48158, 0.0220431
13.8252, -58.3477, 0.515297, -2.31502, 0.0206978
13.9917, -58.7194, 0.518633, -2.14845, 0.0193526
14.1583, -59.0634, 0.521744, -1.98189, 0.0180073
14.3249, -59.3796, 0.524632, -1.81533, 0.0166622
14.4915, -59.6681, 0.527295, -1.64876, 0.0153171
14.658, -59.9289, 0.529734, -1.4822, 0.013972
14.8246, -60.1619, 0.53195, -1.31564, 0.0126269
14.9912, -60.3672, 0.533941, -1.14908, 0.0112819
15.1577, -60.5447, 0.535708, -0.982513, 0.00993695
15.3243, -60.6945, 0.537251, -0.815951, 0.00859199
15.4909, -60.8165, 0.53857, -0.649388, 0.00724706
15.6574, -60.9108, 0.539665, -0.482823, 0.00590213
15.824, -60.9774, 0.540536, -0.316259, 0.00455724
15.9906, -61.0162, 0.541184, -0.149697, 0.00321239
16.1571, -61.0272, 0.541607, 0.0168652, 0.00186755
16.3237, -61.0106, 0.541806, 0.183427, 0.000522746
16.4903, -60.9662, 0.541781, 0.349991, -0.000822056
16.6423, -60.9013, 0.548594, 0.502038, 0.00118775
16.7944, -60.8134, 0.548872, 0.654076, 0.00237549
16.9464, -60.7024, 0.549331, 0.806114, 0.00356324
17.0984, -60.5683, 0.54997, 0.958152, 0.00475099
17.2505, -60.411, 0.55079, 1.11019, 0.00593873
17.4025, -60.2307, 0.55179, 1.26223, 0.00712648
17.5546, -60.0272, 0.552971, 1.41426, 0.00831422
17.7066, -59.8006, 0.554333, 1.5663, 0.00950197
17.8587, -59.5509, 0.555875, 1.71834, 0.0106897
18.0107, -59.2781, 0.557598, 1.87038, 0.0118775
18.1627, -58.9822, 0.559501, 2.02242, 0.0130652
18.3148, -58.6631, 0.561585, 2.17445, 0.014253
18.4668, -58.321, 0.563849, 2.32649, 0.0154407
18.6189, -57.9557, 0.563869, 2.47853, 0.0170778
18.7709, -57.5673, 0.56892, 2.63057, 0.0178162
18.923, -57.1558, 0.571726, 2.78261, 0.0190039
19.075, -56.7211, 0.574713, 2.93464, 0.0201917
19.227, -56.2634, 0.57788, 3.08668, 0.0213794
19.3791, -55.7825, 0.581228, 3.23872, 0.0225672
19.5311, -55.2785, 0.584757, 3.39076, 0.0237549
19.6832, -54.7514, 0.588466, 3.54279, 0.0249427
19.8352, -54.2012, 0.590477, 3.69483, 0.0265797
19.9872, -53.6279, 0.594615, 3.84687, 0.0277675
20.1393, -53.0314, 0.600677, 3.99891, 0.0285059
20.2913, -52.4119, 0.605108, 4.15095, 0.0296936
20.4434, -51.7692, 0.608115, 4.30298, 0.0313307
20.5954, -51.1034, 0.614513, 4.45502, 0.0320691
20.7475, -50.4145, 0.618017, 4.60706, 0.0337062
20.8995, -49.7025, 0.62464, 4.7591, 0.0344446
21.0515, -48.9673, 0.628642, 4.91113, 0.0360817
21.2036, -48.2091, 0.634134, 5.06317, 0.0373018
21.3556, -47.4277, 0.641185, 5.21521, 0.0380079
21.5077, -46.6232, 0.647062, 5.36725, 0.0391956
21.6597, -45.7956, 0.653118, 5.51929, 0.0403834
21.8118, -44.9449, 0.658293, 5.67132, 0.0420528
21.9638, -44.071, 0.665774, 5.82336, 0.0427589
22.1158, -43.1741, 0.671518, 5.9754, 0.0443959
22.2679, -42.254, 0.678365, 6.12743, 0.0455837
22.4199, -41.3108, 0.686111, 6.27948, 0.0463221
22.572, -40.3445, 0.692555, 6.43151, 0.0479915
22.724, -39.3551, 0.69995, 6.58355, 0.0491793
22.8761, -38.3425, 0.707503, 6.73558, 0.050386
23.0281, -37.3069, 0.715756, 6.88763, 0.0510731
23.1801, -36.2481, 0.723188, 7.03966, 0.0527749
23.3322, -35.1662, 0.731319, 7.1917, 0.0539492
23.4842, -34.0612, 0.739612, 7.34373, 0.0551504
23.6363, -32.9331, 0.74829, 7.49578, 0.0558241
23.7883, -31.7819, 0.756761, 7.64781, 0.0575125
23.9404, -30.6075, 0.765595, 7.79983, 0.0587911
24.0924, -29.4157, 0.774612, 7.80185, 0.0592286
24.2444, -28.241, 0.783532, 7.64985, 0.058093
24.3965, -27.0895, 0.792276, 7.4978, 0.0569291
24.5485, -25.9611, 0.800843, 7.34577, 0.0557572
24.7006, -24.8558, 0.809231, 7.19374, 0.0545812
24.8526, -23.7736, 0.81744, 7.0417, 0.0534029
25.0047, -22.7145, 0.82547, 6.88966, 0.0522229
25.1567, -21.6785, 0.83332, 6.73763, 0.0510419
25.3087, -20.6657, 0.840991, 6.58559, 0.0498601
25.4608, -19.6759, 0.848482, 6.43355, 0.0486775
25.6128, -18.7093, 0.855793, 6.28151, 0.0474944
25.7649, -17.7658, 0.862924, 6.12947, 0.0463109
25.9169, -16.8454, 0.869875, 5.97744, 0.0451271
26.069, -15.9482, 0.876647, 5.8254, 0.0439429
26.221, -15.074, 0.883238, 5.67336, 0.0427585
26.373, -14.223, 0.889649, 5.52132, 0.0415739
26.5251, -13.3951, 0.89588, 5.36929, 0.0403891
26.6771, -12.5903, 0.901931, 5.21725, 0.0392041
26.8292, -11.8086, 0.907801, 5.06521, 0.038019
26.9812, -11.05, 0.913492, 4.91317, 0.0368337
27.1332, -10.3146, 0.919002, 4.76113, 0.0356483
27.2853, -9.60222, 0.924332, 4.6091, 0.0344627
27.4373, -8.91299, 0.929481, 4.45706, 0.0332771
27.5894, -8.24689, 0.934451, 4.30502, 0.0320914
27.7414, -7.60391, 0.93924, 4.15298, 0.0309056
27.8935, -6.98403, 0.943849, 4.00095, 0.0297198
28.0455, -6.38728, 0.948277, 3.84891, 0.0285338
28.1975, -5.81364, 0.952525, 3.69687, 0.0273478
28.3496, -5.26311, 0.956593, 3.54483, 0.0261617
28.5016, -4.73571, 0.960481, 3.39279, 0.0249756
28.6537, -4.23143, 0.964188, 3.24076, 0.0237894
28.8057, -3.75025, 0.967715, 3.08872, 0.0226032
28.9578, -3.29219, 0.971061, 2.93668, 0.0214169
29.1098, -2.85725, 0.974227, 2.78464, 0.0202305
29.2618, -2.44543, 0.977213, 2.6326, 0.0190442
29.4139, -2.05671, 0.980018, 2.48057, 0.0178578
29.5659, -1.69111, 0.982643, 2.32853, 0.0166713
29.718, -1.34864, 0.985088, 2.17649, 0.0154848
29.87, -1.02929, 0.987352, 2.02445, 0.0142983
30.0221, -0.733032, 0.989436, 1.87242, 0.0131118
30.1741, -0.459911, 0.991339, 1.72038, 0.0119252
30.3261, -0.209896, 0.993062, 1.56834, 0.0107386
30.4782, 0.0170097, 0.994605, 1.4163, 0.00955195
30.6302, 0.220791, 0.995967, 1.26426, 0.00836531
30.7823, 0.401459, 0.997148, 1.11223, 0.00717863
30.9343, 0.55901, 0.99815, 0.96019, 0.00599192
31.0864, 0.693432, 0.99897, 0.80815, 0.00480518
31.2384, 0.804745, 0.999611, 0.656112, 0.00361842
31.3904, 0.892944, 1.00007, 0.504075, 0.00243166
31.5425, 0.958027, 1.00035, 0.352036, 0.00124486
31.6945, 0.999989, 1.00045, 0.199998, 5.80505e-05
