2.01688, 0.0263144
0, 0, 0, 0.5, 0
0.0108182, 0.00471556, 5.97426e-05, 0.499461, 0.0107665
0.0216364, 0.00942648, 0.000236281, 0.498919, 0.0215318
0.0324546, 0.0141327, 0.000529722, 0.498374, 0.032296
0.0432728, 0.0188337, 0.000939963, 0.497828, 0.043059
0.054091, 0.02353, 0.00146702, 0.497278, 0.0538209
0.0649092, 0.0282217, 0.00211089, 0.496725, 0.0645814
0.0757274, 0.0329088, 0.00287165, 0.496169, 0.0753405
0.0865455, 0.0375907, 0.00374919, 0.495611, 0.0860983
0.0973637, 0.042268, 0.0047435, 0.495048, 0.0968547
0.108182, 0.0469404, 0.00585465, 0.494483, 0.10761
0.119, 0.051608, 0.00708264, 0.493914, 0.118363
0.129818, 0.0562709, 0.00842737, 0.493341, 0.129114
0.140637, 0.060929, 0.00988889, 0.492764, 0.139864
0.151455, 0.0655822, 0.0114672, 0.492184, 0.150612
0.162273, 0.0702306, 0.0131623, 0.491599, 0.161358
0.173091, 0.0748741, 0.0149742, 0.49101, 0.172103
0.183909, 0.0795128, 0.0169028, 0.490416, 0.182845
0.194727, 0.0841468, 0.0189482, 0.489818, 0.193585
0.205546, 0.0887758, 0.0211103, 0.489214, 0.204323
0.216364, 0.0934, 0.0233891, 0.488606, 0.215058
0.227182, 0.0980192, 0.0257847, 0.487992, 0.225791
0.238, 0.102634, 0.028297, 0.487372, 0.236521
0.248818, 0.107243, 0.030926, 0.486747, 0.247249
0.259637, 0.111848, 0.0336717, 0.486115, 0.257973
0.270455, 0.116448, 0.0365341, 0.485476, 0.268695
0.281273, 0.121043, 0.0395131, 0.484831, 0.279413
0.292091, 0.125633, 0.0426088, 0.484178, 0.290128
0.302909, 0.130218, 0.0458212, 0.483518, 0.300839
0.313728, 0.134798, 0.0491501, 0.482849, 0.311546
0.324546, 0.139374, 0.0525956, 0.482172, 0.32225
0.335364, 0.143944, 0.0561578, 0.481486, 0.332949
0.346182, 0.148509, 0.0598365, 0.480791, 0.343643
0.357, 0.15307, 0.0636317, 0.480085, 0.354333
0.367819, 0.157625, 0.0675434, 0.479369, 0.365017
0.378637, 0.162176, 0.0715717, 0.478642, 0.375696
0.389455, 0.166721, 0.0757164, 0.477902, 0.386369
0.400273, 0.171261, 0.0799776, 0.47715, 0.397036
0.411091, 0.175797, 0.0843551, 0.476385, 0.407696
0.42191, 0.180327, 0.088849, 0.475605, 0.418349
0.432728, 0.184852, 0.0934592, 0.47481, 0.428994
0.443546, 0.189372, 0.0981857, 0.473998, 0.439631
0.454364, 0.193887, 0.103028, 0.473168, 0.450259
0.465182, 0.198396, 0.107987, 0.47232, 0.460877
0.476001, 0.202901, 0.113062, 0.471452, 0.471485
0.486819, 0.2074, 0.118254, 0.470562, 0.482082
0.497637, 0.211894, 0.123561, 0.469649, 0.492666
0.508455, 0.216383, 0.128984, 0.46871, 0.503237
0.519273, 0.220866, 0.134523, 0.467745, 0.513793
0.530091, 0.225343, 0.140177, 0.46675, 0.524333
0.54091, 0.229816, 0.145947, 0.465723, 0.534856
0.551728, 0.234282, 0.151833, 0.464661, 0.545359
0.562546, 0.238744, 0.157834, 0.463562, 0.555841
0.573364, 0.243199, 0.16395, 0.462421, 0.5663
0.584182, 0.247649, 0.170182, 0.461235, 0.576732
0.595001, 0.252092, 0.176528, 0.459999, 0.587136
0.605819, 0.25653, 0.182989, 0.458709, 0.597507
0.616637, 0.260962, 0.189564, 0.457358, 0.607841
0.627455, 0.265387, 0.196254, 0.45594, 0.618135
0.638273, 0.269806, 0.203057, 0.454448, 0.628381
0.649092, 0.274219, 0.209973, 0.452873, 0.638575
0.65991, 0.278625, 0.217002, 0.451205, 0.648708
0.670728, 0.283023, 0.224144, 0.449434, 0.658771
0.681546, 0.287415, 0.231398, 0.447545, 0.668754
0.692364, 0.291798, 0.238762, 0.445523, 0.678642
0.703183, 0.296174, 0.246236, 0.44335, 0.688419
0.714001, 0.300541, 0.253819, 0.441005, 0.698066
0.724819, 0.3049, 0.26151, 0.438463, 0.707558
0.735637, 0.309249, 0.269306, 0.435695, 0.716864
0.746455, 0.313587, 0.277206, 0.432665, 0.725943
0.757274, 0.317915, 0.285207, 0.429334, 0.734749
0.768092, 0.322229, 0.293306, 0.425655, 0.743216
0.77891, 0.32653, 0.301498, 0.421574, 0.751265
0.789728, 0.330815, 0.309778, 0.417035, 0.758794
0.800546, 0.335082, 0.318139, 0.411975, 0.765674
0.811365, 0.339328, 0.326572, 0.40634, 0.771749
0.822183, 0.343547, 0.335065, 0.400092, 0.776834
0.833001, 0.347735, 0.343606, 0.393225, 0.780726
0.843819, 0.351884, 0.352176, 0.385783, 0.783226
0.854637, 0.355986, 0.360759, 0.377881, 0.784184
0.865455, 0.360032, 0.369334, 0.369689, 0.783526
0.876274, 0.364012, 0.377883, 0.361409, 0.78128
0.887092, 0.367921, 0.386389, 0.35324, 0.77757
0.89791, 0.371754, 0.394837, 0.34534, 0.772583
0.908728, 0.37551, 0.403216, 0.337816, 0.766527
0.919546, 0.37919, 0.411517, 0.330722, 0.7596
0.930365, 0.382796, 0.419732, 0.324077, 0.751974
0.941183, 0.386332, 0.427856, 0.317873, 0.743795
0.952001, 0.389801, 0.435885, 0.312087, 0.735174
0.962819, 0.393207, 0.443814, 0.306691, 0.726201
0.973637, 0.396554, 0.451642, 0.301652, 0.716945
0.984456, 0.399847, 0.459365, 0.29694, 0.70746
0.995274, 0.403087, 0.466983, 0.292525, 0.697789
1.00609, 0.406279, 0.474494, 0.28838, 0.687965
1.01691, 0.409425, 0.481896, 0.28448, 0.678013
1.02773, 0.412527, 0.489188, 0.280803, 0.667955
1.03855, 0.41559, 0.49637, 0.27733, 0.657808
1.04936, 0.418613, 0.503441, 0.274044, 0.647585
1.06018, 0.421601, 0.5104, 0.270928, 0.637297
1.071, 0.424554, 0.517247, 0.267969, 0.626954
1.08046, -nan, -nan, 0.269486, 0.626101
1.08992, -nan, -nan, 0.271142, 0.62517
1.09938, -nan, -nan, 0.272938, 0.624161
1.10884, -nan, -nan, 0.27487, 0.623076
1.1183, -nan, -nan, 0.276938, 0.621914
1.12775, -nan, -nan, 0.279139, 0.620677
1.13721, -nan, -nan, 0.281472, 0.619366
1.14667, -nan, -nan, 0.283934, 0.617983
1.15613, -nan, -nan, 0.286525, 0.616527
1.16559, -nan, -nan, 0.289241, 0.615001
1.17505, -nan, -nan, 0.29208, 0.613406
1.18451, -nan, -nan, 0.295042, 0.611742
1.19397, -nan, -nan, 0.298122, 0.610011
1.20342, -nan, -nan, 0.30132, 0.608214
1.21288, -nan, -nan, 0.304633, 0.606353
1.22234, -nan, -nan, 0.308058, 0.604428
1.2318, -nan, -nan, 0.311594, 0.602442
1.24126, -nan, -nan, 0.315238, 0.600395
1.25072, -nan, -nan, 0.318987, 0.598288
1.26018, -nan, -nan, 0.322841, 0.596123
1.26964, -nan, -nan, 0.326795, 0.593901
1.2791, -nan, -nan, 0.330849, 0.591623
1.28855, -nan, -nan, 0.334999, 0.589292
1.29801, -nan, -nan, 0.339243, 0.586907
1.30747, -nan, -nan, 0.34358, 0.58447
1.31693, -nan, -nan, 0.348007, 0.581983
1.32639, -nan, -nan, 0.352522, 0.579446
1.33585, -nan, -nan, 0.357123, 0.576861
1.34531, -nan, -nan, 0.361807, 0.574229
1.35477, -nan, -nan, 0.366573, 0.571551
1.36422, -nan, -nan, 0.371418, 0.568829
1.37368, -nan, -nan, 0.376341, 0.566063
1.38314, -nan, -nan, 0.381339, 0.563255
1.3926, -nan, -nan, 0.386411, 0.560405
1.40206, -nan, -nan, 0.391555, 0.557515
1.41152, -nan, -nan, 0.396768, 0.554586
1.42098, -nan, -nan, 0.40205, 0.551618
1.43044, -nan, -nan, 0.407398, 0.548614
1.4399, -nan, -nan, 0.41281, 0.545573
1.44935, -nan, -nan, 0.418285, 0.542496
1.45881, -nan, -nan, 0.423821, 0.539386
1.46827, -nan, -nan, 0.429417, 0.536242
1.47773, -nan, -nan, 0.43507, 0.533065
1.48719, -nan, -nan, 0.44078, 0.529857
1.49665, -nan, -nan, 0.446545, 0.526618
1.50611, -nan, -nan, 0.452363, 0.523349
1.51557, -nan, -nan, 0.458234, 0.520051
1.52502, -nan, -nan, 0.464155, 0.516724
1.53448, -nan, -nan, 0.470125, 0.51337
1.54394, -nan, -nan, 0.476143, 0.509988
1.5534, -nan, -nan, 0.482208, 0.50658
1.56286, -nan, -nan, 0.488319, 0.503147
1.57232, -nan, -nan, 0.494474, 0.499689
1.58178, -nan, -nan, 0.500671, 0.496207
1.59124, -nan, -nan, 0.506911, 0.492701
1.6007, -nan, -nan, 0.513192, 0.489172
1.61015, -nan, -nan, 0.519512, 0.485621
1.61961, -nan, -nan, 0.525871, 0.482048
1.62907, -nan, -nan, 0.532268, 0.478454
1.63853, -nan, -nan, 0.538702, 0.474839
1.64799, -nan, -nan, 0.545171, 0.471204
1.65745, -nan, -nan, 0.551676, 0.467549
1.66691, -nan, -nan, 0.558214, 0.463876
1.67637, -nan, -nan, 0.564786, 0.460184
1.68582, -nan, -nan, 0.571389, 0.456473
1.69528, -nan, -nan, 0.578024, 0.452745
1.70474, -nan, -nan, 0.58469, 0.449
1.7142, -nan, -nan, 0.591386, 0.445238
1.72366, -nan, -nan, 0.59811, 0.44146
1.73312, -nan, -nan, 0.604863, 0.437666
1.74258, -nan, -nan, 0.611644, 0.433856
1.75204, -nan, -nan, 0.618452, 0.430031
1.7615, -nan, -nan, 0.625285, 0.426191
1.77095, -nan, -nan, 0.632145, 0.422337
1.78041, -nan, -nan, 0.63903, 0.418469
1.78987, -nan, -nan, 0.645939, 0.414587
1.79933, -nan, -nan, 0.652872, 0.410692
1.80879, -nan, -nan, 0.659828, 0.406783
1.81825, -nan, -nan, 0.666806, 0.402862
1.82771, -nan, -nan, 0.673807, 0.398929
1.83717, -nan, -nan, 0.68083, 0.394983
1.84662, -nan, -nan, 0.687873, 0.391025
1.85608, -nan, -nan, 0.694938, 0.387056
1.86554, -nan, -nan, 0.702022, 0.383076
1.875, -nan, -nan, 0.709126, 0.379085
1.88446, -nan, -nan, 0.716249, 0.375082
1.89392, -nan, -nan, 0.723391, 0.37107
1.90338, -nan, -nan, 0.730551, 0.367047
1.91284, -nan, -nan, 0.737729, 0.363014
1.9223, -nan, -nan, 0.744924, 0.358971
1.93175, -nan, -nan, 0.752137, 0.354918
1.94121, -nan, -nan, 0.759366, 0.350857
1.95067, -nan, -nan, 0.766611, 0.346786
1.96013, -nan, -nan, 0.773873, 0.342706
1.96959, -nan, -nan, 0.78115, 0.338617
1.97905, -nan, -nan, 0.788442, 0.33452
1.98851, -nan, -nan, 0.79575, 0.330414
1.99797, -nan, -nan, 0.803071, 0.3263
2.00742, -nan, -nan, 0.810408, 0.322178
2.01688, -nan, -nan, 0.817758, 0.318049
