2.43984, 0
0, 0, 0, 0.5, 0
0.0116664, 0.00620044, 0.000285301, 0.494504, 0.0102778
0.0233329, 0.0123367, 0.000690567, 0.489009, 0.0205554
0.0349993, 0.0184087, 0.00121588, 0.483514, 0.0308327
0.0466657, 0.0244165, 0.00186113, 0.478019, 0.0411099
0.0583322, 0.03036, 0.00262638, 0.472525, 0.0513868
0.0699986, 0.0362392, 0.00351166, 0.467031, 0.0616634
0.081665, 0.0420543, 0.00451686, 0.461537, 0.0719398
0.0933315, 0.0478051, 0.00564209, 0.456043, 0.082216
0.104998, 0.0534916, 0.0068873, 0.45055, 0.0924918
0.116664, 0.059114, 0.00825249, 0.445057, 0.102767
0.128331, 0.064672, 0.00973768, 0.439565, 0.113043
0.139997, 0.0701658, 0.0113429, 0.434073, 0.123318
0.151664, 0.0755954, 0.013068, 0.428581, 0.133592
0.16333, 0.0809608, 0.0149131, 0.42309, 0.143866
0.174996, 0.0862618, 0.0168782, 0.4176, 0.15414
0.186663, 0.0914987, 0.0189633, 0.41211, 0.164414
0.198329, 0.0966713, 0.0211684, 0.40662, 0.174687
0.209996, 0.10178, 0.0234934, 0.401131, 0.184959
0.221662, 0.106824, 0.0259385, 0.395642, 0.195232
0.233329, 0.111804, 0.0285035, 0.390154, 0.205503
0.244995, 0.116719, 0.0311885, 0.384667, 0.215775
0.256662, 0.121571, 0.0339934, 0.37918, 0.226045
0.268328, 0.126358, 0.0369184, 0.373694, 0.236315
0.279994, 0.13108, 0.0399633, 0.368209, 0.246585
0.291661, 0.135739, 0.0431282, 0.362725, 0.256854
0.303327, 0.140333, 0.0464131, 0.357241, 0.267122
0.314994, 0.144863, 0.0498179, 0.351758, 0.27739
0.32666, 0.149329, 0.0533427, 0.346277, 0.287656
0.338327, 0.153731, 0.0569875, 0.340796, 0.297922
0.349993, 0.158068, 0.0607522, 0.335316, 0.308188
0.361659, 0.162341, 0.0646369, 0.329837, 0.318452
0.373326, 0.16655, 0.0686416, 0.32436, 0.328715
0.384992, 0.170694, 0.0727662, 0.318884, 0.338978
0.396659, 0.174775, 0.0770107, 0.313409, 0.349239
0.408325, 0.17879, 0.0813753, 0.307936, 0.359499
0.419992, 0.182742, 0.0858598, 0.302464, 0.369758
0.431658, 0.186629, 0.0904642, 0.296994, 0.380015
0.443324, 0.190452, 0.0951886, 0.291525, 0.390271
0.454991, 0.194211, 0.100033, 0.286059, 0.400526
0.466657, 0.197906, 0.104997, 0.280595, 0.410778
0.478324, 0.201536, 0.110081, 0.275133, 0.421029
0.48999, 0.205102, 0.115285, 0.269673, 0.431278
0.501657, 0.208603, 0.120609, 0.264217, 0.441525
0.513323, 0.212041, 0.126053, 0.258763, 0.451769
0.524989, 0.215413, 0.131617, 0.253312, 0.462011
0.536656, 0.218722, 0.137301, 0.247865, 0.47225
0.548322, 0.221966, 0.143104, 0.242422, 0.482486
0.559989, 0.225146, 0.149028, 0.236983, 0.492718
0.571655, 0.228261, 0.155071, 0.231549, 0.502947
0.583322, 0.231312, 0.161234, 0.22612, 0.513171
0.594988, 0.234299, 0.167517, 0.220697, 0.523391
0.606655, 0.237221, 0.17392, 0.21528, 0.533605
0.618321, 0.240079, 0.180442, 0.209871, 0.543813
0.629987, 0.242872, 0.187084, 0.20447, 0.554015
0.641654, 0.245601, 0.193846, 0.199078, 0.564209
0.65332, 0.248265, 0.200728, 0.193697, 0.574394
0.664987, 0.250864, 0.207729, 0.188329, 0.584569
0.676653, 0.253399, 0.21485, 0.182974, 0.594733
0.68832, 0.255869, 0.22209, 0.177637, 0.604883
0.699986, 0.258274, 0.22945, 0.172318, 0.615017
0.711652, 0.260615, 0.236929, 0.167022, 0.625133
0.723319, 0.26289, 0.244527, 0.161753, 0.635226
0.734985, 0.2651, 0.252244, 0.156517, 0.645291
0.746652, 0.267245, 0.260079, 0.151321, 0.655324
0.758318, 0.269323, 0.268033, 0.146174, 0.665316
0.769985, 0.271336, 0.276105, 0.14109, 0.675255
0.781651, 0.273282, 0.284295, 0.136083, 0.685129
0.793317, 0.275161, 0.292601, 0.131179, 0.694915
0.804984, 0.276972, 0.301022, 0.126411, 0.704585
0.81665, 0.278714, 0.309557, 0.121827, 0.714096
0.828317, 0.280384, 0.318203, 0.117501, 0.723381
0.839983, 0.281981, 0.326956, 0.113545, 0.732336
0.85165, 0.283501, 0.335808, 0.110138, 0.740794
0.863316, 0.284938, 0.344747, 0.107562, 0.748479
0.874982, 0.286289, 0.353752, 0.106232, 0.754958
0.886649, 0.287556, 0.362791, 0.106682, 0.759622
0.898315, 0.288755, 0.371823, 0.109318, 0.761876
0.909982, 0.28993, 0.380809, 0.114084, 0.7615
0.921648, 0.291132, 0.389726, 0.120438, 0.758809
0.933315, 0.292402, 0.398565, 0.12773, 0.754373
0.944981, 0.293761, 0.407322, 0.135481, 0.748711
0.956647, 0.295221, 0.415995, 0.143412, 0.742191
0.968314, 0.296785, 0.42458, 0.151373, 0.735059
0.97998, 0.298452, 0.433075, 0.159289, 0.727475
0.991647, 0.300221, 0.441478, 0.167125, 0.71955
1.00331, 0.30209, 0.449787, 0.174865, 0.711358
1.01498, 0.304058, 0.457998, 0.182506, 0.702952
1.02665, 0.306121, 0.466111, 0.190048, 0.694372
1.03831, 0.308279, 0.474124, 0.197497, 0.685648
1.04998, 0.310529, 0.482035, 0.204856, 0.676801
1.06165, 0.312869, 0.489843, 0.212133, 0.66785
1.07331, 0.315299, 0.497547, 0.219332, 0.658809
1.08498, 0.317817, 0.505147, 0.226459, 0.649689
1.09664, 0.320422, 0.512641, 0.233519, 0.6405
1.10831, 0.323112, 0.520028, 0.240517, 0.631249
1.11998, 0.325887, 0.527308, 0.247457, 0.621944
1.13164, 0.328745, 0.534479, 0.254343, 0.612589
1.14331, 0.331687, 0.541543, 0.261179, 0.60319
1.15498, 0.33471, 0.548497, 0.267969, 0.59375
1.16783, 0.338969, 0.556194, 0.271778, 0.605681
1.18067, 0.343266, 0.564047, 0.27565, 0.617578
1.19352, 0.3476, 0.572056, 0.279589, 0.629441
1.20637, 0.351974, 0.58022, 0.283598, 0.641265
1.21922, 0.356386, 0.588539, 0.28768, 0.653049
1.23207, 0.360839, 0.597011, 0.29184, 0.66479
1.24492, 0.365332, 0.605638, 0.296081, 0.676485
1.25777, 0.369866, 0.614418, 0.300409, 0.68813
1.27061, 0.374443, 0.62335, 0.304829, 0.699721
1.28346, 0.379063, 0.632434, 0.309345, 0.711254
1.29631, 0.383727, 0.641669, 0.313964, 0.722724
1.30916, 0.388436, 0.651055, 0.318692, 0.734127
1.32201, 0.393191, 0.66059, 0.323535, 0.745456
1.33486, 0.397993, 0.670273, 0.3285, 0.756706
1.34771, 0.402843, 0.680105, 0.333596, 0.767868
1.36055, 0.407743, 0.690082, 0.338831, 0.778935
1.3734, 0.412694, 0.700205, 0.344214, 0.789898
1.38625, 0.417697, 0.710472, 0.349755, 0.800746
1.3991, 0.422755, 0.720882, 0.355464, 0.811469
1.41195, 0.427868, 0.731432, 0.361353, 0.822053
1.4248, 0.433039, 0.742121, 0.367434, 0.832484
1.43765, 0.438269, 0.752947, 0.373721, 0.842744
1.4505, 0.443561, 0.763907, 0.380227, 0.852815
1.46334, 0.448918, 0.774999, 0.386968, 0.862675
1.47619, 0.454341, 0.786221, 0.393959, 0.8723
1.48904, 0.459833, 0.797568, 0.401217, 0.88166
1.50189, 0.465397, 0.809037, 0.40876, 0.890723
1.51474, 0.471037, 0.820624, 0.416605, 0.899452
1.52759, 0.476756, 0.832325, 0.424769, 0.907805
1.54044, 0.482556, 0.844133, 0.433268, 0.915732
1.55328, 0.488444, 0.856043, 0.442117, 0.92318
1.56613, 0.494421, 0.868048, 0.451327, 0.930087
1.57898, 0.500493, 0.880139, 0.460905, 0.936385
1.59183, 0.506665, 0.892309, 0.470851, 0.942
1.60468, 0.51294, 0.904547, 0.481154, 0.946853
1.61753, 0.519324, 0.916843, 0.491795, 0.950863
1.63038, 0.525822, 0.929183, 0.502739, 0.953951
1.64322, 0.532437, 0.941555, 0.513936, 0.956042
1.65607, 0.539175, 0.953945, 0.525321, 0.957074
1.66892, 0.546039, 0.966338, 0.536814, 0.957002
1.68177, 0.553033, 0.978718, 0.548327, 0.955802
1.69462, 0.560157, 0.991071, 0.559765, 0.953477
1.70747, 0.567413, 1.00338, 0.571036, 0.950053
1.72032, 0.5748, 1.01564, 0.582055, 0.945582
1.73317, 0.582318, 1.02782, 0.592748, 0.940132
1.74601, 0.589964, 1.03993, 0.603058, 0.933785
1.75886, 0.597734, 1.05194, 0.612944, 0.926629
1.77171, 0.605625, 1.06385, 0.622382, 0.918753
1.78456, 0.613631, 1.07565, 0.631359, 0.910242
1.79741, 0.621748, 1.08733, 0.639874, 0.901178
1.81026, 0.629971, 1.09889, 0.647936, 0.891632
1.82311, 0.638294, 1.11033, 0.655558, 0.881668
1.83595, 0.646713, 1.12162, 0.662757, 0.871345
1.8488, 0.655223, 1.13278, 0.669555, 0.86071
1.86165, 0.663818, 1.1438, 0.675972, 0.849806
1.8745, 0.672494, 1.15468, 0.68203, 0.83867
1.88735, 0.681247, 1.16541, 0.687752, 0.827333
1.9002, 0.690073, 1.17599, 0.693156, 0.815821
1.91305, 0.698967, 1.18642, 0.698265, 0.804157
1.92589, 0.707926, 1.1967, 0.703095, 0.79236
1.93874, 0.716947, 1.20682, 0.707664, 0.780448
1.95159, 0.726026, 1.21679, 0.71199, 0.768434
1.96444, 0.73516, 1.2266, 0.716087, 0.756332
1.97729, 0.744347, 1.23626, 0.719968, 0.744151
1.99014, 0.753583, 1.24576, 0.723649, 0.7319
2.00299, 0.762867, 1.2551, 0.727139, 0.719589
2.01584, 0.772195, 1.26428, 0.730452, 0.707223
2.02868, 0.781566, 1.2733, 0.733596, 0.694808
2.04153, 0.790976, 1.28216, 0.736581, 0.682351
2.05438, 0.800426, 1.29086, 0.739417, 0.669855
2.06723, 0.809911, 1.29939, 0.742112, 0.657325
2.08008, 0.819431, 1.30777, 0.744673, 0.644764
2.09293, 0.828984, 1.31598, 0.747106, 0.632175
2.10578, 0.838568, 1.32404, 0.74942, 0.619562
2.11862, 0.848182, 1.33193, 0.75162, 0.606926
2.13147, 0.857824, 1.33965, 0.753711, 0.59427
2.14432, 0.867493, 1.34721, 0.755698, 0.581595
2.15717, 0.877188, 1.35461, 0.757588, 0.568905
2.17002, 0.886906, 1.36185, 0.759384, 0.556199
2.18287, 0.896648, 1.36892, 0.76109, 0.54348
2.19572, 0.906412, 1.37583, 0.762711, 0.530748
2.20856, 0.916196, 1.38258, 0.76425, 0.518006
2.22141, 0.926001, 1.38916, 0.765712, 0.505253
2.23426, 0.935824, 1.39558, 0.767098, 0.492491
2.24711, 0.945665, 1.40183, 0.768413, 0.479721
2.25996, 0.955523, 1.40792, 0.769659, 0.466944
2.27281, 0.965397, 1.41384, 0.770839, 0.454159
2.28566, 0.975286, 1.4196, 0.771956, 0.441368
2.29851, 0.98519, 1.42519, 0.773013, 0.428572
2.31135, 0.995107, 1.43063, 0.77401, 0.41577
2.3242, 1.00504, 1.43589, 0.774951, 0.402963
2.33705, 1.01498, 1.44099, 0.775838, 0.390153
2.3499, 1.02493, 1.44593, 0.776673, 0.377338
2.36275, 1.0349, 1.4507, 0.777457, 0.36452
2.3756, 1.04487, 1.45531, 0.778192, 0.351698
2.38845, 1.05486, 1.45975, 0.778881, 0.338874
2.40129, 1.06485, 1.46402, 0.779524, 0.326047
2.41414, 1.07485, 1.46813, 0.780123, 0.313217
2.42699, 1.08486, 1.47208, 0.78068, 0.300386
2.43984, 1.09487, 1.47586, 0.781196, 0.287552
