4.41575, 0
0, 0, 0, 0.5, 0
0.0177587, 0.00861064, 0.00157494, 0.516439, 0.00606663
0.0355174, 0.0175178, 0.00325617, 0.532863, 0.0121336
0.0532761, 0.0267215, 0.00504356, 0.549268, 0.0182008
0.0710348, 0.0362218, 0.00693696, 0.565653, 0.0242684
0.0887934, 0.0460186, 0.0089362, 0.582016, 0.0303363
0.106552, 0.056112, 0.0110411, 0.598355, 0.0364046
0.124311, 0.066502, 0.0132514, 0.614667, 0.0424733
0.14207, 0.0771886, 0.0155668, 0.630948, 0.0485424
0.159828, 0.0881717, 0.0179872, 0.647195, 0.0546119
0.177587, 0.0994515, 0.020512, 0.663404, 0.0606819
0.195346, 0.111028, 0.0231409, 0.679569, 0.0667524
0.213104, 0.122901, 0.0258734, 0.695685, 0.0728233
0.230863, 0.135071, 0.0287089, 0.711743, 0.0788948
0.248622, 0.147537, 0.0316468, 0.727736, 0.0849669
0.26638, 0.1603, 0.0346861, 0.743652, 0.0910394
0.284139, 0.173359, 0.0378259, 0.75948, 0.0971123
0.301898, 0.186715, 0.0410648, 0.775202, 0.103186
0.319656, 0.200368, 0.0444015, 0.7908, 0.109259
0.337415, 0.214317, 0.0478337, 0.806249, 0.115332
0.355174, 0.228562, 0.0513592, 0.821517, 0.121405
0.372932, 0.243103, 0.0549748, 0.836564, 0.127477
0.390691, 0.25794, 0.0586762, 0.851337, 0.133546
0.40845, 0.273071, 0.0624582, 0.865767, 0.139611
0.426208, 0.288496, 0.0663135, 0.879762, 0.14567
0.443967, 0.304213, 0.0702326, 0.893195, 0.151716
0.461726, 0.320218, 0.0742025, 0.905897, 0.157742
0.479485, 0.336505, 0.0782055, 0.917635, 0.163735
0.497243, 0.353066, 0.0822184, 0.928093, 0.169674
0.515002, 0.369883, 0.0862109, 0.93686, 0.17552
0.532761, 0.386927, 0.0901466, 0.943426, 0.181216
0.550519, 0.404154, 0.0939878, 0.947246, 0.186674
0.568278, 0.421497, 0.0977042, 0.947859, 0.191778
0.586037, 0.438873, 0.101285, 0.945063, 0.196399
0.603795, 0.456191, 0.104742, 0.939015, 0.20043
0.621554, 0.473368, 0.108106, 0.930161, 0.203806
0.639313, 0.490341, 0.11141, 0.919076, 0.206516
0.657071, 0.507065, 0.114684, 0.906308, 0.208586
0.67483, 0.523512, 0.117946, 0.892307, 0.210065
0.692589, 0.539664, 0.121208, 0.877412, 0.21101
0.710347, 0.55551, 0.124475, 0.86187, 0.211478
0.728106, 0.571044, 0.127748, 0.845858, 0.211519
0.745865, 0.586262, 0.131025, 0.829502, 0.211181
0.763624, 0.601162, 0.134304, 0.812892, 0.210505
0.781382, 0.615743, 0.13758, 0.796093, 0.209526
0.799141, 0.630005, 0.14085, 0.779153, 0.208274
0.8169, 0.643948, 0.144108, 0.762108, 0.206776
0.834658, 0.657571, 0.147351, 0.744983, 0.205055
0.852417, 0.670877, 0.150576, 0.727798, 0.203131
0.870176, 0.683864, 0.153777, 0.710569, 0.201023
0.887934, 0.696533, 0.156952, 0.693307, 0.198745
0.905693, 0.708885, 0.160097, 0.676021, 0.196311
0.923452, 0.720922, 0.163208, 0.658717, 0.193734
0.94121, 0.732642, 0.166284, 0.641402, 0.191024
0.958969, 0.744046, 0.16932, 0.62408, 0.18819
0.976728, 0.755136, 0.172315, 0.606754, 0.185242
0.994487, 0.765912, 0.175266, 0.589426, 0.182187
1.01225, 0.776374, 0.17817, 0.572099, 0.179032
1.03, 0.786523, 0.181026, 0.554774, 0.175784
1.04776, 0.796358, 0.183832, 0.537453, 0.172449
1.06552, 0.805882, 0.186585, 0.520136, 0.169031
1.08328, 0.815093, 0.189284, 0.502825, 0.165535
1.10104, 0.823992, 0.191927, 0.48552, 0.161967
1.1188, 0.832581, 0.194512, 0.468222, 0.158329
1.13656, 0.840858, 0.197039, 0.45093, 0.154626
1.15431, 0.848825, 0.199506, 0.433646, 0.15086
1.17207, 0.856482, 0.20191, 0.416368, 0.147036
1.18983, 0.863829, 0.204252, 0.399099, 0.143156
1.20759, 0.870866, 0.20653, 0.381837, 0.139223
1.22535, 0.877595, 0.208742, 0.364582, 0.13524
1.24311, 0.884014, 0.210888, 0.347335, 0.131208
1.26087, 0.890124, 0.212967, 0.330095, 0.12713
1.27863, 0.895926, 0.214977, 0.312863, 0.123007
1.29638, 0.901419, 0.216918, 0.295638, 0.118843
1.31414, 0.906605, 0.218789, 0.27842, 0.114638
1.3319, 0.911483, 0.220588, 0.26121, 0.110395
1.34966, 0.916053, 0.222316, 0.244007, 0.106114
1.36742, 0.920316, 0.223971, 0.22681, 0.101798
1.38518, 0.924272, 0.225552, 0.209621, 0.0974479
1.40294, 0.927921, 0.22706, 0.192438, 0.0930647
1.42069, 0.931263, 0.228492, 0.175262, 0.0886498
1.43845, 0.934299, 0.22985, 0.158092, 0.0842043
1.45621, 0.937028, 0.231131, 0.140929, 0.0797295
1.47397, 0.939451, 0.232335, 0.123771, 0.0752263
1.49173, 0.941568, 0.233461, 0.10662, 0.0706958
1.50949, 0.943379, 0.23451, 0.0894748, 0.0661388
1.52725, 0.944884, 0.235481, 0.0723355, 0.0615565
1.54501, 0.946084, 0.236372, 0.0552017, 0.0569494
1.56276, 0.946978, 0.237184, 0.0380734, 0.0523183
1.58052, 0.947567, 0.237916, 0.0209506, 0.0476643
1.59828, 0.947851, 0.238567, 0.00383347, 0.042988
1.61604, 0.94783, 0.239138, -0.0132787, 0.0382899
1.6338, 0.947504, 0.239627, -0.0303857, 0.0335708
1.65156, 0.946873, 0.240034, -0.0474879, 0.0288314
1.66932, 0.945937, 0.240359, -0.0645847, 0.0240724
1.68708, 0.944697, 0.240602, -0.0816769, 0.0192941
1.70483, 0.943153, 0.240761, -0.0987647, 0.0144971
1.72259, 0.941304, 0.240837, -0.115848, 0.00968215
1.74035, 0.939151, 0.240829, -0.132926, 0.0048497
1.75811, 0.936694, 0.240737, -0.15, 7.45058e-08
1.78469, 0.932724, 0.24109, -0.1492, 0.0265642
1.81126, 0.928756, 0.242149, -0.148367, 0.0531279
1.83784, 0.924834, 0.243914, -0.147534, 0.0796911
1.86442, 0.920922, 0.246385, -0.146672, 0.106254
1.89099, 0.917031, 0.249562, -0.145789, 0.132815
1.91757, 0.913173, 0.253444, -0.144892, 0.159377
1.94415, 0.909331, 0.258033, -0.143966, 0.185937
1.97072, 0.905528, 0.263328, -0.14303, 0.212497
1.9973, 0.901731, 0.269328, -0.142054, 0.239055
2.02387, 0.89797, 0.276034, -0.14106, 0.265613
2.05045, 0.894232, 0.283446, -0.140037, 0.29217
2.07703, 0.890527, 0.291564, -0.138992, 0.318726
2.1036, 0.88685, 0.300387, -0.137917, 0.345281
2.13018, 0.883198, 0.309916, -0.136807, 0.371834
2.15676, 0.879576, 0.320151, -0.135665, 0.398386
2.18333, 0.875991, 0.331092, -0.134495, 0.424936
2.20991, 0.872428, 0.342738, -0.133279, 0.451485
2.23649, 0.868904, 0.355089, -0.132029, 0.478032
2.26306, 0.86541, 0.368146, -0.130735, 0.504577
2.28964, 0.861955, 0.381909, -0.129402, 0.53112
2.31622, 0.858536, 0.396377, -0.128023, 0.55766
2.34279, 0.855147, 0.41155, -0.126583, 0.584198
2.36937, 0.851808, 0.427429, -0.125103, 0.610733
2.39594, 0.848502, 0.444012, -0.123557, 0.637264
2.42252, 0.845237, 0.461301, -0.121947, 0.663792
2.4491, 0.84202, 0.479295, -0.120277, 0.690316
2.47567, 0.838846, 0.497993, -0.118529, 0.716835
2.50225, 0.835721, 0.517397, -0.116705, 0.743349
2.52883, 0.832643, 0.537504, -0.11479, 0.769856
2.5554, 0.829621, 0.558317, -0.112786, 0.796357
2.58198, 0.826649, 0.579833, -0.110669, 0.822849
2.60856, 0.823738, 0.602053, -0.10844, 0.849331
2.63513, 0.820887, 0.624977, -0.106083, 0.875803
2.66171, 0.8181, 0.648605, -0.103578, 0.902261
2.68829, 0.815384, 0.672935, -0.100915, 0.928704
2.71486, 0.812738, 0.697968, -0.0980606, 0.955127
2.74144, 0.810172, 0.723703, -0.094997, 0.981526
2.76801, 0.807691, 0.750138, -0.0916882, 1.0079
2.79459, 0.805301, 0.777275, -0.0880887, 1.03423
2.82117, 0.803012, 0.80511, -0.0841519, 1.06051
2.84774, 0.800832, 0.833643, -0.079803, 1.08673
2.87432, 0.798776, 0.862872, -0.0749607, 1.11286
2.9009, 0.796855, 0.892794, -0.0694789, 1.13886
2.92747, 0.795089, 0.923404, -0.0631865, 1.16468
2.95405, 0.793505, 0.954697, -0.0558198, 1.19021
2.98063, 0.792135, 0.986663, -0.0469669, 1.21527
3.0072, 0.791028, 1.01928, -0.0359422, 1.23943
3.03378, 0.790254, 1.05253, -0.0215973, 1.26176
3.06036, 0.789925, 1.08631, -0.00215766, 1.2797
3.08693, 0.790192, 1.12046, 0.0229537, 1.28724
3.11351, 0.791144, 1.15459, 0.0479933, 1.27945
3.14008, 0.79269, 1.18837, 0.0673506, 1.26142
3.16666, 0.79468, 1.2216, 0.0816804, 1.23908
3.19324, 0.797003, 1.25422, 0.0927306, 1.21493
3.21981, 0.79959, 1.28617, 0.101635, 1.18989
3.24639, 0.802392, 1.31746, 0.109064, 1.16438
3.27297, 0.805377, 1.34806, 0.115425, 1.13858
3.29954, 0.80852, 1.37798, 0.120982, 1.11259
3.32612, 0.811802, 1.4072, 0.125915, 1.08647
3.3527, 0.815208, 1.43572, 0.130348, 1.06027
3.37927, 0.818727, 1.46355, 0.134373, 1.034
3.40585, 0.822348, 1.49068, 0.138059, 1.00768
3.43243, 0.826063, 1.51711, 0.141459, 0.981322
3.459, 0.829865, 1.54284, 0.144614, 0.954934
3.48558, 0.833747, 1.56787, 0.147558, 0.928521
3.51216, 0.837706, 1.5922, 0.150317, 0.902088
3.53873, 0.841736, 1.61582, 0.152913, 0.875639
3.56531, 0.845833, 1.63874, 0.155365, 0.849176
3.59188, 0.849993, 1.66096, 0.157688, 0.822701
3.61846, 0.854213, 1.68247, 0.159895, 0.796217
3.64504, 0.858491, 1.70328, 0.161998, 0.769724
3.67161, 0.862823, 1.72338, 0.164006, 0.743223
3.69819, 0.867207, 1.74278, 0.165927, 0.716716
3.72477, 0.871642, 1.76148, 0.167768, 0.690204
3.75134, 0.876124, 1.77947, 0.169537, 0.663686
3.77792, 0.880652, 1.79675, 0.171239, 0.637164
3.8045, 0.885225, 1.81333, 0.172879, 0.610639
3.83107, 0.889841, 1.82921, 0.174461, 0.584109
3.85765, 0.894498, 1.84438, 0.175989, 0.557577
3.88423, 0.899195, 1.85885, 0.177467, 0.531042
3.9108, 0.90393, 1.87261, 0.178899, 0.504503
3.93738, 0.908703, 1.88566, 0.180287, 0.477964
3.96395, 0.913513, 1.89801, 0.181633, 0.451421
3.99053, 0.918357, 1.90966, 0.182941, 0.424877
4.01711, 0.923236, 1.9206, 0.184213, 0.398331
4.04368, 0.928149, 1.93083, 0.18545, 0.371783
4.07026, 0.933093, 1.94036, 0.186655, 0.345234
4.09684, 0.93807, 1.94918, 0.187829, 0.318684
4.12341, 0.943077, 1.9573, 0.188974, 0.292132
4.14999, 0.948114, 1.96471, 0.190091, 0.265579
4.17657, 0.95318, 1.97141, 0.191182, 0.239025
4.20314, 0.958275, 1.97741, 0.192248, 0.21247
4.22972, 0.963399, 1.98271, 0.19329, 0.185914
4.2563, 0.968549, 1.98729, 0.194309, 0.159357
4.28287, 0.973727, 1.99118, 0.195306, 0.132799
4.30945, 0.97893, 1.99435, 0.196282, 0.106241
4.33602, 0.984159, 1.99682, 0.197239, 0.0796815
4.3626, 0.989414, 1.99859, 0.198176, 0.0531216
4.38918, 0.994693, 1.99965, 0.199095, 0.0265611
4.41575, 0.999996, 2, 0.199997, -1.06869e-07
