2.69851, 0
0, 0, 0, 0.5, 0
0.0135374, 0.0060348, -0.000214133, 0.494264, 0.0122275
0.0270748, 0.011992, -0.000262342, 0.488529, 0.0244538
0.0406121, 0.0178715, -0.000144511, 0.482794, 0.036679
0.0541495, 0.0236734, 0.000139285, 0.477059, 0.048903
0.0676869, 0.0293976, 0.000588999, 0.471324, 0.0611258
0.0812243, 0.0350442, 0.00120479, 0.465589, 0.0733472
0.0947617, 0.0406131, 0.00198655, 0.459854, 0.0855672
0.108299, 0.0461044, 0.00293427, 0.45412, 0.0977858
0.121836, 0.0515181, 0.00404797, 0.448386, 0.110003
0.135374, 0.0568541, 0.00532773, 0.442652, 0.122218
0.148911, 0.0621125, 0.0067734, 0.436919, 0.134432
0.162449, 0.0672933, 0.0083851, 0.431186, 0.146643
0.175986, 0.0723965, 0.0101628, 0.425453, 0.158853
0.189523, 0.0774221, 0.0121065, 0.41972, 0.171061
0.203061, 0.0823702, 0.0142162, 0.413988, 0.183266
0.216598, 0.0872405, 0.0164919, 0.408256, 0.195469
0.230136, 0.0920334, 0.0189335, 0.402525, 0.207669
0.243673, 0.0967487, 0.0215412, 0.396794, 0.219867
0.25721, 0.101386, 0.0243149, 0.391063, 0.232062
0.270748, 0.105946, 0.0272546, 0.385333, 0.244254
0.284285, 0.110429, 0.0303603, 0.379603, 0.256442
0.297822, 0.114834, 0.0336321, 0.373874, 0.268627
0.31136, 0.119162, 0.0370698, 0.368146, 0.280808
0.324897, 0.123412, 0.0406736, 0.362418, 0.292984
0.338435, 0.127584, 0.0444434, 0.356691, 0.305157
0.351972, 0.13168, 0.0483793, 0.350965, 0.317324
0.365509, 0.135697, 0.0524811, 0.345239, 0.329486
0.379047, 0.139638, 0.056749, 0.339514, 0.341643
0.392584, 0.1435, 0.061183, 0.333791, 0.353792
0.406121, 0.147286, 0.065783, 0.328068, 0.365936
0.419659, 0.150994, 0.070549, 0.322347, 0.378071
0.433196, 0.154625, 0.0754812, 0.316627, 0.390199
0.446734, 0.158179, 0.0805794, 0.310908, 0.402317
0.460271, 0.161655, 0.0858437, 0.305191, 0.414425
0.473808, 0.165055, 0.0912741, 0.299476, 0.426522
0.487346, 0.168377, 0.0968706, 0.293763, 0.438606
0.500883, 0.171622, 0.102633, 0.288051, 0.450676
0.514421, 0.174791, 0.108562, 0.282343, 0.462731
0.527958, 0.177882, 0.114657, 0.276637, 0.474768
0.541495, 0.180897, 0.120918, 0.270935, 0.486784
0.555033, 0.183836, 0.127346, 0.265236, 0.498778
0.56857, 0.186698, 0.133939, 0.259541, 0.510745
0.582107, 0.189484, 0.140699, 0.253852, 0.522682
0.595645, 0.192194, 0.147626, 0.248168, 0.534584
0.609182, 0.194828, 0.154718, 0.24249, 0.546444
0.62272, 0.197388, 0.161977, 0.236821, 0.558255
0.636257, 0.199872, 0.169403, 0.231162, 0.570009
0.649794, 0.202283, 0.176995, 0.225514, 0.581692
0.663332, 0.20462, 0.184754, 0.21988, 0.59329
0.676869, 0.206885, 0.19268, 0.214264, 0.604782
0.690407, 0.209079, 0.200773, 0.20867, 0.616144
0.703944, 0.211204, 0.209033, 0.203105, 0.627339
0.717481, 0.213262, 0.21746, 0.197577, 0.638319
0.731019, 0.215257, 0.226054, 0.192099, 0.649017
0.744556, 0.217194, 0.234816, 0.186688, 0.659337
0.758093, 0.21908, 0.243745, 0.181373, 0.669137
0.771631, 0.220925, 0.25284, 0.176194, 0.678213
0.785168, 0.222746, 0.262098, 0.171215, 0.68626
0.798706, 0.224565, 0.271513, 0.166533, 0.692845
0.812243, 0.226412, 0.281068, 0.162288, 0.697395
0.82578, 0.228321, 0.290733, 0.158655, 0.699291
0.839318, 0.230317, 0.300459, 0.155804, 0.698104
0.852855, 0.232409, 0.310181, 0.153828, 0.693856
0.866392, 0.234582, 0.319837, 0.152713, 0.687014
0.87993, 0.236815, 0.329377, 0.152364, 0.678235
0.893467, 0.23909, 0.338771, 0.152662, 0.668109
0.907005, 0.241395, 0.348001, 0.153496, 0.657078
0.920542, 0.243724, 0.357056, 0.154773, 0.645443
0.934079, 0.246076, 0.365932, 0.156421, 0.633402
0.947617, 0.248449, 0.374626, 0.158382, 0.621086
0.961154, 0.250846, 0.383137, 0.160611, 0.608584
0.974692, 0.253269, 0.391465, 0.163072, 0.595953
0.988229, 0.255719, 0.399609, 0.165735, 0.583232
1.00177, 0.258199, 0.40757, 0.168577, 0.570451
1.0153, 0.260711, 0.415349, 0.171577, 0.557628
1.02884, 0.263258, 0.422946, 0.174719, 0.544779
1.04238, 0.265841, 0.430361, 0.177988, 0.531913
1.05592, 0.268463, 0.437595, 0.181373, 0.519036
1.06945, 0.271124, 0.444649, 0.184863, 0.506156
1.08299, 0.273828, 0.451523, 0.188449, 0.493275
1.09653, 0.276575, 0.458219, 0.192122, 0.480397
1.11007, 0.279367, 0.464735, 0.195877, 0.467524
1.1236, 0.282206, 0.471072, 0.199707, 0.454657
1.13714, 0.285091, 0.477232, 0.203606, 0.441798
1.15068, 0.288026, 0.483214, 0.207569, 0.428947
1.16421, 0.29101, 0.489019, 0.211592, 0.416105
1.17775, 0.294044, 0.494647, 0.215672, 0.403272
1.19129, 0.297131, 0.500099, 0.219804, 0.390449
1.20483, 0.30027, 0.505374, 0.223985, 0.377635
1.21836, 0.303462, 0.510474, 0.228213, 0.36483
1.2319, 0.306709, 0.515398, 0.232484, 0.352035
1.24544, 0.31001, 0.520146, 0.236797, 0.33925
1.25898, 0.313367, 0.52472, 0.241148, 0.326473
1.27251, 0.31678, 0.529118, 0.245537, 0.313706
1.28605, 0.32025, 0.533343, 0.24996, 0.300948
1.29959, 0.323778, 0.537392, 0.254416, 0.288198
1.31313, 0.327363, 0.541268, 0.258904, 0.275457
1.32666, 0.331007, 0.544969, 0.263422, 0.262725
1.3402, 0.33471, 0.548497, 0.267969, 0.25
1.35378, 0.339301, 0.551914, 0.269839, 0.263347
1.36737, 0.343916, 0.555514, 0.271709, 0.276689
1.38095, 0.348556, 0.559296, 0.273581, 0.290024
1.39453, 0.353221, 0.563262, 0.275454, 0.303354
1.40812, 0.35791, 0.56741, 0.277328, 0.316677
1.4217, 0.362624, 0.57174, 0.279204, 0.329992
1.43528, 0.367363, 0.576254, 0.281081, 0.3433
1.44887, 0.372126, 0.58095, 0.282959, 0.356599
1.46245, 0.376914, 0.585829, 0.284839, 0.369889
1.47603, 0.381726, 0.590891, 0.286721, 0.383168
1.48961, 0.386563, 0.596135, 0.288606, 0.396437
1.5032, 0.391424, 0.601562, 0.290492, 0.409693
1.51678, 0.396309, 0.607172, 0.29238, 0.422936
1.53036, 0.401218, 0.612964, 0.294272, 0.436164
1.54395, 0.406152, 0.618939, 0.296166, 0.449376
1.55753, 0.411109, 0.625097, 0.298064, 0.462569
1.57111, 0.41609, 0.631437, 0.299965, 0.475743
1.5847, 0.421095, 0.63796, 0.30187, 0.488894
1.59828, 0.426123, 0.644666, 0.303779, 0.502019
1.61186, 0.431174, 0.651554, 0.305694, 0.515116
1.62545, 0.436249, 0.658625, 0.307614, 0.52818
1.63903, 0.441346, 0.665878, 0.309541, 0.541207
1.65261, 0.446466, 0.673313, 0.311475, 0.554192
1.66619, 0.451607, 0.680931, 0.313418, 0.567127
1.67978, 0.45677, 0.688731, 0.315371, 0.580006
1.69336, 0.461954, 0.696713, 0.317334, 0.592819
1.70694, 0.467158, 0.704878, 0.319312, 0.605553
1.72053, 0.472381, 0.713223, 0.321304, 0.618195
1.73411, 0.477623, 0.721751, 0.323315, 0.630725
1.74769, 0.482881, 0.730459, 0.325349, 0.64312
1.76128, 0.488154, 0.739349, 0.327409, 0.655351
1.77486, 0.493439, 0.748418, 0.329502, 0.667377
1.78844, 0.498733, 0.757666, 0.331635, 0.679147
1.80203, 0.504033, 0.767092, 0.333819, 0.690592
1.81561, 0.509332, 0.776693, 0.336065, 0.701618
1.82919, 0.514624, 0.786466, 0.338391, 0.712096
1.84278, 0.519898, 0.796406, 0.340819, 0.721854
1.85636, 0.525142, 0.806505, 0.343373, 0.730653
1.86994, 0.530339, 0.81675, 0.346086, 0.738182
1.88352, 0.535471, 0.82712, 0.348987, 0.744058
1.89711, 0.540519, 0.837587, 0.352092, 0.747861
1.91069, 0.545472, 0.848109, 0.355393, 0.749228
1.92427, 0.550332, 0.858637, 0.35884, 0.747987
1.93786, 0.555116, 0.869119, 0.362347, 0.744227
1.95144, 0.559849, 0.879513, 0.365819, 0.738264
1.96502, 0.564561, 0.889784, 0.369172, 0.730519
1.97861, 0.569275, 0.89991, 0.372348, 0.721402
1.99219, 0.574006, 0.909877, 0.375317, 0.711257
2.00577, 0.578766, 0.919674, 0.378066, 0.700347
2.01936, 0.583559, 0.929298, 0.380596, 0.688867
2.03294, 0.588389, 0.938743, 0.382914, 0.676959
2.04652, 0.593256, 0.948008, 0.385032, 0.664726
2.0601, 0.598159, 0.95709, 0.386963, 0.652243
2.07369, 0.603096, 0.96599, 0.388719, 0.639564
2.08727, 0.608066, 0.974706, 0.390313, 0.626733
2.10085, 0.613068, 0.983238, 0.391758, 0.613779
2.11444, 0.618097, 0.991585, 0.393063, 0.600726
2.12802, 0.623154, 0.999748, 0.394241, 0.587593
2.1416, 0.628235, 1.00773, 0.395298, 0.574395
2.15519, 0.633339, 1.01552, 0.396246, 0.561143
2.16877, 0.638463, 1.02313, 0.397089, 0.547846
2.18235, 0.643607, 1.03055, 0.397837, 0.534512
2.19594, 0.648768, 1.03778, 0.398495, 0.521146
2.20952, 0.653944, 1.04484, 0.399069, 0.507753
2.2231, 0.659135, 1.0517, 0.399564, 0.494338
2.23668, 0.664339, 1.05838, 0.399984, 0.480903
2.25027, 0.669555, 1.06488, 0.400336, 0.467452
2.26385, 0.674781, 1.07119, 0.400622, 0.453987
2.27743, 0.680016, 1.07731, 0.400846, 0.440509
2.29102, 0.685259, 1.08325, 0.401011, 0.427022
2.3046, 0.690509, 1.08901, 0.401121, 0.413525
2.31818, 0.695766, 1.09458, 0.401179, 0.40002
2.33177, 0.701027, 1.09996, 0.401187, 0.386509
2.34535, 0.706293, 1.10516, 0.401148, 0.372991
2.35893, 0.711562, 1.11017, 0.401065, 0.359469
2.37252, 0.716834, 1.115, 0.400938, 0.345942
2.3861, 0.722108, 1.11965, 0.40077, 0.332412
2.39968, 0.727383, 1.12411, 0.400564, 0.318878
2.41326, 0.732659, 1.12838, 0.400321, 0.305341
2.42685, 0.737935, 1.13247, 0.400042, 0.291802
2.44043, 0.74321, 1.13637, 0.399729, 0.278261
2.45401, 0.748484, 1.14009, 0.399383, 0.264718
2.4676, 0.753756, 1.14363, 0.399006, 0.251173
2.48118, 0.759025, 1.14698, 0.3986, 0.237627
2.49476, 0.764292, 1.15014, 0.398164, 0.22408
2.50835, 0.769555, 1.15312, 0.397701, 0.210532
2.52193, 0.774814, 1.15592, 0.397211, 0.196984
2.53551, 0.78007, 1.15853, 0.396696, 0.183434
2.5491, 0.78532, 1.16095, 0.396156, 0.169885
2.56268, 0.790565, 1.16319, 0.395592, 0.156335
2.57626, 0.795805, 1.16525, 0.395005, 0.142785
2.58984, 0.801039, 1.16712, 0.394396, 0.129234
2.60343, 0.806267, 1.16881, 0.393766, 0.115684
2.61701, 0.811488, 1.17031, 0.393115, 0.102133
2.63059, 0.816702, 1.17163, 0.392444, 0.0885832
2.64418, 0.821909, 1.17276, 0.391754, 0.075033
2.65776, 0.827108, 1.17371, 0.391045, 0.0614831
2.67134, 0.832299, 1.17448, 0.390318, 0.0479332
2.68493, 0.837482, 1.17506, 0.389573, 0.0343837
2.69851, 0.842656, 1.17545, 0.388812, 0.0208347
