2.39019, 0
0, 0, 0, 0.5, 0
0.0113905, 0.0055937, 3.40382e-05, 0.496291, 0.0107693
0.022781, 0.0111452, 0.000190702, 0.492582, 0.0215387
0.0341715, 0.0166544, 0.00047008, 0.488873, 0.032308
0.045562, 0.0221213, 0.000872088, 0.485165, 0.0430773
0.0569525, 0.027546, 0.00139681, 0.481456, 0.0538466
0.068343, 0.0329285, 0.00204419, 0.477747, 0.0646158
0.0797335, 0.0382687, 0.00281425, 0.474038, 0.0753851
0.0911239, 0.0435667, 0.00370694, 0.470329, 0.0861544
0.102514, 0.0488224, 0.00472238, 0.46662, 0.0969236
0.113905, 0.0540359, 0.00586043, 0.462911, 0.107693
0.125295, 0.0592072, 0.00712119, 0.459203, 0.118462
0.136686, 0.0643362, 0.00850459, 0.455494, 0.129231
0.148076, 0.0694229, 0.0100107, 0.451785, 0.14
0.159467, 0.0744674, 0.0116394, 0.448076, 0.15077
0.170857, 0.0794696, 0.0133908, 0.444367, 0.161539
0.182248, 0.0844296, 0.015265, 0.440659, 0.172308
0.193638, 0.0893474, 0.0172617, 0.43695, 0.183077
0.205029, 0.0942229, 0.0193812, 0.433241, 0.193846
0.216419, 0.0990562, 0.0216233, 0.429532, 0.204615
0.22781, 0.103847, 0.0239881, 0.425823, 0.215384
0.2392, 0.108596, 0.0264755, 0.422114, 0.226153
0.250591, 0.113302, 0.0290857, 0.418406, 0.236922
0.261981, 0.117967, 0.0318185, 0.414697, 0.247691
0.273372, 0.122589, 0.034674, 0.410988, 0.25846
0.284762, 0.127169, 0.0376521, 0.407279, 0.269229
0.296153, 0.131706, 0.0407529, 0.403571, 0.279998
0.307543, 0.136201, 0.0439764, 0.399862, 0.290767
0.318934, 0.140654, 0.0473226, 0.396153, 0.301536
0.330324, 0.145065, 0.0507915, 0.392444, 0.312304
0.341715, 0.149434, 0.054383, 0.388736, 0.323073
0.353105, 0.15376, 0.0580972, 0.385027, 0.333842
0.364496, 0.158044, 0.061934, 0.381318, 0.344611
0.375886, 0.162286, 0.0658936, 0.377609, 0.355379
0.387277, 0.166486, 0.0699758, 0.373901, 0.366148
0.398667, 0.170643, 0.0741806, 0.370192, 0.376916
0.410058, 0.174758, 0.0785082, 0.366483, 0.387685
0.421448, 0.178831, 0.0829584, 0.362775, 0.398453
0.432839, 0.182861, 0.0875313, 0.359066, 0.409221
0.444229, 0.18685, 0.0922269, 0.355358, 0.41999
0.45562, 0.190796, 0.0970452, 0.351649, 0.430758
0.46701, 0.1947, 0.101986, 0.34794, 0.441526
0.478401, 0.198561, 0.10705, 0.344232, 0.452294
0.489791, 0.202381, 0.112236, 0.340523, 0.463062
0.501182, 0.206158, 0.117545, 0.336815, 0.47383
0.512572, 0.209892, 0.122976, 0.333106, 0.484597
0.523963, 0.213585, 0.128531, 0.329398, 0.495365
0.535353, 0.217235, 0.134208, 0.325689, 0.506132
0.546744, 0.220844, 0.140007, 0.321981, 0.5169
0.558134, 0.224409, 0.14593, 0.318273, 0.527667
0.569525, 0.227933, 0.151975, 0.314564, 0.538434
0.580915, 0.231414, 0.158142, 0.310856, 0.5492
0.592306, 0.234854, 0.164433, 0.307148, 0.559967
0.603696, 0.23825, 0.170846, 0.30344, 0.570733
0.615087, 0.241605, 0.177381, 0.299731, 0.581499
0.626477, 0.244918, 0.18404, 0.296023, 0.592265
0.637868, 0.248188, 0.190821, 0.292315, 0.60303
0.649258, 0.251416, 0.197724, 0.288608, 0.613795
0.660649, 0.254601, 0.204751, 0.2849, 0.62456
0.672039, 0.257745, 0.2119, 0.281192, 0.635323
0.68343, 0.260846, 0.219171, 0.277485, 0.646087
0.69482, 0.263905, 0.226566, 0.273777, 0.656849
0.706211, 0.266922, 0.234083, 0.27007, 0.667611
0.717601, 0.269896, 0.241722, 0.266363, 0.678372
0.728992, 0.272828, 0.249485, 0.262657, 0.689132
0.740382, 0.275718, 0.25737, 0.25895, 0.699889
0.751773, 0.278566, 0.265378, 0.255244, 0.710646
0.763163, 0.281372, 0.273508, 0.251539, 0.7214
0.774554, 0.284135, 0.281761, 0.247834, 0.732151
0.785944, 0.286856, 0.290137, 0.244131, 0.742898
0.797335, 0.289535, 0.298636, 0.240428, 0.75364
0.808725, 0.292171, 0.307257, 0.236727, 0.764376
0.820116, 0.294766, 0.316001, 0.233028, 0.775101
0.831506, 0.297318, 0.324867, 0.229333, 0.785811
0.842897, 0.299829, 0.333856, 0.225643, 0.796497
0.854287, 0.302297, 0.342968, 0.221962, 0.80714
0.865677, 0.304724, 0.352203, 0.218302, 0.817696
0.877068, 0.30711, 0.361561, 0.214691, 0.828037
0.888458, 0.30946, 0.371042, 0.211269, 0.837559
0.899849, 0.311811, 0.380638, 0.209158, 0.841559
0.911239, 0.314229, 0.390224, 0.210064, 0.833956
0.92263, 0.316677, 0.39969, 0.212053, 0.823501
0.93402, 0.319145, 0.409028, 0.21443, 0.812633
0.945411, 0.321636, 0.418237, 0.217032, 0.801674
0.956801, 0.324154, 0.427319, 0.21979, 0.790695
0.968192, 0.326701, 0.436274, 0.222663, 0.779719
0.979582, 0.329279, 0.445103, 0.225627, 0.76875
0.990973, 0.331888, 0.453805, 0.228662, 0.757792
1.00236, 0.334531, 0.462383, 0.231757, 0.746846
1.01375, 0.337207, 0.470834, 0.234901, 0.735909
1.02514, 0.339918, 0.479161, 0.238087, 0.724982
1.03653, 0.342665, 0.487363, 0.241309, 0.714064
1.04793, 0.345447, 0.49544, 0.244563, 0.703154
1.05932, 0.348266, 0.503393, 0.247845, 0.692251
1.07071, 0.351121, 0.511221, 0.251151, 0.681354
1.0821, 0.354014, 0.518924, 0.254479, 0.670464
1.09349, 0.356944, 0.526504, 0.257827, 0.659579
1.10488, 0.359911, 0.533959, 0.261192, 0.648699
1.11627, 0.362917, 0.54129, 0.264573, 0.637824
1.12766, 0.36596, 0.548497, 0.267969, 0.626953
1.14028, 0.371382, 0.556572, 0.27245, 0.637405
1.15291, 0.376837, 0.564789, 0.276989, 0.647783
1.16553, 0.382325, 0.573148, 0.281588, 0.658083
1.17816, 0.387845, 0.581648, 0.286249, 0.668299
1.19079, 0.393398, 0.590289, 0.290977, 0.678427
1.20341, 0.398983, 0.599068, 0.295773, 0.688463
1.21604, 0.404601, 0.607986, 0.30064, 0.698399
1.22866, 0.410251, 0.617041, 0.305582, 0.708232
1.24129, 0.415933, 0.626232, 0.310602, 0.717953
1.25391, 0.421647, 0.635558, 0.315703, 0.727557
1.26654, 0.427394, 0.645018, 0.320889, 0.737035
1.27916, 0.433173, 0.65461, 0.326164, 0.746381
1.29179, 0.438983, 0.664332, 0.331531, 0.755586
1.30441, 0.444826, 0.674184, 0.336995, 0.764639
1.31704, 0.450701, 0.684162, 0.342559, 0.773533
1.32966, 0.456607, 0.694266, 0.348228, 0.782256
1.34229, 0.462546, 0.704493, 0.354005, 0.790797
1.35491, 0.468516, 0.714841, 0.359896, 0.799144
1.36754, 0.474517, 0.725307, 0.365904, 0.807284
1.38016, 0.480551, 0.735889, 0.372034, 0.815204
1.39279, 0.486616, 0.746584, 0.378289, 0.822888
1.40542, 0.492714, 0.757389, 0.384675, 0.830322
1.41804, 0.498843, 0.7683, 0.391195, 0.837488
1.43067, 0.505004, 0.779314, 0.397852, 0.844369
1.44329, 0.511198, 0.790427, 0.40465, 0.850947
1.45592, 0.517424, 0.801634, 0.411591, 0.857201
1.46854, 0.523684, 0.812931, 0.418678, 0.863113
1.48117, 0.529976, 0.824312, 0.425911, 0.86866
1.49379, 0.536303, 0.835773, 0.433292, 0.873821
1.50642, 0.542665, 0.847308, 0.440819, 0.878574
1.51904, 0.549062, 0.85891, 0.448491, 0.882897
1.53167, 0.555496, 0.870574, 0.456305, 0.886767
1.54429, 0.561967, 0.882291, 0.464254, 0.890162
1.55692, 0.568478, 0.894055, 0.472334, 0.893061
1.56954, 0.575029, 0.905858, 0.480536, 0.895444
1.58217, 0.581623, 0.917692, 0.488849, 0.897292
1.59479, 0.588262, 0.929549, 0.497262, 0.898589
1.60742, 0.594947, 0.94142, 0.50576, 0.899319
1.62005, 0.601682, 0.953296, 0.514328, 0.899473
1.63267, 0.608468, 0.965168, 0.522949, 0.899042
1.6453, 0.615309, 0.977028, 0.531605, 0.898021
1.65792, 0.622206, 0.988867, 0.540275, 0.896409
1.67055, 0.629164, 1.00067, 0.548941, 0.894208
1.68317, 0.636184, 1.01244, 0.557581, 0.891426
1.6958, 0.643269, 1.02416, 0.566176, 0.888073
1.70842, 0.650422, 1.03583, 0.574706, 0.88416
1.72105, 0.657645, 1.04743, 0.583152, 0.879706
1.73367, 0.66494, 1.05896, 0.591497, 0.874729
1.7463, 0.67231, 1.07041, 0.599723, 0.869249
1.75892, 0.679755, 1.08178, 0.607818, 0.86329
1.77155, 0.687277, 1.09305, 0.615767, 0.856875
1.78417, 0.694878, 1.10423, 0.62356, 0.850029
1.7968, 0.702557, 1.11531, 0.631187, 0.842776
1.80943, 0.710315, 1.12628, 0.638642, 0.835141
1.82205, 0.718153, 1.13714, 0.645917, 0.827148
1.83468, 0.726069, 1.14788, 0.653008, 0.818822
1.8473, 0.734065, 1.1585, 0.659914, 0.810184
1.85993, 0.742138, 1.169, 0.666631, 0.801257
1.87255, 0.750289, 1.17937, 0.673159, 0.792062
1.88518, 0.758516, 1.18961, 0.6795, 0.782617
1.8978, 0.766818, 1.19972, 0.685653, 0.772943
1.91043, 0.775194, 1.2097, 0.691621, 0.763054
1.92305, 0.783642, 1.21954, 0.697407, 0.752969
1.93568, 0.792162, 1.22924, 0.703013, 0.742702
1.9483, 0.800751, 1.23881, 0.708443, 0.732266
1.96093, 0.809407, 1.24823, 0.713701, 0.721674
1.97355, 0.818131, 1.25751, 0.718791, 0.71094
1.98618, 0.826918, 1.26664, 0.723716, 0.700072
1.9988, 0.835769, 1.27563, 0.728482, 0.689082
2.01143, 0.844681, 1.28447, 0.733091, 0.677978
2.02406, 0.853653, 1.29316, 0.73755, 0.66677
2.03668, 0.862683, 1.3017, 0.741861, 0.655465
2.04931, 0.871769, 1.3101, 0.74603, 0.64407
2.06193, 0.88091, 1.31834, 0.75006, 0.632592
2.07456, 0.890104, 1.32643, 0.753955, 0.621037
2.08718, 0.899349, 1.33437, 0.757721, 0.609411
2.09981, 0.908645, 1.34216, 0.76136, 0.597719
2.11243, 0.917989, 1.3498, 0.764877, 0.585966
2.12506, 0.927381, 1.35728, 0.768275, 0.574155
2.13768, 0.936818, 1.36461, 0.771558, 0.562292
2.15031, 0.946299, 1.37178, 0.77473, 0.550379
2.16293, 0.955822, 1.3788, 0.777794, 0.538421
2.17556, 0.965388, 1.38566, 0.780753, 0.52642
2.18818, 0.974993, 1.39237, 0.78361, 0.514379
2.20081, 0.984637, 1.39892, 0.78637, 0.502302
2.21343, 0.994319, 1.40531, 0.789034, 0.49019
2.22606, 1.00404, 1.41155, 0.791605, 0.478046
2.23869, 1.01379, 1.41763, 0.794087, 0.465872
2.25131, 1.02358, 1.42356, 0.796482, 0.45367
2.26394, 1.0334, 1.42933, 0.798793, 0.441442
2.27656, 1.04325, 1.43494, 0.801021, 0.42919
2.28919, 1.05313, 1.44039, 0.80317, 0.416915
2.30181, 1.06305, 1.44569, 0.805242, 0.404618
2.31444, 1.07299, 1.45082, 0.807239, 0.392301
2.32706, 1.08296, 1.4558, 0.809163, 0.379966
2.33969, 1.09295, 1.46062, 0.811016, 0.367613
2.35231, 1.10297, 1.46529, 0.8128, 0.355244
2.36494, 1.11302, 1.46979, 0.814517, 0.34286
2.37756, 1.12309, 1.47414, 0.816169, 0.330461
2.39019, 1.13318, 1.47832, 0.817758, 0.318049
