4.07641, 0.835613
0, 0, 0, 0.5, 0
0.0208395, 0.00882004, -0.000316427, 0.492562, 0.0194055
0.041679, 0.017485, -0.000227145, 0.485124, 0.0388086
0.0625186, 0.025995, 0.000267764, 0.477687, 0.0582092
0.0833581, 0.0343499, 0.00116829, 0.47025, 0.0776073
0.104198, 0.0425499, 0.00247451, 0.462813, 0.0970024
0.125037, 0.0505948, 0.00418637, 0.455377, 0.116394
0.145877, 0.0584848, 0.00630393, 0.447942, 0.135783
0.166716, 0.0662198, 0.0088271, 0.440507, 0.155169
0.187556, 0.0737999, 0.0117559, 0.433073, 0.174551
0.208395, 0.081225, 0.0150904, 0.42564, 0.193929
0.229235, 0.0884952, 0.0188306, 0.418207, 0.213302
0.250074, 0.0956106, 0.0229765, 0.410775, 0.232671
0.270914, 0.102571, 0.027528, 0.403344, 0.252035
0.291753, 0.109377, 0.0324853, 0.395914, 0.271394
0.312593, 0.116028, 0.0378482, 0.388485, 0.290747
0.333432, 0.122524, 0.0436169, 0.381057, 0.310093
0.354272, 0.128865, 0.0497912, 0.373631, 0.329433
0.375111, 0.135052, 0.0563714, 0.366205, 0.348766
0.395951, 0.141084, 0.0633572, 0.358781, 0.36809
0.41679, 0.146962, 0.0707487, 0.351359, 0.387405
0.43763, 0.152685, 0.0785461, 0.343938, 0.406711
0.458469, 0.158254, 0.0867492, 0.33652, 0.426006
0.479309, 0.163668, 0.0953581, 0.329103, 0.445289
0.500148, 0.168928, 0.104373, 0.321689, 0.464558
0.520988, 0.174034, 0.113793, 0.314277, 0.483813
0.541827, 0.178986, 0.12362, 0.306868, 0.503051
0.562667, 0.183785, 0.133852, 0.299463, 0.522271
0.583507, 0.188429, 0.14449, 0.292061, 0.54147
0.604346, 0.19292, 0.155535, 0.284663, 0.560645
0.625186, 0.197258, 0.166985, 0.27727, 0.579793
0.646025, 0.201443, 0.178841, 0.269883, 0.598909
0.666865, 0.205476, 0.191104, 0.262502, 0.617991
0.687704, 0.209356, 0.203772, 0.255129, 0.63703
0.708544, 0.213085, 0.216847, 0.247764, 0.656021
0.729383, 0.216662, 0.230329, 0.24041, 0.674954
0.750223, 0.22009, 0.244216, 0.233068, 0.693819
0.771062, 0.223369, 0.258511, 0.22574, 0.712601
0.791902, 0.2265, 0.273212, 0.218431, 0.731283
0.812741, 0.229485, 0.28832, 0.211144, 0.749841
0.833581, 0.232326, 0.303836, 0.203886, 0.768244
0.85442, 0.235027, 0.319759, 0.196663, 0.78645
0.87526, 0.237591, 0.33609, 0.189487, 0.804401
0.896099, 0.240026, 0.35283, 0.182373, 0.822015
0.916939, 0.242339, 0.369978, 0.175344, 0.839173
0.937778, 0.244545, 0.387534, 0.168433, 0.855699
0.958618, 0.246663, 0.405497, 0.161693, 0.871325
0.979457, 0.248724, 0.423865, 0.155204, 0.885637
1.0003, 0.250776, 0.442625, 0.149098, 0.898001
1.02114, 0.252892, 0.461754, 0.143571, 0.907487
1.04198, 0.255162, 0.481192, 0.138889, 0.912925
1.06282, 0.257674, 0.500829, 0.135331, 0.913273
1.08365, 0.260464, 0.520504, 0.133046, 0.908269
1.10449, 0.263501, 0.540049, 0.131984, 0.898636
1.12533, 0.266718, 0.559333, 0.131961, 0.885579
1.14617, 0.270059, 0.578274, 0.132767, 0.870204
1.16701, 0.273482, 0.596826, 0.13423, 0.853309
1.18785, 0.276967, 0.614966, 0.13622, 0.835416
1.20869, 0.280503, 0.632682, 0.138641, 0.81686
1.22953, 0.284087, 0.649967, 0.141423, 0.797851
1.25037, 0.287719, 0.666818, 0.144511, 0.778533
1.27121, 0.291401, 0.683235, 0.147864, 0.758995
1.29205, 0.295137, 0.699216, 0.15145, 0.739303
1.31289, 0.298932, 0.714762, 0.155241, 0.719498
1.33373, 0.302788, 0.729875, 0.159214, 0.699613
1.35457, 0.30671, 0.744554, 0.163353, 0.67967
1.37541, 0.310702, 0.758801, 0.167641, 0.659685
1.39625, 0.314767, 0.772617, 0.172064, 0.639671
1.41709, 0.318909, 0.786001, 0.176611, 0.619637
1.43793, 0.323131, 0.798956, 0.181272, 0.599588
1.45877, 0.327437, 0.811482, 0.186038, 0.579531
1.47961, 0.331828, 0.823581, 0.190901, 0.55947
1.50045, 0.336308, 0.835251, 0.195855, 0.539407
1.52128, 0.340879, 0.846495, 0.200892, 0.519346
1.54212, 0.345544, 0.857313, 0.206009, 0.499286
1.56296, 0.350305, 0.867706, 0.211198, 0.479231
1.5838, 0.355163, 0.877674, 0.216456, 0.459181
1.60464, 0.360121, 0.887218, 0.221779, 0.439137
1.62548, 0.365181, 0.896338, 0.227163, 0.419099
1.64632, 0.370344, 0.905035, 0.232604, 0.399069
1.66716, 0.375611, 0.91331, 0.2381, 0.379045
1.688, 0.380986, 0.921162, 0.243647, 0.359029
1.70884, 0.386467, 0.928593, 0.249243, 0.339021
1.72968, 0.392059, 0.935602, 0.254885, 0.31902
1.75052, 0.39776, 0.942191, 0.260571, 0.299027
1.77136, 0.403573, 0.948359, 0.2663, 0.279042
1.7922, 0.409499, 0.954107, 0.272068, 0.259064
1.81304, 0.415539, 0.959435, 0.277874, 0.239094
1.83388, 0.421694, 0.964343, 0.283717, 0.219131
1.85472, 0.427965, 0.968833, 0.289595, 0.199176
1.87556, 0.434353, 0.972904, 0.295505, 0.179228
1.8964, 0.440858, 0.976556, 0.301448, 0.159287
1.91724, 0.447483, 0.97979, 0.307422, 0.139353
1.93808, 0.454226, 0.982606, 0.313425, 0.119426
1.95891, 0.46109, 0.985004, 0.319456, 0.0995058
1.97975, 0.468076, 0.986985, 0.325514, 0.079592
2.00059, 0.475183, 0.988548, 0.331599, 0.0596848
2.02143, 0.482412, 0.989695, 0.337709, 0.0397838
2.04227, 0.489765, 0.990424, 0.343843, 0.0198886
2.06311, 0.497241, 0.990737, 0.35, 1.82539e-07
2.08325, 0.502644, 0.990924, 0.348976, 0.0200395
2.10338, 0.508027, 0.991515, 0.347952, 0.0400761
2.12351, 0.513389, 0.992511, 0.346927, 0.0601098
2.14364, 0.518731, 0.993912, 0.345901, 0.0801404
2.16378, 0.524054, 0.995717, 0.344875, 0.100167
2.18391, 0.529356, 0.997928, 0.343849, 0.120191
2.20404, 0.534638, 1.00054, 0.342822, 0.140211
2.22418, 0.5399, 1.00356, 0.341794, 0.160226
2.24431, 0.545142, 1.00699, 0.340765, 0.180237
2.26444, 0.550364, 1.01082, 0.339736, 0.200244
2.28458, 0.555566, 1.01505, 0.338706, 0.220245
2.30471, 0.560748, 1.01969, 0.337675, 0.24024
2.32484, 0.56591, 1.02474, 0.336643, 0.26023
2.34497, 0.571052, 1.03018, 0.33561, 0.280213
2.36511, 0.576174, 1.03604, 0.334576, 0.300189
2.38524, 0.581277, 1.0423, 0.333541, 0.320158
2.40537, 0.58636, 1.04896, 0.332504, 0.340119
2.42551, 0.591423, 1.05603, 0.331466, 0.36007
2.44564, 0.596466, 1.0635, 0.330427, 0.380011
2.46577, 0.60149, 1.07138, 0.329386, 0.399942
2.48591, 0.606495, 1.07966, 0.328342, 0.419861
2.50604, 0.61148, 1.08835, 0.327297, 0.439766
2.52617, 0.616446, 1.09744, 0.32625, 0.459657
2.5463, 0.621393, 1.10693, 0.325199, 0.479531
2.56644, 0.626321, 1.11683, 0.324146, 0.499388
2.58657, 0.63123, 1.12714, 0.32309, 0.519224
2.6067, 0.63612, 1.13785, 0.32203, 0.539037
2.62684, 0.640992, 1.14896, 0.320967, 0.558824
2.64697, 0.645846, 1.16048, 0.319898, 0.578582
2.6671, 0.650683, 1.17241, 0.318824, 0.598306
2.68724, 0.655502, 1.18473, 0.317745, 0.617991
2.70737, 0.660304, 1.19747, 0.316658, 0.637632
2.7275, 0.66509, 1.2106, 0.315563, 0.65722
2.74763, 0.66986, 1.22414, 0.314458, 0.676747
2.76777, 0.674615, 1.23809, 0.313343, 0.696201
2.7879, 0.679357, 1.25244, 0.312214, 0.715569
2.80803, 0.684087, 1.26719, 0.311068, 0.73483
2.82817, 0.688806, 1.28234, 0.309903, 0.753963
2.8483, 0.693517, 1.2979, 0.308714, 0.772936
2.86843, 0.698223, 1.31386, 0.307495, 0.791708
2.88857, 0.702929, 1.33022, 0.306236, 0.810222
2.9087, 0.707639, 1.34698, 0.304928, 0.828403
2.92883, 0.712363, 1.36413, 0.303555, 0.846138
2.94896, 0.717111, 1.38168, 0.302093, 0.863269
2.9691, 0.721901, 1.39961, 0.300511, 0.879561
2.98923, 0.726758, 1.41792, 0.298763, 0.894665
3.00936, 0.731717, 1.43658, 0.296782, 0.908061
3.0295, 0.736827, 1.45555, 0.294479, 0.919003
3.04963, 0.742146, 1.47477, 0.291756, 0.926538
3.06976, 0.747722, 1.49414, 0.28854, 0.929708
3.0899, 0.753562, 1.51352, 0.284847, 0.927995
3.11003, 0.759613, 1.53277, 0.280807, 0.921652
3.13016, 0.765789, 1.55178, 0.2766, 0.911537
3.15029, 0.772007, 1.57049, 0.272389, 0.898646
3.17043, 0.778208, 1.58884, 0.268283, 0.883814
3.19056, 0.784354, 1.60682, 0.264343, 0.867638
3.21069, 0.790426, 1.62442, 0.260596, 0.850525
3.23083, 0.796414, 1.64162, 0.257049, 0.832746
3.25096, 0.802315, 1.65843, 0.253702, 0.814483
3.27109, 0.808128, 1.67485, 0.250545, 0.79586
3.29123, 0.813856, 1.69086, 0.247568, 0.776965
3.31136, 0.819501, 1.70647, 0.244761, 0.75786
3.33149, 0.825068, 1.72168, 0.242112, 0.738591
3.35162, 0.830559, 1.73649, 0.23961, 0.719191
3.37176, 0.83598, 1.75089, 0.237245, 0.699685
3.39189, 0.841333, 1.76489, 0.235009, 0.680092
3.41202, 0.846622, 1.77849, 0.232892, 0.660429
3.43216, 0.851851, 1.79168, 0.230887, 0.640706
3.45229, 0.857022, 1.80447, 0.228985, 0.620933
3.47242, 0.862139, 1.81685, 0.227181, 0.601119
3.49256, 0.867204, 1.82883, 0.225469, 0.581268
3.51269, 0.872221, 1.84041, 0.223843, 0.561386
3.53282, 0.877191, 1.85158, 0.222298, 0.541478
3.55296, 0.882117, 1.86234, 0.220828, 0.521547
3.57309, 0.887001, 1.8727, 0.219431, 0.501595
3.59322, 0.891845, 1.88266, 0.218102, 0.481627
3.61335, 0.896652, 1.89221, 0.216837, 0.461642
3.63349, 0.901423, 1.90135, 0.215633, 0.441643
3.65362, 0.906159, 1.91009, 0.214486, 0.421633
3.67375, 0.910863, 1.91843, 0.213395, 0.401611
3.69389, 0.915535, 1.92636, 0.212355, 0.38158
3.71402, 0.920179, 1.93388, 0.211366, 0.361541
3.73415, 0.924794, 1.941, 0.210424, 0.341493
3.75429, 0.929382, 1.94772, 0.209527, 0.321439
3.77442, 0.933944, 1.95403, 0.208673, 0.301378
3.79455, 0.938482, 1.95993, 0.207861, 0.281311
3.81468, 0.942997, 1.96543, 0.207088, 0.26124
3.83482, 0.94749, 1.97052, 0.206353, 0.241164
3.85495, 0.951961, 1.97521, 0.205654, 0.221083
3.87508, 0.956412, 1.97949, 0.204991, 0.200998
3.89522, 0.960844, 1.98336, 0.20436, 0.18091
3.91535, 0.965257, 1.98683, 0.203762, 0.160819
3.93548, 0.969653, 1.9899, 0.203195, 0.140724
3.95562, 0.974033, 1.99256, 0.202657, 0.120628
3.97575, 0.978396, 1.99481, 0.202148, 0.100528
3.99588, 0.982744, 1.99666, 0.201667, 0.0804264
4.01601, 0.987078, 1.9981, 0.201213, 0.0603227
4.03615, 0.991398, 1.99914, 0.200784, 0.0402168
4.05628, 0.995705, 1.99977, 0.20038, 0.0201092
4.07641, 1, 2, 0.2, 1.30851e-07
