32.3252, 0
0, 0, 0, 0.5, 0
0.169765, 0.0704741, 0.000104047, 0.33024, 0.00131852
0.33953, 0.112127, 0.00043195, 0.16048, 0.00263704
0.509295, 0.124962, 0.00123947, -0.00928026, 0.00392346
0.679061, 0.108977, 0.00175925, -0.17904, 0.00527408
0.848826, 0.0641721, 0.00275866, -0.3488, 0.0065926
1.01859, -0.00945413, 0.00398193, -0.51856, 0.00791111
1.18836, -0.111895, 0.005429, -0.68832, 0.00922963
1.35812, -0.243159, 0.00709994, -0.85808, 0.0105481
1.52789, -0.403241, 0.0089947, -1.02784, 0.0118667
1.69765, -0.592144, 0.0111133, -1.1976, 0.0131852
1.86742, -0.80986, 0.0136679, -1.36736, 0.0144716
2.03718, -1.0564, 0.016022, -1.53712, 0.0158222
2.20695, -1.33176, 0.0190135, -1.70688, 0.0171086
2.37671, -1.63594, 0.0218261, -1.87664, 0.0184593
2.54648, -1.96894, 0.0250639, -2.0464, 0.0197778
2.71624, -2.33076, 0.0285256, -2.21616, 0.0210963
2.88601, -2.72139, 0.032211, -2.38592, 0.0224148
3.05577, -3.14085, 0.0361203, -2.55568, 0.0237333
3.22554, -3.58912, 0.0402535, -2.72544, 0.0250518
3.3953, -4.06622, 0.0446105, -2.8952, 0.0263704
3.56507, -4.57213, 0.0491913, -3.06496, 0.0276889
3.73483, -5.10686, 0.053996, -3.23472, 0.0290074
3.9046, -5.67042, 0.0590245, -3.40448, 0.0303259
4.07436, -6.26279, 0.0642768, -3.57424, 0.0316444
4.24413, -6.88398, 0.0698889, -3.744, 0.0329309
4.41389, -7.53399, 0.0756598, -3.91376, 0.0342306
4.58366, -8.21282, 0.081575, -4.08352, 0.0355491
4.75342, -8.92047, 0.0875246, -4.25328, 0.0369185
4.92319, -9.65694, 0.094077, -4.42304, 0.0381862
5.09295, -10.4222, 0.100491, -4.5928, 0.0395555
5.26272, -11.2163, 0.107311, -4.76256, 0.0408741
5.43248, -12.0393, 0.114509, -4.93232, 0.0421417
5.60225, -12.891, 0.121621, -5.10208, 0.0435111
5.77201, -13.7716, 0.129313, -5.27184, 0.0447551
5.94178, -14.681, 0.137015, -5.4416, 0.0460736
6.11154, -15.6192, 0.144941, -5.61136, 0.0473921
6.28131, -16.5862, 0.153038, -5.78112, 0.0487343
6.45107, -17.582, 0.161378, -5.95088, 0.0500716
6.62084, -18.6067, 0.170077, -6.12064, 0.0513392
6.79061, -19.6602, 0.178842, -6.2904, 0.0526899
6.96037, -20.7425, 0.18794, -6.46016, 0.0539763
7.13014, -21.8536, 0.197164, -6.62992, 0.0553269
7.2999, -22.9935, 0.206731, -6.79968, 0.0565852
7.46967, -24.1623, 0.216432, -6.96944, 0.057913
7.63943, -25.3599, 0.226388, -7.13919, 0.0592079
7.8092, -26.5863, 0.236543, -7.30895, 0.0605264
7.97896, -27.8415, 0.246923, -7.47871, 0.0618449
8.14873, -29.1255, 0.257524, -7.64848, 0.0631701
8.31849, -30.4384, 0.268267, -7.81824, 0.0650203
8.48826, -31.7799, 0.2794, -7.96757, 0.0652786
8.65802, -33.1183, 0.290355, -7.79844, 0.0638322
8.82779, -34.4278, 0.301077, -7.6287, 0.0624831
8.99755, -35.7084, 0.311571, -7.45895, 0.0611463
9.16732, -36.9603, 0.321838, -7.28919, 0.0598146
9.33708, -38.1833, 0.33188, -7.11944, 0.058486
9.50685, -39.3776, 0.341696, -6.94967, 0.0571591
9.67661, -40.543, 0.351287, -6.77991, 0.0558335
9.84638, -41.6796, 0.360653, -6.61015, 0.0545088
10.0161, -42.7873, 0.369795, -6.4404, 0.0531849
10.1859, -43.8663, 0.378711, -6.27063, 0.0518615
10.3557, -44.9164, 0.387403, -6.10087, 0.0505386
10.5254, -45.9377, 0.395871, -5.93112, 0.0492161
10.6952, -46.9302, 0.404114, -5.76135, 0.0478939
10.865, -47.8938, 0.412132, -5.59159, 0.046572
11.0347, -48.8287, 0.419926, -5.42183, 0.0452502
11.2045, -49.7347, 0.427496, -5.25208, 0.0439288
11.3743, -50.6119, 0.434842, -5.08232, 0.0426075
11.544, -51.4603, 0.441963, -4.91255, 0.0412863
11.7138, -52.2799, 0.448859, -4.7428, 0.0399653
11.8836, -53.0706, 0.455532, -4.57303, 0.0386444
12.0533, -53.8326, 0.46198, -4.40328, 0.0373236
12.2231, -54.5657, 0.468204, -4.23351, 0.0360029
12.3929, -55.27, 0.474204, -4.06376, 0.0346824
12.5626, -55.9455, 0.47998, -3.894, 0.0333619
12.7324, -56.5921, 0.485532, -3.72424, 0.0320415
12.9021, -57.21, 0.490859, -3.55448, 0.0307212
13.0719, -57.799, 0.495963, -3.38472, 0.0294009
13.2417, -58.3592, 0.500842, -3.21496, 0.0280807
13.4114, -58.8905, 0.505497, -3.04519, 0.0267606
13.5812, -59.3931, 0.509928, -2.87544, 0.0254405
13.751, -59.8668, 0.514135, -2.70567, 0.0241204
13.9207, -60.3117, 0.518117, -2.53591, 0.0228005
14.0905, -60.7279, 0.521876, -2.36616, 0.0214805
14.2603, -61.1152, 0.525411, -2.1964, 0.0201606
14.43, -61.4736, 0.528721, -2.02664, 0.0188408
14.5998, -61.8032, 0.531808, -1.85688, 0.0175209
14.7696, -62.1041, 0.53467, -1.68712, 0.0162012
14.9393, -62.3761, 0.537309, -1.51736, 0.0148814
15.1091, -62.6193, 0.539723, -1.34759, 0.0135617
15.2789, -62.8336, 0.541913, -1.17783, 0.012242
15.4486, -63.0192, 0.54388, -1.00808, 0.0109223
15.6184, -63.1759, 0.545622, -0.838316, 0.00960271
15.7882, -63.3038, 0.54714, -0.668556, 0.0082831
15.9579, -63.4029, 0.548434, -0.498797, 0.00696352
16.1277, -63.4732, 0.549504, -0.329036, 0.00564396
16.2975, -63.5146, 0.55035, -0.159276, 0.00432443
16.4672, -63.5272, 0.550972, 0.0104831, 0.00300492
16.637, -63.5111, 0.551371, 0.180241, 0.00168544
16.8067, -63.466, 0.551545, 0.350005, 0.000365944
16.9619, -63.3997, 0.551826, 0.505183, 0.000734394
17.1171, -63.3093, 0.552038, 0.660365, 0.0018981
17.2723, -63.1948, 0.54933, 0.815541, 0.0034911
17.4275, -63.0562, 0.549969, 0.970722, 0.0046548
17.5827, -62.8935, 0.550789, 1.1259, 0.0058185
17.7379, -62.7067, 0.554688, 1.28109, 0.0065529
17.893, -62.4959, 0.55297, 1.43626, 0.0081459
18.0482, -62.2609, 0.554331, 1.59144, 0.0093096
18.2034, -62.002, 0.558573, 1.74663, 0.010044
18.3586, -61.7188, 0.557596, 1.9018, 0.011637
18.5138, -61.4117, 0.559499, 2.05698, 0.0128007
18.669, -61.0804, 0.564082, 2.21217, 0.0135351
18.8242, -60.7251, 0.563847, 2.36735, 0.0151281
18.9793, -60.3457, 0.566292, 2.52253, 0.0162918
19.1345, -59.9422, 0.568917, 2.67771, 0.0174555
19.2897, -59.5146, 0.571723, 2.83289, 0.0186192
19.4449, -59.0629, 0.57471, 2.98807, 0.0197829
19.6001, -58.5872, 0.577877, 3.14325, 0.0209466
19.7553, -58.0874, 0.581225, 3.29843, 0.0221103
19.9104, -57.5634, 0.584753, 3.45361, 0.023274
20.0656, -57.0155, 0.588462, 3.60879, 0.0244377
20.2208, -56.4434, 0.59222, 3.76397, 0.0256324
20.376, -55.8472, 0.596422, 3.91915, 0.0267651
20.5312, -55.227, 0.600673, 4.07433, 0.0279288
20.6864, -54.5827, 0.604986, 4.22951, 0.0291235
20.8416, -53.9143, 0.609716, 4.38469, 0.0302562
20.9967, -53.2218, 0.614401, 4.53987, 0.0314509
21.1519, -52.5053, 0.619379, 4.69505, 0.0326146
21.3071, -51.7646, 0.624537, 4.85023, 0.0337783
21.4623, -50.9999, 0.62997, 5.00541, 0.034911
21.6175, -50.2111, 0.635396, 5.16059, 0.0361057
21.7727, -49.3982, 0.64118, 5.31577, 0.0372384
21.9278, -48.5612, 0.646931, 5.47095, 0.0384512
22.083, -47.7002, 0.653038, 5.62613, 0.0395968
22.2382, -46.815, 0.65924, 5.78131, 0.0407786
22.3934, -45.9058, 0.666669, 5.9365, 0.0414639
22.5486, -44.9725, 0.672246, 6.09167, 0.0431188
22.7038, -44.0152, 0.679145, 6.24686, 0.0442206
22.859, -43.0337, 0.686054, 6.40204, 0.0454153
23.0141, -42.0282, 0.693117, 6.55721, 0.0466349
23.1693, -40.9985, 0.700501, 6.7124, 0.0477608
23.3245, -39.9448, 0.70801, 6.86758, 0.0489245
23.4797, -38.8671, 0.715661, 7.02275, 0.050126
23.6349, -37.7652, 0.723524, 7.17793, 0.0513056
23.7901, -36.6392, 0.731599, 7.33312, 0.0524465
23.9452, -35.4892, 0.739816, 7.48829, 0.0536447
24.1004, -34.3151, 0.74824, 7.64347, 0.0548049
24.2556, -33.1169, 0.756835, 7.79864, 0.0559956
24.4108, -31.8946, 0.765617, 7.95376, 0.0572273
24.566, -30.6539, 0.774571, 7.95896, 0.0576017
24.7212, -29.4308, 0.783424, 7.80382, 0.0564884
24.8764, -28.2318, 0.792102, 7.64866, 0.0553479
25.0315, -27.0569, 0.800602, 7.49347, 0.0541992
25.1867, -25.9061, 0.808924, 7.33829, 0.0530468
25.3419, -24.7793, 0.817066, 7.18312, 0.0518922
25.4971, -23.6767, 0.82503, 7.02794, 0.0507359
25.6523, -22.5981, 0.832813, 6.87276, 0.0495787
25.8075, -21.5436, 0.840417, 6.71758, 0.0484205
25.9627, -20.5131, 0.847842, 6.5624, 0.0472618
26.1178, -19.5068, 0.855086, 6.40722, 0.0461026
26.273, -18.5245, 0.86215, 6.25204, 0.044943
26.4282, -17.5664, 0.869035, 6.09686, 0.043783
26.5834, -16.6322, 0.875739, 5.94168, 0.0426228
26.7386, -15.7222, 0.882264, 5.7865, 0.0414623
26.8938, -14.8363, 0.888608, 5.63132, 0.0403015
27.0489, -13.9744, 0.894772, 5.47614, 0.0391406
27.2041, -13.1367, 0.900756, 5.32096, 0.0379796
27.3593, -12.323, 0.90656, 5.16577, 0.0368184
27.5145, -11.5334, 0.912183, 5.01059, 0.035657
27.6697, -10.7678, 0.917627, 4.85542, 0.0344956
27.8249, -10.0264, 0.92289, 4.70023, 0.033334
27.9801, -9.30902, 0.927972, 4.54506, 0.0321723
28.1352, -8.61575, 0.932875, 4.38987, 0.0310105
28.2904, -7.94655, 0.937597, 4.23469, 0.0298487
28.4456, -7.30144, 0.942139, 4.07951, 0.0286868
28.6008, -6.68039, 0.946501, 3.92433, 0.0275248
28.756, -6.08343, 0.950682, 3.76915, 0.0263628
28.9112, -5.51056, 0.954683, 3.61397, 0.0252007
29.0663, -4.96176, 0.958503, 3.45879, 0.0240385
29.2215, -4.43707, 0.962144, 3.30361, 0.0228763
29.3767, -3.93642, 0.965604, 3.14843, 0.0217141
29.5319, -3.45987, 0.968883, 2.99325, 0.0205518
29.6871, -3.00743, 0.971982, 2.83807, 0.0193894
29.8423, -2.57903, 0.974901, 2.68289, 0.018227
29.9975, -2.17472, 0.977639, 2.52771, 0.0170646
30.1526, -1.7945, 0.980197, 2.37253, 0.0159021
30.3078, -1.43837, 0.982575, 2.21735, 0.0147397
30.463, -1.10631, 0.984772, 2.06217, 0.0135771
30.6182, -0.798332, 0.986789, 1.90699, 0.0124146
30.7734, -0.514442, 0.988625, 1.75181, 0.011252
30.9286, -0.254627, 0.990281, 1.59662, 0.0100894
31.0837, -0.0188904, 0.991757, 1.44144, 0.00892673
31.2389, 0.19276, 0.993052, 1.28627, 0.00776409
31.3941, 0.380329, 0.994166, 1.13108, 0.0066014
31.5493, 0.543816, 0.9951, 0.975905, 0.0054387
31.7045, 0.68322, 0.995854, 0.820723, 0.00427596
31.8597, 0.798546, 0.996428, 0.665545, 0.00311322
32.0149, 0.889778, 0.99682, 0.510362, 0.00195043
32.17, 0.95694, 0.997033, 0.355182, 0.000787648
32.3252, 1.00002, 0.997065, 0.200002, -0.000375151
