34.7327, 0
0, 0, 0, 0.5, 0
0.181964, 0.0744273, 0.000104658, 0.31804, 0.00123014
0.363927, 0.115746, 0.00043315, 0.136081, 0.00246028
0.545891, 0.12395, 0.000985509, -0.0458784, 0.00369041
0.727855, 0.0990476, 0.00176169, -0.227838, 0.00492055
0.909818, 0.0410339, 0.00276171, -0.409798, 0.00615069
1.09178, -0.0500889, 0.00398557, -0.591757, 0.00738083
1.27375, -0.174323, 0.00543328, -0.773717, 0.00861097
1.45571, -0.331666, 0.00710483, -0.955676, 0.0098411
1.63767, -0.522119, 0.0090002, -1.13764, 0.0110712
1.81964, -0.74568, 0.0111194, -1.3196, 0.0123014
2.0016, -1.00236, 0.0134625, -1.50155, 0.0135315
2.18356, -1.29214, 0.0160294, -1.68351, 0.0147617
2.36553, -1.61503, 0.0188201, -1.86547, 0.0159918
2.54749, -1.97104, 0.0218347, -2.04743, 0.0172219
2.72945, -2.36015, 0.0250732, -2.22939, 0.0184521
2.91142, -2.78237, 0.0285354, -2.41135, 0.0196822
3.09338, -3.23771, 0.0322215, -2.59331, 0.0209123
3.27535, -3.72615, 0.0361315, -2.77527, 0.0221425
3.45731, -4.24771, 0.0402653, -2.95723, 0.0233726
3.63927, -4.80237, 0.0446229, -3.13919, 0.0246028
3.82124, -5.39014, 0.0492044, -3.32115, 0.0258329
4.0032, -6.01102, 0.0540097, -3.50311, 0.027063
4.18516, -6.66502, 0.0590388, -3.68507, 0.0282932
4.36713, -7.35212, 0.0642918, -3.86703, 0.0295233
4.54909, -8.07233, 0.0697687, -4.04899, 0.0307534
4.73106, -8.82566, 0.0754693, -4.23095, 0.0319836
4.91302, -9.61209, 0.0813938, -4.41291, 0.0332137
5.09498, -10.4316, 0.0875422, -4.59487, 0.0344439
5.27695, -11.2843, 0.0939144, -4.77683, 0.035674
5.45891, -12.1701, 0.10051, -4.95879, 0.0369041
5.64087, -13.0889, 0.10733, -5.14075, 0.0381343
5.82284, -14.0409, 0.114374, -5.32271, 0.0393644
6.0048, -15.026, 0.121642, -5.50466, 0.0405946
6.18676, -16.0442, 0.129133, -5.68662, 0.0418247
6.36873, -17.0955, 0.136848, -5.86858, 0.0430548
6.55069, -18.1799, 0.144787, -6.05054, 0.044285
6.73266, -19.2975, 0.15295, -6.2325, 0.0455151
6.91462, -20.4481, 0.161337, -6.41446, 0.0467453
7.09658, -21.6319, 0.169948, -6.59642, 0.0479754
7.27855, -22.8487, 0.178782, -6.77838, 0.0492055
7.46051, -24.0987, 0.18784, -6.96034, 0.0504357
7.64247, -25.3818, 0.197122, -7.1423, 0.0516658
7.82444, -26.698, 0.206628, -7.32426, 0.0528959
8.0064, -28.0473, 0.216358, -7.50622, 0.0541261
8.18836, -29.4297, 0.226312, -7.68818, 0.0553562
8.37033, -30.8452, 0.236489, -7.87014, 0.0565864
8.55229, -32.2939, 0.246891, -8.05211, 0.0578166
8.73426, -33.7756, 0.257516, -8.23406, 0.0590466
8.91622, -35.2905, 0.268365, -8.41607, 0.0602771
9.09818, -36.8382, 0.279424, -8.56591, 0.0604973
9.28015, -38.3803, 0.290308, -8.38409, 0.0591678
9.46211, -39.8894, 0.30096, -8.2021, 0.0579115
9.64407, -41.3653, 0.311384, -8.02015, 0.0566658
9.82604, -42.8081, 0.321583, -7.83819, 0.0554244
10.008, -44.2178, 0.331555, -7.65623, 0.0541855
10.19, -45.5944, 0.341302, -7.47427, 0.0529483
10.3719, -46.9379, 0.350824, -7.2923, 0.051712
10.5539, -48.2483, 0.360122, -7.11034, 0.0504766
10.7359, -49.5256, 0.369194, -6.92838, 0.0492418
10.9178, -50.7697, 0.378042, -6.74643, 0.0480075
11.0998, -51.9808, 0.386665, -6.56446, 0.0467736
11.2817, -53.1587, 0.395064, -6.38251, 0.04554
11.4637, -54.3035, 0.403239, -6.20054, 0.0443067
11.6457, -55.4153, 0.411189, -6.01859, 0.0430736
11.8276, -56.4939, 0.418915, -5.83663, 0.0418408
12.0096, -57.5394, 0.426416, -5.65467, 0.0406081
12.1916, -58.5518, 0.433693, -5.47271, 0.0393755
12.3735, -59.531, 0.440746, -5.29075, 0.0381431
12.5555, -60.4772, 0.447574, -5.10879, 0.0369108
12.7375, -61.3902, 0.454179, -4.92683, 0.0356786
12.9194, -62.2702, 0.460559, -4.74487, 0.0344466
13.1014, -63.117, 0.466715, -4.56291, 0.0332146
13.2833, -63.9308, 0.472646, -4.38095, 0.0319827
13.4653, -64.7114, 0.478354, -4.19899, 0.0307508
13.6473, -65.4589, 0.483837, -4.01703, 0.0295191
13.8292, -66.1733, 0.489097, -3.83507, 0.0282874
14.0112, -66.8546, 0.494132, -3.65311, 0.0270558
14.1932, -67.5028, 0.498943, -3.47115, 0.0258242
14.3751, -68.1178, 0.50353, -3.28919, 0.0245926
14.5571, -68.6998, 0.507893, -3.10723, 0.0233611
14.7391, -69.2486, 0.512032, -2.92527, 0.0221297
14.921, -69.7644, 0.515947, -2.74331, 0.0208983
15.103, -70.247, 0.519637, -2.56135, 0.0196669
15.2849, -70.6965, 0.523104, -2.3794, 0.0184356
15.4669, -71.1129, 0.526347, -2.19744, 0.0172043
15.6489, -71.4962, 0.529365, -2.01548, 0.0159731
15.8308, -71.8464, 0.53216, -1.83352, 0.0147418
16.0128, -72.1635, 0.53473, -1.65156, 0.0135107
16.1948, -72.4475, 0.537077, -1.4696, 0.0122795
16.3767, -72.6983, 0.539199, -1.28764, 0.0110483
16.5587, -72.9161, 0.541097, -1.10568, 0.0098172
16.7407, -73.1007, 0.542772, -0.923717, 0.00858609
16.9226, -73.2522, 0.544222, -0.741759, 0.00735503
17.1046, -73.3707, 0.545448, -0.559802, 0.006124
17.2865, -73.456, 0.546451, -0.377838, 0.00489293
17.4685, -73.5082, 0.547229, -0.19588, 0.00366193
17.6505, -73.5272, 0.547783, -0.0139208, 0.00243094
17.8324, -73.5132, 0.548114, 0.168036, 0.00119998
18.0144, -73.4661, 0.54822, 0.349996, -3.09828e-05
18.1816, -73.3936, 0.548594, 0.51718, 0.0010802
18.3488, -73.2931, 0.548871, 0.684359, 0.0021604
18.516, -73.1648, 0.549329, 0.851539, 0.0032406
18.6831, -73.0084, 0.549967, 1.01872, 0.0043208
18.8503, -72.8241, 0.550786, 1.1859, 0.005401
19.0175, -72.6119, 0.551786, 1.35308, 0.0064812
19.1847, -72.3717, 0.552966, 1.52026, 0.0075614
19.3519, -72.1036, 0.554327, 1.68744, 0.0086416
19.5191, -71.8075, 0.555868, 1.85462, 0.0097218
19.6862, -71.4835, 0.55759, 2.0218, 0.010802
19.8534, -71.1315, 0.559493, 2.18898, 0.0118822
20.0206, -70.7515, 0.561576, 2.35616, 0.0129624
20.1878, -70.3436, 0.563839, 2.52334, 0.0140426
20.355, -69.9078, 0.566284, 2.69052, 0.0151228
20.5222, -69.444, 0.568909, 2.8577, 0.016203
20.6893, -68.9523, 0.571714, 3.02488, 0.0172832
20.8565, -68.4326, 0.5747, 3.19206, 0.0183634
21.0237, -67.885, 0.577867, 3.35924, 0.0194436
21.1909, -67.3094, 0.581214, 3.52642, 0.0205238
21.3581, -66.7059, 0.584742, 3.6936, 0.021604
21.5253, -66.0744, 0.58845, 3.86078, 0.0226842
21.6924, -65.4149, 0.59234, 4.02796, 0.0237644
21.8596, -64.7276, 0.596409, 4.19514, 0.0248446
22.0268, -64.0122, 0.600659, 4.36232, 0.0259248
22.194, -63.269, 0.60509, 4.5295, 0.027005
22.3612, -62.4977, 0.609702, 4.69668, 0.0280852
22.5284, -61.6985, 0.614494, 4.86385, 0.0291654
22.6955, -60.8714, 0.619466, 5.03104, 0.0302456
22.8627, -60.0163, 0.624619, 5.19822, 0.0313258
23.0299, -59.1333, 0.629953, 5.3654, 0.032406
23.1971, -58.2223, 0.635468, 5.53258, 0.0334862
23.3643, -57.2834, 0.641163, 5.69975, 0.0345664
23.5315, -56.3165, 0.647038, 5.86693, 0.0356466
23.6986, -55.3217, 0.653094, 6.03412, 0.0367268
23.8658, -54.2989, 0.659331, 6.20129, 0.037807
24.033, -53.2482, 0.665748, 6.36848, 0.0388872
24.2002, -52.1695, 0.672346, 6.53565, 0.0399674
24.3674, -51.0629, 0.679125, 6.70283, 0.0410476
24.5345, -49.9283, 0.686084, 6.87002, 0.0421278
24.7017, -48.7658, 0.693224, 7.03719, 0.043208
24.8689, -47.5753, 0.700544, 7.20438, 0.0442882
25.0361, -46.3569, 0.708045, 7.37156, 0.0453684
25.2033, -45.1105, 0.715726, 7.53874, 0.0464487
25.3705, -43.8362, 0.723588, 7.70592, 0.0475288
25.5376, -42.5339, 0.731631, 7.8731, 0.048609
25.7048, -41.2037, 0.739854, 8.04029, 0.0496893
25.872, -39.8455, 0.748258, 8.20747, 0.0507695
26.0392, -38.4594, 0.756842, 8.37465, 0.0518497
26.2064, -37.0453, 0.765607, 8.54186, 0.0529301
26.3736, -35.6089, 0.774573, 8.55911, 0.0538697
26.5407, -34.192, 0.783493, 8.39184, 0.0528334
26.7079, -32.803, 0.792238, 8.22464, 0.051773
26.8751, -31.4419, 0.800804, 8.05747, 0.0507057
27.0423, -30.1088, 0.809192, 7.89028, 0.0496352
27.2095, -28.8037, 0.8174, 7.7231, 0.0485627
27.3767, -27.5265, 0.825429, 7.55592, 0.0474889
27.5438, -26.2772, 0.833279, 7.38874, 0.0464141
27.711, -25.0559, 0.840949, 7.22156, 0.0453387
27.8782, -23.8626, 0.848439, 7.05438, 0.0442627
28.0454, -22.6972, 0.855748, 6.8872, 0.0431863
28.2126, -21.5597, 0.862879, 6.72002, 0.0421096
28.3798, -20.4503, 0.869828, 6.55284, 0.0410326
28.5469, -19.3687, 0.876598, 6.38566, 0.0399553
28.7141, -18.3151, 0.883188, 6.21848, 0.0388778
28.8813, -17.2894, 0.889598, 6.0513, 0.0378001
29.0485, -16.2917, 0.895827, 5.88412, 0.0367223
29.2157, -15.322, 0.901877, 5.71694, 0.0356444
29.3829, -14.3802, 0.907746, 5.54976, 0.0345663
29.55, -13.4664, 0.913434, 5.38258, 0.0334881
29.7172, -12.5804, 0.918943, 5.2154, 0.0324098
29.8844, -11.7225, 0.924271, 5.04822, 0.0313314
30.0516, -10.8925, 0.929419, 4.88104, 0.0302529
30.2188, -10.0904, 0.934387, 4.71386, 0.0291744
30.386, -9.31633, 0.939174, 4.54668, 0.0280957
30.5531, -8.57018, 0.943781, 4.3795, 0.0270171
30.7203, -7.85197, 0.948207, 4.21232, 0.0259383
30.8875, -7.16172, 0.952454, 4.04514, 0.0248595
31.0547, -6.49941, 0.95652, 3.87796, 0.0237807
31.2219, -5.86507, 0.960405, 3.71078, 0.0227018
31.3891, -5.25867, 0.96411, 3.5436, 0.0216228
31.5562, -4.68021, 0.967635, 3.37642, 0.0205439
31.7234, -4.12969, 0.97098, 3.20924, 0.0194649
31.8906, -3.60714, 0.974144, 3.04206, 0.0183858
32.0578, -3.11253, 0.977127, 2.87488, 0.0173067
32.225, -2.64588, 0.97993, 2.7077, 0.0162276
32.3922, -2.20715, 0.982553, 2.54052, 0.0151485
32.5593, -1.79641, 0.984995, 2.37334, 0.0140693
32.7265, -1.4136, 0.987257, 2.20616, 0.0129901
32.8937, -1.05875, 0.989339, 2.03898, 0.0119109
33.0609, -0.731834, 0.99124, 1.8718, 0.0108316
33.2281, -0.432877, 0.992961, 1.70462, 0.00975235
33.3953, -0.161865, 0.994501, 1.53744, 0.00867306
33.5624, 0.0811996, 0.995861, 1.37026, 0.00759373
33.7296, 0.29631, 0.99704, 1.20308, 0.0065144
33.8968, 0.483475, 0.998039, 1.0359, 0.00543504
34.064, 0.642662, 0.998857, 0.868723, 0.00435566
34.2312, 0.773941, 0.999495, 0.701542, 0.00327627
34.3984, 0.877235, 0.999953, 0.534361, 0.00219685
34.5655, 0.952591, 1.00023, 0.367181, 0.00111742
34.7327, 1.00003, 1.00033, 0.200003, 3.7993e-05
