2.57691, 0
0, 0, 0, 0.5, 0
0.0126862, 0.00601614, -5.97084e-05, 0.494597, 0.0114716
0.0253725, 0.0119637, 2.61744e-05, 0.489193, 0.022943
0.0380587, 0.0178427, 0.000257706, 0.48379, 0.0344142
0.0507449, 0.0236532, 0.000634808, 0.478387, 0.0458852
0.0634311, 0.0293951, 0.00115748, 0.472984, 0.057356
0.0761174, 0.0350684, 0.00182585, 0.46758, 0.0688266
0.0888036, 0.0406732, 0.00263972, 0.462177, 0.0802971
0.10149, 0.0462094, 0.00359926, 0.456774, 0.0917672
0.114176, 0.051677, 0.00470444, 0.451371, 0.103237
0.126862, 0.0570761, 0.00595517, 0.445968, 0.114707
0.139549, 0.0624066, 0.0073515, 0.440566, 0.126176
0.152235, 0.0676686, 0.00889348, 0.435163, 0.137645
0.164921, 0.072862, 0.010581, 0.42976, 0.149114
0.177607, 0.0779868, 0.0124142, 0.424358, 0.160582
0.190293, 0.0830431, 0.0143929, 0.418955, 0.17205
0.20298, 0.0880308, 0.0165173, 0.413553, 0.183518
0.215666, 0.09295, 0.0187873, 0.40815, 0.194986
0.228352, 0.0978006, 0.0212029, 0.402748, 0.206453
0.241038, 0.102583, 0.0237641, 0.397346, 0.217919
0.253725, 0.107296, 0.0264709, 0.391944, 0.229385
0.266411, 0.111941, 0.0293233, 0.386542, 0.240851
0.279097, 0.116517, 0.0323213, 0.381141, 0.252316
0.291783, 0.121025, 0.0354649, 0.375739, 0.26378
0.304469, 0.125465, 0.0387542, 0.370338, 0.275244
0.317156, 0.129835, 0.042189, 0.364936, 0.286708
0.329842, 0.134138, 0.0457695, 0.359535, 0.29817
0.342528, 0.138371, 0.0494956, 0.354134, 0.309632
0.355214, 0.142536, 0.0533672, 0.348734, 0.321093
0.367901, 0.146633, 0.0573845, 0.343333, 0.332553
0.380587, 0.150661, 0.0615474, 0.337933, 0.344012
0.393273, 0.15462, 0.0658559, 0.332533, 0.355471
0.405959, 0.158511, 0.07031, 0.327133, 0.366928
0.418646, 0.162333, 0.0749098, 0.321734, 0.378384
0.431332, 0.166087, 0.0796551, 0.316335, 0.389838
0.444018, 0.169773, 0.0845461, 0.310936, 0.401292
0.456704, 0.173389, 0.0895826, 0.305538, 0.412743
0.46939, 0.176938, 0.0947648, 0.30014, 0.424193
0.482077, 0.180417, 0.100093, 0.294743, 0.435642
0.494763, 0.183829, 0.105566, 0.289346, 0.447088
0.507449, 0.187171, 0.111185, 0.28395, 0.458531
0.520135, 0.190445, 0.11695, 0.278554, 0.469972
0.532822, 0.193651, 0.12286, 0.273159, 0.48141
0.545508, 0.196788, 0.128916, 0.267765, 0.492845
0.558194, 0.199857, 0.135118, 0.262372, 0.504277
0.57088, 0.202857, 0.141465, 0.25698, 0.515704
0.583566, 0.205789, 0.147958, 0.251589, 0.527126
0.596253, 0.208653, 0.154596, 0.2462, 0.538543
0.608939, 0.211448, 0.16138, 0.240812, 0.549953
0.621625, 0.214174, 0.16831, 0.235427, 0.561356
0.634311, 0.216832, 0.175386, 0.230043, 0.57275
0.646998, 0.219422, 0.182607, 0.224662, 0.584134
0.659684, 0.221944, 0.189973, 0.219285, 0.595505
0.67237, 0.224397, 0.197486, 0.213911, 0.606861
0.685056, 0.226783, 0.205144, 0.208542, 0.618198
0.697743, 0.2291, 0.212948, 0.20318, 0.629512
0.710429, 0.23135, 0.220898, 0.197825, 0.640797
0.723115, 0.233531, 0.228994, 0.192479, 0.652043
0.735801, 0.235646, 0.237236, 0.187147, 0.663238
0.748487, 0.237694, 0.245623, 0.181834, 0.674364
0.761174, 0.239675, 0.254157, 0.176545, 0.685392
0.77386, 0.241591, 0.262838, 0.171295, 0.696276
0.786546, 0.243445, 0.271665, 0.166104, 0.706938
0.799232, 0.245239, 0.280639, 0.16101, 0.71723
0.811919, 0.24698, 0.289761, 0.156095, 0.726858
0.824605, 0.248686, 0.299031, 0.151535, 0.73519
0.837291, 0.25039, 0.308443, 0.147727, 0.740846
0.849977, 0.252155, 0.317958, 0.145358, 0.741642
0.862663, 0.254018, 0.327484, 0.14483, 0.736782
0.87535, 0.255955, 0.336919, 0.145747, 0.728181
0.888036, 0.257936, 0.346217, 0.147563, 0.717794
0.900722, 0.259949, 0.35536, 0.149953, 0.706595
0.913408, 0.261993, 0.364345, 0.15274, 0.69501
0.926095, 0.264068, 0.373171, 0.15582, 0.683232
0.938781, 0.266177, 0.381838, 0.159129, 0.671356
0.951467, 0.268324, 0.390347, 0.162623, 0.65943
0.964153, 0.270509, 0.398698, 0.166271, 0.647482
0.976839, 0.272736, 0.406893, 0.170047, 0.635527
0.989526, 0.275007, 0.414932, 0.173934, 0.623575
1.00221, 0.277323, 0.422816, 0.177918, 0.611629
1.0149, 0.279686, 0.430545, 0.181986, 0.599693
1.02758, 0.282097, 0.43812, 0.186128, 0.587768
1.04027, 0.284557, 0.445542, 0.190338, 0.575857
1.05296, 0.287068, 0.45281, 0.194607, 0.563957
1.06564, 0.289631, 0.459925, 0.19893, 0.55207
1.07833, 0.292246, 0.466888, 0.203302, 0.540195
1.09102, 0.294914, 0.473699, 0.207719, 0.528333
1.1037, 0.297637, 0.480358, 0.212178, 0.516481
1.11639, 0.300414, 0.486865, 0.216674, 0.504641
1.12907, 0.303246, 0.493221, 0.221204, 0.492812
1.14176, 0.306134, 0.499426, 0.225767, 0.480992
1.15445, 0.309078, 0.505479, 0.23036, 0.469182
1.16713, 0.312079, 0.511382, 0.23498, 0.457381
1.17982, 0.315137, 0.517135, 0.239627, 0.44559
1.19251, 0.318253, 0.522737, 0.244298, 0.433806
1.20519, 0.321427, 0.528189, 0.248992, 0.42203
1.21788, 0.324659, 0.533491, 0.253707, 0.410262
1.23056, 0.327951, 0.538643, 0.258442, 0.398501
1.24325, 0.331301, 0.543645, 0.263196, 0.386747
1.25594, 0.33471, 0.548497, 0.267969, 0.375
1.26915, 0.339863, 0.55359, 0.269426, 0.387715
1.28236, 0.345029, 0.558856, 0.270893, 0.400407
1.29557, 0.350209, 0.564295, 0.272372, 0.413077
1.30878, 0.355403, 0.569906, 0.273863, 0.425722
1.32199, 0.36061, 0.57569, 0.275368, 0.438339
1.33519, 0.365831, 0.581646, 0.276887, 0.450928
1.3484, 0.371064, 0.587775, 0.278421, 0.463485
1.36161, 0.376311, 0.594076, 0.279972, 0.476007
1.37482, 0.381569, 0.600549, 0.281541, 0.488493
1.38803, 0.38684, 0.607194, 0.283129, 0.500938
1.40124, 0.392123, 0.61401, 0.284739, 0.51334
1.41445, 0.397417, 0.620999, 0.286371, 0.525692
1.42766, 0.402722, 0.628158, 0.288028, 0.537992
1.44087, 0.408038, 0.635489, 0.289713, 0.550234
1.45408, 0.413363, 0.64299, 0.291427, 0.562412
1.46729, 0.418698, 0.650661, 0.293175, 0.57452
1.4805, 0.424041, 0.658503, 0.294958, 0.586548
1.49371, 0.429392, 0.666514, 0.29678, 0.59849
1.50692, 0.43475, 0.674694, 0.298647, 0.610334
1.52013, 0.440114, 0.683043, 0.300562, 0.62207
1.53334, 0.445483, 0.691558, 0.302531, 0.633684
1.54655, 0.450855, 0.700241, 0.30456, 0.645161
1.55976, 0.456229, 0.709089, 0.306656, 0.656482
1.57297, 0.461603, 0.718101, 0.308827, 0.667628
1.58618, 0.466975, 0.727276, 0.311081, 0.678574
1.59939, 0.472343, 0.736612, 0.31343, 0.689291
1.6126, 0.477704, 0.746107, 0.315884, 0.699747
1.62581, 0.483055, 0.755757, 0.318457, 0.709902
1.63902, 0.488394, 0.76556, 0.321164, 0.71971
1.65223, 0.493715, 0.775511, 0.324022, 0.729119
1.66544, 0.499015, 0.785606, 0.327049, 0.738066
1.67865, 0.50429, 0.795837, 0.330264, 0.746478
1.69186, 0.509533, 0.806198, 0.33369, 0.754274
1.70507, 0.514741, 0.816678, 0.337345, 0.76136
1.71828, 0.519907, 0.827267, 0.341251, 0.767636
1.73149, 0.525029, 0.83795, 0.345423, 0.772994
1.7447, 0.530103, 0.84871, 0.349871, 0.777326
1.75791, 0.535127, 0.85953, 0.354597, 0.78053
1.77112, 0.540104, 0.870388, 0.359591, 0.782518
1.78433, 0.545037, 0.881261, 0.36483, 0.783229
1.79754, 0.549934, 0.892126, 0.370279, 0.782632
1.81075, 0.554806, 0.902959, 0.37589, 0.780735
1.82396, 0.559664, 0.91374, 0.381611, 0.77758
1.83717, 0.564522, 0.924447, 0.387384, 0.77324
1.85038, 0.569394, 0.935062, 0.393156, 0.767812
1.86358, 0.574291, 0.945572, 0.398877, 0.761402
1.87679, 0.579224, 0.955963, 0.404508, 0.754122
1.89, 0.584202, 0.966226, 0.410014, 0.746081
1.90321, 0.589231, 0.976352, 0.415374, 0.737379
1.91642, 0.594317, 0.986335, 0.42057, 0.728106
1.92963, 0.599463, 0.99617, 0.425592, 0.718343
1.94284, 0.60467, 1.00585, 0.430434, 0.70816
1.95605, 0.609941, 1.01538, 0.435096, 0.697615
1.96926, 0.615274, 1.02475, 0.439577, 0.686759
1.98247, 0.62067, 1.03395, 0.443883, 0.675636
1.99568, 0.626128, 1.043, 0.448016, 0.664282
2.00889, 0.631646, 1.05188, 0.451984, 0.652728
2.0221, 0.637223, 1.06059, 0.455792, 0.640999
2.03531, 0.642857, 1.06914, 0.459446, 0.62912
2.04852, 0.648547, 1.07752, 0.462953, 0.617107
2.06173, 0.654291, 1.08573, 0.46632, 0.604978
2.07494, 0.660087, 1.09378, 0.469553, 0.592747
2.08815, 0.665933, 1.10165, 0.472659, 0.580425
2.10136, 0.671828, 1.10936, 0.475642, 0.568023
2.11457, 0.67777, 1.11689, 0.478509, 0.555549
2.12778, 0.683756, 1.12425, 0.481265, 0.543012
2.14099, 0.689787, 1.13145, 0.483915, 0.530418
2.1542, 0.695859, 1.13847, 0.486465, 0.517772
2.16741, 0.701971, 1.14531, 0.488919, 0.505082
2.18062, 0.708123, 1.15199, 0.49128, 0.492349
2.19383, 0.714312, 1.15849, 0.493554, 0.47958
2.20704, 0.720537, 1.16483, 0.495744, 0.466776
2.22025, 0.726797, 1.17099, 0.497853, 0.453942
2.23346, 0.73309, 1.17697, 0.499886, 0.44108
2.24667, 0.739416, 1.18279, 0.501845, 0.428193
2.25988, 0.745773, 1.18843, 0.503734, 0.415282
2.27309, 0.752161, 1.19389, 0.505555, 0.40235
2.2863, 0.758577, 1.19919, 0.507311, 0.389399
2.29951, 0.765021, 1.20431, 0.509005, 0.37643
2.31272, 0.771493, 1.20925, 0.510639, 0.363445
2.32593, 0.77799, 1.21403, 0.512215, 0.350444
2.33914, 0.784513, 1.21863, 0.513736, 0.33743
2.35235, 0.79106, 1.22305, 0.515203, 0.324403
2.36556, 0.79763, 1.2273, 0.516619, 0.311364
2.37877, 0.804224, 1.23138, 0.517986, 0.298315
2.39197, 0.810839, 1.23528, 0.519305, 0.285255
2.40518, 0.817475, 1.23901, 0.520577, 0.272186
2.41839, 0.824132, 1.24257, 0.521806, 0.259107
2.4316, 0.830808, 1.24595, 0.522991, 0.246021
2.44481, 0.837504, 1.24916, 0.524135, 0.232928
2.45802, 0.844217, 1.25219, 0.525238, 0.219827
2.47123, 0.850949, 1.25505, 0.526303, 0.20672
2.48444, 0.857698, 1.25774, 0.52733, 0.193607
2.49765, 0.864463, 1.26025, 0.52832, 0.180488
2.51086, 0.871245, 1.26258, 0.529276, 0.167364
2.52407, 0.878041, 1.26474, 0.530197, 0.154235
2.53728, 0.884853, 1.26673, 0.531085, 0.141101
2.55049, 0.891679, 1.26855, 0.53194, 0.127963
2.5637, 0.898519, 1.27018, 0.532765, 0.114821
2.57691, 0.905373, 1.27165, 0.533559, 0.101675
