4.0987, 0
0, 0, 0, 0.5, 0
0.0122072, 0.00633432, -0.000142698, 0.509157, 0.00806163
0.0244144, 0.0127805, -0.000186863, 0.518315, 0.016123
0.0366216, 0.0193385, -0.000132595, 0.527472, 0.0241841
0.0488289, 0.0260083, 2.02162e-05, 0.536629, 0.0322449
0.0610361, 0.0327899, 0.000271488, 0.545785, 0.0403054
0.0732433, 0.0396834, 0.000621277, 0.554942, 0.0483656
0.0854505, 0.0466886, 0.00106956, 0.564098, 0.0564253
0.0976577, 0.0538057, 0.00161633, 0.573255, 0.0644848
0.109865, 0.0610346, 0.00226162, 0.582411, 0.0725438
0.122072, 0.0683754, 0.00300536, 0.591566, 0.0806024
0.134279, 0.0758279, 0.00384763, 0.600722, 0.0886605
0.146487, 0.0833923, 0.00478838, 0.609877, 0.0967182
0.158694, 0.0910685, 0.00582766, 0.619032, 0.104775
0.170901, 0.0988565, 0.0069654, 0.628187, 0.112832
0.183108, 0.106756, 0.00820167, 0.637341, 0.120888
0.195315, 0.114768, 0.00953642, 0.646495, 0.128943
0.207523, 0.122891, 0.0109697, 0.655649, 0.136997
0.21973, 0.131127, 0.0125014, 0.664802, 0.145051
0.231937, 0.139474, 0.0141317, 0.673955, 0.153104
0.244144, 0.147933, 0.0158605, 0.683107, 0.161156
0.256352, 0.156503, 0.0176877, 0.692259, 0.169207
0.268559, 0.165186, 0.0196135, 0.701411, 0.177256
0.280766, 0.17398, 0.0216378, 0.710561, 0.185305
0.292973, 0.182886, 0.0237606, 0.719711, 0.193352
0.30518, 0.191904, 0.0259819, 0.72886, 0.201397
0.317388, 0.201034, 0.0283017, 0.738008, 0.209441
0.329595, 0.210275, 0.03072, 0.747155, 0.217483
0.341802, 0.219629, 0.0332369, 0.756302, 0.225523
0.354009, 0.229094, 0.0358522, 0.765446, 0.23356
0.366216, 0.238671, 0.0385661, 0.77459, 0.241595
0.378424, 0.248359, 0.0413785, 0.783732, 0.249627
0.390631, 0.25816, 0.0442895, 0.792872, 0.257655
0.402838, 0.268072, 0.047299, 0.80201, 0.265679
0.415045, 0.278096, 0.0504071, 0.811145, 0.273698
0.427253, 0.288231, 0.0536137, 0.820278, 0.281712
0.43946, 0.298479, 0.0569188, 0.829407, 0.289719
0.451667, 0.308838, 0.0603226, 0.838532, 0.297719
0.463874, 0.319308, 0.063825, 0.847652, 0.305709
0.476081, 0.329891, 0.067426, 0.856767, 0.313688
0.488289, 0.340584, 0.0711256, 0.865874, 0.321653
0.500496, 0.35139, 0.074924, 0.874972, 0.3296
0.512703, 0.362307, 0.0788211, 0.884058, 0.337525
0.52491, 0.373335, 0.0828171, 0.893128, 0.345422
0.537118, 0.384474, 0.0869119, 0.902178, 0.353279
0.549325, 0.395724, 0.0911059, 0.9112, 0.361083
0.561532, 0.407085, 0.0953993, 0.92018, 0.36881
0.573739, 0.418555, 0.0997924, 0.929099, 0.376424
0.585946, 0.430134, 0.104286, 0.937919, 0.383857
0.598154, 0.441819, 0.108881, 0.946569, 0.390983
0.610361, 0.453604, 0.11358, 0.954893, 0.397535
0.622568, 0.465478, 0.118386, 0.962514, 0.402889
0.634775, 0.477407, 0.123302, 0.968472, 0.405573
0.646982, 0.489326, 0.1283, 0.971057, 0.403404
0.65919, 0.50118, 0.133285, 0.969693, 0.396553
0.671397, 0.512966, 0.138172, 0.965725, 0.387526
0.683604, 0.524683, 0.142931, 0.960338, 0.377849
0.695811, 0.536328, 0.147559, 0.95413, 0.368057
0.708019, 0.547895, 0.152057, 0.947394, 0.358315
0.720226, 0.55938, 0.156429, 0.940293, 0.348674
0.732433, 0.57078, 0.160678, 0.932923, 0.33914
0.74464, 0.58209, 0.164805, 0.925349, 0.329709
0.756847, 0.593309, 0.168814, 0.917611, 0.320373
0.769055, 0.604435, 0.172706, 0.909742, 0.311121
0.781262, 0.615466, 0.176483, 0.901763, 0.301945
0.793469, 0.626401, 0.180145, 0.893692, 0.292836
0.805676, 0.637237, 0.183695, 0.885543, 0.283787
0.817883, 0.647976, 0.187132, 0.877326, 0.274793
0.830091, 0.658614, 0.190458, 0.869049, 0.265848
0.842298, 0.669153, 0.193674, 0.86072, 0.256947
0.854505, 0.67959, 0.19678, 0.852344, 0.248085
0.866712, 0.689926, 0.199777, 0.843927, 0.23926
0.87892, 0.700159, 0.202665, 0.835473, 0.230469
0.891127, 0.71029, 0.205445, 0.826985, 0.221708
0.903334, 0.720317, 0.208117, 0.818466, 0.212976
0.915541, 0.730241, 0.210683, 0.809919, 0.204269
0.927749, 0.740061, 0.213141, 0.801347, 0.195586
0.939956, 0.749777, 0.215493, 0.792751, 0.186926
0.952163, 0.759389, 0.217738, 0.784134, 0.178287
0.96437, 0.768895, 0.219878, 0.775496, 0.169667
0.976577, 0.778296, 0.221912, 0.76684, 0.161065
0.988785, 0.787592, 0.22384, 0.758166, 0.15248
1.00099, 0.796782, 0.225663, 0.749476, 0.143911
1.0132, 0.805867, 0.227382, 0.740771, 0.135358
1.02541, 0.814845, 0.228995, 0.732051, 0.126818
1.03761, 0.823717, 0.230504, 0.723318, 0.118292
1.04982, 0.832483, 0.231909, 0.714573, 0.109778
1.06203, 0.841143, 0.233209, 0.705816, 0.101276
1.07424, 0.849695, 0.234406, 0.697047, 0.0927857
1.08644, 0.858141, 0.235498, 0.688268, 0.084306
1.09865, 0.86648, 0.236487, 0.679479, 0.0758365
1.11086, 0.874711, 0.237372, 0.670681, 0.0673768
1.12306, 0.882836, 0.238154, 0.661873, 0.0589263
1.13527, 0.890853, 0.238832, 0.653057, 0.0504847
1.14748, 0.898762, 0.239407, 0.644233, 0.0420515
1.15969, 0.906564, 0.239879, 0.6354, 0.0336264
1.17189, 0.914258, 0.240248, 0.626561, 0.0252091
1.1841, 0.921845, 0.240514, 0.617714, 0.016799
1.19631, 0.929323, 0.240677, 0.60886, 0.00839611
1.20851, 0.936694, 0.240737, 0.6, 7.82311e-08
1.23742, 0.953798, 0.241081, 0.583808, 0.0239403
1.26632, 0.970444, 0.242123, 0.567598, 0.0478683
1.29522, 0.986614, 0.243852, 0.55138, 0.0717911
1.32412, 1.00231, 0.246267, 0.535155, 0.0957091
1.35302, 1.01753, 0.249376, 0.518915, 0.119617
1.38193, 1.03231, 0.253184, 0.502652, 0.143509
1.41083, 1.04659, 0.257673, 0.486385, 0.167398
1.43973, 1.06041, 0.26285, 0.470105, 0.191279
1.46863, 1.07376, 0.268728, 0.453798, 0.215141
1.49753, 1.08664, 0.27529, 0.437482, 0.238996
1.52644, 1.09906, 0.282547, 0.421141, 0.262835
1.55534, 1.11099, 0.290484, 0.404793, 0.28667
1.58424, 1.12246, 0.299117, 0.388417, 0.310485
1.61314, 1.13344, 0.308433, 0.372029, 0.334291
1.64204, 1.14396, 0.318439, 0.355617, 0.358081
1.67094, 1.154, 0.329134, 0.339182, 0.381855
1.69985, 1.16356, 0.340509, 0.322735, 0.40562
1.72875, 1.17266, 0.35258, 0.306248, 0.429359
1.75765, 1.18127, 0.36533, 0.289746, 0.453087
1.78655, 1.1894, 0.378766, 0.273219, 0.476797
1.81545, 1.19706, 0.392891, 0.256656, 0.500483
1.84436, 1.20424, 0.407698, 0.240068, 0.52415
1.87326, 1.21093, 0.423186, 0.223452, 0.547798
1.90216, 1.21715, 0.439361, 0.206795, 0.571417
1.93106, 1.22289, 0.456216, 0.190107, 0.595014
1.95996, 1.22814, 0.473754, 0.173376, 0.618581
1.98887, 1.23291, 0.491973, 0.156604, 0.642119
2.01777, 1.23719, 0.51087, 0.139792, 0.665627
2.04667, 1.24099, 0.53045, 0.122922, 0.689095
2.07557, 1.24429, 0.550701, 0.106016, 0.712536
2.10447, 1.24711, 0.571634, 0.0890422, 0.735929
2.13337, 1.24944, 0.593242, 0.0720074, 0.759277
2.16228, 1.25128, 0.615525, 0.0549024, 0.782574
2.19118, 1.25262, 0.638477, 0.0377367, 0.805826
2.22008, 1.25346, 0.662104, 0.020476, 0.829008
2.24898, 1.2538, 0.686396, 0.00313962, 0.852133
2.27788, 1.25364, 0.711359, -0.0143065, 0.875175
2.30679, 1.25297, 0.736985, -0.0318559, 0.898139
2.33569, 1.2518, 0.763273, -0.0495333, 0.921004
2.36459, 1.25011, 0.790222, -0.067355, 0.943758
2.39349, 1.2479, 0.817826, -0.0853394, 0.966382
2.42239, 1.24517, 0.84608, -0.1035, 0.988865
2.45129, 1.24192, 0.874983, -0.121887, 1.01116
2.4802, 1.23813, 0.904527, -0.140534, 1.03325
2.5091, 1.23379, 0.934707, -0.159492, 1.05506
2.538, 1.2289, 0.965511, -0.178821, 1.07655
2.5669, 1.22345, 0.99693, -0.198622, 1.0976
2.5958, 1.21742, 1.02895, -0.219033, 1.11806
2.62471, 1.21078, 1.06155, -0.240233, 1.1377
2.65361, 1.20352, 1.0947, -0.262524, 1.15609
2.68251, 1.19559, 1.12836, -0.286329, 1.17245
2.71141, 1.18695, 1.16244, -0.312311, 1.185
2.74031, 1.17752, 1.19678, -0.340667, 1.18945
2.76922, 1.16727, 1.23104, -0.366671, 1.17824
2.79812, 1.15645, 1.26475, -0.38035, 1.15321
2.82702, 1.14539, 1.29767, -0.383026, 1.12452
2.85592, 1.13436, 1.32975, -0.379847, 1.09582
2.88482, 1.12347, 1.36101, -0.37348, 1.06764
2.91372, 1.11279, 1.39147, -0.36518, 1.03996
2.94263, 1.10237, 1.42113, -0.3556, 1.01269
2.97153, 1.09224, 1.45001, -0.345116, 0.985757
3.00043, 1.08243, 1.47811, -0.333962, 0.959095
3.02933, 1.07294, 1.50545, -0.322291, 0.932654
3.05823, 1.0638, 1.53203, -0.31021, 0.906399
3.08714, 1.05502, 1.55784, -0.297797, 0.880298
3.11604, 1.04659, 1.58291, -0.285109, 0.85433
3.14494, 1.03854, 1.60723, -0.272189, 0.828477
3.17384, 1.03086, 1.6308, -0.259073, 0.802723
3.20274, 1.02356, 1.65363, -0.245786, 0.777056
3.23165, 1.01666, 1.67572, -0.232351, 0.751467
3.26055, 1.01014, 1.69707, -0.218785, 0.725947
3.28945, 1.00401, 1.71768, -0.205105, 0.700488
3.31835, 0.998281, 1.73756, -0.191321, 0.675085
3.34725, 0.992951, 1.75671, -0.177444, 0.649732
3.37616, 0.988024, 1.77512, -0.163485, 0.624425
3.40506, 0.983502, 1.7928, -0.14945, 0.599159
3.43396, 0.979386, 1.80975, -0.135346, 0.573933
3.46286, 0.975679, 1.82598, -0.121179, 0.548741
3.49176, 0.972382, 1.84147, -0.106954, 0.523582
3.52066, 0.969497, 1.85624, -0.0926761, 0.498453
3.54957, 0.967026, 1.87028, -0.0783488, 0.473352
3.57847, 0.964969, 1.8836, -0.0639755, 0.448277
3.60737, 0.963328, 1.8962, -0.0495603, 0.423227
3.63627, 0.962105, 1.90807, -0.0351053, 0.3982
3.66517, 0.961299, 1.91921, -0.0206133, 0.373194
3.69408, 0.960914, 1.92964, -0.00608671, 0.348208
3.72298, 0.960948, 1.93934, 0.00847232, 0.323241
3.75188, 0.961403, 1.94832, 0.0230622, 0.298292
3.78078, 0.962281, 1.95658, 0.0376806, 0.27336
3.80968, 0.963582, 1.96412, 0.0523263, 0.248443
3.83858, 0.965306, 1.97095, 0.0669972, 0.223542
3.86749, 0.967455, 1.97705, 0.0816929, 0.198655
3.89639, 0.970028, 1.98243, 0.0964116, 0.173781
3.92529, 0.973028, 1.98709, 0.111152, 0.148922
3.95419, 0.976454, 1.99104, 0.125913, 0.124073
3.98309, 0.980306, 1.99426, 0.140694, 0.0992371
4.012, 0.984587, 1.99677, 0.155494, 0.0744118
4.0409, 0.989294, 1.99857, 0.170311, 0.0495977
4.0698, 0.994431, 1.99964, 0.185146, 0.0247932
4.0987, 0.999997, 2, 0.199998, -1.08778e-06
