29.0336, 0
0, 0, 0, 0.5, 0
0.153076, 0.0648263, 0.000102957, 0.34693, 0.00146225
0.306152, 0.106215, 0.000429811, 0.193862, 0.0029245
0.459228, 0.124174, 0.000980484, 0.0407926, 0.00438674
0.612305, 0.1187, 0.00175501, -0.112276, 0.00584899
0.765381, 0.0898017, 0.0027533, -0.265346, 0.00731124
0.918457, 0.0374662, 0.00397549, -0.418415, 0.00877348
1.07153, -0.0382968, 0.00542148, -0.571484, 0.0102357
1.22461, -0.137493, 0.00709132, -0.724553, 0.011698
1.37769, -0.260124, 0.00898502, -0.877622, 0.0131602
1.53076, -0.406183, 0.0111025, -1.03069, 0.0146225
1.68384, -0.575671, 0.0134439, -1.18376, 0.0160847
1.83691, -0.768593, 0.0160091, -1.33683, 0.017547
1.98999, -0.984943, 0.0187981, -1.4899, 0.0190092
2.14307, -1.22473, 0.0218109, -1.64297, 0.0204715
2.29614, -1.48794, 0.0250476, -1.79604, 0.0219337
2.44922, -1.77459, 0.0285081, -1.94911, 0.023396
2.60229, -2.08467, 0.0321925, -2.10218, 0.0248582
2.75537, -2.41817, 0.0361006, -2.25525, 0.0263205
2.90845, -2.77512, 0.0402327, -2.40831, 0.0277827
3.06152, -3.15549, 0.0445886, -2.56138, 0.0292449
3.2146, -3.55929, 0.0491682, -2.71445, 0.0307072
3.36767, -3.98652, 0.0539718, -2.86752, 0.0321694
3.52075, -4.43719, 0.0589992, -3.02059, 0.0336317
3.67383, -4.91128, 0.0642504, -3.17366, 0.0350939
3.8269, -5.40881, 0.0697254, -3.32673, 0.0365562
3.97998, -5.92977, 0.0754243, -3.4798, 0.0380184
4.13306, -6.47416, 0.081347, -3.63287, 0.0394807
4.28613, -7.04198, 0.0874935, -3.78594, 0.0409429
4.43921, -7.63323, 0.0938639, -3.93901, 0.0424052
4.59228, -8.24791, 0.100458, -4.09207, 0.0438674
4.74536, -8.88603, 0.107276, -4.24514, 0.0453297
4.89844, -9.54757, 0.114318, -4.39821, 0.0467919
5.05151, -10.2326, 0.121584, -4.55128, 0.0482542
5.20459, -10.941, 0.129073, -4.70435, 0.0497164
5.35766, -11.6728, 0.136787, -4.85742, 0.0511786
5.51074, -12.4281, 0.144724, -5.01049, 0.0526409
5.66382, -13.2068, 0.152885, -5.16356, 0.0541032
5.81689, -14.0089, 0.16127, -5.31663, 0.0555654
5.96997, -14.8345, 0.169879, -5.4697, 0.0570276
6.12304, -15.6835, 0.179506, -5.62277, 0.0579702
6.27612, -16.5559, 0.188538, -5.77584, 0.059392
6.4292, -17.4518, 0.197048, -5.92891, 0.0614144
6.58227, -18.371, 0.207176, -6.08198, 0.0622929
6.73535, -19.3138, 0.21628, -6.23505, 0.0643389
6.88843, -20.2799, 0.22669, -6.38811, 0.0652006
7.0415, -21.2695, 0.236407, -6.54118, 0.0672634
7.19458, -22.2825, 0.247087, -6.69425, 0.068112
7.34765, -23.319, 0.25743, -6.84733, 0.0701879
7.50073, -24.3788, 0.268379, -7.00038, 0.0709765
7.65381, -25.4621, 0.279346, -7.15192, 0.0721294
7.80688, -26.545, 0.290235, -6.99731, 0.0703434
7.95996, -27.6044, 0.300887, -6.84426, 0.0688411
8.11303, -28.6404, 0.311311, -6.69118, 0.0673553
8.26611, -29.6529, 0.321508, -6.53811, 0.0658763
8.41919, -30.642, 0.33148, -6.38504, 0.0644011
8.57226, -31.6077, 0.341225, -6.23197, 0.0629282
8.72534, -32.5499, 0.350745, -6.07891, 0.061457
8.87842, -33.4688, 0.36004, -5.92583, 0.059987
9.03149, -34.3642, 0.369111, -5.77277, 0.0585179
9.18457, -35.2361, 0.377956, -5.6197, 0.0570495
9.33764, -36.0846, 0.386576, -5.46663, 0.0555817
9.49072, -36.9097, 0.394972, -5.31356, 0.0541144
9.6438, -37.7114, 0.403144, -5.16049, 0.0526475
9.79687, -38.4896, 0.41109, -5.00742, 0.0511809
9.94995, -39.2444, 0.418813, -4.85435, 0.0497146
10.103, -39.9758, 0.426311, -4.70128, 0.0482486
10.2561, -40.6837, 0.433584, -4.54821, 0.0467829
10.4092, -41.3682, 0.440633, -4.39515, 0.0453173
10.5623, -42.0293, 0.447458, -4.24207, 0.0438519
10.7153, -42.667, 0.454059, -4.08901, 0.0423867
10.8684, -43.2812, 0.460435, -3.93594, 0.0409216
11.0215, -43.872, 0.466587, -3.78287, 0.0394566
11.1746, -44.4393, 0.472515, -3.6298, 0.0379918
11.3276, -44.9832, 0.478218, -3.47673, 0.0365271
11.4807, -45.5037, 0.483698, -3.32366, 0.0350624
11.6338, -46.0008, 0.488953, -3.17059, 0.0335979
11.7869, -46.4744, 0.493984, -3.01752, 0.0321335
11.9399, -46.9246, 0.498791, -2.86445, 0.0306691
12.093, -47.3514, 0.503373, -2.71138, 0.0292048
12.2461, -47.7547, 0.507732, -2.55831, 0.0277406
12.3992, -48.1346, 0.511866, -2.40524, 0.0262764
12.5522, -48.4911, 0.515776, -2.25217, 0.0248123
12.7053, -48.8241, 0.519462, -2.09911, 0.0233483
12.8584, -49.1337, 0.522924, -1.94604, 0.0218843
13.0115, -49.4199, 0.526162, -1.79297, 0.0204204
13.1645, -49.6826, 0.529176, -1.6399, 0.0189564
13.3176, -49.9219, 0.531966, -1.48683, 0.0174926
13.4707, -50.1378, 0.534532, -1.33376, 0.0160288
13.6238, -50.3303, 0.536873, -1.18069, 0.014565
13.7769, -50.4993, 0.538991, -1.02762, 0.0131013
13.9299, -50.6449, 0.540884, -0.874555, 0.0116377
14.083, -50.7671, 0.542554, -0.721485, 0.010174
14.2361, -50.8658, 0.543999, -0.568416, 0.00871038
14.3892, -50.9411, 0.54522, -0.415346, 0.00724679
14.5422, -50.9929, 0.546218, -0.262277, 0.00578324
14.6953, -51.0214, 0.546991, -0.109209, 0.00431972
14.8484, -51.0264, 0.54754, 0.0438612, 0.00285621
15.0015, -51.0079, 0.547865, 0.196931, 0.00139273
15.1545, -50.9661, 0.547966, 0.349999, -7.07103e-05
15.2933, -50.9078, 0.538593, 0.48877, 0.00278822
15.4321, -50.8303, 0.539078, 0.627555, 0.00408934
15.5709, -50.7336, 0.539744, 0.766339, 0.00539047
15.7097, -50.6177, 0.549973, 0.905138, 0.00520449
15.8485, -50.4824, 0.550794, 1.04392, 0.00650561
15.9873, -50.3278, 0.542825, 1.18269, 0.00929383
16.1261, -50.154, 0.544213, 1.32148, 0.010595
16.2649, -49.9611, 0.554339, 1.46028, 0.010409
16.4037, -49.7487, 0.547531, 1.59905, 0.0131972
16.5424, -49.5171, 0.549461, 1.73783, 0.0144983
16.6812, -49.2663, 0.551571, 1.87662, 0.0157994
16.82, -48.9962, 0.553862, 2.0154, 0.0171006
16.9588, -48.7069, 0.556333, 2.15418, 0.0184017
17.0976, -48.3983, 0.566304, 2.29298, 0.0182157
17.2364, -48.0704, 0.561818, 2.43175, 0.0210039
17.3752, -47.7232, 0.564832, 2.57054, 0.0223051
17.514, -47.3568, 0.568026, 2.70932, 0.0236062
17.6528, -46.9712, 0.5714, 2.84811, 0.0249073
17.7916, -46.5663, 0.581242, 2.98691, 0.0247213
17.9303, -46.1421, 0.584771, 3.12569, 0.0260224
18.0691, -45.6986, 0.582607, 3.26446, 0.0288107
18.2079, -45.2359, 0.586704, 3.40325, 0.0301118
18.3467, -44.754, 0.596442, 3.54204, 0.0299258
18.4855, -44.2527, 0.595439, 3.68081, 0.032714
18.6243, -43.7322, 0.600078, 3.8196, 0.0340151
18.7631, -43.1925, 0.604897, 3.95838, 0.0353163
18.9019, -42.6335, 0.609896, 4.09717, 0.0366174
19.0407, -42.0552, 0.619506, 4.23597, 0.0364314
19.1795, -41.4576, 0.620261, 4.37473, 0.0392819
19.3183, -40.8408, 0.625979, 4.51352, 0.0405208
19.457, -40.2048, 0.635511, 4.65232, 0.0403348
19.5958, -39.5494, 0.637604, 4.79109, 0.043123
19.7346, -38.8749, 0.643687, 4.92987, 0.0444241
19.8734, -38.181, 0.653142, 5.06867, 0.0442382
20.0122, -37.4679, 0.656316, 5.20744, 0.0470656
20.151, -36.7355, 0.662904, 5.34623, 0.0483897
20.2898, -35.9839, 0.669826, 5.48501, 0.0496286
20.4286, -35.213, 0.676812, 5.6238, 0.0509297
20.5674, -34.4228, 0.683865, 5.76258, 0.0523094
20.7062, -33.6134, 0.693278, 5.90138, 0.0520449
20.845, -32.7847, 0.7006, 6.04016, 0.053346
20.9837, -31.9368, 0.706433, 6.17893, 0.0562587
21.1225, -31.0696, 0.714334, 6.31771, 0.0575658
21.2613, -30.1831, 0.722491, 6.4565, 0.0587757
21.4001, -29.2774, 0.730747, 6.59529, 0.0600769
21.5389, -28.3524, 0.739183, 6.73407, 0.061378
21.6777, -27.4081, 0.748321, 6.87287, 0.0611528
21.8165, -26.4446, 0.756585, 7.01164, 0.0640425
21.9553, -25.4618, 0.765673, 7.15046, 0.0637551
22.0941, -24.4654, 0.774723, 7.13919, 0.0658509
22.2329, -23.4842, 0.783778, 7.00042, 0.0646093
22.3716, -22.5222, 0.792657, 6.86164, 0.0633366
22.5104, -21.5795, 0.801358, 6.72286, 0.0620543
22.6492, -20.6561, 0.809881, 6.58407, 0.0607672
22.788, -19.7519, 0.818226, 6.4453, 0.0594775
22.9268, -18.867, 0.826391, 6.30651, 0.0581857
23.0656, -18.0013, 0.834377, 6.16773, 0.0568927
23.2044, -17.1549, 0.842183, 6.02894, 0.0555986
23.3432, -16.3278, 0.84981, 5.89016, 0.0543038
23.482, -15.5199, 0.857257, 5.75137, 0.0530083
23.6208, -14.7313, 0.864524, 5.61258, 0.0517123
23.7596, -13.962, 0.871611, 5.4738, 0.0504159
23.8983, -13.2119, 0.878519, 5.33501, 0.0491191
24.0371, -12.4811, 0.885246, 5.19623, 0.047822
24.1759, -11.7695, 0.891793, 5.05745, 0.0465246
24.3147, -11.0772, 0.89816, 4.91866, 0.0452271
24.4535, -10.4042, 0.904347, 4.77988, 0.0439293
24.5923, -9.75042, 0.910354, 4.64109, 0.0426313
24.7311, -9.11591, 0.916181, 4.50231, 0.0413332
24.8699, -8.50066, 0.921828, 4.36352, 0.0400348
25.0087, -7.90467, 0.927294, 4.22474, 0.0387364
25.1475, -7.32795, 0.93258, 4.08596, 0.0374379
25.2863, -6.77049, 0.937686, 3.94717, 0.0361392
25.425, -6.23229, 0.942612, 3.80839, 0.0348405
25.5638, -5.71336, 0.947357, 3.6696, 0.0335416
25.7026, -5.21368, 0.951922, 3.53082, 0.0322426
25.8414, -4.73327, 0.956307, 3.39203, 0.0309436
25.9802, -4.27212, 0.960512, 3.25325, 0.0296445
26.119, -3.83023, 0.964536, 3.11447, 0.0283454
26.2578, -3.40759, 0.96838, 2.97568, 0.0270461
26.3966, -3.00423, 0.972043, 2.83689, 0.0257468
26.5354, -2.62012, 0.975527, 2.69811, 0.0244475
26.6742, -2.25528, 0.978829, 2.55933, 0.0231481
26.8129, -1.90971, 0.981952, 2.42054, 0.0218486
26.9517, -1.58339, 0.984894, 2.28176, 0.0205491
27.0905, -1.27634, 0.987656, 2.14297, 0.0192495
27.2293, -0.988541, 0.990237, 2.00419, 0.01795
27.3681, -0.720005, 0.992639, 1.8654, 0.0166503
27.5069, -0.470741, 0.994859, 1.72662, 0.0153506
27.6457, -0.240734, 0.9969, 1.58784, 0.0140509
27.7845, -0.0299911, 0.99876, 1.44905, 0.0127512
27.9233, 0.161491, 1.00044, 1.31027, 0.0114514
28.0621, 0.333717, 1.00194, 1.17148, 0.0101516
28.2009, 0.486683, 1.00326, 1.0327, 0.00885179
28.3396, 0.620369, 1.0044, 0.893912, 0.00755192
28.4784, 0.734806, 1.00535, 0.755128, 0.00625203
28.6172, 0.829979, 1.00613, 0.616343, 0.00495211
28.756, 0.905891, 1.00673, 0.477559, 0.00365218
28.8948, 0.962532, 1.00714, 0.338772, 0.00235218
29.0336, 0.999928, 1.00738, 0.199989, 0.00105221
