27.4592, 0
0, 0, 0, 0.5, 0
0.145088, 0.0620175, 0.000102407, 0.35492, 0.00154274
0.290176, 0.102992, 0.000428576, 0.20984, 0.00308548
0.435265, 0.122909, 0.000978671, 0.0647599, 0.00462821
0.580353, 0.121781, 0.00175255, -0.0803202, 0.00617095
0.725441, 0.0996017, 0.00275028, -0.2254, 0.00771369
0.870529, 0.0563762, 0.00397181, -0.37048, 0.00925643
1.01562, -0.00790089, 0.0054172, -0.51556, 0.0107992
1.16071, -0.0932284, 0.00708643, -0.66064, 0.0123419
1.30579, -0.199567, 0.012464, -0.805726, 0.0132991
1.45088, -0.326993, 0.014496, -0.950806, 0.0148418
1.59597, -0.475504, 0.0134371, -1.09588, 0.0169701
1.74106, -0.645028, 0.0160016, -1.24096, 0.0185129
1.88615, -0.835602, 0.01879, -1.38604, 0.0200556
2.03123, -1.04722, 0.0218022, -1.53112, 0.0215983
2.17632, -1.27987, 0.0280131, -1.67621, 0.0225555
2.32141, -1.53362, 0.0284982, -1.82128, 0.0246838
2.4665, -1.80839, 0.0321819, -1.96636, 0.0262265
2.61159, -2.10421, 0.0360895, -2.11144, 0.0277693
2.75668, -2.42108, 0.0402208, -2.25652, 0.029312
2.90176, -2.759, 0.0445761, -2.4016, 0.0308548
3.04685, -3.11797, 0.0491551, -2.54668, 0.0323975
3.19194, -3.49799, 0.053958, -2.69176, 0.0339402
3.33703, -3.89905, 0.0589847, -2.83684, 0.035483
3.48212, -4.32117, 0.0642352, -2.98192, 0.0370257
3.62721, -4.76434, 0.0697096, -3.127, 0.0385684
3.77229, -5.22855, 0.0754078, -3.27208, 0.0401112
3.91738, -5.71382, 0.0813299, -3.41716, 0.0416539
4.06247, -6.22013, 0.0874758, -3.56224, 0.0431967
4.20756, -6.74748, 0.095631, -3.70733, 0.0441539
4.35265, -7.29589, 0.10214, -3.85241, 0.0456966
4.49773, -7.86537, 0.107256, -3.99748, 0.0478249
4.64282, -8.45588, 0.114298, -4.14256, 0.0493676
4.78791, -9.06745, 0.121563, -4.28764, 0.0509104
4.933, -9.70006, 0.129052, -4.43272, 0.0524531
5.07809, -10.3537, 0.138139, -4.57781, 0.0533648
5.22318, -11.0284, 0.144701, -4.72288, 0.0555386
5.36826, -11.7242, 0.154053, -4.86797, 0.0564502
5.51335, -12.441, 0.161245, -5.01304, 0.0586241
5.65844, -13.1788, 0.170789, -5.15813, 0.0595812
5.80353, -13.9378, 0.179669, -5.30321, 0.0610329
5.94862, -14.7177, 0.188567, -5.44829, 0.0626212
6.0937, -15.5187, 0.197755, -5.59337, 0.0641639
6.23879, -16.3408, 0.206524, -5.73844, 0.0663377
6.38388, -17.1839, 0.216802, -5.88353, 0.0672494
6.52897, -18.048, 0.226714, -6.0286, 0.06872
6.67406, -18.9332, 0.23676, -6.17368, 0.0703082
6.81915, -19.8395, 0.247072, -6.31876, 0.0718321
6.96423, -20.7668, 0.257398, -6.46384, 0.0740514
7.10932, -21.7151, 0.268363, -6.60891, 0.0747945
7.25441, -22.6846, 0.279318, -6.75292, 0.0760645
7.3995, -23.6547, 0.290208, -6.61381, 0.0742195
7.54459, -24.6037, 0.300861, -6.46876, 0.0726309
7.68967, -25.5317, 0.311285, -6.32368, 0.0710614
7.83476, -26.4387, 0.321481, -6.17861, 0.0694998
7.97985, -27.3246, 0.331452, -6.03352, 0.0679422
8.12494, -28.1895, 0.341197, -5.88844, 0.0663875
8.27003, -29.0333, 0.350716, -5.74336, 0.0648346
8.41512, -29.8561, 0.36001, -5.59828, 0.063283
8.5602, -30.6578, 0.369079, -5.4532, 0.0617326
8.70529, -31.4385, 0.377924, -5.30812, 0.0601829
8.85038, -32.1981, 0.386543, -5.16304, 0.0586339
8.99547, -32.9367, 0.394938, -5.01796, 0.0570855
9.14056, -33.6542, 0.403108, -4.87288, 0.0555374
9.28565, -34.3507, 0.411054, -4.7278, 0.0539898
9.43073, -35.0261, 0.418775, -4.58272, 0.0524426
9.57582, -35.6805, 0.426271, -4.43764, 0.0508956
9.72091, -36.3138, 0.433543, -4.29256, 0.0493488
9.866, -36.9261, 0.440591, -4.14748, 0.0478024
10.0111, -37.5173, 0.447414, -4.0024, 0.0462561
10.1562, -38.0874, 0.454013, -3.85732, 0.04471
10.3013, -38.6366, 0.460388, -3.71224, 0.043164
10.4464, -39.1647, 0.466539, -3.56716, 0.0416182
10.5914, -39.6717, 0.472465, -3.42208, 0.0400726
10.7365, -40.1577, 0.478167, -3.277, 0.038527
10.8816, -40.6226, 0.483644, -3.13192, 0.0369816
11.0267, -41.0665, 0.488898, -2.98684, 0.0354363
11.1718, -41.4893, 0.493927, -2.84176, 0.0338911
11.3169, -41.8911, 0.498732, -2.69668, 0.032346
11.462, -42.2718, 0.503313, -2.5516, 0.0308009
11.6071, -42.6315, 0.50767, -2.40652, 0.0292559
11.7521, -42.9701, 0.511803, -2.26144, 0.0277111
11.8972, -43.2877, 0.515711, -2.11636, 0.0261662
12.0423, -43.5842, 0.519395, -1.97128, 0.0246215
12.1874, -43.8597, 0.522856, -1.8262, 0.0230768
12.3325, -44.1142, 0.526092, -1.68112, 0.0215321
12.4776, -44.3476, 0.529104, -1.53604, 0.0199875
12.6227, -44.5599, 0.531892, -1.39096, 0.018443
12.7678, -44.7512, 0.534456, -1.24588, 0.0168985
12.9129, -44.9214, 0.536795, -1.1008, 0.0153541
13.0579, -45.0706, 0.538911, -0.95572, 0.0138096
13.203, -45.1987, 0.540803, -0.810641, 0.0122653
13.3481, -45.3058, 0.54247, -0.66556, 0.010721
13.4932, -45.3919, 0.543914, -0.520481, 0.0091767
13.6383, -45.4569, 0.545133, -0.375402, 0.00763246
13.7834, -45.5008, 0.546128, -0.230321, 0.00608823
13.9285, -45.5237, 0.5469, -0.0852413, 0.00454405
14.0736, -45.5255, 0.547447, 0.0598387, 0.0029999
14.2186, -45.5063, 0.54777, 0.204919, 0.00145577
14.3637, -45.4661, 0.547869, 0.349999, -8.83184e-05
14.4947, -45.4117, 0.548596, 0.480948, 0.00137897
14.6256, -45.3401, 0.548875, 0.611895, 0.00275793
14.7566, -45.2514, 0.549335, 0.742842, 0.0041369
14.8876, -45.1455, 0.549976, 0.87379, 0.00551586
15.0185, -45.0226, 0.550797, 1.00474, 0.00689483
15.1495, -44.8824, 0.551798, 1.13568, 0.00827379
15.2804, -44.7251, 0.552981, 1.26663, 0.00965275
15.4114, -44.5507, 0.554344, 1.39758, 0.0110317
15.5423, -44.3591, 0.555887, 1.52853, 0.0124107
15.6733, -44.1503, 0.557611, 1.65947, 0.0137897
15.8042, -43.9244, 0.559516, 1.79042, 0.0151686
15.9352, -43.6814, 0.561601, 1.92137, 0.0165476
16.0661, -43.4212, 0.563867, 2.05232, 0.0179265
16.1971, -43.1439, 0.566313, 2.18326, 0.0193055
16.3281, -42.8494, 0.56894, 2.31421, 0.0206845
16.459, -42.5378, 0.571747, 2.44516, 0.0220634
16.59, -42.209, 0.574736, 2.57611, 0.0234424
16.7209, -41.8631, 0.577904, 2.70705, 0.0248214
16.8519, -41.5, 0.581254, 2.838, 0.0262003
16.9828, -41.1198, 0.584783, 2.96895, 0.0275793
17.1138, -40.7224, 0.588494, 3.0999, 0.0289583
17.2447, -40.3079, 0.592385, 3.23084, 0.0303372
17.3757, -39.8762, 0.596456, 3.36179, 0.0317162
17.5066, -39.4274, 0.600709, 3.49274, 0.0330952
17.6376, -38.9614, 0.605141, 3.62369, 0.0344741
17.7686, -38.4783, 0.609755, 3.75463, 0.0358531
17.8995, -37.978, 0.614549, 3.88558, 0.0372321
18.0305, -37.4606, 0.619523, 4.01653, 0.038611
18.1614, -36.9261, 0.624678, 4.14748, 0.03999
18.2924, -36.3744, 0.630014, 4.27842, 0.041369
18.4233, -35.8055, 0.63553, 4.40937, 0.0427479
18.5543, -35.2195, 0.641227, 4.54032, 0.0441269
18.6852, -34.6164, 0.647104, 4.67127, 0.0455058
18.8162, -33.9961, 0.653162, 4.80221, 0.0468848
18.9471, -33.3586, 0.659401, 4.93316, 0.0482638
19.0781, -32.704, 0.66582, 5.06411, 0.0496427
19.2091, -32.0323, 0.671405, 5.19505, 0.0516454
19.34, -31.3434, 0.678267, 5.32599, 0.0530243
19.471, -30.6374, 0.686161, 5.45695, 0.0537796
19.6019, -29.9142, 0.693303, 5.5879, 0.0551586
19.7329, -29.1738, 0.700625, 5.71884, 0.0565376
19.8638, -28.4163, 0.707451, 5.84978, 0.0586115
19.9948, -27.6417, 0.715226, 5.98073, 0.0599904
20.1257, -26.8499, 0.723199, 6.11168, 0.0613431
20.2567, -26.041, 0.731719, 6.24264, 0.0620534
20.3876, -25.2149, 0.739944, 6.37359, 0.0634324
20.5186, -24.3717, 0.748349, 6.50454, 0.0648115
20.6496, -23.5113, 0.756935, 6.63549, 0.0661904
20.7805, -22.6338, 0.765702, 6.76648, 0.0675699
20.9115, -21.7448, 0.774689, 6.74739, 0.0688128
21.0424, -20.8697, 0.783615, 6.61643, 0.0674993
21.1734, -20.0119, 0.792366, 6.48548, 0.0661522
21.3043, -19.1711, 0.80094, 6.35453, 0.0647945
21.4353, -18.3476, 0.809336, 6.22358, 0.0634316
21.5662, -17.5411, 0.817553, 6.09264, 0.0620655
21.6972, -16.7518, 0.825592, 5.96168, 0.0606972
21.8281, -15.9797, 0.83345, 5.83074, 0.0593274
21.9591, -15.2247, 0.84113, 5.69979, 0.0579565
22.0901, -14.4869, 0.84863, 5.56885, 0.0565847
22.221, -13.7662, 0.85595, 5.4379, 0.0552122
22.352, -13.0626, 0.86309, 5.30695, 0.0538391
22.4829, -12.3762, 0.870051, 5.176, 0.0524655
22.6139, -11.707, 0.876832, 5.04505, 0.0510915
22.7448, -11.0549, 0.883432, 4.9141, 0.0497171
22.8758, -10.4199, 0.889853, 4.78316, 0.0483425
23.0067, -9.80215, 0.896093, 4.65221, 0.0469676
23.1377, -9.20149, 0.902154, 4.52127, 0.0455924
23.2687, -8.61798, 0.908035, 4.39032, 0.044217
23.3996, -8.05163, 0.913735, 4.25937, 0.0428415
23.5306, -7.50241, 0.919255, 4.12842, 0.0414658
23.6615, -6.97036, 0.924595, 3.99748, 0.0400899
23.7925, -6.45544, 0.929755, 3.86653, 0.0387138
23.9234, -5.95767, 0.934735, 3.73558, 0.0373377
24.0544, -5.47707, 0.939534, 3.60463, 0.0359614
24.1853, -5.01358, 0.944153, 3.47368, 0.034585
24.3163, -4.56726, 0.948592, 3.34274, 0.0332085
24.4472, -4.13809, 0.952851, 3.21179, 0.031832
24.5782, -3.72607, 0.956929, 3.08084, 0.0304553
24.7092, -3.33119, 0.960828, 2.94989, 0.0290786
24.8401, -2.95346, 0.964545, 2.81895, 0.0277018
24.9711, -2.59288, 0.968083, 2.688, 0.0263249
25.102, -2.24945, 0.97144, 2.55705, 0.024948
25.233, -1.92316, 0.974617, 2.4261, 0.023571
25.3639, -1.61404, 0.977613, 2.29516, 0.0221939
25.4949, -1.32204, 0.98043, 2.16421, 0.0208168
25.6258, -1.04721, 0.983066, 2.03326, 0.0194396
25.7568, -0.78952, 0.985521, 1.90231, 0.0180624
25.8877, -0.548969, 0.987796, 1.77137, 0.0166852
26.0187, -0.325577, 0.989891, 1.64042, 0.0153079
26.1497, -0.119324, 0.991806, 1.50947, 0.0139305
26.2806, 0.0697708, 0.99354, 1.37853, 0.0125532
26.4116, 0.241722, 0.995093, 1.24758, 0.0111757
26.5425, 0.396526, 0.996467, 1.11663, 0.00979826
26.6735, 0.534172, 0.99766, 0.985683, 0.00842077
26.8044, 0.654682, 0.998672, 0.854735, 0.00704324
26.9354, 0.758041, 0.999504, 0.723787, 0.00566568
27.0663, 0.844246, 1.00016, 0.592841, 0.0042881
27.1973, 0.913311, 1.00063, 0.461894, 0.00291049
27.3282, 0.965225, 1.00092, 0.330946, 0.00153285
27.4592, 0.999985, 1.00103, 0.199998, 0.000155169
