1.74705, 0
0, 0, 0, 0.5, 0
0.0112058, 0.00492975, 2.10008e-05, 0.498867, 0.0111193
0.0224116, 0.00984712, 0.000166926, 0.497733, 0.0222379
0.0336174, 0.0147524, 0.000437801, 0.496598, 0.0333555
0.0448232, 0.0196454, 0.000833598, 0.495461, 0.0444721
0.056029, 0.0245262, 0.00135433, 0.494324, 0.0555878
0.0672347, 0.0293945, 0.00199998, 0.493186, 0.0667026
0.0784405, 0.0342509, 0.00277057, 0.492046, 0.0778162
0.0896463, 0.0390949, 0.00366607, 0.490905, 0.0889289
0.100852, 0.0439266, 0.0046865, 0.489763, 0.10004
0.112058, 0.0487462, 0.00583187, 0.48862, 0.111151
0.123264, 0.0535536, 0.00710217, 0.487475, 0.12226
0.134469, 0.0583486, 0.0084974, 0.486328, 0.133368
0.145675, 0.0631315, 0.0100175, 0.485181, 0.144474
0.156881, 0.067902, 0.0116626, 0.484031, 0.155579
0.168087, 0.0726603, 0.0134325, 0.48288, 0.166683
0.179293, 0.0774065, 0.0153274, 0.481728, 0.177785
0.190498, 0.0821404, 0.0173472, 0.480573, 0.188885
0.201704, 0.0868621, 0.0194919, 0.479417, 0.199984
0.21291, 0.0915717, 0.0217615, 0.478258, 0.211081
0.224116, 0.0962689, 0.024156, 0.477098, 0.222176
0.235322, 0.100954, 0.0266753, 0.475935, 0.233269
0.246527, 0.105627, 0.0293196, 0.47477, 0.24436
0.257733, 0.110287, 0.0320888, 0.473603, 0.255449
0.268939, 0.114936, 0.0349828, 0.472433, 0.266536
0.280145, 0.119572, 0.0380018, 0.47126, 0.27762
0.291351, 0.124196, 0.0411455, 0.470085, 0.288701
0.302556, 0.128808, 0.0444142, 0.468906, 0.29978
0.313762, 0.133407, 0.0478077, 0.467725, 0.310856
0.324968, 0.137995, 0.0513261, 0.46654, 0.321929
0.336174, 0.14257, 0.0549693, 0.465352, 0.332999
0.34738, 0.147133, 0.0587374, 0.46416, 0.344066
0.358585, 0.151684, 0.0626303, 0.462964, 0.355129
0.369791, 0.156223, 0.0666481, 0.461763, 0.366187
0.380997, 0.160749, 0.0707906, 0.460559, 0.377242
0.392203, 0.165264, 0.075058, 0.459349, 0.388293
0.403408, 0.169766, 0.0794501, 0.458135, 0.399338
0.414614, 0.174256, 0.083967, 0.456915, 0.410379
0.42582, 0.178734, 0.0886087, 0.455689, 0.421414
0.437026, 0.1832, 0.0933752, 0.454457, 0.432444
0.448232, 0.187654, 0.0982664, 0.453219, 0.443467
0.459437, 0.192095, 0.103282, 0.451973, 0.454484
0.470643, 0.196525, 0.108423, 0.45072, 0.465493
0.481849, 0.200942, 0.113688, 0.449459, 0.476495
0.493055, 0.205348, 0.119078, 0.448188, 0.487488
0.504261, 0.209741, 0.124593, 0.446908, 0.498471
0.515466, 0.214123, 0.130232, 0.445618, 0.509445
0.526672, 0.218492, 0.135996, 0.444316, 0.520408
0.537878, 0.22285, 0.141884, 0.443002, 0.531359
0.549084, 0.227195, 0.147897, 0.441674, 0.542296
0.56029, 0.231529, 0.154034, 0.440332, 0.553219
0.571495, 0.235851, 0.160295, 0.438973, 0.564126
0.582701, 0.24016, 0.166681, 0.437597, 0.575015
0.593907, 0.244459, 0.173191, 0.436201, 0.585885
0.605113, 0.248745, 0.179826, 0.434783, 0.596732
0.616319, 0.25302, 0.186584, 0.433341, 0.607555
0.627524, 0.257283, 0.193466, 0.431872, 0.618351
0.63873, 0.261534, 0.200473, 0.430373, 0.629114
0.649936, 0.265775, 0.207602, 0.42884, 0.639843
0.661142, 0.270004, 0.214856, 0.427269, 0.650531
0.672347, 0.274221, 0.222232, 0.425655, 0.661172
0.683553, 0.278428, 0.229732, 0.423991, 0.67176
0.694759, 0.282624, 0.237354, 0.422271, 0.682285
0.705965, 0.286809, 0.245099, 0.420485, 0.692737
0.717171, 0.290984, 0.252966, 0.418625, 0.703103
0.728376, 0.295149, 0.260954, 0.416676, 0.713366
0.739582, 0.299304, 0.269062, 0.414625, 0.723507
0.750788, 0.30345, 0.27729, 0.412451, 0.733499
0.761994, 0.307588, 0.285636, 0.410134, 0.743308
0.7732, 0.311718, 0.294099, 0.407643, 0.752892
0.784405, 0.315841, 0.302677, 0.404943, 0.762193
0.795611, 0.319958, 0.311366, 0.401992, 0.771136
0.806817, 0.324071, 0.320163, 0.398736, 0.779622
0.818023, 0.328181, 0.329063, 0.395111, 0.787517
0.829229, 0.33229, 0.338057, 0.391046, 0.794645
0.840434, 0.3364, 0.347134, 0.386467, 0.80078
0.85164, 0.340509, 0.356281, 0.381314, 0.805651
0.862846, 0.344617, 0.365478, 0.375568, 0.808954
0.874052, 0.348717, 0.374701, 0.369282, 0.810422
0.885258, 0.352801, 0.383922, 0.362603, 0.809893
0.896463, 0.356854, 0.393113, 0.355747, 0.807374
0.907669, 0.360865, 0.402251, 0.348953, 0.80305
0.918875, 0.364822, 0.411317, 0.342412, 0.797206
0.930081, 0.36872, 0.420296, 0.336251, 0.790152
0.941287, 0.372556, 0.429178, 0.330528, 0.782169
0.952492, 0.376332, 0.437955, 0.325257, 0.773482
0.963698, 0.380049, 0.446624, 0.320421, 0.764264
0.974904, 0.38371, 0.45518, 0.31599, 0.754644
0.98611, 0.387321, 0.46362, 0.311931, 0.744717
0.997315, 0.390883, 0.471943, 0.308208, 0.734553
1.00852, 0.394402, 0.480147, 0.304787, 0.724205
1.01973, 0.397879, 0.488231, 0.301639, 0.71371
1.03093, 0.401319, 0.496194, 0.298737, 0.703099
1.04214, 0.404724, 0.504035, 0.296055, 0.692394
1.05334, 0.408097, 0.511754, 0.293574, 0.681612
1.06455, 0.41144, 0.51935, 0.291275, 0.670768
1.07576, 0.414755, 0.526823, 0.289141, 0.659873
1.08696, 0.418045, 0.534171, 0.287158, 0.648934
1.09817, 0.421311, 0.541396, 0.285312, 0.637959
1.10937, 0.424554, 0.548497, 0.283594, 0.626953
1.11575, 0.425786, 0.557409, 0.28895, 0.623593
1.12213, 0.427104, 0.566269, 0.29431, 0.620231
1.1285, 0.428511, 0.57512, 0.299666, 0.616872
1.13488, 0.429815, 0.583875, 0.305023, 0.613511
1.14126, 0.431136, 0.592765, 0.310383, 0.610152
1.14763, 0.432627, 0.601547, 0.315739, 0.606794
1.15401, 0.434112, 0.610288, 0.321099, 0.603434
1.16039, 0.435508, 0.619043, 0.326456, 0.600076
1.16676, 0.437168, 0.627723, 0.331816, 0.596717
1.17314, 0.438747, 0.636484, 0.337176, 0.59336
1.17952, 0.440305, 0.64507, 0.342533, 0.590002
1.18589, 0.441966, 0.653759, 0.347896, 0.586643
1.19227, 0.44362, 0.662384, 0.353253, 0.583287
1.19865, 0.445359, 0.670957, 0.358614, 0.579929
1.20503, 0.447106, 0.679599, 0.363974, 0.576574
1.2114, 0.448851, 0.688222, 0.369335, 0.57322
1.21778, 0.450672, 0.696725, 0.374695, 0.569863
1.22416, 0.452491, 0.70521, 0.380055, 0.566507
1.23053, 0.454319, 0.713764, 0.385416, 0.563153
1.23691, 0.456223, 0.722199, 0.390777, 0.559798
1.24329, 0.458313, 0.730659, 0.396141, 0.556442
1.24966, 0.460213, 0.739056, 0.401501, 0.553087
1.25604, 0.462211, 0.74751, 0.406862, 0.549735
1.26242, 0.464294, 0.755913, 0.412227, 0.546381
1.26879, 0.466366, 0.764229, 0.417587, 0.543027
1.27517, 0.468436, 0.772526, 0.422948, 0.539674
1.28155, 0.470692, 0.780849, 0.428312, 0.53632
1.28792, 0.472856, 0.789163, 0.433677, 0.532967
1.2943, 0.475019, 0.79748, 0.439038, 0.529617
1.30068, 0.477268, 0.805745, 0.444402, 0.526265
1.30705, 0.479695, 0.813968, 0.449767, 0.522913
1.31343, 0.48184, 0.822139, 0.455128, 0.519562
1.31981, 0.484262, 0.830324, 0.460493, 0.516211
1.32618, 0.486591, 0.838501, 0.465857, 0.51286
1.33256, 0.489098, 0.846636, 0.471222, 0.50951
1.33894, 0.491602, 0.854752, 0.476587, 0.50616
1.34531, 0.494105, 0.862849, 0.481952, 0.50281
1.35169, 0.496604, 0.870927, 0.487316, 0.499461
1.35807, 0.499102, 0.878986, 0.492681, 0.496112
1.36444, 0.501777, 0.887003, 0.498046, 0.492763
1.37082, 0.504367, 0.895079, 0.503415, 0.489414
1.3772, 0.507128, 0.903046, 0.50878, 0.486067
1.38357, 0.509795, 0.911006, 0.514145, 0.482719
1.38995, 0.512461, 0.918945, 0.51951, 0.479372
1.39633, 0.515222, 0.926922, 0.524879, 0.476025
1.40271, 0.518161, 0.934858, 0.530247, 0.472678
1.40908, 0.521, 0.942719, 0.535613, 0.469332
1.41546, 0.523844, 0.950627, 0.540981, 0.465986
1.42184, 0.526677, 0.958448, 0.546347, 0.462641
1.42821, 0.529596, 0.966219, 0.551715, 0.459293
1.43459, 0.532515, 0.973992, 0.557081, 0.455949
1.44097, 0.535609, 0.981702, 0.56245, 0.452602
1.44734, 0.538809, 0.989536, 0.567822, 0.449257
1.45372, 0.541811, 0.99724, 0.573188, 0.445914
1.4601, 0.544819, 1.00499, 0.578557, 0.44257
1.46647, 0.548004, 1.0127, 0.583926, 0.439227
1.47285, 0.551176, 1.02031, 0.589295, 0.435882
1.47923, 0.554447, 1.02797, 0.594664, 0.43254
1.4856, 0.557715, 1.03561, 0.600034, 0.429197
1.49198, 0.560969, 1.04314, 0.605403, 0.425854
1.49836, 0.56432, 1.05071, 0.610775, 0.42251
1.50473, 0.567671, 1.05829, 0.616145, 0.419169
1.51111, 0.57102, 1.06584, 0.621514, 0.415828
1.51749, 0.574544, 1.07333, 0.626887, 0.412485
1.52386, 0.578068, 1.08082, 0.632257, 0.409145
1.53024, 0.581488, 1.08822, 0.637626, 0.405804
1.53662, 0.585016, 1.09574, 0.642999, 0.402464
1.54299, 0.58853, 1.10316, 0.648372, 0.399123
1.54937, 0.592213, 1.11046, 0.653742, 0.395782
1.55575, 0.595824, 1.11792, 0.659115, 0.392444
1.56212, 0.599514, 1.12528, 0.664485, 0.389106
1.5685, 0.603108, 1.1326, 0.669858, 0.385766
1.57488, 0.606892, 1.13998, 0.675231, 0.382429
1.58126, 0.610662, 1.14724, 0.680605, 0.379089
1.58763, 0.61453, 1.15457, 0.685978, 0.375753
1.59401, 0.618375, 1.1617, 0.691351, 0.372412
1.60039, 0.622328, 1.16897, 0.696725, 0.369076
1.60676, 0.626089, 1.17616, 0.702098, 0.365738
1.61314, 0.630027, 1.18331, 0.707472, 0.362401
1.61952, 0.634064, 1.19052, 0.712846, 0.359066
1.62589, 0.638095, 1.19768, 0.718223, 0.355729
1.63227, 0.642108, 1.2047, 0.723593, 0.352393
1.63865, 0.646225, 1.21181, 0.72897, 0.349057
1.64502, 0.650252, 1.21895, 0.734344, 0.345723
1.6514, 0.654455, 1.22601, 0.739721, 0.342388
1.65778, 0.658657, 1.23308, 0.745095, 0.339055
1.66415, 0.662847, 1.24005, 0.750469, 0.335721
1.67053, 0.667132, 1.24705, 0.755847, 0.332386
1.67691, 0.671415, 1.25403, 0.761224, 0.329052
1.68328, 0.675785, 1.26098, 0.766601, 0.325718
1.68966, 0.680145, 1.26784, 0.771975, 0.322385
1.69604, 0.684522, 1.27484, 0.777353, 0.319054
1.70241, 0.688874, 1.28165, 0.782731, 0.315719
1.70879, 0.693415, 1.2885, 0.788108, 0.312387
1.71517, 0.697954, 1.29533, 0.793486, 0.309055
1.72154, 0.702313, 1.30219, 0.798861, 0.305726
1.72792, 0.707114, 1.30893, 0.804242, 0.302392
1.7343, 0.711638, 1.31564, 0.809616, 0.299061
1.74067, 0.716167, 1.32239, 0.814994, 0.295731
1.74705, 0.721062, 1.32915, 0.820375, 0.2924
