38.2685, 0
0, 0, 0, 0.5, 0
0.19987, 0.0799635, 0.000105372, 0.300133, 0.00111994
0.39974, 0.119975, 0.000434614, 0.100266, 0.00223988
0.59961, 0.120043, 0.000987674, -0.0996008, 0.00335982
0.799481, 0.0801588, 0.0017646, -0.299468, 0.00447976
0.999351, 0.000328571, 0.00276537, -0.499335, 0.0055997
1.19922, -0.119445, 0.00398995, -0.699202, 0.00671964
1.39909, -0.279164, 0.00543837, -0.899069, 0.00783958
1.59896, -0.478842, 0.00711069, -1.09894, 0.00895952
1.79883, -0.718457, 0.0090068, -1.2988, 0.0100795
1.9987, -0.998021, 0.0111268, -1.49867, 0.0111994
2.19857, -1.31753, 0.0134706, -1.69854, 0.0123193
2.39844, -1.677, 0.0160382, -1.8984, 0.0134393
2.59831, -2.07641, 0.0188297, -2.09827, 0.0145592
2.79818, -2.51576, 0.0218451, -2.29814, 0.0156792
2.99805, -2.99506, 0.0250842, -2.49801, 0.0167991
3.19792, -3.51431, 0.0285473, -2.69787, 0.017919
3.39779, -4.07351, 0.0322341, -2.89774, 0.019039
3.59766, -4.67266, 0.0361448, -3.09761, 0.0201589
3.79753, -5.31175, 0.0402794, -3.29747, 0.0212789
3.9974, -5.99079, 0.0446378, -3.49734, 0.0223988
4.19727, -6.70978, 0.04922, -3.69721, 0.0235188
4.39714, -7.46871, 0.0540261, -3.89707, 0.0246387
4.59701, -8.26759, 0.059056, -4.09694, 0.0257586
4.79688, -9.10642, 0.0643098, -4.29681, 0.0268786
4.99675, -9.98519, 0.0712373, -4.49668, 0.0277069
5.19662, -10.9039, 0.0754889, -4.69654, 0.0291185
5.39649, -11.8626, 0.0827474, -4.89641, 0.0299468
5.59636, -12.8612, 0.0875633, -5.09628, 0.0313583
5.79623, -13.8998, 0.095153, -5.29614, 0.0321867
5.9961, -14.9783, 0.101782, -5.49601, 0.0332839
6.19597, -16.0968, 0.107354, -5.69588, 0.0347182
6.39584, -17.2552, 0.114398, -5.89574, 0.0358381
6.59572, -18.4535, 0.121667, -6.09561, 0.036958
6.79558, -19.6918, 0.129159, -6.29548, 0.038078
6.99546, -20.9701, 0.136875, -6.49535, 0.0391979
7.19532, -22.2883, 0.144815, -6.69521, 0.0403179
7.3952, -23.6464, 0.153787, -6.89508, 0.0411235
7.59507, -25.0445, 0.161366, -7.09495, 0.0425577
7.79494, -26.4826, 0.169977, -7.29481, 0.0436777
7.99481, -27.9606, 0.178813, -7.49468, 0.0447976
8.19468, -29.4785, 0.187872, -7.69455, 0.0459176
8.39455, -31.0364, 0.197614, -7.89442, 0.0467459
8.59442, -32.6342, 0.207166, -8.09428, 0.0477905
8.79429, -34.272, 0.216735, -8.29415, 0.0489858
8.99416, -35.9497, 0.226688, -8.49401, 0.0500471
9.19403, -37.6674, 0.236525, -8.69388, 0.0515173
9.3939, -39.425, 0.247155, -8.89374, 0.0522402
9.59377, -41.2226, 0.257688, -9.09361, 0.0533975
9.79364, -43.0601, 0.268477, -9.29345, 0.0544555
9.99351, -44.9369, 0.279458, -9.44343, 0.0550557
10.1934, -46.8044, 0.290341, -9.24358, 0.0538639
10.3932, -48.632, 0.300992, -9.04376, 0.0527234
10.5931, -50.4196, 0.311417, -8.84387, 0.0515908
10.793, -52.1672, 0.321615, -8.64402, 0.0504618
10.9929, -53.8749, 0.331589, -8.44415, 0.0493348
11.1927, -55.5427, 0.341337, -8.24428, 0.048209
11.3926, -57.1705, 0.35086, -8.04441, 0.0470841
11.5925, -58.7584, 0.360158, -7.84455, 0.0459599
11.7923, -60.3063, 0.369232, -7.64468, 0.0448361
11.9922, -61.8143, 0.378081, -7.44481, 0.0437128
12.1921, -63.2823, 0.386706, -7.24494, 0.0425898
12.3919, -64.7104, 0.395106, -7.04508, 0.041467
12.5918, -66.0985, 0.403282, -6.84521, 0.0403445
12.7917, -67.4467, 0.411233, -6.64535, 0.0392222
12.9916, -68.7549, 0.41896, -6.44548, 0.0381
13.1914, -70.0232, 0.426463, -6.24561, 0.0369779
13.3913, -71.2515, 0.433742, -6.04574, 0.035856
13.5912, -72.4399, 0.440796, -5.84588, 0.0347343
13.791, -73.5884, 0.447627, -5.64601, 0.0336126
13.9909, -74.6969, 0.454233, -5.44615, 0.032491
14.1908, -75.7654, 0.460615, -5.24627, 0.0313694
14.3906, -76.794, 0.466772, -5.04641, 0.030248
14.5905, -77.7827, 0.472706, -4.84654, 0.0291266
14.7904, -78.7314, 0.478415, -4.64668, 0.0280053
14.9903, -79.6401, 0.483901, -4.44681, 0.026884
15.1901, -80.5089, 0.489162, -4.24694, 0.0257628
15.39, -81.3378, 0.494199, -4.04707, 0.0246416
15.5899, -82.1267, 0.499012, -3.84721, 0.0235205
15.7897, -82.8757, 0.503601, -3.64734, 0.0223994
15.9896, -83.5847, 0.507966, -3.44748, 0.0212784
16.1895, -84.2538, 0.512107, -3.24761, 0.0201573
16.3894, -84.8829, 0.516024, -3.04774, 0.0190364
16.5892, -85.4721, 0.519717, -2.84788, 0.0179154
16.7891, -86.0213, 0.523185, -2.64801, 0.0167945
16.989, -86.5306, 0.52643, -2.44814, 0.0156736
17.1888, -86.9999, 0.529451, -2.24827, 0.0145527
17.3887, -87.4293, 0.532247, -2.0484, 0.0134319
17.5886, -87.8188, 0.53482, -1.84854, 0.0123111
17.7884, -88.1683, 0.537169, -1.64867, 0.0111903
17.9883, -88.4778, 0.539293, -1.44881, 0.0100696
18.1882, -88.7474, 0.541194, -1.24894, 0.00894883
18.3881, -88.9771, 0.542871, -1.04907, 0.0078281
18.5879, -89.1668, 0.544323, -0.849203, 0.00670738
18.7878, -89.3165, 0.545552, -0.649334, 0.00558668
18.9877, -89.4263, 0.546556, -0.449472, 0.00446603
19.1875, -89.4962, 0.547337, -0.249603, 0.00334536
19.3874, -89.5261, 0.547894, -0.0497353, 0.00222472
19.5873, -89.5161, 0.548226, 0.150134, 0.00110408
19.7871, -89.4661, 0.548335, 0.349997, -1.65107e-05
19.972, -89.3843, 0.548593, 0.534811, 0.000977151
20.1568, -89.2684, 0.548869, 0.719623, 0.0019543
20.3416, -89.1183, 0.549326, 0.904434, 0.00293145
20.5264, -88.9341, 0.549964, 1.08925, 0.00390861
20.7112, -88.7157, 0.550782, 1.27406, 0.00488576
20.896, -88.4632, 0.551781, 1.45887, 0.00586291
21.0808, -88.1765, 0.55296, 1.64368, 0.00684006
21.2657, -87.8556, 0.55432, 1.82849, 0.00781721
21.4505, -87.5006, 0.55586, 2.0133, 0.00879437
21.6353, -87.1114, 0.557581, 2.19811, 0.00977151
21.8201, -86.6881, 0.559483, 2.38293, 0.0107487
22.0049, -86.2306, 0.561566, 2.56774, 0.0117258
22.1897, -85.739, 0.563828, 2.75255, 0.012703
22.3745, -85.2132, 0.566272, 2.93736, 0.0136801
22.5594, -84.6533, 0.568896, 3.12217, 0.0146573
22.7442, -84.0592, 0.571701, 3.30698, 0.0156344
22.929, -83.4309, 0.574686, 3.49179, 0.0166116
23.1138, -82.7685, 0.577852, 3.67661, 0.0175887
23.2986, -82.072, 0.581198, 3.86142, 0.0185659
23.4834, -81.3412, 0.584725, 4.04623, 0.019543
23.6682, -80.5764, 0.588433, 4.23104, 0.0205202
23.8531, -79.7773, 0.592321, 4.41585, 0.0214973
24.0379, -78.9441, 0.59639, 4.60066, 0.0224745
24.2227, -78.0768, 0.600639, 4.78547, 0.0234516
24.4075, -77.1753, 0.605069, 4.97029, 0.0244288
24.5923, -76.2396, 0.60968, 5.1551, 0.0254059
24.7771, -75.2698, 0.614471, 5.33991, 0.0263831
24.9619, -74.2659, 0.619443, 5.52472, 0.0273602
25.1467, -73.2277, 0.624595, 5.70953, 0.0283374
25.3316, -72.1555, 0.629928, 5.89434, 0.0293145
25.5164, -71.049, 0.635441, 6.07916, 0.0302917
25.7012, -69.9084, 0.641135, 6.26397, 0.0312689
25.886, -68.7337, 0.64701, 6.44878, 0.032246
26.0708, -67.5248, 0.653066, 6.63359, 0.0332232
26.2556, -66.2817, 0.659301, 6.8184, 0.0342003
26.4404, -65.0045, 0.665718, 7.00321, 0.0351775
26.6253, -63.6931, 0.672315, 7.18803, 0.0361546
26.8101, -62.3476, 0.679093, 7.37284, 0.0371318
26.9949, -60.9679, 0.686051, 7.55765, 0.0381089
27.1797, -59.5541, 0.69319, 7.74246, 0.0390861
27.3645, -58.1061, 0.700509, 7.92727, 0.0400632
27.5493, -56.624, 0.708009, 8.11208, 0.0410404
27.7341, -55.1077, 0.71569, 8.2969, 0.0420175
27.919, -53.5572, 0.723551, 8.48171, 0.0429947
28.1038, -51.9726, 0.731593, 8.66652, 0.0439718
28.2886, -50.3538, 0.739815, 8.85134, 0.044949
28.4734, -48.7009, 0.748218, 9.03615, 0.0459262
28.6582, -47.0138, 0.756802, 9.22097, 0.0469034
28.843, -45.2926, 0.765566, 9.40583, 0.0478808
29.0278, -43.5428, 0.774551, 9.44065, 0.0490547
29.2127, -41.8151, 0.78353, 9.2558, 0.0481142
29.3975, -40.1216, 0.792334, 9.07095, 0.0471529
29.5823, -38.4622, 0.800959, 8.88614, 0.046186
29.7671, -36.837, 0.809405, 8.70134, 0.0452166
29.9519, -35.246, 0.817672, 8.51652, 0.0442455
30.1367, -33.6891, 0.82576, 8.3317, 0.0432734
30.3215, -32.1664, 0.833667, 8.1469, 0.0423005
30.5064, -30.6778, 0.841395, 7.96208, 0.0413271
30.6912, -29.2234, 0.848943, 7.77727, 0.0403533
30.876, -27.8031, 0.856311, 7.59246, 0.0393792
31.0608, -26.417, 0.863499, 7.40765, 0.0384048
31.2456, -25.065, 0.870506, 7.22284, 0.0374301
31.4304, -23.7472, 0.877334, 7.03803, 0.0364553
31.6152, -22.4636, 0.883981, 6.85321, 0.0354802
31.8001, -21.2141, 0.890448, 6.6684, 0.0345051
31.9849, -19.9987, 0.896735, 6.48359, 0.0335298
32.1697, -18.8176, 0.902842, 6.29878, 0.0325544
32.3545, -17.6705, 0.908768, 6.11397, 0.0315789
32.5393, -16.5577, 0.914514, 5.92915, 0.0306033
32.7241, -15.479, 0.92008, 5.74434, 0.0296277
32.9089, -14.4344, 0.925465, 5.55953, 0.0286519
33.0938, -13.424, 0.93067, 5.37472, 0.0276762
33.2786, -12.4478, 0.935695, 5.18991, 0.0267003
33.4634, -11.5057, 0.94054, 5.0051, 0.0257244
33.6482, -10.5977, 0.945204, 4.82028, 0.0247484
33.833, -9.72396, 0.949687, 4.63547, 0.0237724
34.0178, -8.88435, 0.953991, 4.45066, 0.0227964
34.2026, -8.07887, 0.958114, 4.26585, 0.0218203
34.3874, -7.30756, 0.962056, 4.08104, 0.0208442
34.5723, -6.57041, 0.965818, 3.89623, 0.019868
34.7571, -5.86741, 0.9694, 3.71142, 0.0188918
34.9419, -5.19856, 0.972801, 3.52661, 0.0179156
35.1267, -4.5639, 0.976022, 3.34179, 0.0169393
35.3115, -3.96336, 0.979062, 3.15698, 0.0159631
35.4963, -3.39697, 0.981922, 2.97217, 0.0149868
35.6811, -2.86476, 0.984602, 2.78736, 0.0140105
35.866, -2.36669, 0.987101, 2.60255, 0.0130341
36.0508, -1.90279, 0.98942, 2.41774, 0.0120577
36.2356, -1.47303, 0.991558, 2.23292, 0.0110813
36.4204, -1.07744, 0.993516, 2.04811, 0.0101049
36.6052, -0.715988, 0.995293, 1.8633, 0.00912853
36.79, -0.388695, 0.99689, 1.67849, 0.00815208
36.9748, -0.0955658, 0.998306, 1.49368, 0.00717562
37.1597, 0.163399, 0.999542, 1.30887, 0.00619914
37.3445, 0.388229, 1.0006, 1.12406, 0.00522266
37.5293, 0.57888, 1.00147, 0.939243, 0.00424615
37.7141, 0.73539, 1.00217, 0.754432, 0.00326963
37.8989, 0.857742, 1.00268, 0.56962, 0.0022931
38.0837, 0.945938, 1.00301, 0.38481, 0.00131656
38.2685, 0.999977, 1.00317, 0.199998, 0.000340001
