2.01099, 0
0, 0, 0, 0.5, 0
0.0127098, 0.0058368, -2.10728e-05, 0.497244, 0.0123957
0.0254197, 0.0116386, 0.000115425, 0.494488, 0.0247911
0.0381295, 0.0174055, 0.000409783, 0.491733, 0.0371861
0.0508394, 0.0231374, 0.000861784, 0.488976, 0.0495807
0.0635492, 0.0288344, 0.00147151, 0.48622, 0.0619749
0.0762591, 0.0344963, 0.00223891, 0.483464, 0.0743688
0.0889689, 0.0401234, 0.00316405, 0.480708, 0.0867622
0.101679, 0.0457154, 0.00424688, 0.477951, 0.0991552
0.114389, 0.0512725, 0.00548745, 0.475194, 0.111548
0.127098, 0.0567947, 0.00688569, 0.472437, 0.12394
0.139808, 0.0622819, 0.00844166, 0.46968, 0.136331
0.152518, 0.0677341, 0.0101553, 0.466923, 0.148722
0.165228, 0.0731514, 0.0120267, 0.464166, 0.161113
0.177938, 0.0785337, 0.0140558, 0.461408, 0.173503
0.190648, 0.0838811, 0.0162426, 0.458651, 0.185892
0.203357, 0.0891935, 0.018587, 0.455893, 0.19828
0.216067, 0.0944709, 0.0210892, 0.453135, 0.210668
0.228777, 0.0997134, 0.0237491, 0.450377, 0.223056
0.241487, 0.104921, 0.0265667, 0.447618, 0.235442
0.254197, 0.110094, 0.029542, 0.444859, 0.247828
0.266907, 0.115231, 0.0326751, 0.4421, 0.260213
0.279617, 0.120334, 0.0359658, 0.439341, 0.272597
0.292326, 0.125402, 0.0394142, 0.436582, 0.28498
0.305036, 0.130435, 0.0430203, 0.433822, 0.297362
0.317746, 0.135432, 0.0467842, 0.431062, 0.309743
0.330456, 0.140395, 0.0507057, 0.428301, 0.322123
0.343166, 0.145323, 0.0547849, 0.42554, 0.334502
0.355876, 0.150217, 0.0590219, 0.422779, 0.346879
0.368585, 0.155075, 0.0634165, 0.420018, 0.359256
0.381295, 0.159898, 0.0679689, 0.417256, 0.371631
0.394005, 0.164686, 0.0726789, 0.414493, 0.384004
0.406715, 0.16944, 0.0775467, 0.41173, 0.396376
0.419425, 0.174158, 0.0825721, 0.408967, 0.408746
0.432135, 0.178842, 0.0877553, 0.406203, 0.421114
0.444844, 0.18349, 0.0930962, 0.403438, 0.43348
0.457554, 0.188104, 0.0985947, 0.400673, 0.445845
0.470264, 0.192683, 0.104251, 0.397907, 0.458206
0.482974, 0.197227, 0.110065, 0.39514, 0.470566
0.495684, 0.201736, 0.116037, 0.392373, 0.482923
0.508394, 0.20621, 0.122166, 0.389605, 0.495277
0.521104, 0.21065, 0.128453, 0.386836, 0.507627
0.533813, 0.215054, 0.134898, 0.384066, 0.519975
0.546523, 0.219424, 0.1415, 0.381294, 0.532319
0.559233, 0.223758, 0.14826, 0.378522, 0.544658
0.571943, 0.228058, 0.155178, 0.375748, 0.556993
0.584653, 0.232324, 0.162254, 0.372973, 0.569324
0.597363, 0.236554, 0.169487, 0.370196, 0.581649
0.610072, 0.24075, 0.176878, 0.367418, 0.593968
0.622782, 0.24491, 0.184426, 0.364638, 0.60628
0.635492, 0.249037, 0.192132, 0.361855, 0.618585
0.648202, 0.253128, 0.199996, 0.35907, 0.630882
0.660912, 0.257185, 0.208018, 0.356283, 0.643169
0.673622, 0.261207, 0.216197, 0.353492, 0.655446
0.686332, 0.265195, 0.224534, 0.350698, 0.667711
0.699041, 0.269148, 0.233029, 0.3479, 0.679962
0.711751, 0.273066, 0.241681, 0.345098, 0.692197
0.724461, 0.276951, 0.25049, 0.34229, 0.704415
0.737171, 0.280801, 0.259458, 0.339477, 0.716611
0.749881, 0.284616, 0.268583, 0.336657, 0.728783
0.762591, 0.288398, 0.277865, 0.333829, 0.740925
0.7753, 0.292146, 0.287305, 0.330991, 0.753032
0.78801, 0.295861, 0.296903, 0.328141, 0.765097
0.80072, 0.299542, 0.306657, 0.325278, 0.77711
0.81343, 0.303191, 0.31657, 0.322397, 0.789058
0.82614, 0.306807, 0.326639, 0.319495, 0.800925
0.83885, 0.310391, 0.336865, 0.316567, 0.812688
0.85156, 0.313945, 0.347248, 0.313604, 0.824315
0.864269, 0.31747, 0.357788, 0.310596, 0.835758
0.876979, 0.320968, 0.368483, 0.307528, 0.846952
0.889689, 0.324442, 0.379332, 0.304378, 0.857786
0.902399, 0.327897, 0.390334, 0.301114, 0.868097
0.915109, 0.331341, 0.401485, 0.297687, 0.87761
0.927819, 0.334786, 0.412775, 0.294033, 0.885874
0.940528, 0.33825, 0.424191, 0.290076, 0.892167
0.953238, 0.341754, 0.435697, 0.285784, 0.895511
0.965948, 0.345307, 0.447239, 0.281279, 0.895036
0.978658, 0.348897, 0.458746, 0.276878, 0.890683
0.991368, 0.352492, 0.470159, 0.272913, 0.883283
1.00408, 0.356067, 0.481442, 0.269552, 0.87388
1.01679, 0.359611, 0.492578, 0.266807, 0.86326
1.0295, 0.363121, 0.503558, 0.264622, 0.851909
1.04221, 0.366601, 0.514378, 0.26292, 0.84011
1.05492, 0.370055, 0.525038, 0.26163, 0.828027
1.06763, 0.373488, 0.535534, 0.260689, 0.815763
1.08034, 0.376903, 0.545869, 0.260047, 0.803377
1.09305, 0.380305, 0.55604, 0.259661, 0.790909
1.10576, 0.383698, 0.566049, 0.259498, 0.778385
1.11847, 0.387085, 0.575895, 0.259528, 0.765822
1.13118, 0.390469, 0.585578, 0.259729, 0.753235
1.14389, 0.393851, 0.595099, 0.260081, 0.740628
1.1566, 0.397235, 0.604457, 0.260568, 0.728009
1.16931, 0.400622, 0.613654, 0.261175, 0.715381
1.18202, 0.404014, 0.622688, 0.26189, 0.70275
1.19473, 0.407413, 0.63156, 0.262704, 0.690116
1.20744, 0.41082, 0.64027, 0.263607, 0.677481
1.22014, 0.414237, 0.648819, 0.264591, 0.664847
1.23285, 0.417664, 0.657207, 0.26565, 0.652214
1.24556, 0.421103, 0.665432, 0.266778, 0.639582
1.25827, 0.424554, 0.673497, 0.267969, 0.626953
1.2658, -nan, -nan, 0.272635, 0.624331
1.27333, -nan, -nan, 0.277329, 0.621694
1.28086, -nan, -nan, 0.28205, 0.619041
1.28838, -nan, -nan, 0.286798, 0.616374
1.29591, -nan, -nan, 0.291573, 0.613691
1.30344, -nan, -nan, 0.296372, 0.610994
1.31096, -nan, -nan, 0.301198, 0.608283
1.31849, -nan, -nan, 0.306048, 0.605558
1.32602, -nan, -nan, 0.310922, 0.602819
1.33355, -nan, -nan, 0.31582, 0.600067
1.34107, -nan, -nan, 0.320742, 0.597302
1.3486, -nan, -nan, 0.325687, 0.594524
1.35613, -nan, -nan, 0.330654, 0.591733
1.36365, -nan, -nan, 0.335644, 0.588929
1.37118, -nan, -nan, 0.340656, 0.586113
1.37871, -nan, -nan, 0.345689, 0.583285
1.38624, -nan, -nan, 0.350743, 0.580446
1.39376, -nan, -nan, 0.355818, 0.577594
1.40129, -nan, -nan, 0.360913, 0.574732
1.40882, -nan, -nan, 0.366028, 0.571858
1.41635, -nan, -nan, 0.371162, 0.568973
1.42387, -nan, -nan, 0.376316, 0.566077
1.4314, -nan, -nan, 0.381489, 0.563171
1.43893, -nan, -nan, 0.38668, 0.560254
1.44645, -nan, -nan, 0.39189, 0.557327
1.45398, -nan, -nan, 0.397118, 0.55439
1.46151, -nan, -nan, 0.402363, 0.551442
1.46904, -nan, -nan, 0.407625, 0.548486
1.47656, -nan, -nan, 0.412905, 0.545519
1.48409, -nan, -nan, 0.418201, 0.542544
1.49162, -nan, -nan, 0.423514, 0.539559
1.49914, -nan, -nan, 0.428842, 0.536565
1.50667, -nan, -nan, 0.434187, 0.533562
1.5142, -nan, -nan, 0.439547, 0.53055
1.52173, -nan, -nan, 0.444923, 0.52753
1.52925, -nan, -nan, 0.450313, 0.524501
1.53678, -nan, -nan, 0.455718, 0.521464
1.54431, -nan, -nan, 0.461138, 0.518419
1.55183, -nan, -nan, 0.466572, 0.515366
1.55936, -nan, -nan, 0.472021, 0.512304
1.56689, -nan, -nan, 0.477483, 0.509236
1.57442, -nan, -nan, 0.482958, 0.506159
1.58194, -nan, -nan, 0.488447, 0.503075
1.58947, -nan, -nan, 0.493949, 0.499984
1.597, -nan, -nan, 0.499464, 0.496885
1.60452, -nan, -nan, 0.504992, 0.493779
1.61205, -nan, -nan, 0.510532, 0.490666
1.61958, -nan, -nan, 0.516085, 0.487547
1.62711, -nan, -nan, 0.521649, 0.48442
1.63463, -nan, -nan, 0.527226, 0.481287
1.64216, -nan, -nan, 0.532814, 0.478147
1.64969, -nan, -nan, 0.538414, 0.475001
1.65721, -nan, -nan, 0.544025, 0.471848
1.66474, -nan, -nan, 0.549647, 0.46869
1.67227, -nan, -nan, 0.55528, 0.465525
1.6798, -nan, -nan, 0.560923, 0.462354
1.68732, -nan, -nan, 0.566578, 0.459177
1.69485, -nan, -nan, 0.572243, 0.455994
1.70238, -nan, -nan, 0.577918, 0.452805
1.70991, -nan, -nan, 0.583603, 0.449611
1.71743, -nan, -nan, 0.589298, 0.446411
1.72496, -nan, -nan, 0.595003, 0.443206
1.73249, -nan, -nan, 0.600717, 0.439995
1.74001, -nan, -nan, 0.606441, 0.436779
1.74754, -nan, -nan, 0.612175, 0.433557
1.75507, -nan, -nan, 0.617917, 0.430331
1.7626, -nan, -nan, 0.623669, 0.427099
1.77012, -nan, -nan, 0.629429, 0.423863
1.77765, -nan, -nan, 0.635199, 0.420621
1.78518, -nan, -nan, 0.640977, 0.417375
1.7927, -nan, -nan, 0.646763, 0.414124
1.80023, -nan, -nan, 0.652558, 0.410868
1.80776, -nan, -nan, 0.658361, 0.407607
1.81529, -nan, -nan, 0.664172, 0.404342
1.82281, -nan, -nan, 0.669991, 0.401073
1.83034, -nan, -nan, 0.675818, 0.397799
1.83787, -nan, -nan, 0.681653, 0.39452
1.84539, -nan, -nan, 0.687496, 0.391238
1.85292, -nan, -nan, 0.693346, 0.387951
1.86045, -nan, -nan, 0.699203, 0.38466
1.86798, -nan, -nan, 0.705068, 0.381364
1.8755, -nan, -nan, 0.71094, 0.378065
1.88303, -nan, -nan, 0.716819, 0.374762
1.89056, -nan, -nan, 0.722705, 0.371455
1.89808, -nan, -nan, 0.728598, 0.368144
1.90561, -nan, -nan, 0.734498, 0.364829
1.91314, -nan, -nan, 0.740405, 0.36151
1.92067, -nan, -nan, 0.746318, 0.358188
1.92819, -nan, -nan, 0.752237, 0.354862
1.93572, -nan, -nan, 0.758163, 0.351532
1.94325, -nan, -nan, 0.764096, 0.348199
1.95077, -nan, -nan, 0.770034, 0.344863
1.9583, -nan, -nan, 0.775979, 0.341522
1.96583, -nan, -nan, 0.78193, 0.338179
1.97336, -nan, -nan, 0.787887, 0.334832
1.98088, -nan, -nan, 0.79385, 0.331482
1.98841, -nan, -nan, 0.799818, 0.328128
1.99594, -nan, -nan, 0.805792, 0.324771
2.00347, -nan, -nan, 0.811772, 0.321412
2.01099, -nan, -nan, 0.817758, 0.318049
