38.3737, 0
0, 0, 0, 0.5, 0
0.200403, 0.08012, 0.000105657, 0.299601, 0.00111696
0.400806, 0.120086, 0.000435116, 0.0992005, 0.00223393
0.601208, 0.119923, 0.00849852, -0.101203, 0.00255142
0.801611, 0.079517, 0.00176568, -0.301599, 0.00446786
1.00201, -0.00100499, 0.0027667, -0.501999, 0.00558482
1.20242, -0.121683, 0.00399154, -0.702398, 0.00670178
1.40282, -0.282528, 0.00544026, -0.902797, 0.00781874
1.60322, -0.483529, 0.00711279, -1.1032, 0.00893571
1.80363, -0.724691, 0.00900917, -1.3036, 0.0100527
2.00403, -1.00602, 0.0111294, -1.504, 0.0111696
2.20443, -1.32751, 0.0134735, -1.7044, 0.0122866
2.40483, -1.68912, 0.0221095, -1.9048, 0.0126041
2.60524, -2.09092, 0.0247411, -2.1052, 0.013721
2.80564, -2.53292, 0.0218488, -2.3056, 0.0156375
3.00604, -3.01502, 0.0308273, -2.506, 0.0159333
3.20644, -3.53731, 0.0339787, -2.7064, 0.0170719
3.40685, -4.09979, 0.0322387, -2.90679, 0.0189884
3.60725, -4.7024, 0.0361496, -3.10719, 0.0201053
3.80765, -5.34517, 0.0402844, -3.30759, 0.0212223
4.00806, -6.02808, 0.0494295, -3.508, 0.0215398
4.20846, -6.75119, 0.0492256, -3.70839, 0.0234562
4.40886, -7.51445, 0.054032, -3.90879, 0.0245732
4.60926, -8.31786, 0.0590621, -4.10919, 0.0256902
4.80967, -9.16141, 0.0684617, -4.3096, 0.0260076
5.01007, -10.0452, 0.0738874, -4.51, 0.0271029
5.21047, -10.969, 0.0794246, -4.71039, 0.0282199
5.41088, -11.9331, 0.0850862, -4.91079, 0.0293585
5.61128, -12.9373, 0.0875707, -5.11119, 0.031275
5.81168, -13.9817, 0.093944, -5.31159, 0.0323919
6.01208, -15.0662, 0.103812, -5.51199, 0.0326877
6.21249, -16.1909, 0.110468, -5.71239, 0.0338047
6.41289, -17.3558, 0.114407, -5.91279, 0.0357428
6.61329, -18.5608, 0.124452, -6.11319, 0.0360386
6.81369, -19.806, 0.131711, -6.31359, 0.0371773
7.0141, -21.0913, 0.139267, -6.51399, 0.0382942
7.2145, -22.4168, 0.147107, -6.71439, 0.0393895
7.4149, -23.7825, 0.155107, -6.91479, 0.0405065
7.61531, -25.1883, 0.16333, -7.11519, 0.0416234
7.81571, -26.6343, 0.171777, -7.31559, 0.0427404
8.01611, -28.1205, 0.180473, -7.51599, 0.0438447
8.21651, -29.6468, 0.187883, -7.71639, 0.0457955
8.41692, -31.2132, 0.198482, -7.91679, 0.0460786
8.61732, -32.8199, 0.207822, -8.11719, 0.0471956
8.81772, -34.4666, 0.217404, -8.31759, 0.0482965
9.01813, -36.1536, 0.227194, -8.51798, 0.0494078
9.21853, -37.8807, 0.236537, -8.71838, 0.0513803
9.41893, -39.648, 0.247441, -8.91878, 0.0516257
9.61933, -41.4554, 0.257882, -9.11919, 0.0527714
9.81974, -43.303, 0.268416, -9.3196, 0.0547313
10.0201, -45.1901, 0.279459, -9.4694, 0.0544186
10.2205, -47.0678, 0.290244, -9.26918, 0.0532343
10.4209, -48.9052, 0.300798, -9.06876, 0.0520973
10.6213, -50.7026, 0.311125, -8.86837, 0.0509683
10.8218, -52.4597, 0.321226, -8.66798, 0.0498427
11.0222, -54.1768, 0.331102, -8.46758, 0.048719
11.2226, -55.8536, 0.340753, -8.26719, 0.0475965
11.423, -57.4903, 0.350179, -8.06679, 0.0464748
11.6234, -59.0868, 0.359381, -7.86639, 0.0453537
11.8238, -60.6432, 0.368357, -7.66599, 0.0442331
12.0242, -62.1594, 0.37711, -7.46558, 0.0431128
12.2246, -63.6354, 0.385637, -7.26519, 0.0419929
12.425, -65.0713, 0.393941, -7.06479, 0.0408733
12.6254, -66.467, 0.40202, -6.86439, 0.0397538
12.8258, -67.8226, 0.409874, -6.66399, 0.0386346
13.0262, -69.138, 0.417504, -6.46359, 0.0375155
13.2266, -70.4133, 0.424911, -6.26319, 0.0363965
13.427, -71.6483, 0.432092, -6.06279, 0.0352777
13.6274, -72.8433, 0.43905, -5.86239, 0.0341589
13.8278, -73.998, 0.445784, -5.66199, 0.0330403
14.0282, -75.1126, 0.452293, -5.46159, 0.0319217
14.2286, -76.187, 0.458578, -5.26119, 0.0308032
14.429, -77.2213, 0.464639, -5.06079, 0.0296848
14.6294, -78.2154, 0.470476, -4.86039, 0.0285665
14.8298, -79.1694, 0.476089, -4.65999, 0.0274482
15.0302, -80.0832, 0.481477, -4.45959, 0.02633
15.2306, -80.9568, 0.486642, -4.25919, 0.0252118
15.431, -81.7903, 0.491582, -4.05879, 0.0240937
15.6314, -82.5836, 0.496299, -3.85839, 0.0229756
15.8318, -83.3368, 0.500791, -3.65799, 0.0218575
16.0322, -84.0498, 0.505059, -3.45759, 0.0207395
16.2326, -84.7226, 0.509104, -3.2572, 0.0196215
16.433, -85.3553, 0.512924, -3.0568, 0.0185035
16.6334, -85.9478, 0.51652, -2.8564, 0.0173856
16.8338, -86.5001, 0.519892, -2.656, 0.0162677
17.0342, -87.0123, 0.52304, -2.4556, 0.0151499
17.2346, -87.4844, 0.525964, -2.2552, 0.014032
17.435, -87.9162, 0.528664, -2.0548, 0.0129142
17.6354, -88.3079, 0.53114, -1.8544, 0.0117964
17.8358, -88.6595, 0.533392, -1.654, 0.0106786
18.0363, -88.9708, 0.53542, -1.4536, 0.00956087
18.2367, -89.2421, 0.537224, -1.2532, 0.00844314
18.4371, -89.4731, 0.538804, -1.0528, 0.00732544
18.6375, -89.664, 0.54016, -0.852397, 0.00620771
18.8379, -89.8148, 0.541292, -0.652, 0.00509005
19.0383, -89.9254, 0.542201, -0.451601, 0.00397239
19.2387, -89.9958, 0.542885, -0.251201, 0.00285474
19.4391, -90.0261, 0.543345, -0.0508018, 0.00173711
19.6395, -90.0162, 0.543581, 0.149597, 0.000619494
19.8399, -89.9661, 0.543593, 0.35, -0.000498132
20.0252, -89.884, 0.548593, 0.535336, 0.000974384
20.2106, -89.7677, 0.554443, 0.720676, 0.00131694
20.3959, -89.6169, 0.549326, 0.906008, 0.00292315
20.5812, -89.4318, 0.555303, 1.09135, 0.00326571
20.7666, -89.2124, 0.550782, 1.27668, 0.00487193
20.9519, -88.9586, 0.551781, 1.46202, 0.00584631
21.1372, -88.6704, 0.55296, 1.64735, 0.0068207
21.3226, -88.3479, 0.55432, 1.83269, 0.00779508
21.5079, -87.9911, 0.55586, 2.01803, 0.00876947
21.6933, -87.5999, 0.557581, 2.20336, 0.00974385
21.8786, -87.1743, 0.559483, 2.3887, 0.0107182
22.0639, -86.7145, 0.561565, 2.57403, 0.0116926
22.2493, -86.2202, 0.563828, 2.75937, 0.012667
22.4346, -85.6916, 0.566272, 2.94471, 0.0136414
22.62, -85.1287, 0.568896, 3.13004, 0.0146158
22.8053, -84.5314, 0.5717, 3.31538, 0.0155902
22.9906, -83.8997, 0.574686, 3.50071, 0.0165645
23.176, -83.2337, 0.577851, 3.68605, 0.0175389
23.3613, -82.5334, 0.581198, 3.87139, 0.0185133
23.5466, -81.7987, 0.584725, 4.05672, 0.0194877
23.732, -81.0297, 0.588432, 4.24206, 0.0204621
23.9173, -80.2263, 0.592321, 4.42739, 0.0214365
24.1027, -79.3885, 0.596389, 4.61273, 0.0224109
24.288, -78.5164, 0.600639, 4.79807, 0.0233852
24.4733, -77.61, 0.605069, 4.9834, 0.0243596
24.6587, -76.6692, 0.60959, 5.16874, 0.0253545
24.844, -75.6941, 0.61447, 5.35407, 0.0263084
25.0294, -74.6846, 0.619442, 5.53941, 0.0272828
25.2147, -73.6407, 0.624594, 5.72475, 0.0282572
25.4, -72.5625, 0.629927, 5.91008, 0.0292316
25.5854, -71.45, 0.63537, 6.09542, 0.0302264
25.7707, -70.3031, 0.641135, 6.28076, 0.0311803
25.9561, -69.1219, 0.64701, 6.46609, 0.0321547
26.1414, -67.9063, 0.652947, 6.65142, 0.03317
26.3267, -66.6563, 0.659301, 6.83676, 0.0341035
26.5121, -65.372, 0.665666, 7.0221, 0.0350983
26.6974, -64.0534, 0.672239, 7.20744, 0.0360847
26.8827, -62.7004, 0.679022, 7.39277, 0.0370591
27.0681, -61.3131, 0.68601, 7.57811, 0.0380215
27.2534, -59.8914, 0.693153, 7.76344, 0.0389959
27.4388, -58.4353, 0.700457, 7.94878, 0.0399822
27.6241, -56.9449, 0.707951, 8.13411, 0.0409651
27.8094, -55.4202, 0.715624, 8.31945, 0.0419515
27.9948, -53.8611, 0.72355, 8.50479, 0.042873
28.1801, -52.2676, 0.731534, 8.69012, 0.0439153
28.3655, -50.6399, 0.739787, 8.87546, 0.0448626
28.5508, -48.9777, 0.748177, 9.06078, 0.0458797
28.7361, -47.2812, 0.756779, 9.24612, 0.0468462
28.9215, -45.5504, 0.765552, 9.43141, 0.0478645
29.1068, -43.7908, 0.774502, 9.4667, 0.0482807
29.2921, -42.0534, 0.783364, 9.28146, 0.0473436
29.4775, -40.3504, 0.79205, 9.09612, 0.0463851
29.6628, -38.6817, 0.800558, 8.91079, 0.045421
29.8482, -37.0474, 0.808887, 8.72546, 0.0444542
30.0335, -35.4474, 0.817036, 8.54012, 0.0434859
30.2188, -33.8817, 0.825006, 8.35479, 0.0425165
30.4042, -32.3504, 0.832796, 8.16945, 0.0415464
30.5895, -30.8535, 0.840406, 7.98412, 0.0405758
30.7749, -29.3909, 0.847836, 7.79878, 0.0396047
30.9602, -27.9627, 0.855087, 7.61345, 0.0386333
31.1455, -26.5688, 0.862157, 7.42811, 0.0376616
31.3309, -25.2092, 0.869047, 7.24277, 0.0366897
31.5162, -23.884, 0.875757, 7.05744, 0.0357176
31.7016, -22.5932, 0.882287, 6.8721, 0.0347454
31.8869, -21.3367, 0.888636, 6.68677, 0.033773
32.0722, -20.1146, 0.894806, 6.50143, 0.0328004
32.2576, -18.9268, 0.900795, 6.3161, 0.0318278
32.4429, -17.7733, 0.906603, 6.13075, 0.030855
32.6282, -16.6542, 0.912232, 5.94542, 0.0298822
32.8136, -15.5695, 0.91768, 5.76009, 0.0289094
32.9989, -14.5191, 0.922948, 5.57475, 0.0279364
33.1843, -13.5031, 0.928035, 5.38941, 0.0269633
33.3696, -12.5214, 0.932943, 5.20408, 0.0259902
33.5549, -11.574, 0.937669, 5.01874, 0.0250171
33.7403, -10.661, 0.942216, 4.83341, 0.0240439
33.9256, -9.78239, 0.946582, 4.64807, 0.0230706
34.111, -8.9381, 0.950768, 4.46273, 0.0220974
34.2963, -8.12817, 0.954773, 4.2774, 0.021124
34.4816, -7.35255, 0.958598, 4.09206, 0.0201507
34.667, -6.61132, 0.962242, 3.90672, 0.0191773
34.8523, -5.90443, 0.965706, 3.72139, 0.0182038
35.0376, -5.23189, 0.96899, 3.53605, 0.0172304
35.223, -4.59371, 0.972093, 3.35071, 0.0162569
35.4083, -3.98985, 0.975016, 3.16538, 0.0152834
35.5937, -3.42036, 0.977759, 2.98004, 0.0143098
35.779, -2.88522, 0.98032, 2.79471, 0.0133363
35.9643, -2.38443, 0.982702, 2.60937, 0.0123627
36.1497, -1.91796, 0.984903, 2.42403, 0.0113891
36.335, -1.48589, 0.986924, 2.2387, 0.0104155
36.5204, -1.08814, 0.988764, 2.05336, 0.00944182
36.7057, -0.72477, 0.990424, 1.86803, 0.00846816
36.891, -0.395721, 0.991903, 1.68269, 0.00749449
37.0764, -0.101021, 0.993202, 1.49735, 0.00652078
37.2617, 0.159317, 0.99432, 1.31202, 0.00554707
37.4471, 0.385323, 0.995258, 1.12668, 0.00457334
37.6324, 0.576965, 0.996015, 0.941346, 0.0035996
37.8177, 0.734261, 0.996592, 0.756011, 0.00262585
38.0031, 0.857193, 0.996988, 0.570675, 0.00165208
38.1884, 0.945793, 0.997204, 0.385339, 0.0006783
38.3737, 1.00002, 0.99724, 0.2, -0.000295504
