28.1859, 0
0, 0, 0, 0.5, 0
0.148776, 0.0632803, -0.00422276, 0.351238, 0.0020978
0.297551, 0.104467, -0.0038079, 0.20247, 0.00360231
0.446326, 0.123526, -0.00316926, 0.053702, 0.00510682
0.595102, 0.120445, -0.00230672, -0.0950655, 0.00661133
0.743877, 0.0952362, -0.0012204, -0.243834, 0.00811584
0.892653, 0.047892, 8.97762e-05, -0.392602, 0.00962035
1.04143, -0.0215467, 0.00541965, -0.541375, 0.0105316
1.1902, -0.113194, 0.00338162, -0.690138, 0.0126294
1.33898, -0.226935, 0.00536329, -0.838905, 0.0141339
1.48775, -0.36281, 0.00756879, -0.987673, 0.0156384
1.63653, -0.520817, 0.00999812, -1.13644, 0.0171429
1.78531, -0.700925, 0.0160058, -1.28521, 0.0180541
1.93408, -0.903201, 0.0187946, -1.43398, 0.0195586
2.08286, -1.12764, 0.0186292, -1.58274, 0.0216564
2.23163, -1.37415, 0.0250435, -1.73152, 0.0225676
2.38041, -1.64285, 0.0255023, -1.88028, 0.0246654
2.52918, -1.93366, 0.0292747, -2.02905, 0.0261699
2.67796, -2.2466, 0.0332708, -2.17782, 0.0276744
2.82673, -2.58165, 0.0402275, -2.32659, 0.0285857
2.97551, -2.93885, 0.0445831, -2.47536, 0.0300902
3.12429, -3.31819, 0.0491625, -2.62413, 0.0315947
3.27306, -3.71966, 0.0539657, -2.77289, 0.0330992
3.42184, -4.14327, 0.0589928, -2.92166, 0.0346037
3.57061, -4.589, 0.0642437, -3.07043, 0.0361082
3.71939, -5.05688, 0.0697185, -3.2192, 0.0376127
3.86816, -5.54688, 0.0754171, -3.36797, 0.0391172
4.01694, -6.05902, 0.0813395, -3.51673, 0.0406217
4.16571, -6.59331, 0.0855435, -3.6655, 0.0427195
4.31449, -7.14969, 0.0938558, -3.81427, 0.0436307
4.46326, -7.72825, 0.098684, -3.96303, 0.0457286
4.61204, -8.3289, 0.107268, -4.1118, 0.0466398
4.76082, -8.9517, 0.114309, -4.26057, 0.0481443
4.90959, -9.59664, 0.121575, -4.40934, 0.0496488
5.05837, -10.2637, 0.127651, -4.5581, 0.0517466
5.20714, -10.9529, 0.136777, -4.70688, 0.0526578
5.35592, -11.6643, 0.143478, -4.85564, 0.0547556
5.50469, -12.3977, 0.152875, -5.00441, 0.0556668
5.65347, -13.1533, 0.161259, -5.15318, 0.0571713
5.80224, -13.931, 0.169938, -5.30195, 0.058633
5.95102, -14.7309, 0.177817, -5.45071, 0.0607736
6.0998, -15.5529, 0.187813, -5.59948, 0.061642
6.24857, -16.397, 0.197087, -5.74825, 0.0631465
6.39735, -17.2633, 0.205921, -5.89701, 0.0652872
6.54612, -18.1517, 0.216305, -6.04579, 0.0661556
6.6949, -19.0622, 0.22625, -6.19455, 0.0676601
6.84367, -19.9949, 0.236465, -6.34332, 0.0690872
6.99245, -20.9497, 0.246793, -6.49209, 0.0707119
7.14122, -21.9266, 0.257239, -6.64086, 0.0728098
7.29, -22.9257, 0.268291, -6.78961, 0.0735299
7.43878, -23.9469, 0.279334, -6.93644, 0.0747257
7.58755, -24.9683, 0.290307, -6.79081, 0.0729428
7.73633, -25.9675, 0.301044, -6.64209, 0.0713959
7.8851, -26.9446, 0.311552, -6.49331, 0.0698662
8.03388, -27.8996, 0.321833, -6.34455, 0.0683439
8.18265, -28.8325, 0.331888, -6.19578, 0.0668256
8.33143, -29.7432, 0.341717, -6.04701, 0.0653099
8.4802, -30.6318, 0.351321, -5.89825, 0.0637959
8.62898, -31.4982, 0.360699, -5.74948, 0.0622831
8.77775, -32.3425, 0.369853, -5.60071, 0.0607713
8.92653, -33.1647, 0.378782, -5.45194, 0.0592603
9.0753, -33.9647, 0.387486, -5.30318, 0.0577499
9.22408, -34.7427, 0.395966, -5.15441, 0.05624
9.37286, -35.4984, 0.40422, -5.00564, 0.0547306
9.52163, -36.2321, 0.412251, -4.85687, 0.0532215
9.67041, -36.9436, 0.420057, -4.7081, 0.0517127
9.81918, -37.633, 0.427638, -4.55934, 0.0502042
9.96796, -38.3002, 0.434995, -4.41057, 0.048696
10.1167, -38.9454, 0.442128, -4.2618, 0.0471879
10.2655, -39.5683, 0.449036, -4.11303, 0.0456801
10.4143, -40.1692, 0.45572, -3.96426, 0.0441724
10.5631, -40.7479, 0.462179, -3.8155, 0.0426649
10.7118, -41.3045, 0.468415, -3.66673, 0.0411575
10.8606, -41.839, 0.474426, -3.51796, 0.0396502
11.0094, -42.3513, 0.480213, -3.36919, 0.0381431
11.1582, -42.8415, 0.485775, -3.22043, 0.0366361
11.3069, -43.3095, 0.491114, -3.07166, 0.0351291
11.4557, -43.7554, 0.496228, -2.92289, 0.0336223
11.6045, -44.1792, 0.501118, -2.77412, 0.0321156
11.7533, -44.5809, 0.505784, -2.62535, 0.0306089
11.902, -44.9604, 0.510226, -2.47659, 0.0291023
12.0508, -45.3178, 0.514443, -2.32782, 0.0275957
12.1996, -45.653, 0.518437, -2.17905, 0.0260893
12.3484, -45.9662, 0.522206, -2.03028, 0.0245829
12.4971, -46.2572, 0.525752, -1.88151, 0.0230765
12.6459, -46.526, 0.529073, -1.73275, 0.0215702
12.7947, -46.7727, 0.53217, -1.58398, 0.020064
12.9435, -46.9973, 0.535043, -1.43521, 0.0185578
13.0922, -47.1998, 0.537692, -1.28644, 0.0170516
13.241, -47.3801, 0.540117, -1.13768, 0.0155455
13.3898, -47.5383, 0.542317, -0.988907, 0.0140394
13.5386, -47.6744, 0.544294, -0.840138, 0.0125334
13.6873, -47.7883, 0.546047, -0.691371, 0.0110274
13.8361, -47.8801, 0.547575, -0.542603, 0.00952142
13.9849, -47.9497, 0.54888, -0.393836, 0.00801551
14.1337, -47.9973, 0.54996, -0.245068, 0.00650962
14.2824, -48.0227, 0.550817, -0.0963017, 0.00500376
14.4312, -48.0259, 0.551449, 0.052468, 0.00349791
14.58, -48.0071, 0.551858, 0.201235, 0.00199211
14.7288, -47.966, 0.552042, 0.350004, 0.000486311
14.8633, -47.9099, 0.548596, 0.484564, 0.00134192
14.9979, -47.8356, 0.545128, 0.619122, 0.00327071
15.1325, -47.7432, 0.545666, 0.753686, 0.00461263
15.2671, -47.6328, 0.546386, 0.888251, 0.00595455
15.4016, -47.5042, 0.550795, 1.02282, 0.00670959
15.5362, -47.3575, 0.551797, 1.15738, 0.00805151
15.6708, -47.1927, 0.549627, 1.29194, 0.0099803
15.8053, -47.0098, 0.554341, 1.42651, 0.0107353
15.9399, -46.8088, 0.555885, 1.56108, 0.0120773
16.0745, -46.5896, 0.554493, 1.69564, 0.0140061
16.2091, -46.3524, 0.559513, 1.8302, 0.0147611
16.3436, -46.0971, 0.561598, 1.96477, 0.016103
16.4782, -45.8236, 0.563863, 2.09933, 0.0174449
16.6128, -45.5321, 0.566309, 2.2339, 0.0187869
16.7473, -45.2224, 0.568936, 2.36846, 0.0201288
16.8819, -44.8946, 0.571743, 2.50303, 0.0214707
17.0165, -44.5487, 0.574731, 2.63759, 0.0228126
17.151, -44.1847, 0.577899, 2.77215, 0.0241545
17.2856, -43.8026, 0.578844, 2.90671, 0.0260833
17.4202, -43.4024, 0.584778, 3.04128, 0.0268384
17.5548, -42.9841, 0.588488, 3.17585, 0.0281803
17.6893, -42.5476, 0.590212, 3.3104, 0.0301091
17.8239, -42.0931, 0.594362, 3.44497, 0.031451
17.9585, -41.6205, 0.600702, 3.57954, 0.032206
18.093, -41.1297, 0.603065, 3.7141, 0.0341772
18.2276, -40.6208, 0.609748, 3.84867, 0.0348899
18.3622, -40.0938, 0.612769, 3.98322, 0.0368187
18.4968, -39.5488, 0.617822, 4.11779, 0.0381606
18.6313, -38.9856, 0.624671, 4.25236, 0.0389156
18.7659, -38.4043, 0.630006, 4.38692, 0.0402576
18.9005, -37.8049, 0.635522, 4.52149, 0.0415995
19.035, -37.1874, 0.641219, 4.65605, 0.0429414
19.1696, -36.5518, 0.647096, 4.79062, 0.0442833
19.3042, -35.898, 0.653153, 4.92518, 0.0456252
19.4388, -35.2262, 0.658169, 5.05974, 0.0475964
19.5733, -34.5362, 0.664749, 5.1943, 0.0488959
19.7079, -33.8282, 0.671357, 5.32887, 0.0502802
19.8425, -33.102, 0.678221, 5.46343, 0.0516221
19.977, -32.3577, 0.686151, 5.598, 0.0523348
20.1116, -31.5954, 0.692461, 5.73256, 0.0543307
20.2462, -30.8149, 0.699871, 5.86712, 0.0556726
20.3807, -30.0163, 0.708116, 6.0017, 0.0563606
20.5153, -29.1996, 0.715205, 6.13625, 0.0583876
20.6499, -28.3647, 0.723184, 6.27081, 0.0596984
20.7845, -27.5118, 0.731269, 6.40537, 0.0611196
20.919, -26.6408, 0.739598, 6.53994, 0.0624493
21.0536, -25.7517, 0.748337, 6.67452, 0.0630702
21.1882, -24.8444, 0.756768, 6.80905, 0.0652123
21.3227, -23.919, 0.765639, 6.9436, 0.0665973
21.4573, -22.9812, 0.774673, 6.92816, 0.0669537
21.5919, -22.0579, 0.783598, 6.79364, 0.0656749
21.7265, -21.1528, 0.792348, 6.65908, 0.0643634
21.861, -20.2657, 0.80092, 6.52452, 0.0630416
21.9956, -19.3967, 0.809315, 6.38995, 0.0617148
22.1302, -18.5459, 0.81753, 6.25538, 0.060385
22.2647, -17.7132, 0.825567, 6.12082, 0.0590532
22.3993, -16.8985, 0.833424, 5.98626, 0.0577199
22.5339, -16.102, 0.841101, 5.85169, 0.0563856
22.6685, -15.3236, 0.848599, 5.71713, 0.0550504
22.803, -14.5633, 0.855918, 5.58256, 0.0537146
22.9376, -13.8211, 0.863056, 5.448, 0.0523782
23.0722, -13.097, 0.870015, 5.31344, 0.0510414
23.2067, -12.391, 0.876794, 5.17887, 0.0497041
23.3413, -11.7032, 0.883392, 5.04431, 0.0483666
23.4759, -11.0334, 0.889811, 4.90974, 0.0470287
23.6104, -10.3817, 0.89605, 4.77518, 0.0456906
23.745, -9.7482, 0.902108, 4.64061, 0.0443522
23.8796, -9.13276, 0.907987, 4.50605, 0.0430137
24.0142, -8.53542, 0.913685, 4.37149, 0.041675
24.1487, -7.95621, 0.919203, 4.23692, 0.0403361
24.2833, -7.3951, 0.924541, 4.10236, 0.0389971
24.4179, -6.85209, 0.929699, 3.9678, 0.037658
24.5524, -6.32719, 0.934676, 3.83323, 0.0363187
24.687, -5.82041, 0.939474, 3.69867, 0.0349793
24.8216, -5.33173, 0.944091, 3.5641, 0.0336398
24.9562, -4.86117, 0.948528, 3.42954, 0.0323002
25.0907, -4.4087, 0.952784, 3.29497, 0.0309606
25.2253, -3.97435, 0.95686, 3.16041, 0.0296208
25.3599, -3.55811, 0.960756, 3.02585, 0.028281
25.4944, -3.15997, 0.964472, 2.89128, 0.0269411
25.629, -2.77995, 0.968007, 2.75672, 0.0256012
25.7636, -2.41803, 0.971362, 2.62215, 0.0242612
25.8982, -2.07421, 0.974537, 2.48759, 0.0229211
26.0327, -1.7485, 0.977531, 2.35303, 0.021581
26.1673, -1.44091, 0.980345, 2.21846, 0.0202408
26.3019, -1.15143, 0.982979, 2.0839, 0.0189006
26.4364, -0.880051, 0.985432, 1.94933, 0.0175603
26.571, -0.626785, 0.987705, 1.81477, 0.01622
26.7056, -0.391613, 0.989798, 1.68021, 0.0148797
26.8401, -0.174572, 0.99171, 1.54564, 0.0135392
26.9747, 0.0243683, 0.993442, 1.41108, 0.0121988
27.1093, 0.205215, 0.994993, 1.27651, 0.0108583
27.2439, 0.367947, 0.996364, 1.14195, 0.00951785
27.3784, 0.512562, 0.997555, 1.00738, 0.00817733
27.513, 0.639072, 0.998565, 0.872818, 0.00683674
27.6476, 0.747467, 0.999395, 0.738254, 0.00549615
27.7821, 0.837765, 1.00004, 0.603691, 0.00415554
27.9167, 0.909946, 1.00051, 0.469126, 0.00281488
28.0513, 0.964027, 1.0008, 0.334564, 0.00147423
28.1859, 0.999992, 1.00091, 0.199998, 0.000133507
