26.2543, 0
0, 0, 0, 0.5, 0
0.138972, 0.0598289, 0.000101946, 0.361038, 0.00161062
0.277944, 0.10035, 0.00042767, 0.222075, 0.00322125
0.416916, 0.121554, 0.000977297, 0.083112, 0.00483187
0.555887, 0.123448, 0.00175073, -0.0558504, 0.00644249
0.694859, 0.10603, 0.00274799, -0.194813, 0.00805311
0.833831, 0.0693007, 0.00396908, -0.333775, 0.00966373
0.972803, 0.0132618, 0.00541397, -0.472738, 0.0112744
1.11177, -0.062091, 0.00708271, -0.6117, 0.012885
1.25075, -0.156758, 0.00897533, -0.750663, 0.0144956
1.38972, -0.270736, 0.0110917, -0.889626, 0.0161062
1.52869, -0.404023, 0.013432, -1.02859, 0.0177168
1.66766, -0.556624, 0.015996, -1.16755, 0.0193275
1.80663, -0.728537, 0.018784, -1.30651, 0.0209381
1.94561, -0.919762, 0.0217957, -1.44548, 0.0225487
2.08458, -1.1303, 0.0250313, -1.58444, 0.0241593
2.22355, -1.36015, 0.0284907, -1.7234, 0.02577
2.36252, -1.60931, 0.0321739, -1.86236, 0.0273806
2.50149, -1.87778, 0.036081, -2.00133, 0.0289912
2.64047, -2.16556, 0.0402119, -2.14029, 0.0306018
2.77944, -2.47266, 0.0445666, -2.27925, 0.0322124
2.91841, -2.79907, 0.0491451, -2.41821, 0.0338231
3.05738, -3.14479, 0.0539475, -2.55718, 0.0354337
3.19635, -3.50982, 0.0589737, -2.69614, 0.0370443
3.33532, -3.89416, 0.0642238, -2.8351, 0.0386549
3.4743, -4.29782, 0.0696977, -2.97406, 0.0402656
3.61327, -4.72078, 0.0753954, -3.11303, 0.0418762
3.75224, -5.16306, 0.0813169, -3.25199, 0.0434868
3.89121, -5.62465, 0.0874623, -3.39095, 0.0450974
4.03018, -6.10556, 0.0938315, -3.52991, 0.046708
4.16916, -6.60577, 0.100425, -3.66888, 0.0483187
4.30813, -7.1253, 0.107241, -3.80784, 0.0499293
4.4471, -7.66413, 0.114282, -3.9468, 0.0515399
4.58607, -8.22228, 0.121547, -4.08577, 0.0531505
4.72504, -8.79975, 0.129035, -4.22473, 0.0547611
4.86402, -9.39652, 0.136747, -4.36369, 0.0563718
5.00299, -10.0126, 0.144683, -4.50265, 0.0579824
5.14196, -10.648, 0.152843, -4.64162, 0.059593
5.28093, -11.3027, 0.161227, -4.78058, 0.0612037
5.4199, -11.9767, 0.169834, -4.91954, 0.0628143
5.55888, -12.6701, 0.178666, -5.05851, 0.0644249
5.69785, -13.3827, 0.187721, -5.19747, 0.0660355
5.83682, -14.1147, 0.197, -5.33643, 0.0676462
5.97579, -14.8659, 0.206503, -5.47539, 0.0692568
6.11476, -15.6365, 0.216229, -5.61436, 0.0708674
6.25373, -16.4264, 0.22618, -5.75332, 0.0724781
6.39271, -17.2356, 0.236354, -5.89228, 0.0740887
6.53168, -18.0641, 0.246752, -6.03125, 0.0756993
6.67065, -18.912, 0.257374, -6.17022, 0.07731
6.80962, -19.7791, 0.26822, -6.3092, 0.0789209
6.94859, -20.6656, 0.27929, -6.44884, 0.0805394
7.08756, -21.5535, 0.290181, -6.32023, 0.0774372
7.22654, -22.4222, 0.300827, -6.18125, 0.0757752
7.36551, -23.2716, 0.311243, -6.04229, 0.0741349
7.50448, -24.1016, 0.321432, -5.90332, 0.0725033
7.64345, -24.9123, 0.331395, -5.76436, 0.0708765
7.78242, -25.7038, 0.341132, -5.6254, 0.0692527
7.9214, -26.4759, 0.350644, -5.48643, 0.0676309
8.06037, -27.2287, 0.35993, -5.34747, 0.0660107
8.19934, -27.9622, 0.368991, -5.20851, 0.0643916
8.33831, -28.6764, 0.377827, -5.06954, 0.0627733
8.47728, -29.3712, 0.386438, -4.93058, 0.0611558
8.61626, -30.0468, 0.394825, -4.79162, 0.059539
8.75523, -30.703, 0.402987, -4.65266, 0.0579226
8.8942, -31.34, 0.410924, -4.51369, 0.0563066
9.03317, -31.9576, 0.418637, -4.37473, 0.054691
9.17214, -32.5559, 0.426125, -4.23577, 0.0530758
9.31112, -33.1349, 0.433389, -4.0968, 0.0514607
9.45009, -33.6946, 0.440428, -3.95784, 0.049846
9.58906, -34.2349, 0.447243, -3.81888, 0.0482315
9.72803, -34.756, 0.453834, -3.67992, 0.0466172
9.867, -35.2578, 0.4602, -3.54096, 0.045003
10.006, -35.7402, 0.466342, -3.40199, 0.0433891
10.1449, -36.2033, 0.47226, -3.26303, 0.0417753
10.2839, -36.6471, 0.477953, -3.12407, 0.0401616
10.4229, -37.0716, 0.483423, -2.98511, 0.038548
10.5619, -37.4768, 0.488668, -2.84614, 0.0369345
10.7008, -37.8627, 0.493689, -2.70718, 0.0353212
10.8398, -38.2293, 0.498485, -2.56822, 0.033708
10.9788, -38.5765, 0.503057, -2.42925, 0.0320948
11.1178, -38.9045, 0.507406, -2.29029, 0.0304818
11.2567, -39.2131, 0.51153, -2.15133, 0.0288688
11.3957, -39.5024, 0.515429, -2.01237, 0.0272559
11.5347, -39.7724, 0.519105, -1.8734, 0.0256431
11.6736, -40.0231, 0.522557, -1.73444, 0.0240303
11.8126, -40.2545, 0.525784, -1.59548, 0.0224176
11.9516, -40.4666, 0.528788, -1.45652, 0.0208049
12.0906, -40.6593, 0.531567, -1.31755, 0.0191923
12.2295, -40.8328, 0.534122, -1.17859, 0.0175798
12.3685, -40.9869, 0.536453, -1.03963, 0.0159673
12.5075, -41.1217, 0.53856, -0.900666, 0.0143549
12.6464, -41.2372, 0.540443, -0.761704, 0.0127425
12.7854, -41.3334, 0.542102, -0.622742, 0.0111301
12.9244, -41.4103, 0.543537, -0.483778, 0.00951779
13.0634, -41.4679, 0.544747, -0.344816, 0.00790552
13.2023, -41.5062, 0.545734, -0.205854, 0.00629329
13.3413, -41.5251, 0.546496, -0.0668909, 0.00468108
13.4803, -41.5248, 0.547035, 0.0720707, 0.00306892
13.6192, -41.5051, 0.547349, 0.211033, 0.00145679
13.7582, -41.4661, 0.54744, 0.349995, -0.000155307
13.8832, -41.4146, 0.552789, 0.47496, 0.000751794
14.0081, -41.3474, 0.548876, 0.599905, 0.00289019
14.1331, -41.2646, 0.553357, 0.724865, 0.00364198
14.2581, -41.1662, 0.549978, 0.849809, 0.00578038
14.383, -41.0523, 0.554646, 0.97477, 0.00653217
14.508, -40.9226, 0.551802, 1.09971, 0.00867056
14.6329, -40.7774, 0.552984, 1.22467, 0.0101157
14.7579, -40.6165, 0.554348, 1.34962, 0.0115608
14.8829, -40.4401, 0.555892, 1.47457, 0.0130058
15.0078, -40.248, 0.557616, 1.59952, 0.0144509
15.1328, -40.0403, 0.559521, 1.72447, 0.015896
15.2577, -39.817, 0.561607, 1.84943, 0.0173411
15.3827, -39.5781, 0.563873, 1.97438, 0.0187862
15.5077, -39.3236, 0.56632, 2.09933, 0.0202313
15.6326, -39.0534, 0.568947, 2.22428, 0.0216764
15.7576, -38.7677, 0.571756, 2.34924, 0.0231215
15.8825, -38.4663, 0.574744, 2.47419, 0.0245666
16.0075, -38.1493, 0.577913, 2.59914, 0.0260117
16.1325, -37.8167, 0.581263, 2.72409, 0.0274568
16.2574, -37.4685, 0.584793, 2.84905, 0.0289019
16.3824, -37.1047, 0.588504, 2.974, 0.030347
16.5073, -36.7253, 0.592124, 3.09895, 0.0318713
16.6323, -36.3302, 0.596468, 3.2239, 0.0332372
16.7573, -35.9195, 0.60072, 3.34885, 0.0346823
16.8822, -35.4933, 0.605001, 3.47381, 0.0361774
17.0072, -35.0514, 0.609621, 3.59876, 0.0376225
17.1322, -34.5938, 0.614422, 3.72371, 0.0390676
17.2571, -34.1207, 0.619403, 3.84866, 0.0405126
17.3821, -33.632, 0.62449, 3.97361, 0.041987
17.507, -33.1276, 0.630028, 4.09857, 0.0433528
17.632, -32.6077, 0.63543, 4.22352, 0.0448479
17.757, -32.0721, 0.641134, 4.34847, 0.046293
17.8819, -31.5209, 0.646958, 4.47342, 0.0477674
18.0069, -30.9541, 0.653179, 4.59838, 0.0491332
18.1318, -30.3717, 0.659418, 4.72333, 0.0505783
18.2568, -29.7736, 0.665754, 4.84828, 0.0520734
18.3818, -29.16, 0.672438, 4.97323, 0.0534685
18.5067, -28.5307, 0.679105, 5.09818, 0.0549928
18.6317, -27.8858, 0.68605, 5.22314, 0.0564587
18.7566, -27.2253, 0.693228, 5.34809, 0.057883
18.8816, -26.5492, 0.700508, 5.47304, 0.0593781
19.0066, -25.8575, 0.708147, 5.59799, 0.060694
19.1315, -25.1502, 0.715767, 5.72295, 0.0622183
19.2565, -24.4272, 0.723578, 5.84789, 0.0637571
19.3814, -23.6887, 0.731676, 5.97285, 0.0651453
19.5064, -22.9345, 0.739892, 6.0978, 0.0666473
19.6314, -22.1647, 0.74831, 6.22274, 0.0681237
19.7563, -21.3793, 0.756918, 6.34769, 0.0695906
19.8813, -20.5783, 0.765708, 6.4726, 0.0711461
20.0062, -19.7673, 0.774664, 6.4476, 0.0714206
20.1312, -18.9694, 0.783504, 6.32265, 0.0700463
20.2562, -18.1871, 0.792169, 6.19771, 0.0686364
20.3811, -17.4204, 0.800657, 6.07276, 0.0672147
20.5061, -16.6694, 0.808967, 5.94781, 0.0657874
20.6311, -15.9339, 0.817099, 5.82286, 0.0643565
20.756, -15.2141, 0.825051, 5.6979, 0.0629232
20.881, -14.5099, 0.832824, 5.57295, 0.0614883
21.0059, -13.8213, 0.840418, 5.448, 0.0600521
21.1309, -13.1483, 0.847833, 5.32305, 0.058615
21.2559, -12.491, 0.855068, 5.1981, 0.0571771
21.3808, -11.8492, 0.862123, 5.07314, 0.0557384
21.5058, -11.2231, 0.868998, 4.94819, 0.0542993
21.6307, -10.6126, 0.875693, 4.82324, 0.0528598
21.7557, -10.0177, 0.882209, 4.69829, 0.0514198
21.8807, -9.43836, 0.888544, 4.57333, 0.0499795
22.0056, -8.87468, 0.894699, 4.44838, 0.0485388
22.1306, -8.32661, 0.900675, 4.32343, 0.047098
22.2555, -7.79416, 0.90647, 4.19848, 0.0456569
22.3805, -7.27732, 0.912086, 4.07353, 0.0442156
22.5055, -6.7761, 0.917521, 3.94857, 0.0427741
22.6304, -6.29049, 0.922776, 3.82362, 0.0413324
22.7554, -5.8205, 0.92785, 3.69867, 0.0398906
22.8803, -5.36611, 0.932745, 3.57372, 0.0384486
23.0053, -4.92735, 0.93746, 3.44876, 0.0370065
23.1303, -4.5042, 0.941994, 3.32381, 0.0355643
23.2552, -4.09665, 0.946348, 3.19886, 0.0341219
23.3802, -3.70474, 0.950522, 3.07391, 0.0326795
23.5051, -3.32842, 0.954515, 2.94895, 0.031237
23.6301, -2.96772, 0.958328, 2.824, 0.0297944
23.7551, -2.62264, 0.961961, 2.69905, 0.0283517
23.88, -2.29317, 0.965414, 2.5741, 0.0269089
24.005, -1.97932, 0.968686, 2.44915, 0.025466
24.1299, -1.68109, 0.971779, 2.32419, 0.0240231
24.2549, -1.39845, 0.97469, 2.19924, 0.0225802
24.3799, -1.13144, 0.977422, 2.07429, 0.0211371
24.5048, -0.880047, 0.979973, 1.94934, 0.019694
24.6298, -0.644268, 0.982344, 1.82438, 0.0182509
24.7547, -0.424103, 0.984534, 1.69943, 0.0168077
24.8797, -0.219536, 0.986544, 1.57448, 0.0153644
25.0047, -0.0305977, 0.988374, 1.44953, 0.0139211
25.1296, 0.142731, 0.990024, 1.32458, 0.0124778
25.2546, 0.300442, 0.991493, 1.19962, 0.0110344
25.3796, 0.442539, 0.992781, 1.07467, 0.00959099
25.5045, 0.569023, 0.99389, 0.949718, 0.00814751
25.6295, 0.679897, 0.994818, 0.824766, 0.00670402
25.7544, 0.775146, 0.995565, 0.699815, 0.00526051
25.8794, 0.854794, 0.996132, 0.574862, 0.00381693
26.0044, 0.918819, 0.996519, 0.449909, 0.00237334
26.1293, 0.967232, 0.996725, 0.324957, 0.000929715
26.2543, 1.00005, 0.996751, 0.200006, -0.000513923
