33.4303, 0
0, 0, 0, 0.5, 0
0.175365, 0.072306, 0.000104344, 0.32464, 0.00127642
0.35073, 0.113862, 0.000432512, 0.14928, 0.00255284
0.526095, 0.12466, 0.000984566, -0.0260808, 0.00382926
0.70146, 0.104711, 0.00176042, -0.201441, 0.00510568
0.876825, 0.0540112, 0.0027601, -0.376801, 0.0063821
1.05219, -0.0274409, 0.00398363, -0.552162, 0.00765852
1.22755, -0.139646, 0.005431, -0.727522, 0.00893494
1.40292, -0.282606, 0.00710224, -0.902883, 0.0102114
1.57828, -0.456313, 0.00899728, -1.07824, 0.0114878
1.75365, -0.660777, 0.0111162, -1.2536, 0.0127642
1.92901, -0.895988, 0.0134589, -1.42896, 0.0140406
2.10438, -1.16196, 0.0160255, -1.60432, 0.0153171
2.27974, -1.45867, 0.0188159, -1.77968, 0.0165935
2.45511, -1.78614, 0.0218302, -1.95504, 0.0178699
2.63047, -2.14437, 0.0250683, -2.1304, 0.0191463
2.80584, -2.53334, 0.0285302, -2.30576, 0.0204227
2.9812, -2.95307, 0.032216, -2.48112, 0.0216992
3.15657, -3.40355, 0.0361256, -2.65649, 0.0229756
3.33193, -3.88478, 0.040259, -2.83185, 0.024252
3.5073, -4.39676, 0.0446163, -3.00721, 0.0255284
3.68266, -4.93949, 0.0491974, -3.18257, 0.0268048
3.85803, -5.51298, 0.0540024, -3.35793, 0.0280813
4.03339, -6.11721, 0.0590312, -3.53329, 0.0293577
4.20876, -6.75221, 0.0642838, -3.70865, 0.0306341
4.38412, -7.41794, 0.0697603, -3.88401, 0.0319105
4.55949, -8.11444, 0.0754607, -4.05937, 0.0331869
4.73485, -8.84169, 0.0813848, -4.23473, 0.0344634
4.91022, -9.59969, 0.0875328, -4.41009, 0.0357398
5.08558, -10.3884, 0.0939047, -4.58545, 0.0370162
5.26095, -11.2079, 0.1005, -4.76081, 0.0382926
5.43631, -12.0582, 0.10732, -4.93617, 0.0395691
5.61168, -12.9392, 0.114363, -5.11153, 0.0408455
5.78704, -13.851, 0.12163, -5.28689, 0.0421219
5.96241, -14.7935, 0.129121, -5.46225, 0.0433983
6.13777, -15.7667, 0.136836, -5.63761, 0.0446747
6.31314, -16.7708, 0.144775, -5.81297, 0.0459512
6.4885, -17.8055, 0.152938, -5.98833, 0.0472276
6.66387, -18.871, 0.161324, -6.16369, 0.048504
6.83923, -19.9673, 0.169934, -6.33905, 0.0497804
7.0146, -21.0943, 0.178768, -6.51441, 0.0510569
7.18996, -22.2521, 0.187826, -6.68977, 0.0523333
7.36533, -23.4406, 0.197108, -6.86514, 0.0536097
7.54069, -24.6599, 0.206614, -7.0405, 0.0548861
7.71606, -25.9099, 0.216343, -7.21586, 0.0561626
7.89142, -27.1907, 0.226296, -7.39122, 0.057439
8.06679, -28.5023, 0.236473, -7.56658, 0.0587154
8.24215, -29.8445, 0.246874, -7.74194, 0.0599919
8.41752, -31.2176, 0.257499, -7.91731, 0.0612683
8.59288, -32.6214, 0.268348, -8.09268, 0.0625449
8.76824, -34.0558, 0.279409, -8.24359, 0.0627974
8.94361, -35.4859, 0.290294, -8.06731, 0.0613961
9.11898, -36.8852, 0.300946, -7.89196, 0.0600913
9.29434, -38.2538, 0.311371, -7.71659, 0.0587978
9.4697, -39.5916, 0.321569, -7.54122, 0.0575091
9.64507, -40.8987, 0.331541, -7.36586, 0.0562232
9.82043, -42.1751, 0.341288, -7.1905, 0.054939
9.9958, -43.4206, 0.35081, -7.01514, 0.053656
10.1712, -44.6355, 0.360107, -6.83978, 0.0523738
10.3465, -45.8196, 0.369179, -6.66442, 0.0510924
10.5219, -46.9729, 0.378026, -6.48905, 0.0498114
10.6973, -48.0955, 0.386649, -6.31369, 0.0485309
10.8726, -49.1873, 0.395048, -6.13834, 0.0472508
11.048, -50.2484, 0.403221, -5.96297, 0.0459709
11.2234, -51.2787, 0.411171, -5.78761, 0.0446913
11.3987, -52.2782, 0.418896, -5.61225, 0.0434119
11.5741, -53.2471, 0.426397, -5.43689, 0.0421327
11.7494, -54.1851, 0.433673, -5.26153, 0.0408537
11.9248, -55.0924, 0.440725, -5.08617, 0.0395748
12.1002, -55.969, 0.447553, -4.91081, 0.038296
12.2755, -56.8148, 0.454157, -4.73545, 0.0370174
12.4509, -57.6299, 0.460536, -4.56009, 0.0357389
12.6263, -58.4142, 0.466692, -4.38473, 0.0344605
12.8016, -59.1677, 0.472623, -4.20937, 0.0331821
12.977, -59.8905, 0.47833, -4.03401, 0.0319039
13.1524, -60.5826, 0.483812, -3.85865, 0.0306257
13.3277, -61.2439, 0.489071, -3.68329, 0.0293476
13.5031, -61.8744, 0.494105, -3.50793, 0.0280695
13.6785, -62.4742, 0.498916, -3.33257, 0.0267915
13.8538, -63.0432, 0.503502, -3.15721, 0.0255136
14.0292, -63.5815, 0.507864, -2.98185, 0.0242357
14.2046, -64.0891, 0.512002, -2.80649, 0.0229579
14.3799, -64.5658, 0.515916, -2.63113, 0.0216801
14.5553, -65.0119, 0.519606, -2.45576, 0.0204023
14.7307, -65.4271, 0.523072, -2.28041, 0.0191246
14.906, -65.8117, 0.526314, -2.10505, 0.017847
15.0814, -66.1655, 0.529331, -1.92969, 0.0165693
15.2567, -66.4885, 0.532125, -1.75432, 0.0152917
15.4321, -66.7807, 0.534695, -1.57896, 0.0140142
15.6075, -67.0423, 0.53704, -1.4036, 0.0127366
15.7828, -67.273, 0.539162, -1.22824, 0.0114591
15.9582, -67.473, 0.541059, -1.05288, 0.0101816
16.1336, -67.6423, 0.542733, -0.877524, 0.00890416
16.3089, -67.7808, 0.544182, -0.702165, 0.00762673
16.4843, -67.8886, 0.545408, -0.526803, 0.00634931
16.6597, -67.9656, 0.546409, -0.351444, 0.00507193
16.835, -68.0118, 0.547187, -0.176082, 0.00379455
17.0104, -68.0273, 0.54774, -0.000723064, 0.00251721
17.1858, -68.0121, 0.548069, 0.174638, 0.00123987
17.3611, -67.9661, 0.548175, 0.349999, -3.74407e-05
17.5218, -67.8969, 0.548594, 0.510688, 0.00112383
17.6825, -67.8019, 0.548872, 0.671375, 0.00224766
17.8432, -67.6812, 0.54933, 0.832063, 0.00337149
18.0039, -67.5345, 0.549968, 0.99275, 0.00449532
18.1646, -67.3621, 0.550788, 1.15344, 0.00561915
18.3253, -67.1638, 0.549005, 1.31412, 0.00714072
18.486, -66.9397, 0.55025, 1.47481, 0.00826455
18.6467, -66.6898, 0.551675, 1.6355, 0.00938838
18.8073, -66.4141, 0.555871, 1.79619, 0.0101145
18.968, -66.1126, 0.557593, 1.95687, 0.0112383
19.1287, -65.7852, 0.559496, 2.11756, 0.0123621
19.2894, -65.432, 0.55918, 2.27825, 0.0138837
19.4501, -65.053, 0.561508, 2.43893, 0.0150075
19.6108, -64.6482, 0.564017, 2.59962, 0.0161314
19.7715, -64.2176, 0.566706, 2.76031, 0.0172552
19.9322, -63.7611, 0.569576, 2.921, 0.018379
20.0929, -63.2788, 0.572626, 3.08168, 0.0195029
20.2536, -62.7707, 0.575857, 3.24237, 0.0206267
20.4143, -62.2368, 0.579268, 3.40306, 0.0217505
20.575, -61.677, 0.58286, 3.56375, 0.0228743
20.7356, -61.0914, 0.588457, 3.72444, 0.0236004
20.8963, -60.48, 0.590586, 3.88512, 0.025122
21.057, -59.8428, 0.59472, 4.04581, 0.0262458
21.2177, -59.1798, 0.599035, 4.20649, 0.0273697
21.3784, -58.4909, 0.60353, 4.36718, 0.0284935
21.5391, -57.7762, 0.608205, 4.52787, 0.0296173
21.6998, -57.0358, 0.613061, 4.68856, 0.0307412
21.8605, -56.2694, 0.618098, 4.84924, 0.031865
22.0212, -55.4773, 0.624628, 5.00993, 0.0325911
22.1819, -54.6593, 0.628714, 5.17062, 0.0341127
22.3426, -53.8155, 0.634292, 5.33131, 0.0352365
22.5032, -52.9459, 0.640051, 5.49199, 0.0363603
22.6639, -52.0505, 0.645991, 5.65268, 0.0374841
22.8246, -51.1293, 0.653104, 5.81337, 0.0382102
22.9853, -50.1822, 0.658345, 5.97405, 0.0397605
23.146, -49.2093, 0.665759, 6.13475, 0.0404579
23.3067, -48.2106, 0.671498, 6.29543, 0.0420081
23.4674, -47.1861, 0.678398, 6.45612, 0.0431033
23.6281, -46.1357, 0.685345, 6.6168, 0.0442726
23.7888, -45.0595, 0.693235, 6.7775, 0.0449532
23.9495, -43.9575, 0.699948, 6.93818, 0.0465202
24.1102, -42.8297, 0.707575, 7.09887, 0.0475986
24.2709, -41.6761, 0.715321, 7.25955, 0.0487224
24.4315, -40.4966, 0.723601, 7.42025, 0.0494486
24.5922, -39.2913, 0.731291, 7.58092, 0.0510561
24.7529, -38.0602, 0.739609, 7.74161, 0.0521513
24.9136, -36.8033, 0.748086, 7.9023, 0.0532751
25.0743, -35.5206, 0.756729, 8.06298, 0.0544588
25.235, -34.212, 0.765576, 8.22366, 0.0555913
25.3957, -32.8833, 0.774589, 8.23439, 0.0560427
25.5564, -31.573, 0.783509, 8.07366, 0.054966
25.7171, -30.2885, 0.792253, 7.91299, 0.0538638
25.8778, -29.0299, 0.800819, 7.7523, 0.052754
26.0385, -27.7971, 0.809207, 7.59162, 0.0516407
26.1992, -26.5901, 0.817416, 7.43093, 0.0505252
26.3598, -25.4089, 0.825445, 7.27024, 0.0494084
26.5205, -24.2535, 0.833294, 7.10956, 0.0482905
26.6812, -23.124, 0.840964, 6.94887, 0.0471719
26.8419, -22.0203, 0.848455, 6.78818, 0.0460527
27.0026, -20.9424, 0.855765, 6.62749, 0.044933
27.1633, -19.8903, 0.862895, 6.46681, 0.0438129
27.324, -18.8641, 0.869846, 6.30612, 0.0426926
27.4847, -17.8637, 0.876616, 6.14543, 0.0415719
27.6454, -16.889, 0.883206, 5.98474, 0.040451
27.8061, -15.9403, 0.889616, 5.82406, 0.03933
27.9668, -15.0173, 0.895846, 5.66337, 0.0382088
28.1274, -14.1201, 0.901896, 5.50268, 0.0370874
28.2881, -13.2488, 0.907765, 5.342, 0.0359658
28.4488, -12.4033, 0.913455, 5.18131, 0.0348442
28.6095, -11.5836, 0.918964, 5.02062, 0.0337224
28.7702, -10.7898, 0.924292, 4.85993, 0.0326006
28.9309, -10.0217, 0.929441, 4.69925, 0.0314786
29.0916, -9.27952, 0.934409, 4.53856, 0.0303566
29.2523, -8.56313, 0.939197, 4.37787, 0.0292345
29.413, -7.87255, 0.943805, 4.21718, 0.0281123
29.5737, -7.2078, 0.948232, 4.0565, 0.0269901
29.7344, -6.56887, 0.952479, 3.89581, 0.0258678
29.8951, -5.95575, 0.956545, 3.73512, 0.0247454
30.0557, -5.36846, 0.960431, 3.57443, 0.023623
30.2164, -4.80698, 0.964137, 3.41375, 0.0225006
30.3771, -4.27134, 0.967663, 3.25306, 0.0213781
30.5378, -3.76152, 0.971008, 3.09237, 0.0202556
30.6985, -3.2775, 0.974172, 2.93168, 0.019133
30.8592, -2.81931, 0.977157, 2.771, 0.0180104
31.0199, -2.38696, 0.979961, 2.61031, 0.0168877
31.1806, -1.98041, 0.982584, 2.44962, 0.0157651
31.3413, -1.59969, 0.985027, 2.28893, 0.0146423
31.502, -1.24478, 0.98729, 2.12825, 0.0135196
31.6627, -0.915703, 0.989372, 1.96756, 0.0123968
31.8233, -0.61245, 0.991274, 1.80687, 0.011274
31.984, -0.335007, 0.992996, 1.64619, 0.0101512
32.1447, -0.0833969, 0.994537, 1.4855, 0.00902837
32.3054, 0.142395, 0.995897, 1.32481, 0.00790551
32.4661, 0.342384, 0.997077, 1.16412, 0.00678262
32.6268, 0.516533, 0.998077, 1.00344, 0.00565971
32.7875, 0.664871, 0.998896, 0.842748, 0.00453677
32.9482, 0.787384, 0.999535, 0.682062, 0.00341384
33.1089, 0.884079, 0.999993, 0.521374, 0.00229086
33.2696, 0.954941, 1.00027, 0.360685, 0.00116787
33.4303, 0.999992, 1.00037, 0.199999, 4.48778e-05
