32.2001, 0
0, 0, 0, 0.5, 0
0.169131, 0.0702606, 0.000104031, 0.330874, 0.00132346
0.338262, 0.11192, 0.000431872, 0.161749, 0.00264693
0.507393, 0.124976, 0.000983548, -0.00737697, 0.00397039
0.676524, 0.109428, 0.00175906, -0.176503, 0.00529385
0.845654, 0.0652709, 0.00275845, -0.345628, 0.00661731
1.01479, -0.00748158, 0.0039816, -0.514755, 0.00794078
1.18392, -0.108849, 0.00542868, -0.68388, 0.00926424
1.35305, -0.238818, 0.00709957, -0.853005, 0.0105877
1.52218, -0.39739, 0.00899428, -1.02213, 0.0119112
1.69131, -0.584566, 0.0111128, -1.19126, 0.0132346
1.86044, -0.800344, 0.0134552, -1.36038, 0.0145581
2.02957, -1.04473, 0.0160215, -1.52951, 0.0158816
2.1987, -1.31772, 0.0188115, -1.69863, 0.017205
2.36783, -1.61931, 0.0218254, -1.86776, 0.0185285
2.53696, -1.94951, 0.0250632, -2.03689, 0.019852
2.70609, -2.30831, 0.0285248, -2.20601, 0.0211754
2.87523, -2.69572, 0.0322102, -2.37514, 0.0224989
3.04436, -3.11173, 0.0361195, -2.54426, 0.0238223
3.21349, -3.55635, 0.0402526, -2.71339, 0.0251458
3.38262, -4.02957, 0.0446095, -2.88251, 0.0264693
3.55175, -4.53139, 0.0491903, -3.05164, 0.0277927
3.72088, -5.06182, 0.0539949, -3.22077, 0.0291162
3.89001, -5.62085, 0.0590234, -3.38989, 0.0304397
4.05914, -6.20849, 0.0642757, -3.55902, 0.0317631
4.22827, -6.82473, 0.0697518, -3.72814, 0.0330866
4.3974, -7.46958, 0.0754518, -3.89727, 0.03441
4.56653, -8.14303, 0.0813756, -4.06639, 0.0357335
4.73566, -8.84509, 0.0875232, -4.23552, 0.037057
4.9048, -9.57574, 0.0938947, -4.40465, 0.0383804
5.07393, -10.335, 0.10049, -4.57377, 0.0397039
5.24306, -11.1229, 0.107309, -4.7429, 0.0410274
5.41219, -11.9393, 0.114352, -4.91202, 0.0423508
5.58132, -12.7844, 0.121619, -5.08115, 0.0436743
5.75045, -13.6581, 0.130234, -5.25028, 0.0445808
5.91958, -14.5604, 0.136824, -5.4194, 0.0463212
6.08871, -15.4913, 0.144763, -5.58853, 0.0476447
6.25784, -16.4508, 0.152925, -5.75765, 0.0489682
6.42697, -17.4389, 0.161311, -5.92678, 0.0502916
6.5961, -18.4556, 0.169921, -6.09591, 0.0516151
6.76524, -19.5009, 0.178754, -6.26503, 0.0529386
6.93437, -20.5748, 0.187812, -6.43415, 0.054262
7.1035, -21.6773, 0.197093, -6.60328, 0.0555855
7.27263, -22.8084, 0.206599, -6.77241, 0.0569089
7.44176, -23.9682, 0.216328, -6.94153, 0.0582324
7.61089, -25.1565, 0.226281, -7.11066, 0.0595559
7.78002, -26.3734, 0.236457, -7.27979, 0.0608794
7.94915, -27.619, 0.246858, -7.44891, 0.0622028
8.11828, -28.8931, 0.257482, -7.61804, 0.0635263
8.28741, -30.1959, 0.268331, -7.7872, 0.06485
8.45654, -31.5271, 0.279394, -7.93777, 0.0651271
8.62568, -32.8552, 0.29028, -7.76804, 0.0636604
8.79481, -34.1547, 0.300932, -7.59892, 0.0623058
8.96394, -35.4256, 0.311356, -7.42979, 0.0609638
9.13307, -36.668, 0.321554, -7.26066, 0.0596271
9.3022, -37.8816, 0.331526, -7.09153, 0.0582933
9.47133, -39.0667, 0.341272, -6.92241, 0.0569614
9.64046, -40.2232, 0.350794, -6.75328, 0.0556308
9.80959, -41.3511, 0.36009, -6.58416, 0.0543011
9.97872, -42.4504, 0.369162, -6.41503, 0.0529722
10.1479, -43.5211, 0.378009, -6.24591, 0.0516438
10.317, -44.5632, 0.386631, -6.07678, 0.0503159
10.4861, -45.5766, 0.395029, -5.90765, 0.0489884
10.6552, -46.5615, 0.403202, -5.73853, 0.0476612
10.8244, -47.5177, 0.41115, -5.5694, 0.0463343
10.9935, -48.4454, 0.418875, -5.40028, 0.0450076
11.1626, -49.3445, 0.426375, -5.23115, 0.0436812
11.3318, -50.2149, 0.433651, -5.06202, 0.0423549
11.5009, -51.0567, 0.440702, -4.8929, 0.0410287
11.67, -51.87, 0.447529, -4.72377, 0.0397028
11.8392, -52.6546, 0.454132, -4.55465, 0.0383769
12.0083, -53.4106, 0.46051, -4.38552, 0.0370512
12.1774, -54.1381, 0.466665, -4.21639, 0.0357255
12.3466, -54.8369, 0.472595, -4.04727, 0.0344
12.5157, -55.5071, 0.478301, -3.87814, 0.0330746
12.6848, -56.1487, 0.483783, -3.70902, 0.0317492
12.8539, -56.7617, 0.489041, -3.53989, 0.0304239
13.0231, -57.3461, 0.494074, -3.37077, 0.0290987
13.1922, -57.9019, 0.498884, -3.20164, 0.0277735
13.3613, -58.4291, 0.503469, -3.03251, 0.0264484
13.5305, -58.9277, 0.50783, -2.86339, 0.0251234
13.6996, -59.3977, 0.511967, -2.69426, 0.0237984
13.8687, -59.8391, 0.51588, -2.52514, 0.0224734
14.0379, -60.2519, 0.519569, -2.35601, 0.0211485
14.207, -60.636, 0.523034, -2.18689, 0.0198237
14.3761, -60.9916, 0.526275, -2.01776, 0.0184988
14.5453, -61.3186, 0.529291, -1.84864, 0.0171741
14.7144, -61.6169, 0.532084, -1.67951, 0.0158493
14.8835, -61.8867, 0.534653, -1.51038, 0.0145246
15.0526, -62.1278, 0.536997, -1.34126, 0.0131999
15.2218, -62.3404, 0.539118, -1.17213, 0.0118753
15.3909, -62.5243, 0.541014, -1.003, 0.0105507
15.56, -62.6796, 0.542687, -0.833881, 0.00922608
15.7292, -62.8064, 0.544135, -0.664754, 0.00790151
15.8983, -62.9045, 0.545359, -0.495629, 0.00657698
16.0674, -62.974, 0.54636, -0.326504, 0.00525247
16.2366, -63.0149, 0.547136, -0.157378, 0.00392798
16.4057, -63.0273, 0.547688, 0.0117456, 0.00260353
16.5748, -63.011, 0.548017, 0.180873, 0.00127907
16.744, -62.9661, 0.548121, 0.35, -4.53632e-05
16.8985, -62.9, 0.548594, 0.504557, 0.0011684
17.0531, -62.8101, 0.548872, 0.659114, 0.00233679
17.2076, -62.6963, 0.549331, 0.81367, 0.00350518
17.3622, -62.5586, 0.54997, 0.968227, 0.00467357
17.5168, -62.397, 0.550789, 1.12278, 0.00584197
17.6713, -62.2115, 0.551789, 1.27734, 0.00701036
17.8259, -62.0021, 0.55297, 1.4319, 0.00817876
17.9804, -61.7689, 0.554332, 1.58645, 0.00934715
18.135, -61.5117, 0.555874, 1.74101, 0.0105155
18.2896, -61.2307, 0.557596, 1.89557, 0.0116839
18.4441, -60.9258, 0.559499, 2.05013, 0.0128523
18.5987, -60.5969, 0.561583, 2.20468, 0.0140207
18.7533, -60.2442, 0.563847, 2.35924, 0.0151891
18.9078, -59.8676, 0.566292, 2.5138, 0.0163575
19.0624, -59.4672, 0.568918, 2.66835, 0.0175259
19.2169, -59.0428, 0.571724, 2.82291, 0.0186943
19.3715, -58.5945, 0.57471, 2.97747, 0.0198627
19.5261, -58.1224, 0.577878, 3.13202, 0.0210311
19.6806, -57.6264, 0.581226, 3.28658, 0.0221995
19.8352, -57.1064, 0.584754, 3.44114, 0.0233679
19.9897, -56.5626, 0.588463, 3.59569, 0.0245363
20.1443, -55.9949, 0.592353, 3.75025, 0.0257047
20.2989, -55.4033, 0.596423, 3.90481, 0.0268731
20.4534, -54.7879, 0.600674, 4.05936, 0.0280414
20.608, -54.1485, 0.605105, 4.21392, 0.0292098
20.7626, -53.4852, 0.609717, 4.36848, 0.0303782
20.9171, -52.7981, 0.61451, 4.52304, 0.0315466
21.0717, -52.0871, 0.619483, 4.67759, 0.032715
21.2262, -51.3522, 0.624636, 4.83215, 0.0338834
21.3808, -50.5934, 0.629971, 4.98671, 0.0350518
21.5354, -49.8107, 0.635486, 5.14126, 0.0362202
21.6899, -49.0041, 0.641181, 5.29582, 0.0373886
21.8445, -48.1736, 0.647057, 5.45038, 0.038557
21.999, -47.3192, 0.653114, 5.60493, 0.0397254
22.1536, -46.441, 0.659351, 5.75949, 0.0408938
22.3082, -45.5388, 0.665769, 5.91405, 0.0420622
22.4627, -44.6128, 0.672368, 6.0686, 0.0432306
22.6173, -43.6629, 0.679147, 6.22316, 0.044399
22.7718, -42.6891, 0.686106, 6.37772, 0.0455674
22.9264, -41.6914, 0.693246, 6.53228, 0.0467358
23.081, -40.6698, 0.699956, 6.68683, 0.0483684
23.2355, -39.6244, 0.707566, 6.84138, 0.0495056
23.3901, -38.555, 0.715751, 6.99595, 0.050241
23.5447, -37.4618, 0.723613, 7.15051, 0.0514094
23.6992, -36.3446, 0.731656, 7.30506, 0.0525777
23.8538, -35.2036, 0.73988, 7.45962, 0.0537462
24.0083, -34.0387, 0.748284, 7.61418, 0.0549146
24.1629, -32.8499, 0.756736, 7.76871, 0.0566508
24.3175, -31.6372, 0.765591, 7.92327, 0.0578032
24.472, -30.4062, 0.774605, 7.92787, 0.0582657
24.6266, -29.1928, 0.783525, 7.77328, 0.0571474
24.7811, -28.0033, 0.792269, 7.61875, 0.0560024
24.9357, -26.8377, 0.800836, 7.46417, 0.0548491
25.0903, -25.696, 0.809224, 7.30962, 0.0536921
25.2448, -24.5782, 0.817433, 7.15506, 0.0525328
25.3994, -23.4842, 0.825463, 7.00051, 0.051372
25.554, -22.4142, 0.833314, 6.84595, 0.05021
25.7085, -21.368, 0.840984, 6.69139, 0.0490473
25.8631, -20.3457, 0.848475, 6.53683, 0.0478839
26.0176, -19.3473, 0.855786, 6.38228, 0.04672
26.1722, -18.3728, 0.862917, 6.22772, 0.0455557
26.3268, -17.4222, 0.869869, 6.07316, 0.0443911
26.4813, -16.4954, 0.87664, 5.91861, 0.0432262
26.6359, -15.5926, 0.883231, 5.76405, 0.042061
26.7904, -14.7136, 0.889642, 5.60949, 0.0408956
26.945, -13.8586, 0.895872, 5.45494, 0.03973
27.0996, -13.0274, 0.901923, 5.30038, 0.0385643
27.2541, -12.2201, 0.907793, 5.14582, 0.0373984
27.4087, -11.4367, 0.913484, 4.99127, 0.0362324
27.5632, -10.6772, 0.918994, 4.83671, 0.0350662
27.7178, -9.94157, 0.924323, 4.68215, 0.0339
27.8724, -9.22984, 0.929473, 4.52759, 0.0327336
28.0269, -8.54199, 0.934442, 4.37304, 0.0315672
28.1815, -7.87803, 0.939231, 4.21848, 0.0304007
28.3361, -7.23796, 0.94384, 4.06392, 0.0292341
28.4906, -6.62178, 0.948268, 3.90937, 0.0280675
28.6452, -6.02949, 0.952516, 3.75481, 0.0269007
28.7997, -5.46108, 0.956584, 3.60025, 0.025734
28.9543, -4.91657, 0.960471, 3.44569, 0.0245671
29.1089, -4.39594, 0.964178, 3.29114, 0.0234002
29.2634, -3.8992, 0.967705, 3.13658, 0.0222333
29.418, -3.42635, 0.971051, 2.98202, 0.0210663
29.5725, -2.97739, 0.974217, 2.82747, 0.0198993
29.7271, -2.55232, 0.977202, 2.67291, 0.0187322
29.8817, -2.15113, 0.980007, 2.51835, 0.0175651
30.0362, -1.77382, 0.982632, 2.3638, 0.016398
30.1908, -1.42042, 0.985076, 2.20924, 0.0152308
30.3453, -1.0909, 0.98734, 2.05468, 0.0140636
30.4999, -0.785263, 0.989424, 1.90013, 0.0128963
30.6545, -0.503536, 0.991327, 1.74557, 0.0117291
30.809, -0.245686, 0.993049, 1.59101, 0.0105618
30.9636, -0.0117111, 0.994591, 1.43646, 0.00939445
31.1182, 0.198357, 0.995953, 1.2819, 0.00822711
31.2727, 0.384552, 0.997135, 1.12734, 0.00705974
31.4273, 0.546844, 0.998136, 0.972786, 0.00589235
31.5818, 0.685249, 0.998956, 0.818227, 0.00472492
31.7364, 0.799782, 0.999596, 0.663672, 0.00355749
31.891, 0.890411, 1.00006, 0.509115, 0.00239004
32.0455, 0.957157, 1.00033, 0.354558, 0.00122256
32.2001, 1.00002, 1.00043, 0.200001, 5.50761e-05
