31.5669, 0
0, 0, 0, 0.5, 0
0.165921, 0.0691665, -0.00341981, 0.334088, 0.00178289
0.331843, 0.110866, 0.000431506, 0.168168, 0.00269812
0.497764, 0.125002, 0.000983048, 0.00225267, 0.00404718
0.663685, 0.111609, 0.00175843, -0.163663, 0.00539624
0.829606, 0.0706915, 0.0027576, -0.329579, 0.0067453
0.995528, 0.00221545, 0.000816897, -0.495491, 0.00852819
1.16145, -0.0937356, 0.00542751, -0.661411, 0.00944342
1.32737, -0.217243, 0.00709823, -0.827326, 0.0107925
1.49329, -0.368303, 0.00604498, -0.993239, 0.0125754
1.65921, -0.546842, 0.0111112, -1.15916, 0.0134906
1.82513, -0.752938, 0.0134534, -1.32507, 0.0148397
1.99106, -0.986559, 0.0160194, -1.49099, 0.0161887
2.15698, -1.24771, 0.0190161, -1.6569, 0.0175041
2.3229, -1.53639, 0.0218231, -1.82282, 0.0188868
2.48882, -1.8526, 0.0250607, -1.98874, 0.0202359
2.65474, -2.19634, 0.0285221, -2.15465, 0.021585
2.82066, -2.56763, 0.0298354, -2.32056, 0.0233679
2.98658, -2.9664, 0.0361164, -2.48648, 0.0242831
3.1525, -3.39273, 0.0405239, -2.6524, 0.0255787
3.31843, -3.84658, 0.0446061, -2.81832, 0.0269812
3.48435, -4.32797, 0.0491867, -2.98423, 0.0283303
3.65027, -4.83688, 0.0542391, -3.15015, 0.0296259
3.81619, -5.37332, 0.0590194, -3.31606, 0.0310284
3.98211, -5.93729, 0.0642715, -3.48198, 0.0323774
4.14803, -6.52879, 0.0698871, -3.64789, 0.0336928
4.31395, -7.14781, 0.0756597, -3.81381, 0.0350221
4.47987, -7.79437, 0.0813709, -3.97973, 0.0364246
4.6458, -8.46846, 0.0875184, -4.14564, 0.0377737
4.81172, -9.17007, 0.0940755, -4.31156, 0.0390693
4.97764, -9.89921, 0.100662, -4.47747, 0.0404183
5.14356, -10.6559, 0.107304, -4.64339, 0.0418209
5.30948, -11.4401, 0.114447, -4.80931, 0.0431362
5.4754, -12.2518, 0.121764, -4.97522, 0.0444655
5.64132, -13.0911, 0.129245, -5.14114, 0.0458146
5.80724, -13.9579, 0.136818, -5.30705, 0.0472171
5.97317, -14.8522, 0.144834, -5.47297, 0.0485324
6.13909, -15.774, 0.153087, -5.63888, 0.0498369
6.30501, -16.7234, 0.16141, -5.8048, 0.0512108
6.47093, -17.7003, 0.169914, -5.97072, 0.0526133
6.63685, -18.7047, 0.178836, -6.13663, 0.0539089
6.80277, -19.7367, 0.187921, -6.30255, 0.0552331
6.96869, -20.7962, 0.197175, -6.46846, 0.0565931
7.13462, -21.8832, 0.206091, -6.63438, 0.0584434
7.30054, -22.9978, 0.21642, -6.80029, 0.0592574
7.46646, -24.1399, 0.22635, -6.96621, 0.060613
7.63238, -25.3095, 0.236535, -7.13212, 0.0619249
7.7983, -26.5066, 0.246904, -7.29804, 0.0632938
7.96422, -27.7313, 0.257519, -7.46395, 0.0646142
8.13014, -28.9834, 0.268345, -7.62986, 0.0659581
8.29606, -30.2631, 0.27939, -7.77925, 0.0668132
8.46198, -31.5402, 0.290347, -7.61392, 0.0653207
8.62791, -32.7897, 0.30107, -7.44802, 0.0639392
8.79383, -34.0118, 0.311565, -7.28212, 0.0625709
8.95975, -35.2063, 0.321834, -7.1162, 0.061208
9.12567, -36.3732, 0.331877, -6.95028, 0.0598482
9.29159, -37.5127, 0.341694, -6.78437, 0.0584904
9.45751, -38.6246, 0.351287, -6.61846, 0.0571339
9.62343, -39.7089, 0.360654, -6.45254, 0.0557783
9.78936, -40.7658, 0.369796, -6.28662, 0.0544236
9.95528, -41.7951, 0.378714, -6.12071, 0.0530694
10.1212, -42.7969, 0.387407, -5.95479, 0.0517157
10.2871, -43.7712, 0.395875, -5.78888, 0.0503625
10.453, -44.7179, 0.404119, -5.62296, 0.0490095
10.619, -45.6371, 0.412139, -5.45705, 0.0476569
10.7849, -46.5288, 0.419934, -5.29113, 0.0463045
10.9508, -47.3929, 0.427505, -5.12521, 0.0449523
11.1167, -48.2295, 0.434851, -4.9593, 0.0436003
11.2826, -49.0386, 0.441973, -4.79338, 0.0422484
11.4486, -49.8202, 0.448871, -4.62747, 0.0408968
11.6145, -50.5742, 0.455544, -4.46155, 0.0395452
11.7804, -51.3007, 0.461994, -4.29564, 0.0381938
11.9463, -51.9997, 0.468219, -4.12972, 0.0368425
12.1123, -52.6712, 0.47422, -3.96381, 0.0354913
12.2782, -53.3151, 0.479996, -3.79789, 0.0341401
12.4441, -53.9314, 0.485549, -3.63197, 0.0327891
12.61, -54.5203, 0.490877, -3.46606, 0.0314381
12.7759, -55.0816, 0.495981, -3.30014, 0.0300872
12.9419, -55.6154, 0.500861, -3.13423, 0.0287364
13.1078, -56.1217, 0.505517, -2.96831, 0.0273857
13.2737, -56.6004, 0.509949, -2.80239, 0.0260349
13.4396, -57.0517, 0.514157, -2.63648, 0.0246843
13.6055, -57.4753, 0.51814, -2.47056, 0.0233337
13.7715, -57.8715, 0.5219, -2.30465, 0.0219831
13.9374, -58.2401, 0.525435, -2.13873, 0.0206326
14.1033, -58.5812, 0.528747, -1.97282, 0.0192821
14.2692, -58.8948, 0.531834, -1.8069, 0.0179317
14.4352, -59.1808, 0.534697, -1.64098, 0.0165813
14.6011, -59.4393, 0.537336, -1.47507, 0.015231
14.767, -59.6703, 0.539751, -1.30915, 0.0138806
14.9329, -59.8738, 0.541943, -1.14324, 0.0125304
15.0988, -60.0497, 0.54391, -0.977321, 0.0111801
15.2648, -60.1981, 0.545653, -0.811404, 0.00982985
15.4307, -60.3189, 0.547172, -0.645489, 0.00847965
15.5966, -60.4123, 0.548466, -0.479573, 0.00712948
15.7625, -60.4781, 0.549537, -0.313658, 0.00577933
15.9284, -60.5164, 0.550384, -0.147743, 0.00442921
16.0944, -60.5271, 0.551007, 0.0181739, 0.0030791
16.2603, -60.5103, 0.551406, 0.184089, 0.00172902
16.4262, -60.466, 0.551581, 0.350004, 0.000378958
16.5776, -60.4016, 0.548594, 0.501402, 0.00119273
16.729, -60.3142, 0.548872, 0.652804, 0.00238547
16.8804, -60.2039, 0.549331, 0.804205, 0.0035782
17.0318, -60.0707, 0.54997, 0.955607, 0.00477094
17.1832, -59.9146, 0.55079, 1.10701, 0.00596367
17.3346, -59.7355, 0.55179, 1.25841, 0.00715641
17.4861, -59.5335, 0.552971, 1.40981, 0.00834914
17.6375, -59.3086, 0.554333, 1.56121, 0.00954187
17.7889, -59.0608, 0.555875, 1.71262, 0.0107346
17.9403, -58.79, 0.557598, 1.86402, 0.0119273
18.0917, -58.4963, 0.559501, 2.01542, 0.0131201
18.2431, -58.1797, 0.561585, 2.16682, 0.0143128
18.3945, -57.8402, 0.56385, 2.31822, 0.0155055
18.5459, -57.4777, 0.566295, 2.46962, 0.0166983
18.6973, -57.0923, 0.56892, 2.62103, 0.017891
18.8487, -56.684, 0.571727, 2.77243, 0.0190837
19.0001, -56.2528, 0.574713, 2.92383, 0.0202765
19.1515, -55.7987, 0.577881, 3.07523, 0.0214692
19.3029, -55.3216, 0.581229, 3.22663, 0.0226619
19.4543, -54.8216, 0.584757, 3.37804, 0.0238547
19.6057, -54.2987, 0.588467, 3.52944, 0.0250474
19.7571, -53.7528, 0.592356, 3.68084, 0.0262402
19.9086, -53.1841, 0.596427, 3.83224, 0.0274329
20.06, -52.5924, 0.600678, 3.98364, 0.0286256
20.2114, -51.9778, 0.605109, 4.13504, 0.0298184
20.3628, -51.3402, 0.609721, 4.28645, 0.0310111
20.5142, -50.6798, 0.614514, 4.43785, 0.0322038
20.6656, -49.9964, 0.619487, 4.58925, 0.0333966
20.817, -49.2901, 0.624641, 4.74065, 0.0345893
20.9684, -48.5609, 0.629976, 4.89205, 0.035782
21.1198, -47.8087, 0.635491, 5.04346, 0.0369748
21.2712, -47.0336, 0.641186, 5.19486, 0.0381675
21.4226, -46.2356, 0.647063, 5.34626, 0.0393602
21.574, -45.4147, 0.65312, 5.49766, 0.040553
21.7254, -44.5709, 0.659357, 5.64906, 0.0417457
21.8768, -43.7041, 0.665775, 5.80047, 0.0429384
22.0282, -42.8144, 0.672374, 5.95187, 0.0441312
22.1797, -41.9018, 0.679153, 6.10327, 0.0453239
22.3311, -40.9663, 0.686113, 6.25467, 0.0465166
22.4825, -40.0078, 0.693253, 6.40607, 0.0477094
22.6339, -39.0264, 0.700574, 6.55748, 0.0489021
22.7853, -38.0221, 0.708075, 6.70888, 0.0500949
22.9367, -36.9949, 0.715757, 6.86028, 0.0512876
23.0881, -35.9447, 0.72362, 7.01168, 0.0524803
23.2395, -34.8717, 0.731663, 7.16309, 0.0536731
23.3909, -33.7757, 0.739887, 7.31449, 0.0548659
23.5423, -32.6568, 0.748292, 7.46589, 0.0560585
23.6937, -31.5149, 0.756877, 7.6173, 0.0572513
23.8451, -30.3501, 0.765643, 7.76873, 0.0584443
23.9965, -29.1681, 0.774614, 7.77013, 0.0594796
24.1479, -28.0031, 0.783534, 7.61871, 0.0583389
24.2993, -26.861, 0.792279, 7.46729, 0.0571701
24.4507, -25.7419, 0.800846, 7.3159, 0.0559933
24.6022, -24.6457, 0.809234, 7.16449, 0.0548124
24.7536, -23.5724, 0.817443, 7.01308, 0.0536292
24.905, -22.522, 0.825473, 6.86168, 0.0524443
25.0564, -21.4946, 0.833324, 6.71028, 0.0512583
25.2078, -20.4901, 0.840995, 6.55888, 0.0500715
25.3592, -19.5085, 0.848486, 6.40748, 0.048884
25.5106, -18.5498, 0.855798, 6.25607, 0.047696
25.662, -17.6141, 0.862929, 6.10467, 0.0465076
25.8134, -16.7012, 0.869881, 5.95327, 0.0453188
25.9648, -15.8113, 0.876652, 5.80187, 0.0441296
26.1162, -14.9444, 0.883244, 5.65047, 0.0429403
26.2676, -14.1003, 0.889655, 5.49906, 0.0417507
26.419, -13.2792, 0.895887, 5.34766, 0.0405609
26.5704, -12.481, 0.901938, 5.19626, 0.039371
26.7218, -11.7057, 0.907808, 5.04486, 0.0381809
26.8733, -10.9533, 0.913499, 4.89346, 0.0369906
27.0247, -10.2239, 0.91901, 4.74205, 0.0358002
27.1761, -9.51736, 0.92434, 4.59065, 0.0346097
27.3275, -8.83376, 0.92949, 4.43925, 0.0334192
27.4789, -8.1731, 0.93446, 4.28785, 0.0322285
27.6303, -7.53536, 0.939249, 4.13645, 0.0310377
27.7817, -6.92053, 0.943858, 3.98505, 0.0298469
27.9331, -6.32862, 0.948287, 3.83364, 0.0286559
28.0845, -5.75966, 0.952536, 3.68224, 0.0274649
28.2359, -5.2136, 0.956604, 3.53084, 0.0262739
28.3873, -4.69047, 0.960492, 3.37944, 0.0250828
28.5387, -4.19027, 0.964199, 3.22804, 0.0238916
28.6901, -3.71298, 0.967727, 3.07664, 0.0227004
28.8415, -3.25862, 0.971073, 2.92523, 0.0215092
28.9929, -2.82718, 0.97424, 2.77383, 0.0203179
29.1444, -2.41866, 0.977226, 2.62243, 0.0191265
29.2958, -2.03308, 0.980031, 2.47103, 0.0179351
29.4472, -1.67041, 0.982657, 2.31963, 0.0167437
29.5986, -1.33067, 0.985102, 2.16822, 0.0155522
29.75, -1.01384, 0.987366, 2.01682, 0.0143607
29.9014, -0.719936, 0.98945, 1.86542, 0.0131692
30.0528, -0.448971, 0.991354, 1.71402, 0.0119777
30.2042, -0.20092, 0.993077, 1.56262, 0.0107861
30.3556, 0.0242195, 0.99462, 1.41122, 0.00959448
30.507, 0.226418, 0.995983, 1.25981, 0.00840284
30.6584, 0.405693, 0.997165, 1.10841, 0.00721117
30.8098, 0.562057, 0.998166, 0.95701, 0.00601949
30.9612, 0.695492, 0.998987, 0.805608, 0.00482778
31.1126, 0.806015, 0.999628, 0.654207, 0.00363605
31.264, 0.893593, 1.00009, 0.502803, 0.00244429
31.4154, 0.958263, 1.00037, 0.351402, 0.00125252
31.5669, 1, 1.00047, 0.200001, 6.07354e-05
