3.28717, 0.165339
0, 0, 0, 0.5, 0
0.0191256, 0.0094229, 0.000118149, 0.484928, 0.0117738
0.0382511, 0.0185467, 0.000447262, 0.46987, 0.0235657
0.0573767, 0.027398, 0.00102218, 0.454795, 0.035336
0.0765023, 0.035939, 0.00179358, 0.439749, 0.0471425
0.0956278, 0.0442187, 0.00282527, 0.424672, 0.0589092
0.114753, 0.0521901, 0.00405584, 0.409621, 0.0707106
0.133879, 0.0598872, 0.00553002, 0.394555, 0.0824917
0.153005, 0.0672788, 0.00720675, 0.379514, 0.0943051
0.17213, 0.0743958, 0.00912654, 0.364457, 0.106098
0.191256, 0.0812276, 0.0112755, 0.349398, 0.117889
0.210381, 0.0877657, 0.0136425, 0.33435, 0.129694
0.229507, 0.0940112, 0.0162289, 0.319312, 0.14151
0.248632, 0.0999802, 0.0190561, 0.304259, 0.153309
0.267758, 0.10565, 0.0220939, 0.289227, 0.165133
0.286883, 0.111043, 0.0253718, 0.27418, 0.176939
0.306009, 0.116145, 0.0288713, 0.259142, 0.188756
0.325135, 0.120945, 0.0325782, 0.244132, 0.200609
0.34426, 0.125474, 0.0365326, 0.229097, 0.21243
0.363386, 0.129719, 0.0407178, 0.214059, 0.224247
0.382511, 0.13367, 0.0451207, 0.199037, 0.236085
0.401637, 0.137329, 0.0497437, 0.184029, 0.24794
0.420762, 0.140705, 0.0545996, 0.169016, 0.259789
0.439888, 0.143799, 0.0596879, 0.153999, 0.271632
0.459014, 0.146596, 0.0649897, 0.139009, 0.283511
0.478139, 0.149111, 0.0705257, 0.124013, 0.295381
0.497265, 0.151345, 0.0762952, 0.109011, 0.307244
0.51639, 0.15328, 0.0822767, 0.0940451, 0.319153
0.535516, 0.154937, 0.0884974, 0.0790644, 0.331042
0.554641, 0.156305, 0.0949411, 0.0641017, 0.342955
0.573767, 0.157387, 0.101613, 0.0491478, 0.354878
0.592893, 0.158188, 0.108519, 0.0341899, 0.366797
0.612018, 0.158697, 0.115645, 0.0192648, 0.378756
0.631144, 0.158922, 0.123003, 0.00434643, 0.390724
0.650269, 0.158862, 0.13059, -0.0105582, 0.402709
0.669395, 0.158519, 0.138408, -0.0254483, 0.414712
0.68852, 0.157888, 0.146453, -0.040305, 0.426757
0.707646, 0.156976, 0.15473, -0.0551481, 0.438818
0.726771, 0.155781, 0.163241, -0.0699664, 0.450909
0.745897, 0.1543, 0.171979, -0.0847312, 0.463066
0.765023, 0.152539, 0.180952, -0.0994591, 0.475267
0.784148, 0.150496, 0.190158, -0.11412, 0.48755
0.803274, 0.148174, 0.199602, -0.128708, 0.499918
0.822399, 0.145574, 0.209282, -0.143176, 0.512426
0.841525, 0.142699, 0.219205, -0.157481, 0.52512
0.86065, 0.139553, 0.229372, -0.171464, 0.538167
0.879776, 0.136145, 0.239795, -0.18478, 0.551891
0.898902, 0.132499, 0.250494, -0.195571, 0.56757
0.918027, 0.128811, 0.261489, -0.185071, 0.577377
0.937153, 0.125443, 0.272469, -0.167437, 0.570101
0.956278, 0.1224, 0.283282, -0.15089, 0.560516
0.975404, 0.119668, 0.293905, -0.134777, 0.550212
0.994529, 0.117243, 0.304326, -0.118896, 0.539556
1.01365, 0.11512, 0.314542, -0.103156, 0.52869
1.03278, 0.113297, 0.324548, -0.0875137, 0.517685
1.05191, 0.111772, 0.334343, -0.0719416, 0.506581
1.07103, 0.110544, 0.343925, -0.0564224, 0.495403
1.09016, 0.109613, 0.353293, -0.0409449, 0.484168
1.10928, 0.108978, 0.362445, -0.0255007, 0.472887
1.12841, 0.108638, 0.371381, -0.0100842, 0.461568
1.14753, 0.108592, 0.3801, 0.0053097, 0.450218
1.16666, 0.108841, 0.388602, 0.0206836, 0.438842
1.18579, 0.109383, 0.396886, 0.0360411, 0.427443
1.20491, 0.110219, 0.404952, 0.0513837, 0.416024
1.22404, 0.111349, 0.4128, 0.0667136, 0.404588
1.24316, 0.112771, 0.420428, 0.0820323, 0.393137
1.26229, 0.114486, 0.427837, 0.0973409, 0.381672
1.28141, 0.116494, 0.435027, 0.11264, 0.370195
1.30054, 0.118795, 0.441998, 0.127932, 0.358708
1.31966, 0.121388, 0.448748, 0.143216, 0.347211
1.33879, 0.124273, 0.455279, 0.158493, 0.335705
1.35792, 0.12745, 0.461589, 0.173764, 0.324191
1.37704, 0.13092, 0.467679, 0.18903, 0.312669
1.39617, 0.134681, 0.473549, 0.20429, 0.30114
1.41529, 0.138734, 0.479198, 0.219546, 0.289605
1.43442, 0.143079, 0.484627, 0.234797, 0.278064
1.45354, 0.147715, 0.489835, 0.250044, 0.266518
1.47267, 0.152643, 0.494821, 0.265287, 0.254967
1.49179, 0.157863, 0.499587, 0.280527, 0.243411
1.51092, 0.163373, 0.504132, 0.295763, 0.231851
1.53005, 0.169176, 0.508456, 0.310996, 0.220286
1.54917, 0.17527, 0.512558, 0.326226, 0.208718
1.5683, 0.181654, 0.51644, 0.341454, 0.197146
1.58742, 0.188331, 0.520099, 0.356679, 0.18557
1.60655, 0.195298, 0.523538, 0.371901, 0.173991
1.62567, 0.202556, 0.526755, 0.387121, 0.162409
1.6448, 0.210106, 0.52975, 0.402339, 0.150825
1.66392, 0.217946, 0.532524, 0.417554, 0.139237
1.68305, 0.226077, 0.535076, 0.432768, 0.127647
1.70218, 0.2345, 0.537407, 0.44798, 0.116054
1.7213, 0.243213, 0.539515, 0.463189, 0.104459
1.74043, 0.252218, 0.541402, 0.478398, 0.0928616
1.75955, 0.261513, 0.543067, 0.493604, 0.0812621
1.77868, 0.271098, 0.544511, 0.508809, 0.0696604
1.7978, 0.280975, 0.545732, 0.524013, 0.0580569
1.81693, 0.291142, 0.546731, 0.539214, 0.0464514
1.83605, 0.301601, 0.547509, 0.554415, 0.034844
1.85518, 0.312349, 0.548064, 0.569614, 0.0232349
1.87431, 0.323389, 0.548397, 0.584812, 0.0116243
1.89343, 0.334719, 0.548509, 0.600009, 1.17309e-05
1.90737, 0.340981, 0.549444, 0.60264, 0.0130941
1.92131, 0.347299, 0.550577, 0.605255, 0.0261687
1.93524, 0.353665, 0.551895, 0.607844, 0.0392226
1.94918, 0.36008, 0.553399, 0.610405, 0.0522544
1.96312, 0.366542, 0.555089, 0.612936, 0.0652627
1.97706, 0.373053, 0.556962, 0.615436, 0.0782458
1.99099, 0.379613, 0.559021, 0.617903, 0.0912021
2.00493, 0.386222, 0.561264, 0.620334, 0.10413
2.01887, 0.392879, 0.563691, 0.622727, 0.117026
2.0328, 0.399586, 0.566302, 0.625079, 0.12989
2.04674, 0.406342, 0.569096, 0.627388, 0.142718
2.06068, 0.413148, 0.572073, 0.629651, 0.155507
2.07462, 0.420004, 0.575232, 0.631863, 0.168256
2.08855, 0.42691, 0.578574, 0.634023, 0.180959
2.10249, 0.433867, 0.582096, 0.636125, 0.193615
2.11643, 0.440875, 0.5858, 0.638165, 0.206218
2.13037, 0.447935, 0.589683, 0.640138, 0.218764
2.1443, 0.455046, 0.593745, 0.64204, 0.231248
2.15824, 0.46221, 0.597986, 0.643864, 0.243665
2.17218, 0.469427, 0.602405, 0.645604, 0.256008
2.18612, 0.476697, 0.606999, 0.647252, 0.268271
2.20005, 0.484021, 0.611769, 0.648802, 0.280445
2.21399, 0.491399, 0.616712, 0.650244, 0.292523
2.22793, 0.498834, 0.621828, 0.651568, 0.304493
2.24187, 0.506324, 0.627114, 0.652764, 0.316346
2.2558, 0.513871, 0.632569, 0.653821, 0.328069
2.26974, 0.521476, 0.63819, 0.654725, 0.339647
2.28368, 0.52914, 0.643974, 0.655462, 0.351065
2.29762, 0.536863, 0.64992, 0.656015, 0.362305
2.31155, 0.544647, 0.656023, 0.656367, 0.373346
2.32549, 0.552493, 0.66228, 0.656499, 0.384166
2.33943, 0.560402, 0.668686, 0.656389, 0.394739
2.35337, 0.568375, 0.675237, 0.656014, 0.405035
2.3673, 0.576412, 0.681927, 0.655348, 0.415022
2.38124, 0.584514, 0.688749, 0.654365, 0.424662
2.39518, 0.592683, 0.695697, 0.653036, 0.433915
2.40911, 0.600917, 0.702762, 0.65133, 0.442735
2.42305, 0.609217, 0.709934, 0.649217, 0.451074
2.43699, 0.617581, 0.717204, 0.646666, 0.458878
2.45093, 0.626008, 0.72456, 0.643648, 0.46609
2.46486, 0.634493, 0.73199, 0.640137, 0.472654
2.4788, 0.643032, 0.739478, 0.636112, 0.47851
2.49274, 0.651619, 0.747012, 0.631557, 0.483604
2.50668, 0.660246, 0.754576, 0.626465, 0.487884
2.52061, 0.668903, 0.762154, 0.620839, 0.491305
2.53455, 0.677577, 0.769731, 0.614693, 0.493835
2.54849, 0.686257, 0.777291, 0.608049, 0.49545
2.56243, 0.694927, 0.78482, 0.600944, 0.496142
2.57636, 0.703573, 0.792304, 0.593418, 0.495917
2.5903, 0.71218, 0.799729, 0.585521, 0.494794
2.60424, 0.720733, 0.807086, 0.577306, 0.492802
2.61818, 0.729217, 0.814363, 0.568827, 0.489982
2.63211, 0.737621, 0.821552, 0.560136, 0.48638
2.64605, 0.745934, 0.828645, 0.551282, 0.482047
2.65999, 0.754146, 0.835635, 0.542312, 0.477038
2.67393, 0.762248, 0.842516, 0.533266, 0.471404
2.68786, 0.770234, 0.849283, 0.524179, 0.465199
2.7018, 0.7781, 0.855931, 0.515081, 0.458471
2.71574, 0.785841, 0.862455, 0.505996, 0.451268
2.72968, 0.793455, 0.868854, 0.496946, 0.443632
2.74361, 0.800938, 0.875122, 0.487947, 0.435603
2.75755, 0.808291, 0.881257, 0.479013, 0.427218
2.77149, 0.815513, 0.887257, 0.470152, 0.418508
2.78542, 0.822603, 0.893118, 0.461373, 0.409502
2.79936, 0.829562, 0.898838, 0.452682, 0.400228
2.8133, 0.83639, 0.904416, 0.444083, 0.390709
2.82724, 0.843089, 0.909849, 0.435578, 0.380967
2.84117, 0.849658, 0.915135, 0.427168, 0.371019
2.85511, 0.856101, 0.920274, 0.418854, 0.360885
2.86905, 0.862417, 0.925262, 0.410637, 0.350578
2.88299, 0.868609, 0.930098, 0.402515, 0.340112
2.89692, 0.874677, 0.934782, 0.394487, 0.329501
2.91086, 0.880624, 0.939312, 0.386551, 0.318754
2.9248, 0.88645, 0.943686, 0.378707, 0.307883
2.93874, 0.892157, 0.947904, 0.370952, 0.296897
2.95267, 0.897747, 0.951963, 0.363284, 0.285803
2.96661, 0.903221, 0.955864, 0.355701, 0.27461
2.98055, 0.908581, 0.959605, 0.348201, 0.263323
2.99449, 0.913827, 0.963186, 0.340781, 0.25195
3.00842, 0.918962, 0.966605, 0.33344, 0.240495
3.02236, 0.923986, 0.969861, 0.326175, 0.228965
3.0363, 0.928901, 0.972954, 0.318983, 0.217363
3.05024, 0.933708, 0.975883, 0.311864, 0.205694
3.06417, 0.938409, 0.978648, 0.304814, 0.193963
3.07811, 0.943004, 0.981247, 0.297832, 0.182172
3.09205, 0.947495, 0.98368, 0.290915, 0.170325
3.10598, 0.951883, 0.985946, 0.284063, 0.158426
3.11992, 0.956169, 0.988045, 0.277272, 0.146476
3.13386, 0.960354, 0.989976, 0.270541, 0.13448
3.1478, 0.964439, 0.991738, 0.263868, 0.122439
3.16173, 0.968425, 0.993332, 0.257252, 0.110355
3.17567, 0.972313, 0.994757, 0.250691, 0.0982312
3.18961, 0.976104, 0.996011, 0.244183, 0.0860686
3.20355, 0.979799, 0.997095, 0.237727, 0.0738698
3.21748, 0.983399, 0.998009, 0.231322, 0.0616363
3.23142, 0.986905, 0.998751, 0.224965, 0.0493696
3.24536, 0.990317, 0.999321, 0.218656, 0.0370711
3.2593, 0.993636, 0.99972, 0.212393, 0.0247426
3.27323, 0.996864, 0.999946, 0.206175, 0.0123851
3.28717, 1, 1, 0.2, -7.45058e-08
