27.0137, 0
0, 0, 0, 0.5, 0
0.142827, 0.0612161, 0.000102246, 0.357181, 0.00156716
0.285654, 0.10203, 0.000428364, 0.214363, 0.00313431
0.428482, 0.122449, 0.000978277, 0.0715443, 0.00470146
0.571309, 0.122464, 0.00175209, -0.0712743, 0.00626862
0.714136, 0.102132, 0.00692536, -0.2141, 0.00718644
0.856963, 0.0613084, 0.00397109, -0.356912, 0.00940293
0.999791, 0.000134766, 0.00541633, -0.49973, 0.0109701
1.14262, -0.0814385, 0.0070854, -0.642549, 0.0125372
1.28544, -0.183414, 0.00897836, -0.785367, 0.0141044
1.42827, -0.305783, 0.0110951, -0.928187, 0.0156715
1.5711, -0.448555, 0.0134357, -1.071, 0.0172387
1.71393, -0.611721, 0.0160001, -1.21382, 0.0188059
1.85675, -0.795287, 0.0187884, -1.35664, 0.020373
1.99958, -0.999254, 0.0218005, -1.49946, 0.0219402
2.14241, -1.22362, 0.0250364, -1.64228, 0.0235073
2.28524, -1.46838, 0.0284961, -1.7851, 0.0250745
2.42806, -1.73354, 0.0321797, -1.92792, 0.0266416
2.57089, -2.0191, 0.0360871, -2.07074, 0.0282088
2.71372, -2.32505, 0.0402184, -2.21355, 0.0297759
2.85654, -2.65141, 0.0445734, -2.35637, 0.0313431
2.99937, -2.99813, 0.0518442, -2.4992, 0.0322609
3.1422, -3.36531, 0.0539551, -2.64201, 0.0344774
3.28503, -3.75286, 0.0589817, -2.78483, 0.0360446
3.42785, -4.16078, 0.0666457, -2.92765, 0.0369624
3.57068, -4.58916, 0.0697063, -3.07047, 0.0391789
3.71351, -5.0379, 0.0754044, -3.21328, 0.040746
3.85634, -5.50705, 0.0813263, -3.3561, 0.0423132
3.99916, -5.99657, 0.0895147, -3.49893, 0.043231
4.14199, -6.50651, 0.0957915, -3.64175, 0.0447982
4.28482, -7.03687, 0.100435, -3.78456, 0.0470146
4.42764, -7.58759, 0.109017, -3.92738, 0.0479325
4.57047, -8.15874, 0.114293, -4.0702, 0.0501489
4.7133, -8.75028, 0.121558, -4.21302, 0.0517161
4.85613, -9.36221, 0.129047, -4.35583, 0.0532833
4.99895, -9.99452, 0.138153, -4.49866, 0.0542011
5.14178, -10.6473, 0.144696, -4.64147, 0.0564176
5.28461, -11.3204, 0.152856, -4.78429, 0.0579847
5.42743, -12.0139, 0.162355, -4.92711, 0.0589026
5.57026, -12.7278, 0.169848, -5.06993, 0.061119
5.71309, -13.4622, 0.17868, -5.21275, 0.0626862
5.85592, -14.2169, 0.187735, -5.35556, 0.0642534
5.99874, -14.992, 0.197759, -5.49839, 0.0651712
6.14157, -15.7875, 0.20717, -5.64121, 0.0667383
6.2844, -16.6034, 0.216804, -5.78403, 0.0683055
6.42723, -17.4398, 0.226196, -5.92684, 0.070522
6.57005, -18.2965, 0.236371, -6.06966, 0.0720892
6.71288, -19.1736, 0.246769, -6.21248, 0.0736563
6.85571, -20.0711, 0.257392, -6.3553, 0.0752234
6.99853, -20.989, 0.268238, -6.49813, 0.0767907
7.14136, -21.9273, 0.279308, -6.64103, 0.0783588
7.28419, -22.8666, 0.290197, -6.50528, 0.0753539
7.42702, -23.7856, 0.300844, -6.36248, 0.0737393
7.56984, -24.6841, 0.311262, -6.21966, 0.0721444
7.71267, -25.5622, 0.321452, -6.07685, 0.0705577
7.8555, -26.42, 0.331417, -5.93401, 0.0689752
7.99832, -27.2573, 0.341156, -5.7912, 0.0673957
8.14115, -28.0743, 0.350669, -5.64839, 0.0658182
8.28398, -28.8708, 0.359957, -5.50556, 0.0642419
8.42681, -29.6469, 0.36902, -5.36274, 0.0626667
8.56963, -30.4027, 0.377858, -5.21992, 0.0610925
8.71246, -31.138, 0.386471, -5.07711, 0.0595189
8.85529, -31.853, 0.39486, -4.93429, 0.0579458
8.99812, -32.5475, 0.403024, -4.79147, 0.0563733
9.14094, -33.2217, 0.410963, -4.64865, 0.0548011
9.28377, -33.8755, 0.418678, -4.50584, 0.0532293
9.4266, -34.5088, 0.426168, -4.36302, 0.0516578
9.56942, -35.1218, 0.433434, -4.2202, 0.0500865
9.71225, -35.7143, 0.440476, -4.07738, 0.0485155
9.85508, -36.2865, 0.447293, -3.93456, 0.0469447
9.99791, -36.8382, 0.453886, -3.79174, 0.045374
10.1407, -37.3696, 0.460254, -3.64892, 0.0438036
10.2836, -37.8806, 0.466399, -3.50611, 0.0422333
10.4264, -38.3711, 0.472318, -3.36328, 0.0406631
10.5692, -38.8413, 0.478014, -3.22047, 0.0390931
10.712, -39.2911, 0.483486, -3.07765, 0.0375232
10.8549, -39.7205, 0.488733, -2.93483, 0.0359533
10.9977, -40.1294, 0.493756, -2.79201, 0.0343836
11.1405, -40.518, 0.498555, -2.64919, 0.032814
11.2834, -40.8862, 0.503129, -2.50638, 0.0312445
11.4262, -41.234, 0.50748, -2.36356, 0.0296751
11.569, -41.5614, 0.511606, -2.22074, 0.0281057
11.7118, -41.8683, 0.515508, -2.07792, 0.0265364
11.8547, -42.1549, 0.519186, -1.9351, 0.0249672
11.9975, -42.4211, 0.52264, -1.79228, 0.023398
12.1403, -42.6669, 0.52587, -1.64946, 0.0218289
12.2831, -42.8923, 0.528876, -1.50664, 0.0202598
12.426, -43.0973, 0.531657, -1.36382, 0.0186908
12.5688, -43.2819, 0.534215, -1.22101, 0.0171218
12.7116, -43.4461, 0.536548, -1.07819, 0.0155529
12.8545, -43.5899, 0.538658, -0.935371, 0.0139841
12.9973, -43.7133, 0.540543, -0.792552, 0.0124152
13.1401, -43.8162, 0.542204, -0.649734, 0.0108465
13.2829, -43.8988, 0.543641, -0.506913, 0.0092777
13.4258, -43.961, 0.544854, -0.364096, 0.007709
13.5686, -44.0028, 0.545843, -0.221276, 0.00614032
13.7114, -44.0243, 0.546608, -0.0784581, 0.00457168
13.8542, -44.0253, 0.547149, 0.0643597, 0.00300308
13.9971, -44.0059, 0.547466, 0.207178, 0.00143451
14.1399, -43.9661, 0.547559, 0.349998, -0.000134059
14.2686, -43.9127, 0.548596, 0.478731, 0.00140271
14.3974, -43.8428, 0.548876, 0.607462, 0.0028054
14.5261, -43.7563, 0.549336, 0.736192, 0.0042081
14.6548, -43.6533, 0.549976, 0.864922, 0.0056108
14.7836, -43.5336, 0.550798, 0.993653, 0.0070135
14.9123, -43.3974, 0.5518, 1.12238, 0.0084162
15.0411, -43.2446, 0.552982, 1.25111, 0.0098189
15.1698, -43.0753, 0.554345, 1.37985, 0.0112216
15.2985, -42.8894, 0.555889, 1.50858, 0.0126243
15.4273, -42.6869, 0.557613, 1.63731, 0.014027
15.556, -42.4678, 0.559518, 1.76604, 0.0154297
15.6848, -42.2322, 0.561603, 1.89477, 0.0168324
15.8135, -41.9799, 0.563869, 2.0235, 0.0182351
15.9422, -41.7111, 0.566315, 2.15223, 0.0196378
16.071, -41.4258, 0.568943, 2.28096, 0.0210405
16.1997, -41.1239, 0.57175, 2.40969, 0.0224432
16.3284, -40.8053, 0.574739, 2.53842, 0.0238459
16.4572, -40.4703, 0.577907, 2.66715, 0.0252486
16.5859, -40.1186, 0.581257, 2.79588, 0.0266513
16.7147, -39.7504, 0.584787, 2.92461, 0.028054
16.8434, -39.3656, 0.588497, 3.05334, 0.0294567
16.9721, -38.9642, 0.592389, 3.18207, 0.0308594
17.1009, -38.5463, 0.59646, 3.31081, 0.0322621
17.2296, -38.1118, 0.600713, 3.43954, 0.0336648
17.3584, -37.6607, 0.605146, 3.56827, 0.0350675
17.4871, -37.193, 0.609759, 3.697, 0.0364702
17.6158, -36.7088, 0.614553, 3.82573, 0.0378729
17.7446, -36.208, 0.619528, 3.95446, 0.0392756
17.8733, -35.6906, 0.624683, 4.08319, 0.0406783
18.002, -35.1567, 0.630019, 4.21192, 0.042081
18.1308, -34.6062, 0.635535, 4.34065, 0.0434837
18.2595, -34.0391, 0.641232, 4.46938, 0.0448864
18.3883, -33.4554, 0.64711, 4.59811, 0.0462891
18.517, -32.8552, 0.653168, 4.72684, 0.0476918
18.6457, -32.2383, 0.659407, 4.85557, 0.0490945
18.7745, -31.605, 0.665826, 4.9843, 0.0504972
18.9032, -30.955, 0.672426, 5.11304, 0.0518999
19.0319, -30.2885, 0.679206, 5.24177, 0.0533026
19.1607, -29.6054, 0.686167, 5.3705, 0.0547053
19.2894, -28.9057, 0.693309, 5.49923, 0.056108
19.4182, -28.1895, 0.700631, 5.62796, 0.0575108
19.5469, -27.4566, 0.708134, 5.75669, 0.0589134
19.6756, -26.7072, 0.715818, 5.88542, 0.0603161
19.8044, -25.9413, 0.723682, 6.01415, 0.0617189
19.9331, -25.1587, 0.731726, 6.14288, 0.0631216
20.0619, -24.3596, 0.739951, 6.27162, 0.0645243
20.1906, -23.5439, 0.748357, 6.40036, 0.0659271
20.3193, -22.7117, 0.756943, 6.52911, 0.06733
20.4481, -21.8629, 0.76571, 6.65795, 0.0687339
20.5768, -21.0031, 0.774699, 6.63655, 0.0700037
20.7055, -20.157, 0.783626, 6.50782, 0.0686684
20.8343, -19.3275, 0.792378, 6.37909, 0.0672987
20.963, -18.5145, 0.800953, 6.25035, 0.065918
21.0918, -17.7182, 0.80935, 6.12162, 0.0645319
21.2205, -16.9384, 0.817568, 5.99289, 0.0631425
21.3492, -16.1751, 0.825608, 5.86415, 0.0617508
21.478, -15.4285, 0.833468, 5.73542, 0.0603577
21.6067, -14.6984, 0.841148, 5.60669, 0.0589633
21.7355, -13.9849, 0.848649, 5.47796, 0.0575681
21.8642, -13.288, 0.855971, 5.34923, 0.056172
21.9929, -12.6076, 0.863112, 5.2205, 0.0547755
22.1217, -11.9438, 0.870074, 5.09177, 0.0533783
22.2504, -11.2966, 0.876856, 4.96304, 0.0519808
22.3791, -10.6659, 0.883458, 4.8343, 0.0505828
22.5079, -10.0519, 0.88988, 4.70557, 0.0491846
22.6366, -9.45436, 0.896122, 4.57684, 0.0477861
22.7654, -8.87344, 0.902183, 4.44811, 0.0463874
22.8941, -8.30908, 0.908065, 4.31938, 0.0449884
23.0228, -7.76129, 0.913767, 4.19065, 0.0435892
23.1516, -7.23008, 0.919289, 4.06192, 0.0421899
23.2803, -6.71544, 0.92463, 3.93319, 0.0407904
23.409, -6.21738, 0.929791, 3.80446, 0.0393907
23.5378, -5.73589, 0.934772, 3.67573, 0.037991
23.6665, -5.27096, 0.939573, 3.547, 0.0365911
23.7953, -4.82262, 0.944193, 3.41827, 0.0351911
23.924, -4.39085, 0.948634, 3.28954, 0.0337909
24.0527, -3.97564, 0.952894, 3.1608, 0.0323907
24.1815, -3.57701, 0.956974, 3.03208, 0.0309904
24.3102, -3.19495, 0.960873, 2.90334, 0.02959
24.439, -2.82946, 0.964592, 2.77461, 0.0281896
24.5677, -2.48055, 0.968131, 2.64588, 0.026789
24.6964, -2.14821, 0.97149, 2.51715, 0.0253885
24.8252, -1.83245, 0.974668, 2.38842, 0.0239878
24.9539, -1.53326, 0.977666, 2.25969, 0.0225871
25.0826, -1.25063, 0.980484, 2.13096, 0.0211863
25.2114, -0.984581, 0.983121, 2.00223, 0.0197855
25.3401, -0.735104, 0.985578, 1.8735, 0.0183846
25.4689, -0.502205, 0.987855, 1.74477, 0.0169837
25.5976, -0.28587, 0.989951, 1.61604, 0.0155827
25.7263, -0.086113, 0.991867, 1.48731, 0.0141817
25.8551, 0.0970802, 0.993602, 1.35857, 0.0127806
25.9838, 0.263695, 0.995158, 1.22984, 0.0113795
26.1126, 0.413734, 0.996532, 1.10111, 0.00997837
26.2413, 0.547203, 0.997727, 0.972384, 0.00857719
26.37, 0.664101, 0.998741, 0.843653, 0.00717599
26.4988, 0.764431, 0.999574, 0.714923, 0.00577476
26.6275, 0.848175, 1.00023, 0.586192, 0.00437348
26.7562, 0.915359, 1.0007, 0.457462, 0.0029722
26.885, 0.965961, 1.00099, 0.32873, 0.00157086
27.0137, 0.999989, 1.0011, 0.199998, 0.00016949
