34.8487, 0
0, 0, 0, 0.5, 0
0.182551, 0.074614, 0.000349794, 0.317453, 0.00119873
0.365102, 0.115903, 0.000673318, 0.134906, 0.00242491
0.547653, 0.123868, 0.00135819, -0.0476409, 0.00363503
0.730205, 0.0985084, 0.00199188, -0.230188, 0.00487727
0.912756, 0.0398257, 0.00298692, -0.412735, 0.00610345
1.09531, -0.0521833, 0.00420581, -0.595282, 0.00732962
1.27786, -0.177513, 0.00564852, -0.777829, 0.00855581
1.46041, -0.33617, 0.00731509, -0.960376, 0.00978198
1.64296, -0.528152, 0.00932544, -1.14292, 0.0109921
1.82551, -0.753452, 0.0113197, -1.32547, 0.0122343
2.00806, -1.01208, 0.0136578, -1.50802, 0.0134605
2.19061, -1.30403, 0.0162197, -1.69056, 0.0146867
2.37316, -1.62931, 0.0190055, -1.87311, 0.0159129
2.55572, -1.98791, 0.0221951, -2.05566, 0.0171116
2.73827, -2.37984, 0.0252486, -2.2382, 0.0183652
2.92082, -2.80509, 0.0287059, -2.42075, 0.0195914
3.10337, -3.26366, 0.032387, -2.6033, 0.0208176
3.28592, -3.75556, 0.0363855, -2.78585, 0.0220277
3.46847, -4.28078, 0.0404208, -2.96839, 0.02327
3.65102, -4.83933, 0.0447734, -3.15094, 0.0244961
3.83357, -5.43119, 0.0494948, -3.33349, 0.0256949
4.01613, -6.05639, 0.0541502, -3.51603, 0.0269485
4.19868, -6.71491, 0.0591744, -3.69858, 0.0281747
4.38123, -7.40675, 0.0645523, -3.88113, 0.0293734
4.56378, -8.13192, 0.0698943, -4.06368, 0.030627
4.74633, -8.89041, 0.0757098, -4.24622, 0.0318258
4.92888, -9.68222, 0.0816243, -4.42877, 0.0330519
5.11143, -10.5074, 0.0877627, -4.61132, 0.0342781
5.29398, -11.3658, 0.0940814, -4.79386, 0.0355157
5.47653, -12.2576, 0.100711, -4.97641, 0.0367305
5.65909, -13.1827, 0.107521, -5.15896, 0.0379567
5.84164, -14.1412, 0.114465, -5.3415, 0.0392103
6.02419, -15.1329, 0.121812, -5.52405, 0.040409
6.20674, -16.158, 0.12934, -5.7066, 0.0416191
6.38929, -17.2164, 0.137059, -5.88914, 0.0428392
6.57184, -18.3081, 0.144969, -6.07169, 0.0440715
6.75439, -19.4332, 0.153119, -6.25424, 0.0452977
6.93694, -20.5916, 0.161477, -6.43678, 0.0465311
7.11949, -21.7833, 0.170113, -6.61933, 0.0477386
7.30205, -23.0083, 0.178941, -6.80188, 0.0489601
7.4846, -24.2667, 0.187983, -6.98442, 0.0501863
7.66715, -25.5583, 0.197266, -7.16697, 0.0514011
7.8497, -26.8834, 0.206779, -7.34951, 0.052607
8.03225, -28.2417, 0.216458, -7.53207, 0.0538607
8.2148, -29.6333, 0.226423, -7.7146, 0.0550556
8.39735, -31.0583, 0.236579, -7.89715, 0.05628
8.5799, -32.5166, 0.24697, -8.07969, 0.0574832
8.76245, -34.0082, 0.257573, -8.26223, 0.058697
8.94501, -35.5332, 0.268393, -8.44477, 0.0599191
9.12756, -37.0912, 0.279432, -8.59475, 0.0606551
9.31011, -38.6435, 0.29038, -8.41222, 0.05933
9.49266, -40.1625, 0.301096, -8.22968, 0.058078
9.67521, -41.6482, 0.311585, -8.04714, 0.0568365
9.85776, -43.1005, 0.321848, -7.8646, 0.0555992
10.0403, -44.5196, 0.331885, -7.68205, 0.0543643
10.2229, -45.9053, 0.341696, -7.4995, 0.0531311
10.4054, -47.2577, 0.351283, -7.31697, 0.0518989
10.588, -48.5767, 0.360645, -7.13442, 0.0506675
10.7705, -49.8624, 0.369782, -6.95187, 0.0494367
10.9531, -51.1149, 0.378694, -6.76933, 0.0482064
11.1356, -52.3339, 0.387382, -6.58678, 0.0469765
11.3182, -53.5197, 0.395845, -6.40423, 0.0457469
11.5007, -54.6721, 0.404084, -6.22168, 0.0445175
11.6833, -55.7913, 0.412099, -6.03914, 0.0432885
11.8658, -56.8771, 0.419889, -5.8566, 0.0420596
12.0484, -57.9295, 0.427455, -5.67404, 0.0408308
12.2309, -58.9487, 0.434797, -5.4915, 0.0396023
12.4135, -59.9345, 0.441914, -5.30895, 0.0383738
12.596, -60.887, 0.448807, -5.1264, 0.0371455
12.7786, -61.8061, 0.455476, -4.94386, 0.0359173
12.9611, -62.692, 0.46192, -4.76131, 0.0346892
13.1437, -63.5445, 0.468141, -4.57876, 0.0334612
13.3262, -64.3637, 0.474137, -4.39622, 0.0322333
13.5088, -65.1496, 0.479909, -4.21367, 0.0310054
13.6913, -65.9021, 0.485457, -4.03112, 0.0297776
13.8739, -66.6213, 0.490781, -3.84858, 0.0285499
14.0564, -67.3073, 0.495881, -3.66603, 0.0273222
14.239, -67.9598, 0.500757, -3.48348, 0.0260946
14.4215, -68.5791, 0.505408, -3.30094, 0.0248671
14.6041, -69.165, 0.509836, -3.11839, 0.0236395
14.7866, -69.7176, 0.514039, -2.93584, 0.0224121
14.9692, -70.2369, 0.518018, -2.75329, 0.0211846
15.1517, -70.7228, 0.521774, -2.57075, 0.0199572
15.3343, -71.1755, 0.525305, -2.3882, 0.0187299
15.5168, -71.5948, 0.528612, -2.20565, 0.0175026
15.6994, -71.9808, 0.531695, -2.0231, 0.0162752
15.8819, -72.3334, 0.534554, -1.84056, 0.015048
16.0645, -72.6528, 0.537189, -1.65801, 0.0138208
16.2471, -72.9388, 0.5396, -1.47547, 0.0125936
16.4296, -73.1915, 0.541787, -1.29292, 0.0113664
16.6122, -73.4108, 0.54375, -1.11037, 0.0101392
16.7947, -73.5969, 0.545489, -0.927824, 0.00891209
16.9773, -73.7496, 0.547004, -0.745278, 0.00768499
17.1598, -73.869, 0.548295, -0.56273, 0.0064579
17.3424, -73.955, 0.549362, -0.380183, 0.00523082
17.5249, -74.0078, 0.550205, -0.197636, 0.00400377
17.7075, -74.0272, 0.550824, -0.0150899, 0.00277675
17.89, -74.0133, 0.551218, 0.167458, 0.00154973
18.0726, -73.966, 0.551389, 0.350005, 0.000322741
18.2403, -73.8933, 0.548594, 0.517758, 0.00107648
18.4081, -73.7924, 0.548871, 0.685516, 0.00215296
18.5758, -73.6633, 0.549329, 0.853274, 0.00322944
18.7436, -73.5061, 0.549967, 1.02103, 0.00430591
18.9114, -73.3207, 0.550786, 1.18879, 0.00538239
19.0791, -73.1072, 0.551786, 1.35655, 0.00645887
19.2469, -72.8655, 0.552966, 1.52431, 0.00753534
19.4147, -72.5958, 0.554326, 1.69206, 0.00861182
19.5824, -72.2978, 0.555868, 1.85982, 0.0096883
19.7502, -71.9717, 0.55759, 2.02758, 0.0107648
19.9179, -71.6175, 0.559492, 2.19534, 0.0118413
20.0857, -71.2352, 0.561575, 2.3631, 0.0129177
20.2535, -70.8247, 0.563839, 2.53085, 0.0139942
20.4212, -70.386, 0.566283, 2.69861, 0.0150707
20.589, -69.9192, 0.568908, 2.86637, 0.0161472
20.7567, -69.4243, 0.571714, 3.03413, 0.0172237
20.9245, -68.9012, 0.5747, 3.20188, 0.0183001
21.0923, -68.35, 0.577866, 3.36964, 0.0193766
21.26, -67.7706, 0.581214, 3.5374, 0.0204531
21.4278, -67.1631, 0.584742, 3.70516, 0.0215296
21.5956, -66.5274, 0.58845, 3.87292, 0.022606
21.7633, -65.8636, 0.592339, 4.04068, 0.0236825
21.9311, -65.1717, 0.596409, 4.20843, 0.024759
22.0988, -64.4516, 0.600659, 4.37619, 0.0258355
22.2666, -63.7034, 0.60509, 4.54395, 0.026912
22.4344, -62.927, 0.609701, 4.71171, 0.0279884
22.6021, -62.1225, 0.614493, 4.87947, 0.0290649
22.7699, -61.2898, 0.619466, 5.04722, 0.0301414
22.9376, -60.429, 0.624619, 5.21498, 0.0312179
23.1054, -59.5401, 0.629952, 5.38274, 0.0322944
23.2732, -58.623, 0.635467, 5.5505, 0.0333708
23.4409, -57.6778, 0.641162, 5.71826, 0.0344473
23.6087, -56.7044, 0.647037, 5.88601, 0.0355238
23.7764, -55.7029, 0.653093, 6.05377, 0.0366003
23.9442, -54.6732, 0.65933, 6.22153, 0.0376767
24.112, -53.6154, 0.665747, 6.38929, 0.0387532
24.2797, -52.5295, 0.672345, 6.55705, 0.0398297
24.4475, -51.4154, 0.679124, 6.7248, 0.0409062
24.6153, -50.2732, 0.686083, 6.89256, 0.0419827
24.783, -49.1028, 0.693223, 7.06032, 0.0430591
24.9508, -47.9043, 0.700543, 7.22808, 0.0441356
25.1185, -46.6776, 0.708044, 7.39584, 0.0452121
25.2863, -45.4228, 0.715725, 7.5636, 0.0462886
25.4541, -44.1398, 0.723587, 7.73135, 0.0473651
25.6218, -42.8287, 0.73163, 7.89912, 0.0484416
25.7896, -41.4895, 0.739853, 8.06687, 0.049518
25.9573, -40.1221, 0.748257, 8.23464, 0.0505946
26.1251, -38.7266, 0.756841, 8.40239, 0.051671
26.2929, -37.3029, 0.765606, 8.57019, 0.0527478
26.4606, -35.8567, 0.774572, 8.58798, 0.053684
26.6284, -34.4301, 0.783492, 8.42016, 0.0526513
26.7962, -33.0316, 0.792236, 8.2524, 0.0515946
26.9639, -31.6612, 0.800803, 8.08463, 0.050531
27.1317, -30.319, 0.80919, 7.91688, 0.0494641
27.2994, -29.0049, 0.817399, 7.74912, 0.0483952
27.4672, -27.719, 0.825428, 7.58135, 0.047325
27.635, -26.4612, 0.833277, 7.4136, 0.046254
27.8027, -25.2316, 0.840947, 7.24584, 0.0451823
27.9705, -24.0301, 0.848437, 7.07808, 0.04411
28.1382, -22.8567, 0.855747, 6.91032, 0.0430373
28.306, -21.7115, 0.862877, 6.74257, 0.0419643
28.4738, -20.5945, 0.869827, 6.57481, 0.0408909
28.6415, -19.5055, 0.876597, 6.40705, 0.0398174
28.8093, -18.4447, 0.883187, 6.23929, 0.0387436
28.9771, -17.4121, 0.889596, 6.07153, 0.0376696
29.1448, -16.4076, 0.895826, 5.90377, 0.0365955
29.3126, -15.4312, 0.901875, 5.73602, 0.0355212
29.4803, -14.483, 0.907744, 5.56826, 0.0344469
29.6481, -13.563, 0.913433, 5.4005, 0.0333724
29.8159, -12.6711, 0.918941, 5.23274, 0.0322978
29.9836, -11.8073, 0.924269, 5.06498, 0.0312231
30.1514, -10.9716, 0.929417, 4.89722, 0.0301483
30.3191, -10.1641, 0.934385, 4.72947, 0.0290735
30.4869, -9.3848, 0.939172, 4.56171, 0.0279986
30.6547, -8.63358, 0.943779, 4.39395, 0.0269236
30.8224, -7.91052, 0.948205, 4.22619, 0.0258486
30.9902, -7.21559, 0.952452, 4.05843, 0.0247735
31.158, -6.54882, 0.956517, 3.89068, 0.0236984
31.3257, -5.91019, 0.960403, 3.72292, 0.0226232
31.4935, -5.29971, 0.964108, 3.55516, 0.021548
31.6612, -4.71735, 0.967633, 3.3874, 0.0204727
31.829, -4.16315, 0.970977, 3.21965, 0.0193974
31.9968, -3.6371, 0.974141, 3.05189, 0.0183221
32.1645, -3.13918, 0.977124, 2.88413, 0.0172467
32.3323, -2.6694, 0.979928, 2.71637, 0.0161713
32.5, -2.22778, 0.98255, 2.54861, 0.0150959
32.6678, -1.81428, 0.984993, 2.38085, 0.0140204
32.8356, -1.42893, 0.987255, 2.2131, 0.0129449
33.0033, -1.07174, 0.989336, 2.04534, 0.0118694
33.1711, -0.742676, 0.991237, 1.87758, 0.0107939
33.3388, -0.441772, 0.992958, 1.70982, 0.00971831
33.5066, -0.168999, 0.994498, 1.54206, 0.00864273
33.6744, 0.0756378, 0.995857, 1.37431, 0.00756713
33.8421, 0.292114, 0.997037, 1.20655, 0.00649151
34.0099, 0.480469, 0.998036, 1.03879, 0.00541588
34.1777, 0.640648, 0.998854, 0.871032, 0.0043402
34.3454, 0.772697, 0.999492, 0.703275, 0.00326453
34.5132, 0.876625, 0.999949, 0.535518, 0.00218884
34.6809, 0.952393, 1.00023, 0.367762, 0.00111314
34.8487, 1.00002, 1.00032, 0.200002, 3.74075e-05
