38.5833, 0
0, 0, 0, 0.5, 0
0.201464, 0.0804429, 0.000105419, 0.298539, 0.00111109
0.402927, 0.120287, 0.000434747, 0.097079, 0.00222217
0.604391, 0.119553, 0.000987867, -0.104382, 0.00333325
0.805855, 0.0782354, 0.00176481, -0.305843, 0.00444434
1.00732, -0.0036782, 0.00276565, -0.507303, 0.00555542
1.20878, -0.126176, 0.00399031, -0.708764, 0.0066665
1.41025, -0.289257, 0.0054388, -0.910225, 0.00777758
1.61171, -0.492928, 0.00711115, -1.11169, 0.00888867
1.81317, -0.737186, 0.00900734, -1.31315, 0.00999975
2.01464, -1.02203, 0.0111274, -1.51461, 0.0111108
2.2161, -1.34746, 0.0134712, -1.71607, 0.0122219
2.41756, -1.71348, 0.016039, -1.91753, 0.013333
2.61903, -2.12009, 0.0188305, -2.11899, 0.0144441
2.82049, -2.56728, 0.0218459, -2.32045, 0.0155552
3.02196, -3.05506, 0.0250852, -2.52191, 0.0166662
3.22342, -3.58342, 0.0285482, -2.72337, 0.0177773
3.42488, -4.15238, 0.0322352, -2.92483, 0.0188884
3.62635, -4.76192, 0.036146, -3.12629, 0.0199995
3.82781, -5.41205, 0.0402806, -3.32775, 0.0211106
4.02927, -6.10276, 0.044639, -3.52921, 0.0222217
4.23074, -6.83406, 0.0492213, -3.73067, 0.0233327
4.4322, -7.60595, 0.0540275, -3.93213, 0.0244438
4.63366, -8.41843, 0.0590575, -4.13359, 0.0255549
4.83513, -9.27149, 0.0643113, -4.33506, 0.026666
5.03659, -10.1651, 0.069789, -4.53652, 0.0277771
5.23806, -11.0994, 0.0754905, -4.73798, 0.0288882
5.43952, -12.0742, 0.0814158, -4.93944, 0.0299992
5.64098, -13.0896, 0.087565, -5.1409, 0.0311103
5.84245, -14.1456, 0.0939381, -5.34236, 0.0322214
6.04391, -15.2422, 0.100535, -5.54382, 0.0333325
6.24537, -16.3794, 0.107356, -5.74528, 0.0344436
6.44684, -17.5571, 0.1144, -5.94674, 0.0355547
6.6483, -18.7755, 0.121669, -6.1482, 0.0366657
6.84977, -20.0344, 0.129161, -6.34966, 0.0377768
7.05123, -21.3339, 0.136877, -6.55112, 0.0388879
7.25269, -22.674, 0.144817, -6.75258, 0.039999
7.45416, -24.0547, 0.152981, -6.95404, 0.0411101
7.65562, -25.476, 0.161368, -7.1555, 0.0422212
7.85708, -26.9379, 0.16998, -7.35697, 0.0433322
8.05855, -28.4403, 0.178815, -7.55843, 0.0444434
8.26001, -29.9834, 0.187874, -7.75989, 0.0455544
8.46147, -31.567, 0.197157, -7.96135, 0.0466655
8.66294, -33.1912, 0.206664, -8.16281, 0.0477766
8.8644, -34.856, 0.216787, -8.36427, 0.0485564
9.06587, -36.5614, 0.226349, -8.56573, 0.0499988
9.26733, -38.3074, 0.236528, -8.76719, 0.0511098
9.46879, -40.0939, 0.24693, -8.96867, 0.052221
9.67026, -41.9211, 0.257556, -9.17012, 0.0533321
9.87172, -43.7888, 0.268406, -9.37157, 0.0544431
10.0732, -45.6965, 0.279461, -9.52171, 0.0546194
10.2746, -47.5944, 0.290343, -9.32011, 0.0534375
10.4761, -49.4518, 0.300995, -9.11866, 0.052306
10.6776, -51.2686, 0.311419, -8.91718, 0.0511825
10.879, -53.0448, 0.321618, -8.71573, 0.0500625
11.0805, -54.7804, 0.331591, -8.51427, 0.0489445
11.282, -56.4754, 0.341339, -8.31281, 0.0478276
11.4834, -58.1299, 0.350862, -8.11135, 0.0467117
11.6849, -59.7437, 0.36016, -7.90988, 0.0455964
11.8864, -61.317, 0.369234, -7.70843, 0.0444816
12.0878, -62.8496, 0.378083, -7.50697, 0.0433672
12.2893, -64.3417, 0.386708, -7.3055, 0.042253
12.4907, -65.7932, 0.395108, -7.10404, 0.0411392
12.6922, -67.2041, 0.403284, -6.90258, 0.0400256
12.8937, -68.5745, 0.411236, -6.70112, 0.0389121
13.0951, -69.9042, 0.418963, -6.49966, 0.0377988
13.2966, -71.1934, 0.426466, -6.2982, 0.0366857
13.4981, -72.4419, 0.433745, -6.09674, 0.0355727
13.6995, -73.6499, 0.440799, -5.89528, 0.0344597
13.901, -74.8173, 0.447629, -5.69382, 0.033347
14.1025, -75.9441, 0.454235, -5.49236, 0.0322342
14.3039, -77.0303, 0.460617, -5.29089, 0.0311216
14.5054, -78.0759, 0.466775, -5.08944, 0.030009
14.7068, -79.081, 0.472709, -4.88797, 0.0288965
14.9083, -80.0454, 0.478418, -4.68651, 0.0277841
15.1098, -80.9693, 0.483904, -4.48506, 0.0266717
15.3112, -81.8526, 0.489165, -4.28359, 0.0255593
15.5127, -82.6953, 0.494202, -4.08213, 0.024447
15.7142, -83.4974, 0.499016, -3.88067, 0.0233348
15.9156, -84.2589, 0.503605, -3.67921, 0.0222226
16.1171, -84.9799, 0.50797, -3.47775, 0.0211104
16.3186, -85.6602, 0.512111, -3.27629, 0.0199983
16.52, -86.2999, 0.516027, -3.07483, 0.0188862
16.7215, -86.8991, 0.51972, -2.87337, 0.0177741
16.9229, -87.4577, 0.523189, -2.67191, 0.0166621
17.1244, -87.9757, 0.526434, -2.47045, 0.0155501
17.3259, -88.4531, 0.529455, -2.26899, 0.0144381
17.5273, -88.89, 0.532251, -2.06753, 0.0133261
17.7288, -89.2862, 0.534824, -1.86606, 0.0122142
17.9303, -89.6418, 0.537173, -1.66461, 0.0111023
18.1317, -89.9569, 0.539298, -1.46315, 0.00999038
18.3332, -90.2314, 0.541198, -1.26169, 0.00887852
18.5347, -90.4653, 0.542875, -1.06022, 0.00776664
18.7361, -90.6586, 0.544328, -0.858763, 0.00665481
18.9376, -90.8113, 0.545556, -0.657303, 0.005543
19.139, -90.9234, 0.546561, -0.455841, 0.00443119
19.3405, -90.995, 0.547342, -0.254381, 0.0033194
19.542, -91.0259, 0.547898, -0.0529189, 0.00220762
19.7434, -91.0163, 0.548231, 0.148542, 0.00109586
19.9449, -90.9661, 0.54834, 0.35, -1.58697e-05
20.1313, -90.8835, 0.548593, 0.536381, 0.00096892
20.3177, -90.7661, 0.548869, 0.722763, 0.00193784
20.5041, -90.614, 0.549326, 0.909144, 0.00290676
20.6904, -90.4272, 0.549964, 1.09553, 0.00387569
20.8768, -90.2057, 0.550782, 1.28191, 0.00484461
21.0632, -89.9494, 0.55178, 1.46829, 0.00581353
21.2496, -89.6583, 0.55296, 1.65467, 0.00678245
21.436, -89.3326, 0.554319, 1.84105, 0.00775138
21.6224, -88.9721, 0.55586, 2.02743, 0.0087203
21.8087, -88.5768, 0.557581, 2.21381, 0.00968922
21.9951, -88.1468, 0.559483, 2.40019, 0.0106581
22.1815, -87.6821, 0.561565, 2.58658, 0.0116271
22.3679, -87.1826, 0.563828, 2.77296, 0.012596
22.5543, -86.6484, 0.566271, 2.95934, 0.0135649
22.7407, -86.0795, 0.568895, 3.14572, 0.0145338
22.927, -85.4758, 0.5717, 3.3321, 0.0155028
23.1134, -84.8374, 0.574685, 3.51848, 0.0164717
23.2998, -84.1642, 0.577851, 3.70486, 0.0174406
23.4862, -83.4563, 0.581197, 3.89124, 0.0184095
23.6726, -82.7137, 0.584724, 4.07763, 0.0193784
23.859, -81.9363, 0.588432, 4.26401, 0.0203474
24.0453, -81.1242, 0.59232, 4.45039, 0.0213163
24.2317, -80.2774, 0.596388, 4.63677, 0.0222852
24.4181, -79.3958, 0.600638, 4.82315, 0.0232541
24.6045, -78.4794, 0.605068, 5.00953, 0.0242231
24.7909, -77.5284, 0.609678, 5.19591, 0.025192
24.9773, -76.5426, 0.614469, 5.3823, 0.0261609
25.1637, -75.522, 0.619441, 5.56868, 0.0271298
25.35, -74.4668, 0.624593, 5.75506, 0.0280987
25.5364, -73.3767, 0.629926, 5.94144, 0.0290677
25.7228, -72.252, 0.63544, 6.12782, 0.0300366
25.9092, -71.0925, 0.641134, 6.3142, 0.0310055
26.0956, -69.8983, 0.647008, 6.50058, 0.0319744
26.282, -68.6693, 0.651309, 6.68696, 0.033547
26.4683, -67.4056, 0.659299, 6.87335, 0.0339123
26.6547, -66.1071, 0.665716, 7.05973, 0.0348812
26.8411, -64.7739, 0.672313, 7.24611, 0.0358501
27.0275, -63.406, 0.679091, 7.43249, 0.036819
27.2139, -62.0033, 0.686049, 7.61887, 0.037788
27.4003, -60.5659, 0.693188, 7.80525, 0.0387569
27.5866, -59.0938, 0.700507, 7.99163, 0.0397258
27.773, -57.5869, 0.708007, 8.17801, 0.0406947
27.9594, -56.0453, 0.715687, 8.3644, 0.0416637
28.1458, -54.4689, 0.722898, 8.55077, 0.0432564
28.3322, -52.8578, 0.731028, 8.73715, 0.0442574
28.5186, -51.212, 0.739813, 8.92355, 0.0445705
28.7049, -49.5314, 0.748216, 9.10992, 0.0455393
28.8913, -47.8161, 0.756799, 9.29631, 0.0465083
29.0777, -46.0661, 0.765486, 9.48267, 0.0481695
29.2641, -44.2869, 0.774547, 9.51913, 0.0486344
29.4505, -42.5301, 0.783525, 9.33269, 0.0477016
29.6369, -40.808, 0.792327, 9.14629, 0.0467483
29.8232, -39.1206, 0.800951, 8.95992, 0.0457896
30.0096, -37.468, 0.809396, 8.77354, 0.0448282
30.196, -35.8501, 0.817662, 8.58716, 0.0438652
30.3824, -34.267, 0.825748, 8.40078, 0.0429013
30.5688, -32.7186, 0.833654, 8.21439, 0.0419366
30.7552, -31.2049, 0.84138, 8.02802, 0.0409714
30.9416, -29.726, 0.848927, 7.84163, 0.0400057
31.1279, -28.2818, 0.856293, 7.65525, 0.0390397
31.3143, -26.8724, 0.863479, 7.46888, 0.0380735
31.5007, -25.4977, 0.870486, 7.28249, 0.037107
31.6871, -24.1577, 0.877312, 7.09611, 0.0361404
31.8735, -22.8525, 0.883958, 6.90973, 0.0351735
32.0599, -21.582, 0.890423, 6.72335, 0.0342066
32.2462, -20.3462, 0.896709, 6.53697, 0.0332395
32.4326, -19.1452, 0.902814, 6.35058, 0.0322723
32.619, -17.979, 0.908739, 6.1642, 0.031305
32.8054, -16.8474, 0.914483, 5.97782, 0.0303376
32.9918, -15.7506, 0.920048, 5.79144, 0.0293702
33.1782, -14.6886, 0.925431, 5.60506, 0.0284026
33.3645, -13.6612, 0.930635, 5.41867, 0.027435
33.5509, -12.6686, 0.935658, 5.2323, 0.0264674
33.7373, -11.7108, 0.940501, 5.04591, 0.0254997
33.9237, -10.7877, 0.945164, 4.85953, 0.0245319
34.1101, -9.89931, 0.949646, 4.67315, 0.0235641
34.2965, -9.04569, 0.953948, 4.48677, 0.0225963
34.4828, -8.22678, 0.958069, 4.30039, 0.0216284
34.6692, -7.44264, 0.96201, 4.11401, 0.0206605
34.8556, -6.69323, 0.965771, 3.92763, 0.0196926
35.042, -5.97855, 0.969351, 3.74124, 0.0187246
35.2284, -5.29862, 0.972751, 3.55486, 0.0177566
35.4148, -4.65343, 0.97597, 3.36848, 0.0167885
35.6011, -4.04295, 0.979009, 3.1821, 0.0158205
35.7875, -3.46722, 0.981867, 2.99572, 0.0148524
35.9739, -2.92625, 0.984545, 2.80934, 0.0138843
36.1603, -2.42, 0.987043, 2.62296, 0.0129162
36.3467, -1.94851, 0.98936, 2.43657, 0.011948
36.5331, -1.51173, 0.991497, 2.2502, 0.0109798
36.7194, -1.1097, 0.993453, 2.06381, 0.0100116
36.9058, -0.742409, 0.995229, 1.87743, 0.00904343
37.0922, -0.409843, 0.996824, 1.69105, 0.0080752
37.2786, -0.112045, 0.998239, 1.50467, 0.00710695
37.465, 0.151039, 0.999473, 1.31829, 0.0061387
37.6514, 0.379387, 1.00053, 1.13191, 0.00517044
37.8378, 0.572975, 1.0014, 0.945525, 0.00420214
38.0241, 0.731827, 1.00209, 0.759142, 0.00323383
38.2105, 0.855965, 1.00261, 0.572762, 0.00226553
38.3969, 0.945335, 1.00294, 0.386379, 0.0012972
38.5833, 1.00001, 1.00309, 0.2, 0.000328867
