34.3824, 0
0, 0, 0, 0.5, 0
0.180189, 0.0738589, 0.000104597, 0.319815, 0.00124225
0.360378, 0.115254, 0.00043301, 0.13963, 0.0024845
0.540568, 0.12418, 0.000985273, -0.0405546, 0.00372675
0.720757, 0.10064, 0.00176137, -0.22074, 0.00496901
0.900946, 0.0446334, 0.0027613, -0.400925, 0.00621126
1.08114, -0.043847, 0.00398511, -0.581109, 0.00745351
1.26132, -0.164786, 0.00543271, -0.761294, 0.00869576
1.44151, -0.318197, 0.00710418, -0.941479, 0.00993801
1.6217, -0.504074, 0.00899947, -1.12166, 0.0111803
1.80189, -0.722424, 0.0111187, -1.30185, 0.0124225
1.98208, -0.973236, 0.0134616, -1.48203, 0.0136648
2.16227, -1.25652, 0.0160285, -1.66222, 0.014907
2.34246, -1.57226, 0.0188191, -1.8424, 0.0161493
2.52265, -1.92048, 0.0218336, -2.02259, 0.0173915
2.70284, -2.30116, 0.025072, -2.20277, 0.0186338
2.88303, -2.71431, 0.0285342, -2.38296, 0.019876
3.06322, -3.15992, 0.0322202, -2.56314, 0.0211183
3.24341, -3.63801, 0.03613, -2.74333, 0.0223605
3.42359, -4.14856, 0.0402638, -2.92351, 0.0236028
3.60378, -4.69158, 0.0446213, -3.1037, 0.024845
3.78397, -5.26706, 0.0492027, -3.28388, 0.0260873
3.96416, -5.87502, 0.0540079, -3.46407, 0.0273295
4.14435, -6.51544, 0.059037, -3.64425, 0.0285718
4.32454, -7.18833, 0.0642899, -3.82444, 0.029814
4.50473, -7.89368, 0.0697666, -4.00462, 0.0310563
4.68492, -8.63151, 0.0754672, -4.18481, 0.0322986
4.86511, -9.4018, 0.0813917, -4.36499, 0.0335408
5.0453, -10.2046, 0.0875399, -4.54518, 0.0347831
5.22549, -11.0398, 0.0939121, -4.72536, 0.0360253
5.40568, -11.9075, 0.100508, -4.90555, 0.0372676
5.58586, -12.8076, 0.107328, -5.08573, 0.0385098
5.76605, -13.7403, 0.114371, -5.26592, 0.0397521
5.94624, -14.7054, 0.121639, -5.4461, 0.0409943
6.12643, -15.7029, 0.12913, -5.62629, 0.0422366
6.30662, -16.7329, 0.136845, -5.80647, 0.0434788
6.48681, -17.7954, 0.144784, -5.98666, 0.0447211
6.667, -18.8904, 0.152947, -6.16684, 0.0459633
6.84719, -20.0178, 0.161334, -6.34703, 0.0472056
7.02738, -21.1777, 0.169944, -6.52721, 0.0484478
7.20757, -22.3701, 0.178779, -6.7074, 0.0496901
7.38776, -23.5949, 0.187837, -6.88758, 0.0509323
7.56795, -24.8522, 0.197119, -7.06777, 0.0521746
7.74813, -26.142, 0.206625, -7.24796, 0.0534169
7.92832, -27.4642, 0.216355, -7.42814, 0.0546591
8.10851, -28.819, 0.226308, -7.60833, 0.0559014
8.2887, -30.2061, 0.236486, -7.78851, 0.0571436
8.46889, -31.6258, 0.246887, -7.96871, 0.0583859
8.64908, -33.0779, 0.257512, -8.14889, 0.0596282
8.82927, -34.5624, 0.268361, -8.32909, 0.0608706
9.00946, -36.0793, 0.279421, -8.47968, 0.0611018
9.18965, -37.5909, 0.290305, -8.29892, 0.0597505
9.36984, -39.07, 0.300957, -8.11871, 0.0584815
9.55003, -40.5167, 0.311381, -7.93852, 0.0572233
9.73022, -41.9309, 0.321579, -7.75833, 0.0559695
9.91041, -43.3126, 0.331551, -7.57815, 0.0547184
10.0906, -44.6618, 0.341298, -7.39796, 0.0534688
10.2708, -45.9786, 0.35082, -7.21777, 0.0522203
10.451, -47.263, 0.360118, -7.03759, 0.0509727
10.6312, -48.5148, 0.36919, -6.8574, 0.0497257
10.8114, -49.7342, 0.378038, -6.67722, 0.0484792
10.9915, -50.9212, 0.386661, -6.49703, 0.0472331
11.1717, -52.0756, 0.395059, -6.31685, 0.0459873
11.3519, -53.1976, 0.403234, -6.13666, 0.0447418
11.5321, -54.2871, 0.411183, -5.95647, 0.0434966
11.7123, -55.3442, 0.418909, -5.77629, 0.0422515
11.8925, -56.3688, 0.42641, -5.59611, 0.0410067
12.0727, -57.3609, 0.433687, -5.41592, 0.0397619
12.2529, -58.3206, 0.440739, -5.23574, 0.0385174
12.4331, -59.2478, 0.447568, -5.05555, 0.0372729
12.6132, -60.1425, 0.454172, -4.87536, 0.0360286
12.7934, -61.0047, 0.460551, -4.69518, 0.0347843
12.9736, -61.8345, 0.466707, -4.515, 0.0335402
13.1538, -62.6318, 0.472639, -4.33481, 0.0322962
13.334, -63.3967, 0.478346, -4.15462, 0.0310522
13.5142, -64.1291, 0.483829, -3.97444, 0.0298083
13.6944, -64.829, 0.489088, -3.79425, 0.0285644
13.8746, -65.4964, 0.494123, -3.61407, 0.0273206
14.0548, -66.1314, 0.498934, -3.43389, 0.0260769
14.2349, -66.7339, 0.503521, -3.2537, 0.0248333
14.4151, -67.304, 0.507883, -3.07351, 0.0235896
14.5953, -67.8416, 0.512022, -2.89333, 0.022346
14.7755, -68.3467, 0.515936, -2.71314, 0.0211025
14.9557, -68.8193, 0.519627, -2.53296, 0.019859
15.1359, -69.2595, 0.523093, -2.35277, 0.0186155
15.3161, -69.6672, 0.526335, -2.17259, 0.0173721
15.4963, -70.0424, 0.529354, -1.9924, 0.0161287
15.6765, -70.3852, 0.532148, -1.81222, 0.0148853
15.8566, -70.6955, 0.534718, -1.63203, 0.013642
16.0368, -70.9734, 0.537064, -1.45185, 0.0123987
16.217, -71.2188, 0.539186, -1.27167, 0.0111554
16.3972, -71.4317, 0.541084, -1.09148, 0.00991216
16.5774, -71.6121, 0.542758, -0.911294, 0.00866891
16.7576, -71.7601, 0.544209, -0.731112, 0.00742572
16.9378, -71.8756, 0.545435, -0.550927, 0.00618254
17.118, -71.9586, 0.546437, -0.370743, 0.00493938
17.2982, -72.0092, 0.547214, -0.190556, 0.00369622
17.4783, -72.0273, 0.547769, -0.0103731, 0.00245311
17.6585, -72.0129, 0.548099, 0.169815, 0.00120998
17.8387, -71.9661, 0.548204, 0.35, -3.31078e-05
18.0042, -71.8945, 0.548594, 0.515434, 0.0010916
18.1696, -71.7955, 0.548871, 0.680868, 0.0021832
18.335, -71.6692, 0.549329, 0.846301, 0.0032748
18.5005, -71.5155, 0.549967, 1.01173, 0.00436639
18.6659, -71.3344, 0.550786, 1.17717, 0.00545799
18.8314, -71.126, 0.551786, 1.3426, 0.00654959
18.9968, -70.8902, 0.552966, 1.50804, 0.00764119
19.1622, -70.627, 0.554327, 1.67347, 0.00873279
19.3277, -70.3365, 0.555869, 1.8389, 0.00982439
19.4931, -70.0186, 0.557591, 2.00434, 0.010916
19.6585, -69.6733, 0.559493, 2.16977, 0.0120076
19.824, -69.3007, 0.561577, 2.3352, 0.0130992
19.9894, -68.9007, 0.56384, 2.50064, 0.0141908
20.1548, -68.4733, 0.566285, 2.66607, 0.0152824
20.3203, -68.0185, 0.56891, 2.8315, 0.016374
20.4857, -67.5364, 0.571715, 2.99694, 0.0174656
20.6512, -67.0269, 0.574701, 3.16237, 0.0185572
20.8166, -66.4901, 0.577868, 3.32781, 0.0196488
20.982, -65.9258, 0.581216, 3.49324, 0.0207404
21.1475, -65.3342, 0.584744, 3.65867, 0.021832
21.3129, -64.7153, 0.588452, 3.82411, 0.0229236
21.4783, -64.0689, 0.592341, 3.98954, 0.0240152
21.6438, -63.3952, 0.596411, 4.15497, 0.0251068
21.8092, -62.6942, 0.600661, 4.32041, 0.0261984
21.9747, -61.9657, 0.605092, 4.48584, 0.02729
22.1401, -61.2099, 0.609704, 4.65128, 0.0283816
22.3055, -60.4267, 0.614496, 4.81671, 0.0294732
22.471, -59.6162, 0.619468, 4.98214, 0.0305648
22.6364, -58.7783, 0.624622, 5.14758, 0.0316564
22.8018, -57.913, 0.629955, 5.31301, 0.032748
22.9673, -57.0203, 0.63547, 5.47844, 0.0338396
23.1327, -56.1003, 0.641165, 5.64388, 0.0349312
23.2982, -55.1529, 0.647041, 5.80931, 0.0360228
23.4636, -54.1782, 0.653097, 5.97474, 0.0371144
23.629, -53.176, 0.659334, 6.14018, 0.038206
23.7945, -52.1465, 0.665751, 6.30561, 0.0392976
23.9599, -51.0897, 0.672349, 6.47105, 0.0403892
24.1253, -50.0054, 0.679128, 6.63648, 0.0414807
24.2908, -48.8938, 0.686087, 6.80191, 0.0425723
24.4562, -47.7549, 0.693226, 6.96735, 0.043664
24.6217, -46.5885, 0.700547, 7.13278, 0.0447556
24.7871, -45.3948, 0.708048, 7.29822, 0.0458472
24.9525, -44.1737, 0.715729, 7.46365, 0.0469388
25.118, -42.9253, 0.723591, 7.62909, 0.0480304
25.2834, -41.6495, 0.731634, 7.79452, 0.049122
25.4488, -40.3463, 0.739857, 7.95997, 0.0502137
25.6143, -39.0157, 0.748261, 8.1254, 0.0513052
25.7797, -37.6578, 0.756846, 8.29084, 0.0523969
25.9452, -36.2725, 0.765611, 8.45643, 0.0534895
26.1106, -34.8655, 0.774577, 8.4718, 0.0544378
26.276, -33.4776, 0.783497, 8.30628, 0.0533909
26.4415, -32.1171, 0.792242, 8.14085, 0.0523195
26.6069, -30.784, 0.800808, 7.9754, 0.0512411
26.7723, -29.4783, 0.809196, 7.80996, 0.0501593
26.9378, -28.1999, 0.817404, 7.64453, 0.0490756
27.1032, -26.9489, 0.825434, 7.47909, 0.0479906
27.2686, -25.7253, 0.833283, 7.31365, 0.0469045
27.4341, -24.529, 0.840953, 7.14822, 0.0458178
27.5995, -23.3601, 0.848443, 6.98279, 0.0447305
27.765, -22.2186, 0.855753, 6.81735, 0.0436428
27.9304, -21.1044, 0.862883, 6.65192, 0.0425548
28.0958, -20.0176, 0.869833, 6.48648, 0.0414664
28.2613, -18.9582, 0.876603, 6.32105, 0.0403778
28.4267, -17.9262, 0.883193, 6.15561, 0.039289
28.5921, -16.9215, 0.889603, 5.99018, 0.0382
28.7576, -15.9442, 0.895833, 5.82475, 0.0371109
28.923, -14.9942, 0.901882, 5.65931, 0.0360215
29.0885, -14.0717, 0.907751, 5.49388, 0.0349321
29.2539, -13.1765, 0.91344, 5.32845, 0.0338425
29.4193, -12.3086, 0.918949, 5.16301, 0.0327529
29.5848, -11.4681, 0.924277, 4.99758, 0.0316631
29.7502, -10.655, 0.929425, 4.83214, 0.0305733
29.9156, -9.86931, 0.934393, 4.66671, 0.0294834
30.0811, -9.11094, 0.939181, 4.50128, 0.0283934
30.2465, -8.37995, 0.943788, 4.33584, 0.0273034
30.412, -7.67633, 0.948215, 4.17041, 0.0262133
30.5774, -7.00006, 0.952461, 4.00498, 0.0251231
30.7428, -6.35118, 0.956527, 3.83954, 0.0240329
30.9083, -5.72967, 0.960413, 3.67411, 0.0229426
31.0737, -5.13552, 0.964118, 3.50868, 0.0218523
31.2391, -4.56873, 0.967643, 3.34324, 0.020762
31.4046, -4.02932, 0.970988, 3.17781, 0.0196716
31.57, -3.51727, 0.974152, 3.01237, 0.0185812
31.7355, -3.0326, 0.977136, 2.84694, 0.0174907
31.9009, -2.5753, 0.979939, 2.68151, 0.0164002
32.0663, -2.14536, 0.982562, 2.51607, 0.0153097
32.2318, -1.74281, 0.985005, 2.35064, 0.0142192
32.3972, -1.3676, 0.987267, 2.18521, 0.0131286
32.5626, -1.01978, 0.989349, 2.01977, 0.012038
32.7281, -0.69931, 0.99125, 1.85434, 0.0109474
32.8935, -0.406219, 0.992971, 1.68891, 0.00985672
33.059, -0.14048, 0.994512, 1.52347, 0.00876605
33.2244, 0.0978622, 0.995872, 1.35804, 0.00767534
33.3898, 0.308846, 0.997051, 1.1926, 0.00658463
33.5553, 0.492455, 0.99805, 1.02717, 0.00549388
33.7207, 0.648705, 0.998869, 0.861735, 0.00440313
33.8861, 0.777588, 0.999507, 0.696302, 0.00331236
34.0516, 0.879112, 0.999965, 0.530872, 0.0022216
34.217, 0.953232, 1.00024, 0.365435, 0.00113077
34.3824, 1.00002, 1.00034, 0.200002, 3.99534e-05
