28.3289, 0
0, 0, 0, 0.5, 0
0.149501, 0.0635762, 0.00010273, 0.350506, 0.00149721
0.299003, 0.104806, 0.000429263, 0.201012, 0.00299441
0.448504, 0.123678, 0.000979714, 0.0515184, 0.00449161
0.598006, 0.120206, 0.00175394, -0.0979757, 0.00598882
0.747507, 0.0943825, 0.00275202, -0.24747, 0.00748603
0.897008, 0.0462151, 0.00397388, -0.396964, 0.00898323
1.04651, -0.0243056, 0.00541962, -0.546458, 0.0104804
1.19601, -0.117178, 0.00708921, -0.695951, 0.0119776
1.34551, -0.2324, 0.00898263, -0.845445, 0.0134748
1.49501, -0.369968, 0.0110998, -0.994939, 0.0149721
1.64452, -0.529888, 0.0134409, -1.14443, 0.0164693
1.79402, -0.712158, 0.0160059, -1.29393, 0.0179665
1.94352, -0.916775, 0.0187946, -1.44342, 0.0194637
2.09302, -1.14374, 0.0218072, -1.59292, 0.0209609
2.24252, -1.39306, 0.0250436, -1.74241, 0.0224581
2.39202, -1.66473, 0.0285038, -1.8919, 0.0239553
2.54152, -1.95875, 0.0321879, -2.0414, 0.0254525
2.69103, -2.27511, 0.0360958, -2.19089, 0.0269497
2.84053, -2.61383, 0.0402276, -2.34038, 0.0284469
2.99003, -2.97489, 0.0445832, -2.48988, 0.0299441
3.13953, -3.35831, 0.0491626, -2.63937, 0.0314413
3.28903, -3.76407, 0.0539658, -2.78887, 0.0329385
3.43853, -4.19218, 0.0589929, -2.93836, 0.0344357
3.58803, -4.64265, 0.0642438, -3.08785, 0.0359329
3.73753, -5.11546, 0.0697186, -3.23735, 0.0374301
3.88704, -5.61063, 0.0754171, -3.38684, 0.0389273
4.03654, -6.12814, 0.0813396, -3.53634, 0.0404246
4.18604, -6.668, 0.0874858, -3.68583, 0.0419218
4.33554, -7.23021, 0.0938559, -3.83532, 0.043419
4.48504, -7.81477, 0.10045, -3.98482, 0.0449162
4.63454, -8.42168, 0.107268, -4.13431, 0.0464134
4.78404, -9.05094, 0.114309, -4.28381, 0.0479106
4.93355, -9.70255, 0.121575, -4.4333, 0.0494078
5.08305, -10.3765, 0.129064, -4.5828, 0.050905
5.23255, -11.0728, 0.136777, -4.73229, 0.0524022
5.38205, -11.7915, 0.144714, -4.88178, 0.0538994
5.53155, -12.5325, 0.152875, -5.03128, 0.0553966
5.68105, -13.2958, 0.161259, -5.18077, 0.0568938
5.83055, -14.0815, 0.169868, -5.33027, 0.058391
5.98006, -14.8896, 0.1787, -5.47976, 0.0598883
6.12956, -15.72, 0.187756, -5.62926, 0.0613855
6.27906, -16.5728, 0.197036, -5.77875, 0.0628827
6.42856, -17.4479, 0.20654, -5.92824, 0.0643799
6.57806, -18.3453, 0.216267, -6.07774, 0.0658771
6.72756, -19.2651, 0.226219, -6.22724, 0.0673743
6.87706, -20.2073, 0.236394, -6.37674, 0.0688716
7.02657, -21.1718, 0.246793, -6.52622, 0.0703687
7.17607, -22.1586, 0.257416, -6.67573, 0.071866
7.32557, -23.1678, 0.268263, -6.82524, 0.0733634
7.47507, -24.1994, 0.279334, -6.97494, 0.0748627
7.62457, -25.231, 0.290223, -6.82575, 0.0720277
7.77407, -26.2403, 0.300876, -6.67624, 0.0704877
7.92357, -27.2272, 0.3113, -6.52674, 0.0689655
8.07308, -28.1918, 0.321497, -6.37724, 0.0674506
8.22258, -29.134, 0.331468, -6.22775, 0.0659397
8.37208, -30.0539, 0.341213, -6.07825, 0.0644312
8.52158, -30.9515, 0.350733, -5.92875, 0.0629245
8.67108, -31.8266, 0.360028, -5.77926, 0.0614191
8.82058, -32.6795, 0.369098, -5.62976, 0.0599146
8.97008, -33.5099, 0.377943, -5.48027, 0.058411
9.11958, -34.3181, 0.386563, -5.33077, 0.0569079
9.26909, -35.1039, 0.394958, -5.18128, 0.0554054
9.41859, -35.8673, 0.403129, -5.03178, 0.0539032
9.56809, -36.6084, 0.411076, -4.88229, 0.0524015
9.71759, -37.3271, 0.418797, -4.7328, 0.0509
9.86709, -38.0235, 0.426295, -4.5833, 0.0493989
10.0166, -38.6975, 0.433568, -4.43381, 0.0478979
10.1661, -39.3492, 0.440616, -4.28432, 0.0463972
10.3156, -39.9785, 0.447441, -4.13482, 0.0448967
10.4651, -40.5855, 0.454041, -3.98532, 0.0433963
10.6146, -41.1702, 0.460416, -3.83583, 0.0418961
10.7641, -41.7325, 0.466568, -3.68634, 0.040396
10.9136, -42.2724, 0.472495, -3.53684, 0.0388961
11.0631, -42.79, 0.478198, -3.38735, 0.0373963
11.2126, -43.2852, 0.483676, -3.23785, 0.0358966
11.3621, -43.7581, 0.488931, -3.08836, 0.034397
11.5116, -44.2086, 0.493961, -2.93887, 0.0328975
11.6611, -44.6368, 0.498767, -2.78937, 0.031398
11.8106, -45.0427, 0.503349, -2.63988, 0.0298986
11.9601, -45.4262, 0.507707, -2.49039, 0.0283994
12.1096, -45.7873, 0.511841, -2.34089, 0.0269002
12.2591, -46.1261, 0.51575, -2.1914, 0.025401
12.4086, -46.4425, 0.519436, -2.0419, 0.0239019
12.5581, -46.7366, 0.522897, -1.89241, 0.0224028
12.7076, -47.0084, 0.526134, -1.74292, 0.0209039
12.8571, -47.2578, 0.529147, -1.59342, 0.0194049
13.0066, -47.4848, 0.531936, -1.44393, 0.017906
13.1561, -47.6895, 0.534501, -1.29443, 0.0164072
13.3056, -47.8718, 0.536842, -1.14494, 0.0149084
13.4551, -48.0319, 0.538959, -0.995446, 0.0134096
13.6046, -48.1695, 0.540852, -0.845954, 0.0119109
13.7541, -48.2848, 0.54252, -0.696461, 0.0104122
13.9036, -48.3777, 0.543965, -0.546965, 0.00891358
14.0531, -48.4483, 0.545186, -0.397471, 0.00741496
14.2026, -48.4966, 0.546182, -0.247976, 0.00591636
14.3521, -48.5225, 0.546955, -0.0984821, 0.00441781
14.5016, -48.526, 0.547503, 0.0510096, 0.0029193
14.6511, -48.5072, 0.547827, 0.200505, 0.00142078
14.8006, -48.4661, 0.547928, 0.349999, -7.76886e-05
14.9359, -48.4096, 0.548595, 0.485276, 0.00133486
15.0712, -48.3347, 0.545152, 0.620546, 0.00324971
15.2065, -48.2417, 0.549334, 0.755829, 0.00400457
15.3418, -48.1303, 0.549974, 0.891105, 0.00533943
15.4771, -48.0006, 0.550795, 1.02638, 0.00667429
15.6123, -47.8526, 0.551796, 1.16166, 0.00800914
15.7476, -47.6863, 0.552978, 1.29693, 0.009344
15.8829, -47.5017, 0.554341, 1.43221, 0.0106789
16.0182, -47.2988, 0.555884, 1.56749, 0.0120137
16.1535, -47.0775, 0.554513, 1.70276, 0.0139286
16.2887, -46.838, 0.559512, 1.83804, 0.0146834
16.424, -46.5802, 0.561597, 1.97332, 0.0160183
16.5593, -46.3041, 0.563862, 2.10859, 0.0173531
16.6946, -46.0097, 0.566308, 2.24387, 0.018688
16.8299, -45.697, 0.568935, 2.37914, 0.0200229
16.9652, -45.366, 0.571742, 2.51442, 0.0213577
17.1004, -45.0167, 0.57473, 2.6497, 0.0226926
17.2357, -44.6491, 0.577899, 2.78497, 0.0240274
17.371, -44.2632, 0.581247, 2.92025, 0.0253623
17.5063, -43.859, 0.584777, 3.05553, 0.0266971
17.6416, -43.4365, 0.588487, 3.1908, 0.028032
17.7769, -42.9957, 0.592378, 3.32608, 0.0293668
17.9121, -42.5365, 0.594374, 3.46135, 0.0312817
18.0474, -42.0591, 0.600701, 3.59663, 0.0320366
18.1827, -41.5634, 0.605133, 3.73191, 0.0333714
18.318, -41.0494, 0.609746, 3.86718, 0.0347063
18.4533, -40.5171, 0.612652, 4.00245, 0.036663
18.5886, -39.9665, 0.619514, 4.13774, 0.037376
18.7238, -39.3976, 0.624669, 4.27301, 0.0387108
18.8591, -38.8103, 0.630004, 4.40829, 0.0400457
18.9944, -38.2048, 0.634073, 4.54356, 0.0419606
19.1297, -37.581, 0.641217, 4.67884, 0.0427154
19.265, -36.9389, 0.647094, 4.81412, 0.0440503
19.4003, -36.2785, 0.653152, 4.94939, 0.0453851
19.5355, -35.5998, 0.65939, 5.08467, 0.04672
19.6708, -34.9027, 0.665809, 5.21995, 0.0480548
19.8061, -34.1874, 0.67132, 5.35521, 0.050036
19.9414, -33.4538, 0.678226, 5.49049, 0.0513464
20.0767, -32.7019, 0.686149, 5.62578, 0.0520594
20.212, -31.9317, 0.692442, 5.76104, 0.0540579
20.3472, -31.1431, 0.700612, 5.89633, 0.0547291
20.4825, -30.3363, 0.708114, 6.03161, 0.056064
20.6178, -29.5112, 0.715292, 6.16687, 0.0579788
20.7531, -28.6678, 0.723131, 6.30214, 0.0594526
20.8884, -27.806, 0.731705, 6.43744, 0.0600686
21.0237, -26.926, 0.73964, 6.5727, 0.0620252
21.1589, -26.0277, 0.748097, 6.70797, 0.0634572
21.2942, -25.1111, 0.756921, 6.84327, 0.0640732
21.4295, -24.1761, 0.765687, 6.97856, 0.0654082
21.5648, -23.2285, 0.77467, 6.96384, 0.0666
21.7001, -22.2956, 0.783595, 6.82853, 0.0653271
21.8353, -21.381, 0.792344, 6.69327, 0.0640225
21.9706, -20.4846, 0.800916, 6.55799, 0.0627075
22.1059, -19.6066, 0.80931, 6.4227, 0.0613875
22.2412, -18.7469, 0.817526, 6.28743, 0.0600646
22.3765, -17.9054, 0.825562, 6.15216, 0.0587398
22.5118, -17.0823, 0.833418, 6.01688, 0.0574135
22.647, -16.2775, 0.841096, 5.8816, 0.0560862
22.7823, -15.491, 0.848593, 5.74633, 0.054758
22.9176, -14.7227, 0.855911, 5.61105, 0.0534291
23.0529, -13.9728, 0.86305, 5.47577, 0.0520997
23.1882, -13.2412, 0.870008, 5.3405, 0.0507699
23.3235, -12.5278, 0.876786, 5.20522, 0.0494397
23.4587, -11.8328, 0.883384, 5.06995, 0.0481091
23.594, -11.1561, 0.889803, 4.93467, 0.0467782
23.7293, -10.4977, 0.896041, 4.79939, 0.0454472
23.8646, -9.85754, 0.902099, 4.66412, 0.0441158
23.9999, -9.23571, 0.907977, 4.52884, 0.0427843
24.1352, -8.63218, 0.913675, 4.39356, 0.0414526
24.2704, -8.04696, 0.919193, 4.25829, 0.0401208
24.4057, -7.48004, 0.924531, 4.12301, 0.0387888
24.541, -6.93141, 0.929688, 3.98774, 0.0374567
24.6763, -6.40109, 0.934665, 3.85246, 0.0361244
24.8116, -5.88908, 0.939462, 3.71718, 0.0347921
24.9469, -5.39537, 0.944078, 3.5819, 0.0334596
25.0821, -4.91993, 0.948515, 3.44663, 0.0321271
25.2174, -4.46281, 0.952771, 3.31135, 0.0307945
25.3527, -4.024, 0.956847, 3.17608, 0.0294618
25.488, -3.60347, 0.960742, 3.0408, 0.028129
25.6233, -3.20125, 0.964458, 2.90552, 0.0267961
25.7585, -2.81734, 0.967992, 2.77025, 0.0254632
25.8938, -2.45172, 0.971347, 2.63497, 0.0241303
26.0291, -2.10441, 0.974521, 2.49969, 0.0227972
26.1644, -1.77539, 0.977515, 2.36442, 0.0214642
26.2997, -1.46467, 0.980329, 2.22914, 0.020131
26.435, -1.17227, 0.982962, 2.09387, 0.0187978
26.5702, -0.89814, 0.985415, 1.95859, 0.0174646
26.7055, -0.642342, 0.987687, 1.82331, 0.0161313
26.8408, -0.404816, 0.989779, 1.68804, 0.014798
26.9761, -0.185604, 0.991691, 1.55276, 0.0134647
27.1114, 0.0153046, 0.993423, 1.41748, 0.0121313
27.2467, 0.197914, 0.994973, 1.28221, 0.0107979
27.3819, 0.362225, 0.996344, 1.14693, 0.00946443
27.5172, 0.508236, 0.997534, 1.01165, 0.00813092
27.6525, 0.635948, 0.998544, 0.876379, 0.0067974
27.7878, 0.74535, 0.999373, 0.741104, 0.00546387
27.9231, 0.836464, 1.00002, 0.605827, 0.00413029
28.0584, 0.909271, 1.00049, 0.470551, 0.00279669
28.1936, 0.963779, 1.00078, 0.335274, 0.00146306
28.3289, 0.999989, 1.00089, 0.2, 0.000129425
