2.25281, 0.0953759
0, 0, 0, 0.5, 0
0.0114854, 0.0057197, 6.20722e-05, 0.495562, 0.0105934
0.0229709, 0.0113849, 0.000244009, 0.491138, 0.0211924
0.0344563, 0.0170005, 0.000548344, 0.48672, 0.0317942
0.0459418, 0.0225651, 0.00097431, 0.482311, 0.0423999
0.0574273, 0.0280795, 0.00152227, 0.477911, 0.0530091
0.0689127, 0.0335443, 0.00219252, 0.47352, 0.0636217
0.0803981, 0.0389564, 0.00298358, 0.46914, 0.0742396
0.0918836, 0.0443205, 0.00389769, 0.464768, 0.0848602
0.103369, 0.0496318, 0.00493248, 0.46041, 0.0954867
0.114855, 0.0548964, 0.00609107, 0.456057, 0.106115
0.12634, 0.0601084, 0.00737032, 0.451719, 0.11675
0.137825, 0.065272, 0.00877246, 0.447391, 0.127389
0.149311, 0.0703863, 0.010297, 0.443073, 0.138032
0.160796, 0.0754494, 0.011943, 0.43877, 0.148681
0.172282, 0.080465, 0.0137122, 0.434476, 0.159333
0.183767, 0.0854313, 0.0156038, 0.430196, 0.169991
0.195253, 0.0903466, 0.0176169, 0.425931, 0.180656
0.206738, 0.0952147, 0.0197533, 0.421678, 0.191325
0.218224, 0.100034, 0.0220123, 0.417439, 0.201999
0.229709, 0.104804, 0.0243937, 0.413215, 0.21268
0.241194, 0.109526, 0.0268976, 0.409008, 0.223367
0.25268, 0.114199, 0.0295245, 0.404815, 0.23406
0.264165, 0.118824, 0.032274, 0.40064, 0.24476
0.275651, 0.123402, 0.0351466, 0.396481, 0.255466
0.287136, 0.127932, 0.0381426, 0.39234, 0.266178
0.298622, 0.132415, 0.0412616, 0.388217, 0.276898
0.310107, 0.13685, 0.0445033, 0.384115, 0.287626
0.321593, 0.141239, 0.0478685, 0.380032, 0.298361
0.333078, 0.14558, 0.0513567, 0.375972, 0.309105
0.344563, 0.149876, 0.0549692, 0.371931, 0.319856
0.356049, 0.154124, 0.0587046, 0.367915, 0.330617
0.367534, 0.158326, 0.0625633, 0.363926, 0.341387
0.37902, 0.162483, 0.066546, 0.35996, 0.352166
0.390505, 0.166595, 0.0706532, 0.356019, 0.362954
0.401991, 0.170662, 0.0748837, 0.352108, 0.373754
0.413476, 0.174684, 0.0792386, 0.348226, 0.384563
0.424962, 0.178661, 0.0837174, 0.344377, 0.395384
0.436447, 0.182595, 0.0883211, 0.340558, 0.406216
0.447933, 0.186484, 0.0930488, 0.336776, 0.417061
0.459418, 0.19033, 0.0979009, 0.333032, 0.42792
0.470903, 0.194134, 0.102878, 0.329324, 0.43879
0.482389, 0.197896, 0.107981, 0.325658, 0.449674
0.493874, 0.201615, 0.113208, 0.322038, 0.460574
0.50536, 0.205293, 0.11856, 0.318465, 0.47149
0.516845, 0.208931, 0.124039, 0.31494, 0.482421
0.528331, 0.212528, 0.129642, 0.311471, 0.49337
0.539816, 0.216085, 0.135372, 0.30806, 0.504337
0.551302, 0.219604, 0.141227, 0.304712, 0.515324
0.562787, 0.223085, 0.147209, 0.301428, 0.52633
0.574273, 0.226529, 0.153318, 0.298219, 0.537358
0.585758, 0.229936, 0.159553, 0.295089, 0.548409
0.597243, 0.233308, 0.165915, 0.292044, 0.559483
0.608729, 0.236645, 0.172405, 0.289093, 0.570583
0.620214, 0.239949, 0.179022, 0.286246, 0.58171
0.6317, 0.24322, 0.185767, 0.283513, 0.592865
0.643185, 0.246462, 0.192641, 0.280904, 0.604051
0.654671, 0.249674, 0.199643, 0.278436, 0.615268
0.666156, 0.252858, 0.206774, 0.276125, 0.626518
0.677642, 0.256017, 0.214035, 0.273988, 0.637803
0.689127, 0.259153, 0.221425, 0.272054, 0.649124
0.700612, 0.262267, 0.228946, 0.270346, 0.660482
0.712098, 0.265364, 0.236597, 0.268901, 0.671876
0.723583, 0.268445, 0.24438, 0.267761, 0.683304
0.735069, 0.271516, 0.252294, 0.266976, 0.694762
0.746554, 0.27458, 0.260339, 0.266616, 0.706241
0.75804, 0.277642, 0.268517, 0.26676, 0.717724
0.769525, 0.28071, 0.276826, 0.26752, 0.729183
0.781011, 0.28379, 0.285266, 0.26903, 0.740566
0.792496, 0.286893, 0.293837, 0.271471, 0.751786
0.803981, 0.290031, 0.302534, 0.275054, 0.762691
0.815467, 0.293217, 0.311354, 0.280036, 0.77303
0.826952, 0.296469, 0.320288, 0.286641, 0.782404
0.838438, 0.299808, 0.329321, 0.294984, 0.790265
0.849923, 0.303252, 0.338433, 0.304893, 0.796022
0.861409, 0.306816, 0.347597, 0.315875, 0.799294
0.872894, 0.310509, 0.356784, 0.327313, 0.800089
0.88438, 0.314334, 0.365967, 0.338705, 0.798737
0.895865, 0.318288, 0.375125, 0.349767, 0.795679
0.907351, 0.322367, 0.38424, 0.360386, 0.79132
0.918836, 0.326565, 0.393298, 0.37055, 0.785976
0.930321, 0.330877, 0.402291, 0.380283, 0.779883
0.941807, 0.335299, 0.411211, 0.38963, 0.773211
0.953292, 0.339826, 0.420051, 0.398636, 0.766084
0.964778, 0.344455, 0.428807, 0.40734, 0.758592
0.976263, 0.349182, 0.437475, 0.415781, 0.750805
0.987749, 0.354005, 0.446053, 0.423991, 0.742772
0.999234, 0.358921, 0.454537, 0.431996, 0.734536
1.01072, 0.363927, 0.462925, 0.439818, 0.726126
1.02221, 0.369023, 0.471216, 0.447479, 0.717569
1.03369, 0.374206, 0.479408, 0.454994, 0.708884
1.04518, 0.379474, 0.487499, 0.462378, 0.700087
1.05666, 0.384827, 0.495489, 0.469645, 0.691193
1.06815, 0.390262, 0.503376, 0.476804, 0.682212
1.07963, 0.395779, 0.51116, 0.483866, 0.673153
1.09112, 0.401376, 0.518839, 0.490838, 0.664026
1.1026, 0.407054, 0.526413, 0.497728, 0.654837
1.11409, 0.412809, 0.533881, 0.504543, 0.645592
1.12557, 0.418643, 0.541242, 0.511288, 0.636296
1.13706, 0.424554, 0.548497, 0.517968, 0.626953
1.14822, 0.430702, 0.55562, 0.518155, 0.637846
1.15937, 0.436845, 0.562866, 0.518417, 0.648712
1.17053, 0.442984, 0.570233, 0.518766, 0.659546
1.18169, 0.449118, 0.577722, 0.519215, 0.670345
1.19285, 0.455248, 0.585333, 0.519777, 0.681099
1.204, 0.461375, 0.593065, 0.520471, 0.691802
1.21516, 0.467499, 0.600916, 0.521317, 0.702442
1.22632, 0.473621, 0.608888, 0.522342, 0.713004
1.23748, 0.479743, 0.616977, 0.523577, 0.72347
1.24863, 0.485864, 0.625185, 0.525061, 0.733815
1.25979, 0.491988, 0.633508, 0.526844, 0.744007
1.27095, 0.498115, 0.641945, 0.528988, 0.753998
1.28211, 0.504248, 0.650493, 0.53157, 0.763726
1.29326, 0.51039, 0.659148, 0.534687, 0.7731
1.30442, 0.516545, 0.667906, 0.538459, 0.781989
1.31558, 0.522718, 0.676759, 0.543025, 0.790208
1.32674, 0.528917, 0.685696, 0.548533, 0.797493
1.33789, 0.53515, 0.694705, 0.555106, 0.803491
1.34905, 0.541429, 0.703764, 0.562772, 0.807778
1.36021, 0.54777, 0.712852, 0.571382, 0.809952
1.37137, 0.554186, 0.72194, 0.58058, 0.809791
1.38252, 0.560691, 0.731003, 0.589906, 0.807357
1.39368, 0.567291, 0.740018, 0.598954, 0.802967
1.40484, 0.573985, 0.748968, 0.60748, 0.797033
1.416, 0.580771, 0.757839, 0.615388, 0.78994
1.42716, 0.587644, 0.766621, 0.622676, 0.781994
1.43831, 0.594597, 0.775309, 0.629389, 0.77342
1.44947, 0.601623, 0.783896, 0.635588, 0.76438
1.46063, 0.608719, 0.792379, 0.641335, 0.754987
1.47179, 0.615878, 0.800754, 0.646685, 0.745323
1.48294, 0.623097, 0.809019, 0.65169, 0.735447
1.4941, 0.630372, 0.817172, 0.656391, 0.725404
1.50526, 0.637699, 0.825212, 0.660825, 0.715224
1.51642, 0.645075, 0.833137, 0.665023, 0.704935
1.52757, 0.652499, 0.840946, 0.669011, 0.694553
1.53873, 0.659966, 0.848639, 0.672812, 0.684095
1.54989, 0.667477, 0.856214, 0.676445, 0.673573
1.56105, 0.675027, 0.863672, 0.679927, 0.662995
1.5722, 0.682617, 0.871011, 0.683272, 0.65237
1.58336, 0.690244, 0.878231, 0.686491, 0.641703
1.59452, 0.697907, 0.885332, 0.689597, 0.631001
1.60568, 0.705604, 0.892313, 0.692599, 0.620268
1.61683, 0.713335, 0.899174, 0.695506, 0.609506
1.62799, 0.721099, 0.905915, 0.698324, 0.59872
1.63915, 0.728894, 0.912536, 0.70106, 0.587911
1.65031, 0.736719, 0.919035, 0.703721, 0.577083
1.66146, 0.744574, 0.925414, 0.706311, 0.566237
1.67262, 0.752459, 0.931671, 0.708836, 0.555375
1.68378, 0.760371, 0.937807, 0.7113, 0.544499
1.69494, 0.768311, 0.943822, 0.713706, 0.533609
1.70609, 0.776277, 0.949715, 0.716059, 0.522706
1.71725, 0.78427, 0.955486, 0.718361, 0.511793
1.72841, 0.792289, 0.961136, 0.720616, 0.500869
1.73957, 0.800333, 0.966663, 0.722826, 0.489936
1.75072, 0.808401, 0.972069, 0.724994, 0.478994
1.76188, 0.816494, 0.977352, 0.727122, 0.468045
1.77304, 0.82461, 0.982513, 0.729212, 0.457087
1.7842, 0.83275, 0.987552, 0.731266, 0.446123
1.79535, 0.840913, 0.992469, 0.733285, 0.435152
1.80651, 0.849098, 0.997262, 0.735273, 0.424174
1.81767, 0.857305, 1.00193, 0.737229, 0.413192
1.82883, 0.865534, 1.00648, 0.739156, 0.402204
1.83998, 0.873785, 1.01091, 0.741055, 0.39121
1.85114, 0.882057, 1.01521, 0.742927, 0.380213
1.8623, 0.89035, 1.01939, 0.744773, 0.36921
1.87346, 0.898663, 1.02345, 0.746594, 0.358204
1.88461, 0.906997, 1.02739, 0.748392, 0.347193
1.89577, 0.915351, 1.0312, 0.750167, 0.336179
1.90693, 0.923724, 1.03489, 0.751921, 0.325161
1.91809, 0.932118, 1.03845, 0.753654, 0.31414
1.92924, 0.94053, 1.0419, 0.755367, 0.303116
1.9404, 0.948962, 1.04522, 0.75706, 0.292089
1.95156, 0.957412, 1.04842, 0.758735, 0.281059
1.96272, 0.965882, 1.05149, 0.760392, 0.270026
1.97387, 0.974369, 1.05444, 0.762032, 0.25899
1.98503, 0.982875, 1.05727, 0.763655, 0.247952
1.99619, 0.9914, 1.05997, 0.765262, 0.236911
2.00735, 0.999942, 1.06256, 0.766854, 0.225869
2.0185, 1.0085, 1.06501, 0.768431, 0.214824
2.02966, 1.01708, 1.06735, 0.769993, 0.203777
2.04082, 1.02567, 1.06956, 0.771541, 0.192728
2.05198, 1.03429, 1.07165, 0.773076, 0.181677
2.06313, 1.04292, 1.07361, 0.774597, 0.170624
2.07429, 1.05156, 1.07546, 0.776106, 0.15957
2.08545, 1.06022, 1.07718, 0.777603, 0.148513
2.09661, 1.0689, 1.07877, 0.779087, 0.137455
2.10776, 1.0776, 1.08024, 0.78056, 0.126396
2.11892, 1.08631, 1.08159, 0.782021, 0.115335
2.13008, 1.09504, 1.08282, 0.783472, 0.104273
2.14124, 1.10379, 1.08392, 0.784912, 0.0932088
2.15239, 1.11255, 1.0849, 0.786341, 0.0821435
2.16355, 1.12133, 1.08575, 0.787761, 0.071077
2.17471, 1.13012, 1.08648, 0.789171, 0.0600093
2.18587, 1.13893, 1.08709, 0.790571, 0.0489404
2.19702, 1.14775, 1.08757, 0.791962, 0.0378702
2.20818, 1.15659, 1.08793, 0.793344, 0.0267988
2.21934, 1.16545, 1.08817, 0.794717, 0.0157264
2.2305, 1.17432, 1.08828, 0.796082, 0.00465292
2.24165, 1.18321, 1.08827, 0.797438, -0.00642151
2.25281, 1.19211, 1.08814, 0.798786, -0.0174972
