29.3107, 0
0, 0, 0, 0.5, 0
0.154482, 0.0653063, 0.000103119, 0.345526, 0.00144894
0.308963, 0.106754, 0.00043003, 0.191051, 0.00289789
0.463445, 0.124336, 0.000980788, 0.036576, 0.00434684
0.617926, 0.118056, 0.00175537, -0.117899, 0.00579579
0.772408, 0.0879095, 0.00275383, -0.272374, 0.00724473
0.926889, 0.0338997, 0.00397611, -0.426848, 0.00869368
1.08137, -0.0439708, 0.0054222, -0.581323, 0.0101426
1.23585, -0.145706, 0.00709214, -0.735798, 0.0115916
1.39033, -0.271304, 0.00898591, -0.890273, 0.0130405
1.54482, -0.420767, 0.0111035, -1.04475, 0.0144895
1.6993, -0.594095, 0.013445, -1.19922, 0.0159384
1.85378, -0.791284, 0.0160103, -1.3537, 0.0173874
2.00826, -1.01234, 0.0187994, -1.50817, 0.0188363
2.16274, -1.25725, 0.0218123, -1.66265, 0.0202852
2.31722, -1.52603, 0.0250491, -1.81712, 0.0217342
2.4717, -1.81867, 0.0285097, -1.9716, 0.0231831
2.62619, -2.13518, 0.0321942, -2.12607, 0.0246321
2.78067, -2.47555, 0.0361025, -2.28055, 0.026081
2.93515, -2.83979, 0.0402346, -2.43502, 0.02753
3.08963, -3.22788, 0.0445906, -2.58949, 0.0289789
3.24411, -3.63984, 0.0491704, -2.74397, 0.0304279
3.39859, -4.07567, 0.053974, -2.89844, 0.0318768
3.55307, -4.53536, 0.0590015, -3.05292, 0.0333258
3.70756, -5.01891, 0.0642528, -3.20739, 0.0347747
3.86204, -5.52632, 0.0697279, -3.36187, 0.0362237
4.01652, -6.0576, 0.075427, -3.51634, 0.0376726
4.171, -6.61274, 0.0813498, -3.67082, 0.0391216
4.32548, -7.19174, 0.0874964, -3.82529, 0.0405705
4.47996, -7.79461, 0.0938668, -3.97977, 0.0420195
4.63445, -8.42135, 0.100461, -4.13424, 0.0434684
4.78893, -9.07194, 0.107279, -4.28872, 0.0449173
4.94341, -9.7464, 0.114321, -4.44319, 0.0463663
5.09789, -10.4447, 0.121587, -4.59767, 0.0478152
5.25237, -11.1669, 0.129077, -4.75214, 0.0492642
5.40685, -11.913, 0.13679, -4.90662, 0.0507131
5.56133, -12.6829, 0.144728, -5.06109, 0.0521621
5.71582, -13.4767, 0.152889, -5.21557, 0.053611
5.8703, -14.2943, 0.161274, -5.37004, 0.05506
6.02478, -15.1358, 0.169883, -5.52452, 0.0565089
6.17926, -16.0012, 0.178715, -5.67899, 0.0579579
6.33374, -16.8904, 0.187772, -5.83347, 0.0594068
6.48822, -17.8035, 0.197052, -5.98795, 0.0608558
6.6427, -18.7404, 0.206556, -6.14242, 0.0623047
6.79719, -19.7013, 0.216284, -6.29689, 0.0637537
6.95167, -20.6859, 0.226236, -6.45137, 0.0652026
7.10615, -21.6945, 0.236412, -6.60584, 0.0666516
7.26063, -22.7269, 0.246811, -6.76033, 0.0681007
7.41511, -23.7832, 0.257435, -6.91481, 0.0695496
7.56959, -24.8633, 0.268282, -7.06928, 0.0709986
7.72407, -25.9673, 0.279351, -7.2215, 0.0714553
7.87856, -27.0706, 0.290239, -7.06483, 0.0697036
8.03304, -28.1501, 0.300892, -6.91033, 0.0682152
8.18752, -29.2057, 0.311316, -6.75585, 0.0667432
8.342, -30.2374, 0.321513, -6.60137, 0.0652778
8.49648, -31.2452, 0.331484, -6.44689, 0.0638161
8.65096, -32.2292, 0.34123, -6.29242, 0.0623568
8.80545, -33.1894, 0.35075, -6.13795, 0.0608991
8.95993, -34.1256, 0.360046, -5.98347, 0.0594426
9.11441, -35.038, 0.369116, -5.829, 0.0579869
9.26889, -35.9266, 0.377961, -5.67452, 0.0565319
9.42337, -36.7913, 0.386582, -5.52004, 0.0550775
9.57785, -37.6321, 0.394978, -5.36557, 0.0536236
9.73234, -38.449, 0.40315, -5.21109, 0.0521701
9.88682, -39.2421, 0.411097, -5.05662, 0.0507169
10.0413, -40.0113, 0.41882, -4.90215, 0.049264
10.1958, -40.7567, 0.426318, -4.74767, 0.0478114
10.3503, -41.4782, 0.433592, -4.59319, 0.046359
10.5047, -42.1758, 0.440641, -4.43872, 0.0449068
10.6592, -42.8496, 0.447466, -4.28424, 0.0434547
10.8137, -43.4995, 0.454067, -4.12977, 0.0420029
10.9682, -44.1255, 0.460443, -3.9753, 0.0405512
11.1227, -44.7277, 0.466596, -3.82082, 0.0390995
11.2772, -45.306, 0.472524, -3.66634, 0.037648
11.4316, -45.8605, 0.478228, -3.51187, 0.0361967
11.5861, -46.391, 0.483707, -3.3574, 0.0347454
11.7406, -46.8978, 0.488963, -3.20292, 0.0332942
11.8951, -47.3806, 0.493994, -3.04845, 0.0318431
12.0496, -47.8396, 0.498801, -2.89397, 0.0303921
12.204, -48.2748, 0.503384, -2.7395, 0.0289411
12.3585, -48.686, 0.507743, -2.58502, 0.0274902
12.513, -49.0734, 0.511877, -2.43055, 0.0260394
12.6675, -49.437, 0.515788, -2.27607, 0.0245887
12.822, -49.7767, 0.519474, -2.1216, 0.023138
12.9764, -50.0925, 0.522937, -1.96712, 0.0216873
13.1309, -50.3844, 0.526175, -1.81265, 0.0202367
13.2854, -50.6525, 0.529189, -1.65817, 0.0187862
13.4399, -50.8967, 0.531979, -1.5037, 0.0173357
13.5944, -51.1171, 0.534545, -1.34922, 0.0158852
13.7489, -51.3136, 0.536887, -1.19475, 0.0144348
13.9033, -51.4862, 0.539005, -1.04027, 0.0129844
14.0578, -51.635, 0.540899, -0.8858, 0.011534
14.2123, -51.7599, 0.542569, -0.731325, 0.0100837
14.3668, -51.861, 0.544014, -0.576853, 0.00863341
14.5213, -51.9381, 0.545236, -0.422378, 0.00718316
14.6757, -51.9915, 0.546234, -0.267902, 0.00573291
14.8302, -52.0209, 0.547007, -0.113427, 0.00428271
14.9847, -52.0265, 0.547557, 0.041048, 0.00283253
15.1392, -52.0082, 0.547882, 0.195523, 0.00138238
15.2937, -51.9661, 0.547984, 0.349998, -6.77474e-05
15.4338, -51.9072, 0.548595, 0.490164, 0.00128832
15.574, -51.8287, 0.548874, 0.630328, 0.00257665
15.7142, -51.7305, 0.549333, 0.770493, 0.00386498
15.8543, -51.6127, 0.549973, 0.910656, 0.0051533
15.9945, -51.4752, 0.550793, 1.05082, 0.00644163
16.1347, -51.3181, 0.551794, 1.19098, 0.00772996
16.2749, -51.1413, 0.552976, 1.33115, 0.00901829
16.415, -50.9449, 0.554338, 1.47131, 0.0103066
16.5552, -50.7288, 0.555881, 1.61148, 0.0115949
16.6954, -50.4931, 0.557604, 1.75164, 0.0128833
16.8355, -50.2378, 0.559508, 1.89181, 0.0141716
16.9757, -49.9628, 0.561593, 2.03197, 0.0154599
17.1159, -49.6681, 0.563858, 2.17213, 0.0167482
17.2561, -49.3539, 0.566304, 2.3123, 0.0180366
17.3962, -49.0199, 0.56893, 2.45246, 0.0193249
17.5364, -48.6663, 0.571737, 2.59263, 0.0206132
17.6766, -48.2931, 0.574724, 2.73279, 0.0219015
17.8167, -47.9002, 0.577893, 2.87295, 0.0231899
17.9569, -47.4877, 0.581241, 3.01312, 0.0244782
18.0971, -47.0555, 0.58477, 3.15328, 0.0257665
18.2372, -46.6037, 0.58848, 3.29345, 0.0270549
18.3774, -46.1322, 0.592371, 3.43361, 0.0283432
18.5176, -45.6411, 0.596442, 3.57378, 0.0296315
18.6577, -45.1304, 0.600693, 3.71394, 0.0309198
18.7979, -44.6, 0.605125, 3.8541, 0.0322082
18.9381, -44.0499, 0.609738, 3.99427, 0.0334965
19.0783, -43.4802, 0.614531, 4.13443, 0.0347848
19.2184, -42.8909, 0.619505, 4.2746, 0.0360731
19.3586, -42.2819, 0.62466, 4.41476, 0.0373615
19.4988, -41.6532, 0.629995, 4.55492, 0.0386498
19.6389, -41.0049, 0.63551, 4.69509, 0.0399381
19.7791, -40.337, 0.641207, 4.83525, 0.0412265
19.9193, -39.6494, 0.647083, 4.97542, 0.0425148
20.0595, -38.9422, 0.653141, 5.11558, 0.0438031
20.1996, -38.2153, 0.659379, 5.25575, 0.0450914
20.3398, -37.4688, 0.665797, 5.39591, 0.0463798
20.48, -36.7026, 0.672397, 5.53608, 0.0476681
20.6201, -35.9168, 0.679176, 5.67624, 0.0489564
20.7603, -35.1114, 0.686137, 5.8164, 0.0502447
20.9005, -34.2863, 0.693278, 5.95657, 0.0515331
21.0406, -33.4415, 0.700599, 6.09673, 0.0528214
21.1808, -32.5771, 0.708101, 6.2369, 0.0541097
21.321, -31.6931, 0.715784, 6.37706, 0.0553981
21.4611, -30.7894, 0.723647, 6.51723, 0.0566864
21.6013, -29.866, 0.731691, 6.65739, 0.0579747
21.7415, -28.923, 0.739915, 6.79757, 0.0592632
21.8817, -27.9604, 0.74832, 6.93773, 0.0605515
22.0218, -26.9781, 0.756906, 7.07792, 0.06184
22.162, -25.9762, 0.765672, 7.21819, 0.0631293
22.3022, -24.9602, 0.774651, 7.20828, 0.0642667
22.4423, -23.9597, 0.783574, 7.06807, 0.0630368
22.5825, -22.9788, 0.792321, 6.92789, 0.0617763
22.7227, -22.0175, 0.800892, 6.78773, 0.0605066
22.8629, -21.0759, 0.809284, 6.64756, 0.0592321
23.003, -20.1539, 0.817497, 6.5074, 0.0579549
23.1432, -19.2516, 0.825531, 6.36723, 0.0566758
23.2834, -18.3689, 0.833385, 6.22706, 0.0553954
23.4235, -17.5059, 0.84106, 6.0869, 0.0541141
23.5637, -16.6625, 0.848555, 5.94673, 0.0528319
23.7039, -15.8388, 0.855871, 5.80657, 0.0515491
23.844, -15.0347, 0.863007, 5.6664, 0.0502659
23.9842, -14.2503, 0.869962, 5.52624, 0.0489822
24.1244, -13.4855, 0.876738, 5.38608, 0.0476981
24.2646, -12.7404, 0.883334, 5.24591, 0.0464138
24.4047, -12.0149, 0.88975, 5.10575, 0.0451292
24.5449, -11.309, 0.895986, 4.96558, 0.0438443
24.6851, -10.6228, 0.902041, 4.82542, 0.0425593
24.8252, -9.95626, 0.907917, 4.68525, 0.041274
24.9654, -9.30936, 0.913612, 4.54509, 0.0399886
25.1056, -8.68209, 0.919127, 4.40493, 0.0387031
25.2457, -8.07448, 0.924462, 4.26476, 0.0374174
25.3859, -7.48651, 0.929617, 4.1246, 0.0361316
25.5261, -6.91819, 0.934591, 3.98443, 0.0348457
25.6663, -6.36951, 0.939385, 3.84427, 0.0335597
25.8064, -5.84049, 0.943999, 3.7041, 0.0322736
25.9466, -5.3311, 0.948433, 3.56394, 0.0309874
26.0868, -4.84138, 0.952686, 3.42378, 0.0297012
26.2269, -4.37128, 0.956759, 3.28361, 0.0284148
26.3671, -3.92084, 0.960652, 3.14345, 0.0271285
26.5073, -3.49005, 0.964364, 3.00328, 0.025842
26.6474, -3.0789, 0.967897, 2.86312, 0.0245555
26.7876, -2.6874, 0.971248, 2.72295, 0.0232689
26.9278, -2.31555, 0.97442, 2.58279, 0.0219822
27.068, -1.96334, 0.977411, 2.44263, 0.0206955
27.2081, -1.63078, 0.980222, 2.30246, 0.0194088
27.3483, -1.31787, 0.982852, 2.1623, 0.018122
27.4885, -1.0246, 0.985302, 2.02213, 0.0168352
27.6286, -0.75098, 0.987571, 1.88197, 0.0155484
27.7688, -0.497013, 0.989661, 1.74181, 0.0142615
27.909, -0.262691, 0.99157, 1.60164, 0.0129745
28.0491, -0.048008, 0.993298, 1.46148, 0.0116876
28.1893, 0.14703, 0.994846, 1.32131, 0.0104006
28.3295, 0.322407, 0.996214, 1.18115, 0.00911353
28.4697, 0.478149, 0.997401, 1.04099, 0.00782647
28.6098, 0.614235, 0.998408, 0.900822, 0.00653939
28.75, 0.73069, 0.999234, 0.760657, 0.00525227
28.8902, 0.827477, 0.99988, 0.620492, 0.00396513
29.0303, 0.904636, 1.00035, 0.480329, 0.00267797
29.1705, 0.962143, 1.00063, 0.340166, 0.00139079
29.3107, 0.999989, 1.00074, 0.2, 0.00010356
