2.95896, 0
0, 0, 0, 0.5, 0
0.00208847, 0.0096061, 0.00247777, 0.498509, 6.69935e-06
0.00417694, 0.0191974, 0.00494136, 0.497017, 1.3356e-05
0.00626541, 0.028776, 0.00746131, 0.495527, 2.15082e-05
0.00835387, 0.0383906, 0.00990945, 0.494035, 2.65415e-05
0.0104423, 0.0479778, 0.0123917, 0.492544, 3.30701e-05
0.0125308, 0.0575613, 0.0148764, 0.491053, 3.95561e-05
0.0146193, 0.0671054, 0.0173472, 0.48956, 4.73224e-05
0.0167077, 0.0767086, 0.019811, 0.488068, 5.21848e-05
0.0187962, 0.0862733, 0.0222921, 0.486577, 5.85429e-05
0.0208847, 0.0958688, 0.0247609, 0.485085, 6.33202e-05
0.0229732, 0.105433, 0.0272581, 0.483594, 6.95931e-05
0.0250616, 0.115018, 0.0297264, 0.482103, 7.42851e-05
0.0271501, 0.124563, 0.0321806, 0.480609, 8.02567e-05
0.0292386, 0.134107, 0.0346429, 0.479116, 8.61865e-05
0.031327, 0.14368, 0.0371186, 0.477624, 9.0749e-05
0.0334155, 0.153242, 0.0395857, 0.476133, 9.52715e-05
0.035504, 0.162807, 0.0420665, 0.474641, 9.97484e-05
0.0375924, 0.172364, 0.0445128, 0.473147, 0.000103969
0.0396809, 0.181883, 0.0469765, 0.471654, 0.000109686
0.0417694, 0.191425, 0.0494167, 0.47016, 0.000113819
0.0438578, 0.200971, 0.0519019, 0.468668, 0.000118128
0.0459463, 0.210538, 0.054358, 0.467176, 0.000120854
0.0480348, 0.220079, 0.0568225, 0.465682, 0.000124862
0.0501232, 0.229595, 0.059256, 0.464188, 0.000128826
0.0522117, 0.23913, 0.0617568, 0.462698, 0.000132965
0.0543002, 0.248673, 0.0641804, 0.461203, 0.000135303
0.0563886, 0.258181, 0.066627, 0.459709, 0.00013914
0.0584771, 0.2677, 0.0690984, 0.458215, 0.000142932
0.0605656, 0.27724, 0.0715721, 0.456724, 0.000145363
0.0626541, 0.286764, 0.0740002, 0.455229, 0.000147531
0.0647425, 0.296261, 0.0764624, 0.453736, 0.000151196
0.066831, 0.305781, 0.0789011, 0.452241, 0.000153279
0.0689195, 0.315273, 0.0813739, 0.450748, 0.000156861
0.0710079, 0.324782, 0.0838121, 0.449254, 0.000158858
0.0730964, 0.334287, 0.0862527, 0.44776, 0.000160815
0.0751849, 0.343789, 0.0886959, 0.446265, 0.00016273
0.0772733, 0.353293, 0.0911527, 0.444771, 0.0001646
0.0793618, 0.362807, 0.0935637, 0.443276, 0.000164891
0.0814503, 0.372277, 0.0960515, 0.441783, 0.000168214
0.0835387, 0.381755, 0.0984622, 0.440286, 0.000169739
0.0856272, 0.391233, 0.100912, 0.438792, 0.00017144
0.0877157, 0.400739, 0.103345, 0.437298, 0.000171561
0.0898042, 0.410245, 0.105785, 0.435803, 0.000171639
0.0918926, 0.41968, 0.108231, 0.434307, 0.00017453
0.0939811, 0.429167, 0.11066, 0.432813, 0.000174521
0.0960695, 0.43865, 0.113091, 0.431318, 0.000174467
0.098158, 0.448105, 0.115525, 0.429822, 0.000175692
0.100246, 0.457581, 0.117961, 0.428327, 0.000175558
0.102335, 0.467057, 0.120405, 0.426833, 0.000175375
0.104423, 0.476525, 0.122846, 0.425339, 0.000175156
0.106512, 0.485992, 0.125264, 0.423841, 0.000174675
0.1086, 0.495413, 0.127688, 0.422345, 0.000175685
0.110689, 0.504897, 0.130111, 0.42085, 0.000173803
0.112777, 0.514318, 0.132551, 0.419354, 0.000174727
0.114866, 0.523787, 0.134967, 0.417859, 0.000172757
0.116954, 0.533233, 0.137423, 0.416365, 0.00017228
0.119043, 0.542669, 0.139814, 0.414865, 0.000171322
0.121131, 0.552099, 0.142264, 0.413372, 0.000170756
0.12322, 0.561525, 0.144685, 0.411875, 0.000169929
0.125308, 0.570974, 0.147083, 0.410377, 0.000167526
0.127397, 0.580428, 0.149525, 0.408883, 0.000165295
0.129485, 0.589842, 0.151954, 0.407386, 0.000164349
0.131574, 0.599273, 0.154348, 0.405889, 0.000161812
0.133662, 0.608676, 0.156776, 0.404392, 0.000160776
0.13575, 0.61811, 0.159192, 0.402895, 0.000158153
0.137839, 0.627525, 0.161588, 0.401398, 0.00015549
0.139927, 0.636948, 0.164003, 0.3999, 0.000152793
0.142016, 0.646336, 0.166441, 0.398404, 0.000151582
0.144104, 0.655743, 0.16885, 0.396907, 0.000148796
0.146193, 0.665171, 0.17123, 0.395409, 0.000144422
0.148281, 0.674555, 0.173687, 0.393913, 0.000143085
0.15037, 0.683971, 0.176066, 0.392415, 0.000138629
0.152458, 0.69336, 0.17848, 0.390918, 0.000135671
0.154547, 0.702776, 0.180875, 0.389421, 0.000131134
0.156635, 0.712137, 0.1833, 0.387922, 0.000129405
0.158724, 0.721514, 0.185721, 0.386425, 0.000126313
0.160812, 0.730908, 0.188107, 0.384928, 0.000121649
0.162901, 0.740309, 0.190512, 0.38343, 0.000116941
0.164989, 0.749706, 0.19292, 0.381933, 0.00011218
0.167077, 0.75906, 0.195309, 0.380433, 0.000108704
0.169166, 0.768446, 0.197717, 0.378936, 0.000103865
0.171254, 0.7778, 0.200121, 0.377437, 0.000100303
0.173343, 0.787171, 0.202523, 0.37594, 9.53712e-05
0.175431, 0.796541, 0.204901, 0.37444, 9.01856e-05
0.17752, 0.805904, 0.207307, 0.372942, 8.5175e-05
0.179608, 0.815266, 0.20969, 0.371442, 7.99075e-05
0.181697, 0.82463, 0.212113, 0.369945, 7.48038e-05
0.183785, 0.83397, 0.214479, 0.368446, 6.94506e-05
0.185874, 0.843324, 0.216875, 0.366946, 6.40452e-05
0.187962, 0.852696, 0.219268, 0.365448, 5.72912e-05
0.190051, 0.862025, 0.221641, 0.363948, 5.17964e-05
0.192139, 0.871364, 0.224039, 0.362449, 4.62681e-05
0.194228, 0.880728, 0.226445, 0.360951, 3.93763e-05
0.196316, 0.890042, 0.228821, 0.359452, 3.3766e-05
0.198405, 0.899366, 0.231221, 0.357952, 2.8111e-05
0.200493, 0.908711, 0.233592, 0.356452, 2.08691e-05
0.202581, 0.91802, 0.235986, 0.354952, 1.51247e-05
0.20467, 0.927382, 0.238361, 0.353454, 6.48946e-06
0.206758, 0.936683, 0.240729, 0.351952, 4.39584e-07
0.23428, 0.946259, 0.241096, 0.341524, 0.0254696
0.261802, 0.955522, 0.24215, 0.331099, 0.050941
0.289324, 0.964484, 0.2439, 0.32068, 0.0764147
0.316847, 0.973147, 0.246346, 0.310266, 0.10189
0.344369, 0.981543, 0.249501, 0.299831, 0.127357
0.371891, 0.989638, 0.253351, 0.289401, 0.152826
0.399413, 0.997463, 0.257909, 0.278951, 0.178287
0.426935, 1.00501, 0.263173, 0.268483, 0.203741
0.454457, 1.01226, 0.269132, 0.258022, 0.229197
0.481979, 1.01923, 0.275795, 0.247544, 0.254647
0.509501, 1.02587, 0.283142, 0.237097, 0.280109
0.537023, 1.03226, 0.291203, 0.226611, 0.305555
0.564545, 1.03836, 0.299967, 0.216112, 0.330996
0.592067, 1.04415, 0.309424, 0.205621, 0.35644
0.619589, 1.04969, 0.31959, 0.195098, 0.381871
0.647111, 1.05491, 0.330449, 0.184584, 0.407306
0.674633, 1.05984, 0.342008, 0.17406, 0.432736
0.702155, 1.06448, 0.354266, 0.163527, 0.458163
0.729677, 1.06883, 0.367223, 0.152987, 0.483586
0.757199, 1.0729, 0.380883, 0.142422, 0.509
0.784721, 1.07667, 0.395241, 0.131853, 0.534412
0.812243, 1.08016, 0.4103, 0.121263, 0.559815
0.839765, 1.08336, 0.426059, 0.110655, 0.58521
0.867287, 1.08625, 0.442512, 0.100047, 0.610606
0.894809, 1.08886, 0.459668, 0.0894093, 0.635989
0.922331, 1.09118, 0.477524, 0.0787464, 0.661362
0.949853, 1.09318, 0.496068, 0.0681027, 0.686742
0.977375, 1.09491, 0.515317, 0.057411, 0.712102
1.0049, 1.09635, 0.535266, 0.0466906, 0.737451
1.03242, 1.09749, 0.555912, 0.0359462, 0.762789
1.05994, 1.09833, 0.577256, 0.0251707, 0.788114
1.08746, 1.09888, 0.599295, 0.0143698, 0.813428
1.11499, 1.09912, 0.622027, 0.00355905, 0.838738
1.14251, 1.09907, 0.645461, -0.00732616, 0.864016
1.17003, 1.09872, 0.669588, -0.0182354, 0.889284
1.19755, 1.09806, 0.694409, -0.0291791, 0.914536
1.22507, 1.09711, 0.719926, -0.0401961, 0.939757
1.2526, 1.09585, 0.746139, -0.0512836, 0.964947
1.28012, 1.09429, 0.773042, -0.0624226, 0.990114
1.30764, 1.09242, 0.800638, -0.0736526, 1.01524
1.33516, 1.09023, 0.828924, -0.0849739, 1.04033
1.36268, 1.08774, 0.8579, -0.0964209, 1.06536
1.39021, 1.08492, 0.887564, -0.10801, 1.09032
1.41773, 1.08179, 0.917914, -0.119799, 1.11519
1.44525, 1.07833, 0.948947, -0.131824, 1.13994
1.47277, 1.07453, 0.98066, -0.14419, 1.16453
1.50029, 1.07039, 1.01305, -0.157015, 1.18888
1.52782, 1.06588, 1.0461, -0.170576, 1.21283
1.55534, 1.06098, 1.0798, -0.18541, 1.23601
1.58286, 1.05565, 1.11411, -0.203012, 1.25711
1.61038, 1.04974, 1.1489, -0.227478, 1.26655
1.6379, 1.04326, 1.18348, -0.239752, 1.24358
1.66543, 1.03667, 1.21733, -0.238272, 1.21615
1.69295, 1.03017, 1.25043, -0.233221, 1.1891
1.72047, 1.02384, 1.28278, -0.226669, 1.16237
1.74799, 1.0177, 1.31441, -0.219295, 1.13586
1.77551, 1.01178, 1.34531, -0.211403, 1.10949
1.80304, 1.00607, 1.37548, -0.203155, 1.08323
1.83056, 1.0006, 1.40493, -0.194646, 1.05706
1.85808, 0.995358, 1.43367, -0.18594, 1.03095
1.8856, 0.990363, 1.46168, -0.177078, 1.00489
1.91312, 0.985613, 1.48898, -0.16809, 0.978881
1.94065, 0.981111, 1.51556, -0.158998, 0.952904
1.96817, 0.976862, 1.54143, -0.149818, 0.926958
1.99569, 0.972865, 1.56659, -0.140565, 0.901038
2.02321, 0.969125, 1.59103, -0.131248, 0.875141
2.05073, 0.965641, 1.61476, -0.121875, 0.849264
2.07826, 0.962417, 1.63778, -0.112454, 0.823405
2.10578, 0.959452, 1.66008, -0.10299, 0.797561
2.1333, 0.956748, 1.68168, -0.0934869, 0.771732
2.16082, 0.954306, 1.70256, -0.0839497, 0.745915
2.18834, 0.952127, 1.72274, -0.0743811, 0.72011
2.21587, 0.950212, 1.7422, -0.0647845, 0.694315
2.24339, 0.948562, 1.76095, -0.0551622, 0.66853
2.27091, 0.947176, 1.779, -0.0455164, 0.642753
2.29843, 0.946057, 1.79633, -0.035849, 0.616985
2.32595, 0.945203, 1.81296, -0.026162, 0.591225
2.35348, 0.944617, 1.82888, -0.0164564, 0.56547
2.381, 0.944297, 1.84409, -0.00673392, 0.539723
2.40852, 0.944246, 1.85859, 0.00300437, 0.513981
2.43604, 0.944463, 1.87238, 0.0127575, 0.488245
2.46356, 0.944949, 1.88546, 0.0225242, 0.462515
2.49109, 0.945703, 1.89784, 0.0323041, 0.436789
2.51861, 0.946727, 1.9095, 0.0420958, 0.411067
2.54613, 0.94802, 1.92046, 0.0518989, 0.385351
2.57365, 0.949584, 1.93072, 0.0617128, 0.359638
2.60118, 0.951417, 1.94026, 0.0715368, 0.333929
2.6287, 0.953521, 1.9491, 0.0813704, 0.308223
2.65622, 0.955896, 1.95723, 0.091213, 0.282521
2.68374, 0.958542, 1.96465, 0.101064, 0.256823
2.71126, 0.961459, 1.97136, 0.110923, 0.231127
2.73879, 0.964648, 1.97737, 0.12079, 0.205435
2.76631, 0.968108, 1.98267, 0.130665, 0.179745
2.79383, 0.97184, 1.98726, 0.140546, 0.154058
2.82135, 0.975844, 1.99115, 0.150434, 0.128374
2.84887, 0.980121, 1.99433, 0.160328, 0.102692
2.8764, 0.98467, 1.9968, 0.170229, 0.0770122
2.90392, 0.989491, 1.99857, 0.180135, 0.0513348
2.93144, 0.994585, 1.99963, 0.190047, 0.0256596
2.95896, 0.999952, 1.99998, 0.199964, -1.41412e-05
