2.97115, 0.323357
0, 0, 0, 0.5, 0
0.0143016, 0.00712547, -9.90682e-05, 0.496433, -0.0138496
0.0286031, 0.0141993, -0.000396078, 0.492807, -0.0276839
0.0429047, 0.0212211, -0.000890839, 0.489118, -0.0415015
0.0572062, 0.0281893, -0.00158306, 0.485362, -0.0553009
0.0715078, 0.0351033, -0.0024725, 0.481532, -0.0690801
0.0858093, 0.0419622, -0.00355884, 0.477623, -0.0828369
0.100111, 0.0487645, -0.00484178, 0.473627, -0.0965689
0.114412, 0.055509, -0.00632089, 0.469537, -0.110273
0.128714, 0.0621942, -0.00799579, 0.465345, -0.123946
0.143016, 0.0688188, -0.00986598, 0.461039, -0.137585
0.157317, 0.0753808, -0.0119309, 0.45661, -0.151183
0.171619, 0.0818785, -0.0141901, 0.452043, -0.164735
0.18592, 0.08831, -0.0166426, 0.447321, -0.178235
0.200222, 0.0946725, -0.0192878, 0.442428, -0.191673
0.214523, 0.100964, -0.0221247, 0.437341, -0.205039
0.228825, 0.107181, -0.0251522, 0.432033, -0.218319
0.243126, 0.11332, -0.0283689, 0.426474, -0.231496
0.257428, 0.119378, -0.0317731, 0.420624, -0.244546
0.271729, 0.12535, -0.0353629, 0.414434, -0.257438
0.286031, 0.13123, -0.0391357, 0.407847, -0.270132
0.300333, 0.137013, -0.0430882, 0.400787, -0.282567
0.314634, 0.142691, -0.0472163, 0.393156, -0.294662
0.328936, 0.148255, -0.0515143, 0.384835, -0.30629
0.343237, 0.153695, -0.0559741, 0.375671, -0.317264
0.357539, 0.158996, -0.0605845, 0.365479, -0.327286
0.37184, 0.164143, -0.0653288, 0.35407, -0.335888
0.386142, 0.169117, -0.0701818, 0.341341, -0.342353
0.400443, 0.173901, -0.0751064, 0.327484, -0.345726
0.414745, 0.178482, -0.0800516, 0.313247, -0.345136
0.429047, 0.182864, -0.0849586, 0.299793, -0.340433
0.443348, 0.187065, -0.0897729, 0.288024, -0.332367
0.45765, 0.191112, -0.0944544, 0.278187, -0.322013
0.471951, 0.195031, -0.0989768, 0.270097, -0.310233
0.486253, 0.198844, -0.103324, 0.263439, -0.297582
0.500554, 0.202571, -0.107486, 0.257924, -0.284391
0.514856, 0.206226, -0.111457, 0.253317, -0.270854
0.529157, 0.20982, -0.115232, 0.24944, -0.257089
0.543459, 0.213364, -0.11881, 0.246156, -0.243171
0.557761, 0.216863, -0.122187, 0.243362, -0.229145
0.572062, 0.220326, -0.125363, 0.240977, -0.215045
0.586364, 0.223758, -0.128338, 0.238939, -0.200889
0.600665, 0.227162, -0.131109, 0.237198, -0.186694
0.614967, 0.230544, -0.133678, 0.235714, -0.17247
0.629268, 0.233905, -0.136042, 0.234453, -0.158224
0.64357, 0.237251, -0.138203, 0.233389, -0.143962
0.657871, 0.240582, -0.14016, 0.2325, -0.129689
0.672173, 0.243902, -0.141913, 0.231766, -0.115406
0.686475, 0.247212, -0.143461, 0.231172, -0.101117
0.700776, 0.250514, -0.144805, 0.230703, -0.0868229
0.715078, 0.253811, -0.145944, 0.230348, -0.0725259
0.729379, 0.257104, -0.146879, 0.230097, -0.0582265
0.743681, 0.260393, -0.14761, 0.229941, -0.0439258
0.757982, 0.263681, -0.148136, 0.229872, -0.0296246
0.772284, 0.266969, -0.148457, 0.229882, -0.0153229
0.786585, 0.270257, -0.148574, 0.229967, -0.00102159
0.800887, 0.273547, -0.148486, 0.23012, 0.0132791
0.815189, 0.276839, -0.148194, 0.230336, 0.0275791
0.82949, 0.280135, -0.147698, 0.230612, 0.0418778
0.843792, 0.283436, -0.146996, 0.230943, 0.0561755
0.858093, 0.286741, -0.146091, 0.231326, 0.0704721
0.872395, 0.290053, -0.144981, 0.231757, 0.0847671
0.886696, 0.29337, -0.143666, 0.232233, 0.0990606
0.900998, 0.296695, -0.142147, 0.232753, 0.113353
0.915299, 0.300028, -0.140424, 0.233313, 0.127643
0.929601, 0.303369, -0.138496, 0.233911, 0.141932
0.943903, 0.306719, -0.136364, 0.234544, 0.15622
0.958204, 0.310078, -0.134028, 0.235213, 0.170506
0.972506, 0.313447, -0.131487, 0.235913, 0.18479
0.986807, 0.316826, -0.128742, 0.236645, 0.199073
1.00111, 0.320216, -0.125793, 0.237405, 0.213354
1.01541, 0.323617, -0.12264, 0.238194, 0.227634
1.02971, 0.327029, -0.119282, 0.239009, 0.241912
1.04401, 0.330453, -0.11572, 0.239849, 0.256189
1.05831, 0.333889, -0.111954, 0.240714, 0.270465
1.07262, 0.337338, -0.107984, 0.241602, 0.284739
1.08692, 0.3408, -0.10381, 0.242512, 0.299011
1.10122, 0.344275, -0.0994315, 0.243443, 0.313282
1.11552, 0.347763, -0.0948491, 0.244395, 0.327552
1.12982, 0.351266, -0.0900626, 0.245366, 0.341821
1.14412, 0.354782, -0.0850721, 0.246356, 0.356088
1.15843, 0.358312, -0.0798774, 0.247364, 0.370354
1.17273, 0.361857, -0.0744787, 0.248389, 0.384619
1.18703, 0.365417, -0.0688761, 0.249432, 0.398882
1.20133, 0.368992, -0.0630695, 0.25049, 0.413145
1.21563, 0.372582, -0.0570589, 0.251564, 0.427406
1.22993, 0.376187, -0.0508443, 0.252653, 0.441666
1.24424, 0.379809, -0.0444259, 0.253756, 0.455925
1.25854, 0.383446, -0.0378034, 0.254873, 0.470183
1.27284, 0.387099, -0.0309772, 0.256004, 0.484439
1.28714, 0.390768, -0.023947, 0.257148, 0.498695
1.30144, 0.394454, -0.0167129, 0.258305, 0.51295
1.31574, 0.398157, -0.00927503, 0.259474, 0.527204
1.33004, 0.401876, -0.00163332, 0.260654, 0.541456
1.34435, 0.405612, 0.00621231, 0.261847, 0.555708
1.35865, 0.409366, 0.0142616, 0.26305, 0.569959
1.37295, 0.413136, 0.0225149, 0.264264, 0.584209
1.38725, 0.416924, 0.0309719, 0.265489, 0.598458
1.40155, 0.42073, 0.0396326, 0.266724, 0.612706
1.41585, 0.424554, 0.0484972, 0.267968, 0.626953
1.43141, 0.429295, 0.0590649, 0.25731, 0.638071
1.44696, 0.433867, 0.069806, 0.246663, 0.649184
1.46251, 0.438271, 0.0807204, 0.236026, 0.660292
1.47807, 0.442507, 0.091808, 0.225403, 0.671395
1.49362, 0.446573, 0.103069, 0.214795, 0.682492
1.50917, 0.450472, 0.114502, 0.204202, 0.693582
1.52472, 0.454201, 0.126109, 0.193628, 0.704665
1.54028, 0.457762, 0.137888, 0.183074, 0.715739
1.55583, 0.461154, 0.14984, 0.172544, 0.726804
1.57138, 0.464377, 0.161965, 0.16204, 0.737857
1.58694, 0.467431, 0.174262, 0.151567, 0.748898
1.60249, 0.470315, 0.18673, 0.141128, 0.759924
1.61804, 0.473031, 0.199371, 0.13073, 0.770933
1.63359, 0.475577, 0.212182, 0.12038, 0.781921
1.64915, 0.477953, 0.225165, 0.110086, 0.792885
1.6647, 0.480159, 0.238317, 0.0998596, 0.803821
1.68025, 0.482196, 0.25164, 0.0897131, 0.814722
1.69581, 0.484061, 0.26513, 0.0796644, 0.825581
1.71136, 0.485755, 0.278788, 0.069736, 0.836387
1.72691, 0.487277, 0.292612, 0.0599575, 0.847127
1.74247, 0.488627, 0.306599, 0.050369, 0.857782
1.75802, 0.489803, 0.320746, 0.0410247, 0.868328
1.77357, 0.490804, 0.33505, 0.0320005, 0.878727
1.78912, 0.491629, 0.349503, 0.0234038, 0.888928
1.80468, 0.492274, 0.364097, 0.0153896, 0.898854
1.82023, 0.492739, 0.378818, 0.00818291, 0.908388
1.83578, 0.493023, 0.393645, 0.00211015, 0.917356
1.85134, 0.493127, 0.40855, -0.00237218, 0.925498
1.86689, 0.493062, 0.423491, -0.00468662, 0.932456
1.88244, 0.492859, 0.438418, -0.00424692, 0.937804
1.89799, 0.492574, 0.453283, -0.000715017, 0.941184
1.91355, 0.492285, 0.468056, 0.00576624, 0.94246
1.9291, 0.492075, 0.482728, 0.0146266, 0.941779
1.94465, 0.492005, 0.497301, 0.0251634, 0.939453
1.96021, 0.492117, 0.511778, 0.0367781, 0.935816
1.97576, 0.492434, 0.526163, 0.0490457, 0.931157
1.99131, 0.492966, 0.540453, 0.0616904, 0.925695
2.00686, 0.493719, 0.554646, 0.0745402, 0.919597
2.02242, 0.494694, 0.568737, 0.0874892, 0.912986
2.03797, 0.495889, 0.582724, 0.100472, 0.905953
2.05352, 0.497303, 0.5966, 0.113448, 0.89857
2.06908, 0.498935, 0.610364, 0.126395, 0.890891
2.08463, 0.500782, 0.62401, 0.139297, 0.882959
2.10018, 0.502841, 0.637535, 0.152147, 0.874807
2.11574, 0.505111, 0.650937, 0.164941, 0.866464
2.13129, 0.50759, 0.664212, 0.177676, 0.857953
2.14684, 0.510276, 0.677358, 0.190354, 0.849293
2.16239, 0.513167, 0.690372, 0.202974, 0.840499
2.17795, 0.516261, 0.703253, 0.215539, 0.831585
2.1935, 0.519558, 0.715998, 0.22805, 0.822563
2.20905, 0.523055, 0.728606, 0.240509, 0.813442
2.22461, 0.526751, 0.741075, 0.252919, 0.804232
2.24016, 0.530646, 0.753403, 0.265283, 0.79494
2.25571, 0.534738, 0.765589, 0.277601, 0.785572
2.27126, 0.539025, 0.777632, 0.289876, 0.776134
2.28682, 0.543508, 0.789531, 0.302111, 0.766631
2.30237, 0.548185, 0.801284, 0.314307, 0.757069
2.31792, 0.553055, 0.812891, 0.326466, 0.747451
2.33348, 0.558118, 0.82435, 0.33859, 0.737782
2.34903, 0.563372, 0.835661, 0.35068, 0.728063
2.36458, 0.568817, 0.846822, 0.362738, 0.718299
2.38014, 0.574452, 0.857833, 0.374765, 0.708492
2.39569, 0.580278, 0.868694, 0.386763, 0.698645
2.41124, 0.586292, 0.879403, 0.398733, 0.688759
2.42679, 0.592494, 0.88996, 0.410677, 0.678838
2.44235, 0.598885, 0.900364, 0.422595, 0.668883
2.4579, 0.605463, 0.910614, 0.434488, 0.658896
2.47345, 0.612228, 0.920711, 0.446358, 0.648879
2.48901, 0.61918, 0.930653, 0.458205, 0.638832
2.50456, 0.626318, 0.940441, 0.470031, 0.628758
2.52011, 0.633641, 0.950073, 0.481836, 0.618657
2.53566, 0.641149, 0.959548, 0.493621, 0.608532
2.55122, 0.648843, 0.968868, 0.505386, 0.598383
2.56677, 0.656721, 0.978031, 0.517134, 0.588211
2.58232, 0.664782, 0.987037, 0.528863, 0.578017
2.59788, 0.673028, 0.995885, 0.540575, 0.567802
2.61343, 0.681458, 1.00458, 0.552271, 0.557567
2.62898, 0.69007, 1.01311, 0.563951, 0.547313
2.64453, 0.698865, 1.02148, 0.575615, 0.53704
2.66009, 0.707843, 1.0297, 0.587265, 0.52675
2.67564, 0.717003, 1.03775, 0.5989, 0.516443
2.69119, 0.726346, 1.04565, 0.610521, 0.506119
2.70675, 0.735869, 1.05338, 0.622129, 0.49578
2.7223, 0.745575, 1.06096, 0.633724, 0.485425
2.73785, 0.755462, 1.06838, 0.645306, 0.475055
2.75341, 0.76553, 1.07563, 0.656876, 0.464672
2.76896, 0.775779, 1.08273, 0.668434, 0.454275
2.78451, 0.786208, 1.08966, 0.679981, 0.443864
2.80006, 0.796818, 1.09643, 0.691517, 0.433441
2.81562, 0.807608, 1.10304, 0.703041, 0.423005
2.83117, 0.818578, 1.10949, 0.714556, 0.412558
2.84672, 0.829728, 1.11578, 0.72606, 0.402099
2.86228, 0.841057, 1.1219, 0.737554, 0.391628
2.87783, 0.852566, 1.12787, 0.749038, 0.381147
2.89338, 0.864255, 1.13367, 0.760514, 0.370655
2.90893, 0.876122, 1.13931, 0.77198, 0.360153
2.92449, 0.888169, 1.14478, 0.783437, 0.349641
2.94004, 0.900394, 1.15009, 0.794886, 0.33912
2.95559, 0.912798, 1.15524, 0.806326, 0.328589
2.97115, 0.925381, 1.16023, 0.817758, 0.318049
